0 42
0 249
0 411
0 1255
0 1793
0 2741
0 3900
0 5065
0 7350
1 7461
2 138
2 1893
2 2114
2 2284
2 5173
2 7105
3 4783
4 134
4 138
4 280
4 2762
4 6779
4 7233
7 73
7 76
7 103
7 138
7 158
7 338
7 431
7 447
7 1366
7 1539
7 1786
7 2650
7 3125
7 4820
7 4860
7 5215
7 6596
7 6842
7 7080
8 1602
12 6942
13 138
13 172
13 1255
13 1369
13 3405
13 3484
13 5599
14 432
14 904
14 1985
14 2070
14 2589
14 7013
14 7263
14 7326
19 29
19 76
19 280
19 762
19 1745
19 1793
19 3325
19 4949
19 6051
19 7325
25 5236
25 6271
25 7400
25 7407
26 70
26 163
26 239
26 339
26 636
26 730
26 836
26 936
26 1365
26 1404
26 1563
26 1702
26 1786
26 2149
26 2970
26 3125
26 3578
26 4116
26 5362
26 6110
26 6596
26 6738
26 7249
26 7290
28 5494
29 43
29 76
29 190
29 295
29 315
29 729
29 730
29 760
29 836
29 852
29 1106
29 1255
29 1281
29 1365
29 1793
29 1804
29 1958
29 1959
29 2158
29 2529
29 2650
29 2730
29 2762
29 3049
29 3107
29 3195
29 3405
29 3505
29 3624
29 3785
29 3844
29 4280
29 4488
29 4820
29 4910
29 5120
29 5173
29 5236
29 5305
29 5415
29 5929
29 6373
29 6498
29 6638
29 6767
29 6842
29 6863
29 6945
29 6982
29 6990
29 7174
29 7337
29 7342
29 7363
29 7486
29 7494
30 43
30 206
30 318
30 442
30 1804
30 2149
30 2694
30 3405
30 3528
30 4882
30 5174
30 5938
30 5948
30 6181
30 6767
30 6945
30 6989
30 7429
36 315
36 577
36 762
36 891
36 1335
36 1470
36 2650
36 4358
36 6498
36 7234
36 7290
41 76
41 134
41 573
41 1604
41 1879
41 2057
41 2101
41 2223
41 2255
41 2324
41 2488
41 4670
41 5143
41 5679
41 7165
41 7174
41 7239
41 7358
42 76
42 80
42 172
42 432
42 455
42 539
42 647
42 730
42 752
42 774
42 948
42 968
42 1002
42 1058
42 1106
42 1135
42 1255
42 1335
42 1359
42 1361
42 1365
42 1517
42 1550
42 1687
42 1709
42 1732
42 2027
42 2136
42 2149
42 2158
42 2295
42 2313
42 2589
42 2694
42 2762
42 2820
42 3169
42 3313
42 3330
42 3573
42 3900
42 3975
42 3984
42 4018
42 4117
42 4187
42 4488
42 4507
42 4731
42 4783
42 5006
42 5065
42 5215
42 5415
42 5929
42 6498
42 6767
42 6779
42 6945
42 7083
42 7132
42 7236
42 7466
42 7488
42 7541
43 73
43 74
43 75
43 76
43 100
43 140
43 190
43 449
43 539
43 577
43 621
43 729
43 805
43 946
43 1147
43 1255
43 1359
43 1667
43 1725
43 1732
43 1745
43 1774
43 1793
43 1893
43 1971
43 1992
43 2123
43 2149
43 2199
43 2307
43 2412
43 2650
43 2762
43 2818
43 3125
43 3160
43 3265
43 3416
43 3420
43 3520
43 3541
43 3578
43 3785
43 4080
43 4138
43 4332
43 4783
43 4949
43 5006
43 5195
43 5342
43 5366
43 5384
43 5783
43 6162
43 6448
43 6569
43 6623
43 6782
43 6838
43 6977
43 6987
43 7008
43 7016
43 7049
43 7060
43 7072
43 7179
43 7221
43 7270
43 7274
43 7331
43 7342
43 7347
43 7358
43 7381
43 7385
43 7448
43 7451
43 7477
43 7486
43 7539
43 7548
46 72
46 76
46 172
46 302
46 836
46 948
46 1002
46 1106
46 1255
46 1258
46 1268
46 1793
46 2158
46 2529
46 2599
46 2820
46 2839
46 2970
46 3030
46 3405
46 4157
46 4187
46 4317
46 4419
46 4632
46 4763
46 5012
46 5468
46 5599
46 6262
46 6945
46 7444
46 7458
46 7512
46 7551
48 73
48 570
48 6945
56 729
56 1058
56 3984
56 6738
56 7131
56 7440
59 491
59 2762
59 6203
59 6373
59 7090
59 7093
59 7235
59 7437
61 946
61 2412
64 172
69 1825
70 190
70 2650
70 2762
70 4031
70 5135
70 6071
70 6945
70 7523
72 172
72 236
72 394
72 434
72 2468
72 2598
72 3158
72 4370
73 138
73 201
73 852
73 1255
73 1845
73 1941
73 2062
73 2529
73 2845
73 3030
73 3505
73 3844
73 4488
73 4783
73 4935
73 5141
73 5468
73 5801
73 6124
73 6800
73 6842
73 7096
73 7290
73 7497
74 1818
74 1972
74 3030
74 3785
74 4523
74 4783
74 6498
74 6867
75 76
75 117
75 134
75 172
75 221
75 258
75 391
75 461
75 539
75 573
75 636
75 693
75 729
75 1002
75 1006
75 1268
75 1545
75 2396
75 2412
75 2599
75 2645
75 2930
75 3799
75 4216
75 4670
75 4731
75 5362
75 5599
75 6189
75 6280
75 6990
75 7033
75 7081
75 7291
75 7356
75 7463
76 138
76 156
76 158
76 201
76 255
76 410
76 413
76 423
76 436
76 447
76 488
76 536
76 572
76 621
76 729
76 762
76 836
76 904
76 1005
76 1058
76 1085
76 1206
76 1255
76 1361
76 1365
76 1369
76 1413
76 1470
76 1487
76 1539
76 1543
76 1630
76 1646
76 1667
76 1745
76 1793
76 1854
76 1911
76 1972
76 2019
76 2114
76 2158
76 2191
76 2233
76 2307
76 2313
76 2488
76 2529
76 2534
76 2605
76 2650
76 2762
76 2767
76 2816
76 2820
76 2823
76 2825
76 2868
76 2957
76 2970
76 3030
76 3107
76 3122
76 3125
76 3368
76 3415
76 3420
76 3461
76 3573
76 3624
76 3676
76 3727
76 3787
76 3850
76 4026
76 4117
76 4403
76 4488
76 4544
76 4731
76 4822
76 4839
76 5041
76 5065
76 5083
76 5125
76 5305
76 5468
76 5487
76 5679
76 5682
76 5720
76 6200
76 6301
76 6434
76 6448
76 6474
76 6596
76 6656
76 6686
76 6692
76 6779
76 6782
76 6870
76 6905
76 6942
76 6945
76 6979
76 7014
76 7056
76 7094
76 7111
76 7115
76 7157
76 7165
76 7182
76 7215
76 7240
76 7290
76 7350
76 7466
76 7467
76 7469
76 7494
76 7495
76 7539
76 7541
77 6498
77 7290
79 1561
79 2767
79 3195
80 773
80 774
80 1005
80 1255
80 2767
80 3636
80 3657
80 3745
80 6498
80 7100
80 7155
80 7507
83 318
83 442
83 873
83 1255
83 1258
83 2957
83 3024
83 3030
83 3737
83 3996
83 4280
83 5065
83 5079
83 5125
83 5173
83 5566
83 5938
83 6231
83 6619
83 6738
83 6860
83 7018
84 946
84 948
84 1917
84 2389
84 6498
84 6708
87 1058
87 4187
87 6289
87 6448
87 7477
88 1972
88 2382
89 2816
90 433
90 636
90 729
90 3195
90 3624
90 6945
93 1732
93 6498
95 434
95 634
95 659
95 886
95 1359
95 2136
95 2762
95 2767
95 3113
95 5143
95 5154
95 6713
95 6767
95 7088
95 7446
95 7499
95 7511
96 100
96 101
96 138
96 172
96 621
96 762
96 1255
96 1658
96 1793
96 1877
96 2122
96 2158
96 2255
96 2603
96 5173
96 5373
97 108
97 140
97 249
97 4783
97 5599
97 6945
97 7181
100 172
100 1786
100 1793
100 1917
100 1971
100 2027
100 2158
100 2603
100 2645
100 2674
100 4177
100 4673
100 4731
100 4807
100 5432
100 6945
100 7221
100 7250
102 948
102 3030
103 2650
103 4232
103 6619
108 290
108 883
108 2650
108 4358
108 5468
109 280
109 4297
109 4507
109 4924
109 6569
109 7501
110 948
110 1255
110 1581
110 2158
110 2169
110 3049
110 3405
110 3520
110 5783
110 6708
110 7123
110 7145
110 7451
111 621
111 2694
111 6498
115 2522
115 2985
115 4507
117 442
117 5065
117 5272
119 1911
119 2254
120 3195
122 3945
123 6945
128 4297
128 6467
130 417
130 1608
131 7074
132 621
133 730
133 1258
133 2418
133 5079
133 7116
133 7319
133 7382
134 255
134 280
134 536
134 659
134 729
134 875
134 1002
134 1060
134 1622
134 1636
134 1661
134 1793
134 1971
134 2396
134 2692
134 3294
134 4088
134 5065
134 5305
134 5366
134 5703
134 6220
134 6301
134 6479
134 6498
134 7181
134 7314
134 7516
135 1786
135 7184
136 1540
136 2142
136 4171
138 141
138 156
138 174
138 196
138 201
138 253
138 255
138 258
138 349
138 354
138 410
138 413
138 436
138 444
138 570
138 636
138 659
138 682
138 729
138 762
138 852
138 907
138 1097
138 1131
138 1243
138 1255
138 1268
138 1365
138 1369
138 1377
138 1393
138 1470
138 1636
138 1667
138 1745
138 1787
138 1845
138 1941
138 2081
138 2158
138 2191
138 2223
138 2233
138 2434
138 2492
138 2529
138 2589
138 2650
138 2756
138 3026
138 3030
138 3075
138 3229
138 3294
138 3313
138 3368
138 3405
138 3415
138 3453
138 3573
138 3751
138 3783
138 3984
138 4544
138 4632
138 4634
138 4783
138 4910
138 4924
138 5065
138 5494
138 5563
138 5672
138 5783
138 6075
138 6143
138 6448
138 6467
138 6498
138 6842
138 6982
138 6989
138 6992
138 7025
138 7031
138 7102
138 7151
138 7164
138 7185
138 7187
138 7250
138 7290
138 7299
138 7368
138 7378
138 7438
138 7447
138 7475
138 7486
140 539
140 1116
140 1268
140 2286
140 2423
140 2750
140 5021
140 5468
140 5599
141 403
141 6982
145 302
145 1258
151 2418
151 5487
151 7375
153 201
153 286
153 302
153 447
153 455
153 490
153 729
153 907
153 1097
153 1115
153 1235
153 1256
153 1787
153 1940
153 2191
153 2339
153 2455
153 2504
153 2627
153 2640
153 2767
153 2805
153 2818
153 3125
153 3180
153 3313
153 3322
153 3417
153 4117
153 4138
153 4744
153 4924
153 5065
153 5215
153 5692
153 5720
153 5801
153 5931
153 6051
153 6280
153 6800
153 6817
153 6917
153 7115
153 7132
153 7141
153 7153
153 7154
153 7165
153 7176
153 7197
153 7199
153 7229
153 7238
153 7257
153 7329
153 7330
153 7332
153 7417
153 7438
153 7526
153 7552
154 1058
154 1732
154 7245
154 7326
156 904
156 1393
156 1470
156 2111
156 2396
156 5125
156 7027
157 338
157 449
157 1941
157 2027
157 7377
158 286
158 928
158 936
158 1115
158 1198
158 1243
158 1251
158 1369
158 1636
158 1822
158 1992
158 2114
158 2339
158 2382
158 2650
158 2934
158 3125
158 3281
158 3294
158 3368
158 3541
158 3636
158 3727
158 3850
158 4111
158 4283
158 4518
158 4592
158 4895
158 4909
158 5009
158 5084
158 5195
158 5305
158 6051
158 6125
158 6280
158 6289
158 6301
158 6419
158 6596
158 6917
158 6936
158 7021
158 7033
158 7069
158 7092
158 7105
158 7132
158 7165
158 7185
158 7249
158 7252
158 7327
158 7365
158 7377
158 7441
158 7526
159 190
159 3030
162 1786
162 1996
162 2272
162 3676
162 4466
163 249
163 568
163 613
163 1917
163 2284
163 3195
163 6945
167 6162
169 7266
172 236
172 348
172 573
172 729
172 839
172 948
172 1058
172 1099
172 1147
172 1255
172 1793
172 1971
172 2027
172 2149
172 2158
172 2192
172 2199
172 2324
172 2389
172 2437
172 2472
172 2682
172 2970
172 3030
172 3049
172 3195
172 3405
172 3573
172 4216
172 4419
172 4985
172 5599
172 5703
172 5948
172 6225
172 6400
172 6479
172 6996
172 7116
172 7127
172 7172
172 7250
172 7453
172 7461
174 2598
175 1658
175 2158
175 7084
184 1831
184 5615
184 7186
184 7495
189 297
189 5949
190 680
190 1255
190 1298
190 2418
190 2650
190 3195
190 3528
190 3785
190 6945
191 904
195 348
195 710
195 1242
195 1281
195 1824
195 2406
195 4419
195 4546
195 5366
195 6679
195 7261
195 7336
196 280
196 297
196 410
196 432
196 875
196 1058
196 1243
196 1413
196 1561
196 1940
196 1959
196 1992
196 2197
196 2541
196 3543
196 3578
196 3917
196 4138
196 4670
196 5079
196 5682
196 6867
196 6942
196 7150
196 7245
196 7251
196 7252
196 7326
196 7337
196 7399
196 7485
196 7490
199 6175
201 442
201 461
201 3850
204 2739
204 5362
206 7127
216 839
216 2460
216 7211
218 1787
218 2718
218 2767
218 4556
218 6225
221 613
221 3799
236 1002
236 1013
236 1793
236 2317
236 2600
236 6842
236 7324
238 1243
238 3979
238 7123
238 7425
238 7446
240 3844
247 1255
247 4647
248 4332
249 546
249 1057
249 1255
249 2606
249 2650
249 3030
249 3727
249 4783
249 7155
253 946
253 1243
253 2864
253 3415
253 3631
253 3984
253 4232
253 4800
253 5682
253 6163
253 6987
255 370
255 621
255 1255
255 3030
255 3107
255 7457
258 410
258 442
258 729
258 1148
258 1561
258 2313
258 2606
258 2864
258 2970
258 5931
258 6779
258 7143
259 2762
259 3984
259 5154
271 6474
280 407
280 410
280 412
280 442
280 455
280 536
280 621
280 729
280 852
280 904
280 1365
280 1393
280 1470
280 1745
280 1786
280 1787
280 1893
280 1992
280 2020
280 2437
280 2534
280 2583
280 2650
280 2762
280 2818
280 2868
280 3107
280 3171
280 3249
280 3281
280 3745
280 3760
280 4187
280 4783
280 4839
280 5006
280 5679
280 6122
280 6203
280 6463
280 6474
280 6498
280 6618
280 6638
280 6708
280 6735
280 6738
280 6945
280 7003
280 7013
280 7156
280 7265
280 7290
280 7358
280 7532
283 546
283 1106
283 1539
283 3030
283 4280
286 431
286 1115
286 1135
286 1543
286 1732
286 2730
286 2767
286 3026
286 3727
286 4138
286 4232
286 4297
286 4518
286 5084
286 6109
286 6280
286 6319
286 6917
286 7115
286 7211
286 7411
287 693
287 948
287 2389
287 4632
287 6498
287 7165
287 7335
287 7416
289 3797
289 7025
290 7393
291 2070
297 410
297 519
297 659
297 697
297 852
297 917
297 1300
297 1312
297 1644
297 2191
297 2233
297 2455
297 2864
297 3166
297 3763
297 3843
297 3984
297 5487
297 6640
297 7312
297 7428
298 823
298 2254
298 3990
298 6640
298 6747
298 6779
298 6988
302 6467
304 712
304 2114
304 7405
307 2606
307 4585
307 6506
307 7203
311 1115
311 2339
311 4556
311 5065
311 7070
311 7156
311 7238
312 2771
312 3578
315 563
315 1097
315 3030
315 3171
315 3540
315 4059
315 5065
315 5079
315 5938
315 6225
315 7252
315 7290
315 7379
318 5135
339 656
339 1917
339 3125
339 4177
339 4799
339 7449
348 610
348 846
348 1092
348 1724
348 2406
348 2418
348 2437
348 2472
348 2650
348 2750
348 2762
348 2821
348 3405
348 4332
348 4419
348 4532
348 5382
348 5849
348 6467
348 6629
348 7012
348 7035
348 7074
348 7123
348 7127
348 7137
348 7179
348 7252
348 7290
348 7303
348 7306
348 7334
348 7448
348 7453
349 762
349 1786
349 3501
349 3636
349 4090
349 4239
349 5065
349 6623
349 7125
351 7335
354 2529
354 7377
356 1361
358 7348
367 3361
370 374
370 449
370 729
370 1724
370 1917
370 1959
370 3107
370 3800
370 6448
370 6982
370 7030
370 7103
370 7179
370 7221
370 7274
370 7323
374 536
374 659
374 1115
374 2762
374 6942
374 6988
374 7087
374 7093
377 610
377 3030
377 6373
381 7337
383 536
383 1361
383 2762
383 6638
383 7430
384 6619
385 762
390 570
390 1255
390 1369
390 2280
390 5373
391 2019
391 3799
391 4731
403 729
406 5599
406 6448
407 682
407 899
407 1561
407 2428
407 5125
407 5703
407 6448
407 6498
407 7463
408 2956
410 506
410 621
410 636
410 1561
410 1745
410 1787
410 2606
410 2728
410 2970
410 3745
410 3984
410 4187
410 4924
410 5493
410 7056
410 7146
411 1255
411 1581
411 2255
411 2669
411 4177
412 447
412 490
412 1361
412 3420
412 4318
412 5065
412 5679
413 907
413 5468
417 1106
417 5125
417 5706
423 5720
423 6994
431 2730
431 3727
431 7550
432 3161
432 6225
433 1995
433 5783
433 7370
434 572
434 675
434 1028
434 1470
434 1612
434 2589
434 3254
434 3281
434 3415
434 3893
434 5551
434 7014
434 7122
436 729
436 4226
436 5699
436 6467
436 6498
436 6810
436 6842
436 7290
436 7369
436 7427
442 460
442 519
442 539
442 546
442 891
442 1359
442 1561
442 2019
442 2158
442 2396
442 2472
442 3326
442 3578
442 3636
442 3764
442 3984
442 4187
442 4236
442 5493
442 6498
442 7262
447 532
447 563
447 613
447 729
447 1057
447 1256
447 1361
447 1785
447 1812
447 2767
447 3111
447 3171
447 4117
447 4187
447 5659
447 6619
449 568
449 836
449 1255
449 1793
449 2307
449 2957
449 5816
453 7120
455 532
455 556
455 572
455 610
455 1115
455 1140
455 1359
455 1361
455 1393
455 1470
455 1973
455 2124
455 2455
455 2617
455 2818
455 3152
455 3171
455 3294
455 3322
455 3643
455 3984
455 4414
455 4481
455 4507
455 5276
455 5560
455 5722
455 5929
455 6075
455 6301
455 6640
455 6750
455 6998
455 7003
455 7014
455 7015
455 7026
455 7112
455 7113
455 7155
455 7247
455 7276
455 7313
455 7386
455 7505
455 7518
456 7018
459 6358
459 7353
459 7355
460 1258
460 1646
461 539
461 729
461 852
461 919
461 1002
461 1268
461 1359
461 1604
461 1630
461 1664
461 2142
461 2645
461 3520
461 3799
461 4997
461 5012
461 5036
461 5236
461 5440
461 5560
461 6189
461 6498
461 6596
461 6738
461 7128
461 7155
461 7389
475 1185
475 2583
475 3984
475 6548
475 6817
477 6474
482 588
482 1636
486 2970
488 729
488 6738
490 1763
490 2650
490 4456
490 5007
490 5263
491 2627
491 7110
491 7437
493 839
493 1539
493 3281
493 6434
499 2786
505 2081
506 3415
506 4310
506 6982
507 1600
507 2694
507 6358
507 6498
507 6562
507 6713
507 6986
508 1062
509 839
510 4026
519 1763
519 6779
521 7357
528 1207
528 3368
528 3984
528 4589
528 6738
528 6885
528 7001
528 7022
528 7132
528 7226
528 7384
528 7476
531 1636
531 2589
532 546
532 618
532 641
532 1002
532 1393
532 1917
532 2307
532 2825
532 3093
532 3195
532 3307
532 3745
532 4117
532 4171
532 4297
532 5560
532 6619
532 7103
532 7202
533 610
533 1958
533 2529
533 5065
536 659
536 682
536 1365
536 1899
536 1972
536 2191
536 2529
536 2718
536 2818
536 3281
536 4106
536 4592
536 5030
536 5065
536 6280
536 6419
536 6474
536 6686
536 6779
536 7147
536 7217
536 7276
536 7367
539 572
539 852
539 873
539 891
539 1002
539 1006
539 1057
539 1097
539 1255
539 1268
539 1393
539 1487
539 1536
539 1602
539 1667
539 1861
539 2019
539 2123
539 2149
539 2199
539 2254
539 2324
539 2396
539 2403
539 2529
539 2600
539 2645
539 2674
539 2762
539 2820
539 2839
539 2956
539 3113
539 3520
539 3787
539 3975
539 4171
539 4216
539 4317
539 4544
539 4589
539 4670
539 4807
539 4865
539 5215
539 5362
539 5366
539 5550
539 5599
539 5744
539 6203
539 6358
539 6448
539 6491
539 6498
539 6553
539 6623
539 6770
539 6779
539 6782
539 7066
539 7111
539 7116
539 7122
539 7136
539 7177
539 7219
539 7291
539 7294
539 7373
542 729
544 4358
545 7288
546 610
546 1365
546 1608
546 3979
546 3984
546 5493
546 6743
546 7041
546 7062
546 7157
547 3639
547 4565
556 1051
556 1604
556 3945
556 4283
556 4507
556 6619
556 7015
556 7101
563 2762
563 3160
563 4798
563 5079
563 6559
563 7208
563 7357
565 3649
566 820
568 729
568 1106
568 1819
568 2027
568 3368
568 3850
568 4232
568 4731
568 7466
568 7488
570 762
570 3030
570 3984
570 5658
570 5699
570 7002
570 7096
570 7165
571 2504
572 837
572 1002
572 1242
572 2868
572 3065
572 3799
572 3975
572 4117
572 4488
572 5065
572 5173
572 5722
572 6448
573 621
573 1005
573 1255
573 1877
573 2437
573 2603
573 2650
573 2694
573 3083
573 3368
573 4419
573 5021
573 5558
573 5948
573 7027
573 7120
577 618
577 621
577 904
577 1232
577 1470
577 1994
577 2123
577 2158
577 2284
577 2603
577 3044
577 3171
577 3737
577 4135
577 5065
577 5066
577 5305
577 5366
577 5682
577 5783
577 6231
577 6289
577 6559
577 6654
577 6709
577 6945
577 7069
577 7260
577 7357
577 7433
577 7460
582 2412
599 3984
600 7152
602 613
602 1395
602 2124
602 4283
602 4366
602 6180
610 671
610 886
610 1057
610 1470
610 1763
610 2762
610 2767
610 2818
610 2957
610 3917
610 4059
610 4783
610 5065
610 5154
610 5331
610 5362
610 6143
610 6463
610 6857
610 7148
610 7201
610 7252
610 7263
610 7384
610 7460
613 708
613 1469
613 1855
613 1972
613 2762
613 4822
613 5173
613 6448
613 6618
613 7085
613 7092
613 7111
613 7206
613 7226
613 7499
618 1255
618 3171
618 6559
618 7181
618 7433
621 836
621 904
621 936
621 1361
621 1786
621 2255
621 2472
621 2603
621 2840
621 3024
621 3030
621 3137
621 3171
621 3737
621 4031
621 4117
621 4135
621 4911
621 4924
621 5065
621 5079
621 5143
621 5154
621 5173
621 5215
621 5493
621 5692
621 5943
621 6231
621 6301
621 6738
621 6838
621 7018
621 7030
621 7069
621 7074
621 7158
621 7174
621 7181
621 7189
621 7200
621 7251
621 7253
621 7279
621 7422
621 7496
621 7514
621 7519
634 3171
634 5065
636 1636
636 1732
636 2156
636 2455
636 2645
636 2820
636 3166
636 3254
636 4187
636 5366
636 5672
636 5938
636 6779
636 7129
636 7192
641 3787
641 6619
641 6779
641 7022
641 7112
647 752
647 1035
656 693
656 946
656 1106
659 682
659 948
659 1365
659 1745
659 1787
659 1973
659 2020
659 2124
659 2522
659 2529
659 2534
659 2650
659 2762
659 3401
659 3636
659 3787
659 4526
659 5065
659 6916
659 7198
659 7290
660 7483
669 1779
669 2158
669 3030
669 4783
669 6373
669 7382
670 6619
671 5094
680 6945
682 1365
682 2081
682 3515
682 3737
682 6161
682 6505
682 6619
682 7213
682 7218
686 1636
686 3636
691 762
691 2670
691 3515
691 5720
691 6124
693 1002
693 1917
693 3030
693 3484
693 6358
696 836
696 3979
699 4110
699 5065
699 6362
699 6945
703 1742
703 1894
703 3030
708 1877
708 1972
710 6362
712 729
712 1214
712 2114
712 4379
712 6559
712 7069
721 3636
726 7001
729 762
729 852
729 904
729 948
729 1002
729 1097
729 1106
729 1115
729 1135
729 1255
729 1361
729 1418
729 1793
729 1893
729 2027
729 2114
729 2158
729 2233
729 2315
729 2389
729 2603
729 2650
729 2821
729 2826
729 2948
729 3024
729 3030
729 3281
729 3453
729 3800
729 3900
729 3950
729 4026
729 4138
729 4187
729 4358
729 4592
729 5079
729 5352
729 5468
729 5563
729 5857
729 5929
729 6142
729 6220
729 6319
729 6419
729 6440
729 6498
729 6623
729 6708
729 6863
729 6945
729 7020
729 7047
729 7121
729 7124
729 7165
729 7181
729 7182
729 7193
729 7223
729 7230
729 7252
729 7266
729 7274
729 7290
729 7334
729 7336
729 7363
729 7396
729 7415
729 7447
729 7450
729 7469
729 7494
730 762
730 836
730 837
730 983
730 1057
730 1177
730 1563
730 1636
730 2156
730 2668
730 2739
730 3065
730 4783
730 5468
730 6203
730 6779
752 839
752 2027
752 2389
752 2771
752 3405
752 4419
752 5440
752 6982
762 891
762 907
762 1206
762 1255
762 1539
762 1804
762 1818
762 1845
762 2062
762 2114
762 2136
762 2158
762 2280
762 2603
762 2650
762 2762
762 3078
762 3125
762 3415
762 3515
762 4117
762 4242
762 4544
762 4771
762 4822
762 4910
762 4949
762 5135
762 5143
762 5415
762 5440
762 5468
762 5616
762 5720
762 5783
762 6301
762 6434
762 6653
762 6842
762 6867
762 6916
762 6982
762 7024
762 7049
762 7075
762 7202
762 7241
762 7242
762 7267
762 7270
762 7287
762 7288
762 7325
762 7359
762 7367
762 7417
762 7442
762 7448
762 7509
762 7538
762 7540
773 6463
774 1359
774 1393
774 1636
774 1786
774 2529
774 2534
774 4507
774 5065
774 5362
774 6779
775 3030
775 5065
779 3041
781 1661
796 1774
803 2775
803 4839
810 7020
815 1793
817 3229
820 7524
821 1561
821 3950
823 1436
823 2101
823 6448
823 7155
836 983
836 1223
836 1917
836 2081
836 2114
836 2149
836 2589
836 2687
836 2957
836 3030
836 3505
836 3756
836 3979
836 4031
836 4236
836 4556
836 5065
836 6207
836 6247
836 6623
836 6708
836 6942
836 6945
836 7027
836 7059
836 7066
836 7072
836 7102
836 7122
836 7479
836 7514
837 886
837 1177
837 1422
837 2605
837 2906
837 4488
837 4589
837 4924
837 6289
837 6988
837 6991
837 6992
837 7088
837 7159
837 7386
837 7488
839 1365
839 1745
839 1917
839 2169
839 3030
839 3405
839 3505
839 4297
839 5783
839 5943
839 6373
839 6687
839 6834
839 7123
839 7168
839 7202
839 7379
839 7420
841 7064
846 1035
846 2389
846 3049
846 5948
846 6708
846 6869
846 6995
852 1122
852 1177
852 1255
852 1256
852 1365
852 1393
852 1470
852 1593
852 1653
852 1745
852 1831
852 1845
852 1880
852 2024
852 2057
852 2158
852 2216
852 2529
852 2627
852 2640
852 2756
852 2762
852 2877
852 3113
852 3313
852 3515
852 3578
852 4280
852 4488
852 4544
852 4680
852 4731
852 5089
852 5173
852 5566
852 5720
852 5801
852 6319
852 6623
852 6800
852 6817
852 6917
852 6947
852 7057
852 7153
852 7167
852 7170
852 7178
852 7198
852 7299
852 7433
852 7440
852 7462
852 7498
852 7540
859 1097
859 1745
859 2191
859 2489
859 2650
859 4632
859 5783
859 7279
859 7290
873 891
873 1540
875 2124
875 2149
875 2787
875 3233
875 3745
875 3984
875 4117
875 5041
875 6619
875 6738
875 6867
881 1359
881 1561
881 3325
881 3405
881 3636
881 3984
881 4018
881 5083
881 7120
881 7346
881 7452
881 7478
884 3401
884 6619
885 4910
886 2428
886 2767
886 2864
886 4090
886 4382
886 4924
886 6474
886 6738
886 7380
891 1369
891 1540
891 1917
891 2199
891 3071
891 4317
891 5599
891 6779
891 7128
891 7142
891 7463
898 4536
898 5816
899 4117
899 4822
899 7177
900 6945
904 1057
904 1361
904 1543
904 1812
904 1972
904 2158
904 2767
904 2821
904 3294
904 3648
904 3737
904 4026
904 4031
904 4523
904 5215
904 5682
904 6945
904 7258
904 7478
907 1667
907 6817
907 6917
907 7037
910 968
910 1147
917 1877
917 1972
917 2730
917 3030
917 6448
919 7072
936 1057
936 1255
936 2762
936 3578
936 7249
938 1395
938 2974
938 4366
946 1147
946 1709
946 1732
946 2472
946 3975
946 5599
946 5682
946 7006
946 7290
948 1365
948 1581
948 1854
948 1940
948 1958
948 2255
948 2319
948 2389
948 2825
948 3980
948 4419
948 4763
948 5065
948 6220
948 6315
948 6498
948 6499
948 7093
948 7145
948 7204
948 7304
948 7320
948 7335
948 7349
948 7416
950 2339
960 7548
963 1255
963 4419
963 4731
968 1147
968 1470
968 1539
968 2123
968 2603
968 2645
968 3543
968 4673
968 5366
969 1361
969 1992
969 3111
969 3578
969 4317
969 6988
969 7264
969 7266
970 6640
983 4481
983 5783
995 6373
997 6448
1002 1056
1002 1242
1002 1255
1002 1335
1002 1517
1002 1600
1002 1687
1002 1732
1002 1793
1002 1908
1002 2142
1002 2199
1002 2396
1002 2406
1002 2412
1002 2739
1002 2804
1002 3071
1002 3787
1002 3996
1002 4283
1002 4727
1002 4997
1002 5125
1002 5305
1002 5366
1002 6779
1002 7359
1002 7368
1002 7443
1004 6770
1005 1745
1005 5173
1005 6474
1006 2019
1006 2599
1006 2750
1006 3799
1006 6357
1017 5558
1030 2767
1035 1527
1035 2389
1035 3000
1035 4419
1036 1543
1036 1804
1036 3157
1036 3907
1036 5938
1036 7074
1036 7442
1039 6800
1041 1057
1041 1106
1041 1393
1041 7281
1048 2045
1048 2204
1048 4323
1051 2124
1051 2223
1051 5125
1051 7110
1054 3865
1056 1793
1056 2027
1056 2199
1056 2317
1056 2323
1056 2694
1056 3405
1056 3573
1056 3950
1056 4419
1056 4882
1057 1106
1057 1393
1057 1470
1057 1540
1057 1854
1057 1992
1057 2254
1057 2307
1057 2534
1057 2762
1057 3038
1057 3093
1057 3388
1057 4187
1057 4708
1057 5215
1057 5362
1057 5616
1057 5929
1057 6280
1057 6463
1057 6647
1057 7252
1057 7373
1057 7438
1057 7471
1057 7541
1058 1745
1058 1787
1058 1836
1058 1863
1058 1893
1058 1997
1058 2045
1058 2065
1058 2284
1058 2682
1058 2773
1058 2985
1058 3573
1058 4088
1058 4323
1058 4419
1058 4466
1058 4731
1058 5783
1058 5933
1058 6779
1058 7006
1058 7010
1058 7116
1058 7214
1058 7285
1058 7381
1058 7477
1060 1413
1060 1636
1060 2627
1060 5616
1060 6596
1062 2086
1062 6498
1085 1099
1085 1255
1092 5949
1097 1268
1097 1359
1097 1763
1097 1877
1097 2434
1097 2762
1097 2767
1097 2868
1097 2956
1097 3030
1097 3122
1097 3745
1097 4117
1097 5783
1097 6779
1099 1255
1099 3049
1099 4251
1099 5384
1099 7339
1099 7350
1106 1206
1106 1359
1106 1392
1106 1470
1106 1636
1106 1779
1106 1786
1106 1793
1106 1819
1106 2027
1106 2254
1106 2455
1106 2529
1106 2583
1106 2943
1106 3030
1106 3195
1106 3245
1106 3405
1106 3415
1106 4783
1106 5652
1106 6280
1106 6498
1106 7044
1106 7051
1106 7073
1106 7289
1106 7431
1106 7441
1106 7466
1115 2339
1115 2529
1115 2627
1115 3281
1115 3322
1115 3417
1115 4909
1115 5041
1115 6280
1115 6567
1115 6803
1115 6917
1115 7065
1115 7070
1115 7156
1115 7170
1115 7472
1115 7534
1122 1256
1122 2868
1122 3155
1122 5173
1122 7149
1122 7430
1128 5551
1131 3405
1131 4479
1135 3636
1135 4632
1135 4924
1135 6810
1140 1520
1144 1243
1144 1972
1144 3420
1144 6767
1144 7140
1144 7448
1147 1243
1147 2389
1147 3031
1147 4419
1148 3330
1148 4519
1148 4731
1148 4957
1148 7414
1164 2123
1172 6467
1177 1413
1177 1470
1177 2529
1177 2599
1177 2627
1177 3152
1177 3578
1177 3639
1177 4088
1177 5720
1177 6982
1177 7178
1185 3313
1186 6978
1191 5066
1191 7326
1193 4036
1196 2256
1196 2529
1196 7374
1198 1278
1198 3026
1198 5362
1198 5682
1198 6373
1198 7505
1199 1732
1200 2158
1206 1268
1206 1487
1206 1604
1206 1745
1206 1844
1206 1880
1206 2158
1206 2529
1206 3078
1206 4488
1206 5720
1206 6982
1206 7467
1207 2460
1207 4187
1211 6770
1214 1255
1232 1255
1232 6945
1233 4949
1235 7290
1242 1413
1242 1763
1242 1836
1242 1907
1242 2199
1242 2762
1242 3745
1242 5267
1242 5599
1242 5703
1242 7116
1242 7517
1243 2437
1243 3984
1243 6686
1243 6860
1243 6867
1243 7026
1243 7132
1243 7362
1243 7525
1245 3001
1245 4249
1249 7315
1251 6301
1251 6738
1253 7097
1255 1258
1255 1383
1255 1390
1255 1539
1255 1664
1255 1732
1255 1745
1255 1774
1255 1786
1255 1793
1255 1845
1255 1941
1255 2027
1255 2062
1255 2158
1255 2191
1255 2214
1255 2255
1255 2284
1255 2603
1255 2650
1255 2669
1255 2786
1255 2845
1255 2954
1255 2970
1255 3030
1255 3069
1255 3368
1255 3388
1255 3453
1255 3458
1255 3484
1255 3505
1255 3573
1255 3785
1255 3844
1255 4088
1255 4419
1255 4507
1255 4544
1255 4632
1255 4763
1255 4783
1255 4799
1255 4997
1255 5041
1255 5135
1255 5309
1255 5366
1255 5440
1255 5801
1255 5929
1255 5993
1255 6124
1255 6161
1255 6187
1255 6498
1255 6553
1255 6569
1255 6767
1255 6800
1255 6938
1255 6942
1255 6965
1255 6996
1255 7042
1255 7072
1255 7094
1255 7117
1255 7167
1255 7172
1255 7223
1255 7236
1255 7290
1255 7294
1255 7310
1255 7320
1255 7433
1255 7441
1255 7447
1255 7451
1255 7461
1255 7499
1255 7539
1256 1268
1256 1365
1256 1604
1256 2016
1256 2122
1256 2529
1256 2627
1256 3023
1256 3171
1256 3361
1256 3458
1256 3515
1256 3751
1256 4488
1256 4632
1256 5041
1256 5362
1256 5801
1256 6782
1256 6800
1256 6816
1256 6842
1256 7198
1256 7239
1256 7258
1256 7462
1256 7547
1258 1383
1258 1646
1258 1732
1258 2062
1258 3975
1258 5699
1268 1365
1268 1422
1268 2142
1268 2529
1268 2599
1268 2600
1268 2645
1268 2669
1268 3377
1268 3415
1268 4117
1268 4317
1268 4731
1268 4807
1268 4910
1268 4997
1268 5036
1268 6189
1268 6491
1268 6499
1268 6842
1268 6942
1268 7097
1268 7291
1275 1732
1276 7266
1278 3125
1278 5682
1281 2472
1281 3041
1281 3405
1281 6779
1298 3528
1298 6623
1300 6448
1304 3281
1312 1972
1312 2124
1312 6683
1312 7091
1321 4113
1321 6301
1321 6709
1333 2254
1333 2739
1333 6779
1333 6885
1335 2650
1335 2956
1335 3171
1335 4536
1335 6498
1335 6596
1335 7382
1335 7532
1351 5065
1351 5720
1351 7470
1359 1470
1359 1725
1359 2101
1359 2199
1359 2762
1359 2930
1359 3152
1359 3415
1359 3984
1359 4680
1359 5065
1359 5125
1359 5305
1359 5493
1359 5720
1359 5849
1359 5929
1359 6738
1359 6779
1359 6790
1359 6987
1359 7019
1359 7242
1359 7252
1359 7332
1359 7359
1359 7365
1359 7420
1359 7454
1359 7466
1359 7511
1361 1393
1361 1470
1361 1812
1361 1855
1361 2101
1361 2233
1361 2762
1361 3587
1361 3636
1361 4839
1361 5065
1361 5125
1361 5173
1361 5720
1361 5929
1361 6203
1361 6505
1361 6638
1361 7003
1361 7016
1361 7058
1361 7067
1361 7077
1361 7078
1361 7130
1361 7150
1361 7166
1361 7255
1361 7314
1361 7367
1361 7420
1361 7486
1365 1393
1365 1470
1365 1612
1365 1745
1365 1940
1365 2136
1365 2158
1365 2488
1365 2589
1365 3107
1365 3415
1365 4117
1365 4545
1365 4910
1365 5065
1365 5949
1365 6319
1365 6782
1365 6982
1369 1615
1369 4632
1369 7066
1370 5551
1375 5366
1375 7173
1379 3636
1379 4117
1390 1540
1390 2825
1390 3093
1390 5305
1390 7222
1392 1451
1392 2948
1392 3313
1392 5041
1392 7342
1393 1470
1393 1505
1393 1855
1393 2114
1393 2233
1393 2422
1393 2589
1393 2687
1393 2739
1393 2762
1393 2767
1393 3113
1393 3171
1393 3636
1393 3639
1393 3751
1393 3760
1393 4059
1393 4117
1393 4488
1393 4839
1393 5006
1393 5065
1393 5652
1393 5681
1393 5929
1393 6189
1393 6279
1393 6743
1393 6782
1393 6817
1393 6994
1393 7120
1393 7130
1393 7141
1393 7189
1393 7198
1393 7281
1393 7314
1393 7329
1393 7368
1393 7440
1393 7495
1393 7543
1395 2124
1395 3415
1395 4749
1395 6180
1395 6203
1395 6686
1398 4236
1398 5720
1398 6481
1398 6638
1402 4187
1402 5065
1404 1661
1404 2142
1413 1626
1413 1687
1413 2233
1413 2428
1413 2694
1413 2839
1413 3322
1413 3551
1413 4670
1413 5378
1413 6448
1413 6779
1413 7290
1415 6683
1418 1915
1418 2292
1418 2529
1418 3171
1418 4488
1418 5066
1418 6280
1418 6436
1418 6982
1420 7235
1422 1636
1422 1793
1422 2355
1422 2504
1422 5362
1422 5366
1422 6779
1422 7290
1422 7359
1426 2081
1436 1831
1441 6498
1451 1661
1451 2948
1451 3067
1454 1571
1454 1658
1454 5384
1454 6171
1469 4090
1469 6738
1469 7471
1470 1505
1470 1636
1470 1855
1470 1899
1470 2114
1470 2191
1470 2355
1470 2422
1470 2565
1470 2589
1470 2687
1470 2694
1470 2762
1470 3171
1470 3413
1470 3420
1470 3636
1470 3760
1470 5065
1470 5125
1470 5362
1470 5566
1470 5681
1470 5929
1470 6189
1470 6279
1470 6498
1470 6546
1470 6576
1470 6618
1470 6619
1470 6779
1470 6971
1470 6994
1470 6999
1470 7022
1470 7055
1470 7067
1470 7130
1470 7150
1470 7166
1470 7167
1470 7198
1470 7249
1470 7276
1470 7277
1470 7278
1470 7279
1470 7290
1470 7299
1470 7329
1470 7346
1470 7402
1470 7433
1470 7440
1470 7486
1470 7512
1470 7517
1470 7543
1483 7333
1483 7506
1487 4488
1487 5720
1487 7154
1510 1940
1510 4949
1510 7399
1510 7413
1514 1726
1517 3330
1517 5783
1521 3785
1521 4117
1521 4572
1521 6992
1521 7377
1527 7145
1536 2019
1536 2396
1539 1788
1539 2816
1539 4150
1539 4358
1539 5468
1539 6434
1540 1861
1540 2804
1540 2943
1540 3453
1540 4731
1540 5065
1540 5432
1540 6448
1540 7042
1540 7248
1540 7541
1543 3907
1543 4924
1543 7136
1543 7383
1545 7520
1550 3984
1550 5065
1561 1732
1561 1959
1561 1972
1561 2839
1561 3171
1561 3361
1561 5034
1561 6619
1561 6712
1561 6809
1562 7195
1563 1917
1563 2184
1563 3368
1571 7445
1572 7321
1581 1793
1581 5890
1581 6498
1593 1845
1593 4544
1593 6982
1600 1724
1600 1818
1600 1958
1600 2255
1600 7160
1602 5720
1604 3458
1605 6867
1612 5065
1612 5141
1612 5783
1622 1745
1622 5816
1622 6735
1622 7357
1622 7447
1623 2650
1625 1725
1625 5362
1625 6862
1625 7493
1626 2254
1630 5698
1630 6810
1636 1745
1636 1855
1636 2191
1636 2254
1636 2355
1636 2396
1636 2589
1636 2599
1636 2645
1636 2739
1636 2902
1636 3013
1636 3368
1636 3458
1636 3461
1636 3636
1636 4117
1636 4727
1636 5009
1636 5065
1636 5125
1636 5366
1636 5551
1636 5616
1636 5857
1636 6474
1636 6685
1636 6779
1636 6990
1636 7003
1636 7004
1636 7034
1636 7088
1636 7104
1636 7112
1636 7132
1636 7192
1636 7217
1636 7346
1636 7359
1636 7360
1636 7361
1636 7387
1636 7402
1636 7405
1636 7438
1636 7454
1636 7473
1636 7482
1636 7486
1646 2603
1646 3203
1646 5468
1658 1709
1658 6979
1661 3029
1661 3171
1661 4323
1661 5305
1661 5681
1661 5816
1661 6328
1661 6596
1661 7136
1661 7266
1664 2292
1664 2355
1664 2396
1664 3030
1664 4783
1667 2019
1667 2323
1667 3074
1667 5440
1667 6448
1687 1793
1687 2956
1687 3361
1687 4957
1687 6619
1687 7033
1687 7192
1687 7541
1691 5125
1691 5720
1697 5560
1704 7093
1709 6108
1709 6362
1709 7394
1716 6982
1717 5720
1717 7071
1717 7405
1724 6945
1725 3453
1725 5993
1725 6268
1732 5362
1732 6189
1732 6362
1732 6863
1732 7252
1732 7512
1737 1819
1742 6498
1742 7252
1745 1786
1745 1787
1745 2529
1745 2650
1745 3059
1745 3368
1745 3501
1745 3850
1745 5720
1745 5857
1745 5935
1745 6203
1745 6448
1745 7043
1745 7285
1745 7376
1747 5682
1747 5929
1753 6779
1763 2233
1763 2767
1763 3012
1763 3416
1763 3631
1763 3649
1763 3984
1763 4135
1763 4138
1763 4653
1763 4702
1763 5487
1763 5682
1763 5724
1763 5940
1763 6654
1763 7244
1763 7257
1763 7312
1763 7326
1763 7337
1763 7352
1763 7359
1763 7399
1763 7534
1763 7545
1763 7552
1774 4031
1774 4392
1774 7007
1778 2156
1779 4798
1779 6619
1785 2767
1785 6203
1785 7225
1786 1854
1786 1996
1786 2762
1786 2822
1786 3265
1786 4489
1786 4632
1786 5065
1786 5143
1786 5720
1786 7157
1786 7184
1786 7379
1787 2606
1787 3377
1787 5173
1787 6448
1787 7155
1787 7290
1787 7358
1788 2650
1788 2816
1788 3030
1788 4031
1788 4572
1788 5468
1792 1917
1793 1971
1793 2149
1793 2529
1793 2598
1793 2603
1793 2650
1793 2783
1793 2956
1793 3756
1793 4317
1793 4419
1793 4731
1793 4807
1793 4997
1793 5036
1793 5065
1793 5305
1793 6479
1793 6692
1793 6779
1793 7035
1793 7049
1793 7054
1793 7111
1793 7345
1793 7443
1793 7551
1794 7181
1804 2418
1804 5682
1804 6767
1804 7308
1804 7318
1804 7383
1804 7469
1804 7523
1806 7290
1807 4317
1807 5267
1807 7036
1807 7214
1812 2136
1812 2223
1812 4323
1818 2603
1818 2694
1818 5141
1818 5305
1818 6686
1818 6867
1818 7018
1818 7342
1818 7345
1818 7370
1819 1972
1819 2027
1819 3195
1819 6498
1819 7289
1820 7290
1822 7136
1822 7194
1824 2930
1824 3122
1824 3405
1824 4419
1824 5342
1824 7012
1824 7061
1824 7179
1824 7250
1825 2934
1825 6596
1825 7290
1825 7438
1831 2136
1831 2223
1831 2488
1831 2583
1831 3171
1831 3294
1831 3313
1831 4280
1831 4488
1831 5309
1831 6782
1831 7011
1831 7241
1831 7482
1836 2645
1836 4802
1836 7116
1845 2529
1845 2627
1845 6800
1845 6817
1854 2694
1854 3405
1855 4117
1861 2019
1861 3453
1863 2650
1863 3727
1863 4390
1877 2149
1877 2317
1877 2412
1877 2529
1877 3049
1877 4783
1877 5400
1877 5596
1877 6708
1877 6965
1877 6996
1877 7012
1877 7165
1877 7283
1877 7394
1877 7551
1893 2264
1893 2606
1893 4670
1893 5616
1894 2114
1894 5141
1899 2295
1899 6945
1908 2286
1908 5366
1911 7083
1911 7121
1915 2292
1917 2599
1917 2619
1917 3125
1917 3265
1917 3405
1917 5036
1917 6328
1917 6619
1917 6960
1917 7017
1917 7027
1917 7122
1925 2645
1940 2295
1940 2603
1940 2868
1940 4981
1940 6619
1940 6738
1940 7290
1940 7456
1941 3125
1941 3229
1941 5135
1941 6842
1941 7310
1958 3624
1958 4057
1958 6108
1958 6945
1959 1972
1959 3107
1959 3122
1959 3152
1959 3361
1959 7037
1959 7186
1971 2027
1971 2199
1971 2396
1971 5366
1971 6708
1971 6779
1971 6945
1972 2107
1972 2124
1972 2197
1972 2775
1972 3195
1972 3417
1972 3843
1972 4011
1972 4493
1972 4523
1972 5931
1972 6619
1972 6686
1972 6767
1972 7252
1972 7488
1973 2650
1973 2762
1973 3065
1973 4297
1973 5065
1973 6686
1973 7155
1973 7326
1977 7072
1985 2169
1985 4494
1985 5154
1985 6559
1985 7064
1985 7326
1990 6448
1992 2124
1992 2583
1992 2767
1992 3649
1992 4187
1992 4507
1992 5362
1994 2234
1995 2650
1995 5783
1995 6692
2011 7337
2011 7392
2012 7034
2016 6569
2019 2142
2019 2286
2019 2323
2019 2324
2019 2599
2019 2956
2019 3520
2019 4384
2019 4865
2019 5367
2019 5480
2019 6430
2019 6938
2019 6981
2019 7142
2019 7283
2019 7329
2019 7417
2020 4467
2023 2142
2023 6448
2023 6498
2024 2529
2024 2756
2027 2406
2027 2750
2027 3195
2027 4380
2027 6629
2027 6708
2027 6945
2027 6996
2027 7127
2027 7134
2027 7135
2027 7145
2027 7250
2027 7450
2027 7461
2030 3799
2045 3417
2045 4323
2057 2256
2057 2455
2057 2767
2057 4702
2062 2158
2062 4358
2062 4935
2062 6498
2062 6842
2070 4106
2070 5065
2070 6708
2070 6860
2070 7267
2079 7192
2081 2589
2081 2762
2081 4317
2081 4589
2081 5938
2081 7425
2086 6767
2089 7011
2089 7207
2095 5125
2095 6982
2098 6122
2101 2355
2101 3458
2101 3799
2101 4783
2102 4592
2102 6283
2104 6498
2111 3979
2111 5722
2111 6942
2114 2529
2114 4544
2114 5215
2114 7092
2114 7278
2114 7290
2118 3405
2118 4572
2122 4297
2122 6393
2122 7116
2122 7209
2122 7291
2123 3543
2124 2223
2124 3587
2124 3608
2124 4117
2124 4187
2124 4924
2124 4999
2124 5125
2124 5308
2124 5652
2124 6203
2124 6573
2124 6588
2124 6750
2124 6808
2124 7015
2124 7098
2124 7262
2131 7155
2136 3745
2136 6498
2142 2645
2142 3330
2142 4317
2142 6393
2142 7017
2148 6800
2149 2389
2149 2418
2149 3528
2149 4419
2149 6479
2149 6708
2156 2739
2156 3636
2156 5065
2156 7083
2156 7347
2156 7376
2158 2233
2158 2277
2158 2412
2158 2603
2158 2627
2158 2888
2158 3125
2158 3329
2158 3515
2158 3745
2158 3917
2158 4088
2158 4117
2158 4997
2158 5065
2158 5362
2158 5366
2158 5641
2158 5720
2158 6189
2158 6448
2158 6474
2158 6498
2158 6982
2158 7014
2158 7037
2158 7155
2158 7187
2158 7236
2158 7290
2158 7447
2158 7466
2184 4080
2184 4783
2191 2389
2191 2529
2191 3026
2191 3078
2191 3388
2191 3458
2191 3945
2191 4419
2191 6143
2191 6203
2191 6738
2191 6817
2191 7096
2191 7165
2192 2255
2192 3171
2192 7221
2197 5224
2199 2389
2199 3330
2199 4384
2199 4865
2204 4466
2204 4731
2204 5236
2204 7307
2208 6619
2214 2529
2214 5468
2216 6319
2216 6817
2223 6779
2223 6782
2223 7209
2233 2694
2233 2762
2233 2943
2233 3420
2233 3850
2233 4069
2233 4090
2233 5065
2233 6498
2233 6654
2233 7322
2238 2617
2245 7338
2246 2455
2246 6817
2248 6588
2254 2264
2254 2396
2254 2583
2254 2762
2254 4117
2254 4187
2254 5125
2254 5215
2254 5592
2254 5939
2254 6375
2254 6640
2254 6779
2254 7438
2255 2317
2255 2319
2255 2389
2255 2412
2255 2603
2255 2650
2255 2669
2255 3024
2255 3975
2255 4031
2255 4419
2255 5384
2255 5578
2255 7174
2255 7204
2255 7523
2256 4116
2256 6604
2260 7385
2272 3111
2272 3693
2272 4031
2272 5488
2284 3125
2284 3653
2284 5331
2284 5938
2284 7013
2284 7023
2284 7290
2286 3026
2292 2396
2292 3281
2292 4117
2292 7173
2292 7433
2297 3024
2297 4031
2302 3388
2302 5720
2307 3030
2307 3484
2307 3900
2307 4592
2307 5720
2307 6569
2307 6596
2307 6612
2307 6863
2307 7122
2307 7128
2313 2739
2313 3501
2313 6862
2313 7401
2316 7304
2316 7309
2317 3405
2317 6708
2317 6753
2319 2389
2319 2762
2319 3030
2319 3361
2319 3377
2319 3673
2323 6779
2324 2406
2324 2437
2324 4731
2324 5125
2324 5703
2324 6619
2324 6708
2339 2529
2339 2650
2339 4731
2339 5857
2339 7167
2346 6686
2355 2529
2355 2739
2355 5362
2355 6800
2355 6982
2355 7454
2382 2460
2389 2406
2389 3041
2389 3169
2389 4419
2389 4763
2389 6440
2389 6708
2389 6996
2389 7127
2389 7134
2389 7204
2389 7335
2389 7450
2389 7474
2393 3346
2393 5599
2396 2455
2396 2600
2396 2650
2396 2825
2396 2956
2396 3026
2396 3368
2396 3799
2396 4117
2396 4179
2396 4910
2396 5362
2396 5366
2396 6189
2396 6889
2396 7041
2396 7128
2396 7368
2403 4384
2406 3900
2406 4882
2406 5966
2406 6373
2406 7145
2406 7337
2406 7426
2408 6498
2411 7378
2412 3975
2412 5440
2418 6779
2422 2529
2424 5618
2428 2762
2428 6817
2428 6968
2437 2868
2437 4419
2437 5125
2437 5245
2437 5366
2437 5596
2437 6479
2437 6553
2437 6623
2437 7075
2437 7090
2455 2756
2455 2762
2455 2767
2455 3381
2455 3984
2455 4589
2455 4895
2455 4924
2455 5325
2455 5679
2455 5933
2455 6709
2455 6779
2459 6448
2460 5265
2460 6917
2460 7211
2469 6448
2469 7096
2472 4419
2472 4632
2472 5400
2472 5493
2472 5616
2472 6602
2472 6629
2472 6834
2472 6869
2472 6885
2472 6981
2472 7035
2472 7053
2472 7079
2472 7127
2472 7145
2472 7162
2472 7183
2472 7249
2472 7425
2488 2529
2488 4488
2488 6124
2488 6982
2488 7165
2488 7180
2488 7198
2488 7249
2492 7290
2504 4481
2504 4488
2504 4507
2504 5921
2504 7205
2504 7438
2508 6158
2511 7537
2527 5065
2529 2627
2529 2650
2529 2670
2529 2756
2529 2762
2529 3013
2529 3273
2529 3415
2529 3578
2529 4088
2529 4138
2529 4280
2529 4488
2529 4544
2529 4605
2529 4632
2529 4680
2529 4910
2529 5154
2529 5305
2529 5720
2529 6124
2529 6280
2529 6498
2529 6576
2529 6782
2529 6800
2529 6817
2529 6982
2529 7008
2529 7013
2529 7043
2529 7057
2529 7106
2529 7116
2529 7127
2529 7141
2529 7153
2529 7158
2529 7198
2529 7290
2529 7350
2529 7367
2529 7417
2529 7433
2529 7440
2529 7467
2529 7480
2529 7486
2529 7498
2529 7513
2529 7529
2529 7535
2534 2589
2534 3075
2534 5679
2534 6280
2541 6448
2562 3405
2562 4546
2562 6980
2562 7223
2562 7412
2562 7418
2562 7551
2583 3171
2583 3325
2583 5362
2583 5682
2589 2692
2589 2868
2589 2930
2589 3145
2589 3195
2589 3636
2589 3745
2589 3980
2589 5551
2589 7031
2589 7277
2598 4380
2598 4466
2598 4702
2598 6448
2598 6692
2598 7549
2599 4216
2599 7217
2600 3975
2603 2650
2603 3024
2603 3171
2603 3195
2603 3453
2603 4523
2603 7290
2605 5065
2606 3160
2606 3745
2606 4138
2606 4585
2606 6803
2619 7000
2620 4187
2627 3458
2627 5801
2627 6143
2627 6738
2627 6800
2627 7093
2627 7242
2627 7257
2627 7259
2640 4088
2640 4488
2640 6800
2640 6817
2640 7116
2640 7198
2645 3975
2645 5009
2645 6357
2645 7236
2650 2694
2650 2762
2650 2902
2650 3026
2650 3030
2650 3107
2650 3171
2650 3541
2650 3649
2650 3727
2650 3785
2650 3800
2650 4138
2650 4670
2650 4702
2650 4731
2650 4771
2650 4783
2650 4860
2650 4909
2650 5066
2650 5125
2650 5154
2650 5215
2650 5294
2650 5331
2650 5415
2650 5692
2650 5720
2650 6122
2650 6498
2650 6559
2650 6619
2650 6653
2650 6735
2650 6842
2650 6883
2650 6945
2650 7153
2650 7282
2650 7289
2650 7290
2650 7336
2650 7379
2650 7511
2650 7539
2650 7541
2660 3313
2663 7337
2669 7305
2670 6623
2673 7118
2682 3030
2682 3515
2682 4783
2691 4088
2692 3984
2692 4187
2692 5720
2692 6122
2692 7003
2692 7152
2692 7217
2694 3420
2694 3745
2694 4059
2694 4546
2694 4997
2694 6498
2694 6708
2716 5065
2718 3336
2718 3636
2728 3254
2728 3361
2728 5493
2730 7202
2730 7215
2730 7220
2739 2820
2741 3415
2741 7350
2750 5599
2756 3026
2756 3078
2756 3515
2756 4858
2756 5851
2756 6203
2756 6319
2756 6800
2756 7057
2762 2767
2762 2775
2762 2868
2762 3322
2762 3636
2762 3785
2762 3917
2762 3943
2762 4110
2762 4117
2762 4187
2762 4236
2762 4283
2762 4382
2762 4467
2762 4488
2762 4839
2762 5065
2762 5143
2762 5215
2762 5382
2762 5929
2762 6546
2762 6576
2762 6619
2762 6623
2762 6625
2762 6683
2762 6686
2762 6916
2762 7003
2762 7034
2762 7128
2762 7138
2762 7196
2762 7232
2762 7314
2762 7326
2762 7511
2762 7541
2764 4488
2764 5065
2767 3026
2767 3281
2767 3294
2767 3322
2767 3417
2767 3545
2767 3917
2767 3984
2767 3990
2767 4088
2767 4126
2767 4179
2767 4297
2767 4910
2767 5041
2767 5065
2767 5066
2767 5652
2767 5679
2767 5692
2767 5720
2767 6332
2767 6463
2767 6481
2767 6559
2767 6604
2767 6988
2767 7050
2767 7063
2767 7064
2767 7077
2767 7165
2767 7209
2767 7223
2767 7252
2767 7268
2767 7301
2767 7326
2767 7505
2767 7534
2775 4839
2775 7090
2775 7225
2775 7335
2775 7486
2783 3417
2804 3023
2804 6203
2816 4910
2816 6842
2818 3076
2818 3168
2818 3727
2818 3745
2818 5613
2818 6619
2818 6945
2818 7093
2818 7399
2820 4589
2820 4997
2820 5036
2820 5125
2820 6162
2820 6779
2820 6945
2820 7025
2820 7037
2820 7114
2820 7164
2820 7294
2821 5938
2821 6916
2821 6945
2821 7074
2822 6559
2823 4507
2825 4297
2827 6498
2831 6498
2839 6945
2864 3152
2864 6738
2864 7352
2868 3250
2868 3325
2868 3573
2868 3917
2868 3984
2868 4088
2868 4488
2868 4924
2868 5173
2868 5239
2868 6161
2868 6576
2868 6618
2868 6623
2868 6970
2868 7093
2868 7188
2868 7216
2868 7248
2868 7287
2868 7332
2868 7347
2868 7438
2868 7487
2885 3413
2888 3676
2888 5100
2888 7530
2902 6498
2906 6738
2906 7259
2907 4301
2907 6623
2907 6984
2919 4088
2919 6448
2919 7335
2923 7491
2930 3059
2930 3122
2930 4488
2930 5154
2934 3727
2934 6619
2943 4323
2943 5681
2943 6817
2943 6945
2950 3816
2956 3049
2956 4171
2956 4216
2956 4317
2956 5125
2956 5432
2956 5599
2956 5703
2956 6189
2956 6280
2956 6553
2956 7017
2957 4556
2970 3166
2970 3248
2970 3745
2970 4088
2970 4544
2970 6448
2970 6465
2970 6965
2970 7038
2970 7054
2970 7124
2974 7340
2985 5440
2985 5720
3001 4088
3011 7195
3013 7003
3021 5682
3023 4507
3023 7433
3024 4783
3024 6434
3024 7102
3026 3064
3026 3541
3026 3636
3026 4187
3026 4310
3026 4924
3026 5195
3026 6203
3026 6301
3026 7070
3026 7081
3026 7140
3026 7210
3029 5720
3030 3505
3030 3648
3030 3676
3030 3785
3030 3975
3030 4031
3030 4280
3030 4419
3030 4544
3030 4783
3030 5066
3030 5135
3030 5415
3030 5478
3030 5550
3030 5692
3030 5938
3030 6284
3030 6810
3030 6945
3030 7049
3030 7073
3030 7095
3030 7147
3030 7450
3030 7505
3030 7539
3031 4370
3031 4419
3034 5687
3038 4117
3041 3505
3041 7416
3041 7441
3049 3405
3049 5384
3056 7018
3065 4670
3065 6743
3065 6770
3065 7414
3065 7541
3069 6498
3071 6498
3072 6498
3076 3168
3076 6679
3078 4488
3078 4744
3078 5935
3078 6982
3093 6945
3107 3122
3107 6448
3107 6474
3107 6767
3107 7037
3111 4317
3111 4403
3111 5065
3113 3578
3113 4117
3113 5100
3113 5720
3113 6800
3122 3631
3122 6373
3122 6474
3122 6653
3122 7179
3122 7308
3122 7484
3125 3405
3125 3453
3125 5100
3125 5468
3125 5682
3125 6705
3125 6942
3125 7492
3135 7489
3137 3171
3152 3578
3152 5362
3152 6738
3154 4187
3155 3313
3155 5720
3157 5558
3158 3505
3158 3636
3158 5331
3158 7151
3158 7289
3158 7548
3159 6988
3160 3745
3160 5306
3160 5641
3160 6362
3160 7155
3160 7326
3166 5157
3166 5783
3166 6465
3166 6767
3166 7050
3166 7371
3166 7410
3168 4050
3168 6448
3169 4419
3171 3336
3171 3540
3171 4783
3171 5065
3171 5125
3171 5305
3171 5720
3171 5912
3171 6108
3171 6280
3171 6559
3171 6596
3171 6619
3171 6800
3171 6817
3171 7021
3171 7198
3171 7208
3171 7212
3171 7317
3171 7441
3190 6498
3195 5468
3195 5558
3195 6310
3195 6498
3195 6945
3195 6982
3195 7024
3195 7500
3203 6498
3217 7335
3226 5912
3229 5861
3233 3515
3239 7518
3248 5309
3250 3764
3250 7428
3251 7238
3253 5125
3254 7132
3268 6203
3268 7141
3273 5012
3273 6942
3281 4839
3281 6280
3281 6596
3281 6782
3281 7252
3283 6448
3290 7057
3294 4924
3294 5065
3294 5560
3294 6618
3294 7031
3294 7155
3294 7272
3307 4749
3307 6779
3307 6800
3313 4632
3313 5041
3313 5308
3313 5720
3313 6319
3313 6448
3313 6817
3313 6982
3313 7350
3322 5692
3322 5831
3322 6051
3322 6604
3322 7087
3322 7244
3325 4116
3325 4187
3325 4708
3325 5065
3325 6180
3325 6373
3325 6596
3325 7526
3326 3787
3326 5616
3326 7329
3326 7368
3329 4523
3329 4924
3336 3984
3337 6817
3337 7290
3361 4653
3361 6619
3361 7002
3361 7165
3377 7127
3377 7162
3377 7449
3377 7508
3381 6375
3381 6782
3381 7083
3381 7256
3381 7392
3392 6779
3405 4015
3405 4177
3405 4419
3405 4546
3405 4860
3405 6108
3405 6262
3405 6479
3405 6708
3405 6979
3405 6981
3405 7074
3405 7079
3405 7122
3405 7127
3405 7162
3405 7174
3405 7175
3405 7185
3405 7223
3405 7261
3405 7302
3405 7390
3405 7409
3405 7425
3405 7449
3405 7458
3405 7473
3405 7529
3413 4088
3415 3950
3415 4117
3415 4910
3415 5263
3415 6297
3415 6623
3415 6842
3415 6982
3415 7386
3416 4924
3416 6448
3417 3785
3417 3984
3417 7377
3417 7379
3420 6203
3420 6498
3453 5679
3453 6498
3453 6779
3453 7004
3458 5720
3458 7043
3461 4117
3461 5362
3461 5493
3461 6596
3461 6779
3465 6623
3473 6448
3474 6860
3477 7501
3484 5948
3484 6358
3484 7236
3484 7458
3501 5247
3501 5681
3501 6619
3501 7368
3505 7062
3506 5949
3515 3639
3515 4117
3515 4488
3515 4680
3515 5089
3515 5173
3515 5217
3515 6800
3515 6982
3515 7008
3515 7037
3515 7057
3515 7153
3515 7433
3515 7513
3520 5366
3528 7450
3540 7200
3543 5366
3554 7290
3573 4860
3573 6779
3573 7211
3574 7159
3578 4117
3578 5366
3578 6782
3578 6817
3579 7130
3579 7269
3587 6203
3592 7337
3599 6624
3602 7194
3608 5433
3608 7015
3608 7091
3613 3990
3623 5265
3629 7275
3631 5034
3631 5682
3636 4236
3636 4488
3636 4589
3636 4832
3636 5006
3636 5065
3636 5125
3636 5195
3636 6059
3636 6612
3636 6619
3636 6685
3636 6779
3636 6885
3636 7004
3636 7014
3636 7058
3636 7083
3636 7111
3636 7130
3636 7177
3636 7224
3639 4074
3639 5065
3639 5720
3639 6994
3639 7231
3639 7397
3639 7482
3639 7513
3643 5433
3643 6808
3648 4392
3648 7475
3649 7440
3649 7536
3649 7542
3653 7023
3657 5263
3657 7106
3657 7263
3676 3799
3677 7013
3681 6817
3703 7531
3727 4798
3727 5084
3727 5265
3727 5652
3727 5816
3727 5929
3727 6280
3727 7021
3727 7073
3727 7290
3727 7293
3728 3947
3737 4110
3737 4190
3737 5065
3737 6231
3737 6735
3737 6826
3737 7208
3742 6373
3745 3984
3745 4088
3745 4117
3745 5641
3745 5929
3745 6618
3745 6709
3745 6779
3745 7075
3745 7113
3745 7384
3745 7542
3745 7543
3751 7057
3764 3984
3764 6280
3764 7090
3764 7246
3785 4523
3785 5468
3785 5558
3785 7379
3787 3975
3787 4031
3787 5816
3787 7329
3787 7433
3799 4297
3799 4592
3799 4731
3799 7067
3799 7111
3799 7155
3799 7541
3800 6280
3800 6498
3800 7011
3800 7014
3800 7290
3813 7297
3819 7290
3828 6619
3828 7382
3843 6916
3850 6982
3891 6800
3893 5931
3893 7386
3917 4187
3917 4577
3917 5065
3943 5267
3943 5778
3943 6981
3945 4283
3947 7376
3947 7395
3950 4647
3950 5400
3950 6686
3950 7127
3950 7250
3975 4384
3979 4031
3979 5783
3979 6995
3982 5471
3983 6839
3984 4035
3984 4064
3984 4187
3984 4592
3984 4924
3984 5041
3984 6075
3984 6619
3984 6779
3984 6942
3984 6945
3984 7037
3984 7041
3984 7083
3984 7111
3984 7132
3984 7255
3984 7384
3984 7396
3992 5720
3992 6629
3992 7198
3996 4117
3996 6165
3996 6498
4001 5703
4011 6161
4011 7379
4018 5065
4026 5853
4031 4135
4031 4910
4031 4994
4031 5468
4031 5558
4031 5599
4031 7245
4031 7552
4044 4187
4057 7033
4057 7489
4059 6498
4085 7099
4086 7351
4088 4488
4088 5065
4088 5594
4090 4187
4090 5722
4090 6988
4090 7126
4090 7316
4090 7343
4090 7521
4106 6779
4110 5173
4110 5983
4110 6373
4116 5143
4116 7290
4117 4632
4117 4822
4117 4910
4117 4924
4117 4981
4117 5009
4117 5041
4117 5065
4117 5125
4117 5173
4117 5305
4117 5362
4117 5720
4117 5921
4117 6189
4117 6448
4117 6685
4117 7165
4117 7192
4117 7294
4117 7361
4117 7447
4117 7473
4117 7552
4126 4179
4126 6942
4126 7026
4135 6058
4138 4242
4138 4839
4138 6448
4138 6640
4138 7502
4140 4488
4140 7154
4157 7394
4171 4392
4171 6623
4176 6498
4187 4488
4187 4839
4187 5065
4187 5871
4187 6289
4187 6474
4187 6779
4187 6808
4187 6867
4187 7003
4187 7025
4187 7032
4187 7046
4187 7152
4187 7253
4187 7255
4187 7259
4187 7276
4187 7298
4187 7316
4187 7335
4187 7431
4187 7521
4190 4280
4190 4702
4190 6640
4190 7294
4199 6448
4201 6844
4216 6638
4216 7291
4216 7356
4236 5065
4236 5215
4236 7014
4236 7384
4239 7003
4246 7069
4249 6993
4249 7198
4277 4283
4280 4572
4280 5041
4280 5065
4280 6467
4280 6559
4280 7163
4280 7208
4280 7241
4283 7166
4283 7365
4297 5469
4297 6481
4297 6498
4297 6596
4297 6623
4297 7290
4310 7055
4317 4536
4317 7128
4317 7444
4318 6985
4358 5468
4358 6498
4360 6942
4366 4670
4366 5308
4366 5325
4366 7110
4370 4419
4370 6705
4370 7466
4377 6683
4377 7486
4380 6942
4382 6448
4382 6463
4382 6494
4382 7489
4390 4860
4390 6448
4392 4632
4392 5305
4392 6666
4414 7046
4419 4546
4419 4632
4419 4763
4419 4997
4419 5596
4419 5869
4419 5948
4419 6187
4419 6220
4419 6315
4419 6453
4419 6498
4419 6636
4419 6708
4419 6938
4419 6981
4419 6996
4419 7072
4419 7079
4419 7084
4419 7127
4419 7179
4419 7217
4419 7271
4419 7306
4419 7449
4427 6448
4456 7252
4456 7512
4466 5236
4466 6306
4466 6448
4467 7299
4488 5720
4488 5722
4488 6124
4488 6203
4488 6612
4488 6779
4488 6800
4488 6982
4488 7090
4488 7233
4488 7284
4488 7376
4488 7440
4493 6619
4507 5433
4507 7166
4518 7021
4523 6942
4536 7045
4536 7205
4538 4924
4538 6448
4544 5468
4546 6108
4546 6262
4546 6708
4546 6767
4546 7012
4546 7074
4546 7261
4546 7412
4546 7449
4556 4910
4565 7169
4572 5550
4577 6779
4577 7245
4589 4924
4589 5065
4589 5720
4589 6203
4589 7099
4589 7258
4590 6280
4592 6619
4632 4783
4632 5550
4632 5921
4632 6569
4632 6945
4632 7181
4632 7401
4634 5566
4634 6779
4668 6767
4680 6817
4702 6289
4702 6867
4702 7237
4731 5362
4731 5468
4731 6189
4731 6284
4731 6289
4731 6357
4731 6448
4731 7136
4731 7307
4731 7382
4731 7462
4731 7477
4744 6982
4746 7143
4749 6779
4752 6448
4763 6429
4771 6709
4771 6847
4783 4839
4783 5478
4783 6463
4783 6498
4783 6569
4783 6596
4783 6743
4783 6810
4783 6964
4783 7073
4783 7151
4783 7326
4783 7364
4783 7367
4783 7401
4783 7425
4783 7450
4783 7494
4798 5473
4798 6280
4798 6619
4799 5384
4807 5432
4807 5468
4807 5599
4820 7398
4822 6448
4822 6498
4822 6945
4822 7382
4839 5065
4839 6280
4839 7015
4839 7265
4839 7541
4860 6619
4860 7080
4860 7327
4873 5943
4895 4924
4895 6225
4895 6619
4895 6712
4909 7156
4910 6280
4910 7174
4911 4924
4911 5065
4911 5940
4911 6745
4924 5065
4924 5173
4924 5692
4924 5698
4924 6051
4924 6474
4924 6761
4924 6779
4924 6839
4924 6947
4924 7026
4924 7037
4924 7041
4924 7063
4924 7077
4924 7107
4924 7109
4924 7132
4924 7165
4924 7176
4924 7188
4924 7197
4924 7206
4924 7210
4924 7248
4924 7300
4924 7327
4924 7331
4924 7545
4949 6983
4984 7173
4985 5783
4985 6767
4999 7076
4999 7082
5006 5933
5006 6779
5006 7119
5009 6328
5009 7290
5012 5494
5036 6768
5041 5084
5041 5487
5041 5682
5041 5801
5041 5931
5041 6075
5041 6200
5041 6549
5041 6992
5041 7307
5041 7377
5041 7526
5065 5173
5065 5179
5065 5195
5065 5706
5065 5722
5065 6059
5065 6203
5065 6319
5065 6498
5065 6623
5065 6640
5065 6709
5065 6735
5065 6779
5065 6883
5065 6916
5065 6988
5065 6997
5065 7077
5065 7078
5065 7088
5065 7132
5065 7186
5065 7263
5065 7278
5065 7282
5065 7283
5065 7316
5065 7326
5065 7331
5065 7332
5065 7357
5065 7378
5065 7382
5065 7391
5065 7452
5065 7470
5065 7482
5065 7485
5065 7513
5065 7529
5066 7382
5079 6945
5089 6817
5120 7090
5120 7325
5125 5366
5125 6203
5125 6413
5125 6779
5125 7028
5125 7091
5125 7382
5137 6779
5141 6842
5143 5550
5143 6596
5154 6779
5162 7238
5173 6393
5173 6623
5173 6663
5181 7024
5195 6225
5261 7153
5263 7106
5265 5347
5267 7116
5267 7294
5278 6767
5292 5706
5292 7009
5296 7108
5305 5468
5305 6596
5305 6942
5306 6640
5306 6852
5306 7010
5306 7014
5306 7273
5306 7404
5308 6816
5308 7153
5325 5682
5325 6992
5340 6916
5342 5966
5342 7061
5347 6761
5352 7447
5362 5649
5362 5679
5362 5699
5362 6189
5362 6203
5362 6448
5362 6770
5362 6779
5362 6999
5362 7249
5362 7367
5362 7373
5362 7402
5362 7415
5362 7463
5362 7493
5362 7512
5362 7541
5366 6289
5366 6448
5366 6770
5366 7128
5366 7333
5366 7401
5366 7516
5373 7122
5378 7368
5415 5468
5415 5783
5433 7015
5440 6375
5440 6708
5440 7358
5440 7372
5440 7463
5441 5801
5455 7130
5468 5558
5468 6187
5468 6498
5468 7054
5468 7096
5468 7122
5468 7151
5468 7357
5468 7366
5468 7523
5469 6486
5478 7425
5487 5831
5487 6640
5487 7522
5487 7534
5493 5679
5493 5720
5493 6779
5493 7541
5550 6965
5560 6619
5560 7031
5560 7186
5560 7347
5563 7230
5589 5682
5589 7379
5599 5672
5599 6770
5599 7399
5615 6203
5615 6373
5615 7147
5618 6498
5641 6362
5652 6051
5652 6945
5652 7073
5652 7155
5679 6203
5681 5720
5681 6619
5681 6789
5681 7136
5681 7189
5681 7368
5682 6373
5682 6505
5682 6767
5682 7087
5682 7094
5682 7248
5682 7293
5682 7308
5682 7337
5682 7362
5682 7499
5698 7280
5699 5720
5699 6474
5699 6810
5699 7367
5703 6357
5703 6393
5720 6122
5720 6513
5720 6573
5720 6638
5720 6800
5720 6924
5720 6982
5720 6987
5720 6993
5720 7013
5720 7075
5720 7086
5720 7088
5720 7107
5720 7132
5720 7153
5720 7178
5720 7197
5720 7205
5720 7350
5720 7361
5720 7367
5721 7339
5722 7015
5783 6942
5801 6800
5801 6817
5816 6596
5816 6860
5816 7208
5831 7316
5831 7435
5831 7452
5831 7545
5859 6782
5890 7441
5929 6494
5929 7014
5929 7290
5929 7481
5933 6189
5936 6448
5938 6735
5938 7023
5938 7308
5938 7379
5938 7383
5938 7496
5939 6779
5949 6947
5966 7123
5993 6498
6010 6467
6049 7143
6051 6203
6051 6448
6051 6619
6053 7155
6064 6979
6064 7127
6108 7145
6108 7155
6109 6619
6143 6467
6160 7399
6171 7097
6175 7270
6185 7039
6189 6357
6189 6448
6199 7173
6200 6619
6203 6546
6203 7019
6203 7037
6203 7111
6203 7130
6203 7131
6203 7141
6203 7153
6203 7247
6203 7295
6203 7413
6203 7435
6203 7443
6203 7486
6203 7487
6203 7506
6220 6498
6223 6800
6225 7132
6245 7471
6247 6382
6280 6498
6280 6816
6284 7017
6284 7187
6289 6710
6289 6779
6289 7155
6289 7424
6301 6738
6301 7009
6301 7250
6301 7252
6319 6498
6319 6800
6319 7014
6319 7107
6319 7153
6319 7229
6319 7230
6319 7411
6328 6596
6373 6867
6373 6942
6373 6945
6373 7252
6373 7377
6373 7515
6393 6945
6393 6979
6416 6448
6421 7526
6440 6498
6448 6770
6448 6894
6448 7136
6448 7249
6448 7333
6448 7443
6448 7463
6448 7541
6454 6712
6463 6779
6467 6842
6474 7128
6474 7406
6474 7408
6482 6752
6494 6623
6494 7489
6498 6619
6498 6842
6498 7107
6498 7286
6498 7319
6498 7342
6498 7357
6498 7378
6498 7475
6505 7298
6513 7311
6559 6619
6559 6779
6567 7005
6576 6619
6576 7025
6576 7207
6576 7486
6576 7544
6580 7195
6580 7348
6596 6779
6596 6936
6596 6945
6596 7045
6596 7114
6596 7116
6596 7128
6596 7186
6596 7290
6596 7296
6596 7413
6596 7529
6600 7122
6602 7053
6613 7420
6618 7093
6618 7261
6619 6663
6619 6779
6619 6789
6619 7187
6619 7224
6619 7379
6619 7403
6623 7033
6623 7040
6623 7056
6623 7489
6625 6893
6625 7060
6638 6769
6640 6779
6640 7352
6640 7428
6640 7435
6640 7545
6644 7439
6654 7252
6654 7412
6654 7490
6686 7510
6708 7236
6708 7491
6708 7517
6709 7081
6710 6779
6713 6816
6719 6738
6738 6987
6738 7210
6738 7249
6738 7300
6750 6808
6750 6998
6752 6902
6752 7211
6762 6983
6767 7050
6779 6945
6779 7114
6779 7171
6779 7175
6779 7221
6779 7252
6779 7382
6779 7402
6779 7412
6779 7463
6780 7003
6782 6817
6784 7306
6789 7166
6800 6817
6800 6917
6800 6947
6800 6982
6800 6993
6800 7071
6800 7094
6800 7153
6800 7170
6800 7186
6800 7198
6800 7270
6800 7433
6800 7547
6810 7130
6810 7367
6816 7462
6817 7020
6817 7433
6842 7457
6860 7419
6862 7081
6867 6940
6867 7018
6867 7252
6867 7337
6867 7533
6869 7111
6869 7144
6870 7217
6883 7468
6889 7083
6889 7141
6916 7326
6917 7070
6917 7156
6942 7012
6942 7048
6942 7122
6942 7190
6942 7217
6945 7209
6945 7379
6945 7436
6960 7000
6975 7052
6982 7180
6988 7341
6994 7440
6998 7029
6998 7077
6998 7328
7003 7081
7013 7043
7034 7231
7034 7359
7034 7452
7036 7037
7037 7165
7047 7051
7063 7068
7069 7158
7081 7217
7083 7503
7088 7089
7090 7198
7090 7225
7092 7098
7092 7367
7096 7457
7101 7161
7110 7264
7110 7421
7119 7359
7123 7139
7123 7145
7132 7133
7140 7432
7145 7155
7148 7252
7153 7270
7168 7191
7184 7398
7185 7186
7186 7222
7186 7331
7186 7342
7186 7347
7191 7193
7195 7269
7195 7280
7201 7252
7211 7386
7215 7220
7227 7228
7236 7447
7236 7530
7242 7243
7245 7379
7253 7254
7255 7256
7261 7363
7285 7286
7290 7292
7290 7388
7290 7553
7299 7354
7326 7490
7326 7541
7329 7330
7343 7344
7348 7372
7359 7538
7377 7466
7378 7423
7381 7402
7401 7516
7412 7418
7431 7434
7440 7535
7445 7459
7452 7455
7457 7553
7464 7465
7491 7504
7527 7528
7528 7546
7542 7543
