0 7513
0 8890
1 9221
2 4746
2 5237
2 6280
2 8768
7 729
7 1972
7 2650
7 5065
7 6842
7 8099
13 110
13 7855
14 1413
14 7290
14 8783
14 8830
15 42
19 48
19 83
19 138
19 434
19 573
19 592
19 621
19 852
19 904
19 964
19 1115
19 1223
19 1255
19 1788
19 3111
19 4783
19 5065
19 6643
19 9179
25 5550
26 29
26 42
26 455
26 568
26 810
26 821
26 946
26 1147
26 1298
26 1996
26 2389
26 3125
26 4332
26 4746
26 5553
26 6280
26 6295
26 6596
26 8089
26 8131
26 8755
26 8842
26 8972
26 8978
26 8985
26 9160
26 9256
28 8897
29 96
29 151
29 158
29 258
29 461
29 546
29 729
29 821
29 1106
29 1786
29 2619
29 3030
29 3195
29 3624
29 3785
29 4501
29 4615
29 4691
29 4746
29 5173
29 5468
29 6779
29 6945
29 7290
29 7371
29 7516
29 8297
29 8608
29 8822
30 839
30 950
30 2243
30 2255
30 3195
30 4026
36 43
36 390
36 2255
37 3420
37 4632
37 4641
37 5386
37 6643
37 9226
38 978
38 3158
41 563
41 836
41 1255
41 1312
41 1395
41 1525
41 2617
41 2974
41 4339
41 4417
41 6332
41 6830
41 8658
41 8765
41 8821
41 8884
41 8996
41 9022
41 9070
41 9092
42 338
42 455
42 546
42 618
42 636
42 821
42 875
42 891
42 968
42 1106
42 1198
42 1413
42 1540
42 1751
42 2070
42 2529
42 2541
42 2762
42 2789
42 2943
42 3501
42 4038
42 4325
42 4746
42 5616
42 6134
42 6779
42 7335
42 7652
42 8099
42 8551
42 8780
42 8781
42 8795
42 8824
42 8826
42 8833
42 8849
42 8945
42 8969
42 8970
42 9171
43 48
43 96
43 110
43 140
43 236
43 563
43 582
43 762
43 810
43 875
43 921
43 946
43 1298
43 1359
43 1563
43 1971
43 2019
43 2062
43 2297
43 2453
43 2603
43 2720
43 2762
43 2789
43 2970
43 3177
43 3265
43 3624
43 3636
43 4179
43 4485
43 4615
43 4731
43 4749
43 4765
43 4783
43 4841
43 4949
43 4956
43 4997
43 5179
43 5237
43 5267
43 5471
43 5812
43 6528
43 6755
43 6945
43 7236
43 7335
43 8089
43 8260
43 8693
43 8773
43 8778
43 8790
43 8802
43 8834
43 8836
43 8850
43 8861
43 8873
43 8931
43 8981
43 9107
43 9198
46 233
46 338
46 490
46 546
46 1242
46 1571
46 1824
46 1875
46 2199
46 2319
46 2611
46 2816
46 2845
46 2956
46 4038
46 4419
46 4632
46 5174
46 6220
46 8197
46 9118
48 70
48 73
48 83
48 88
48 419
48 729
48 964
48 1521
48 1539
48 2650
48 2845
48 3166
48 4117
48 4771
48 5179
48 6643
48 7311
59 455
59 852
59 1256
59 2767
59 6319
59 6817
59 8874
59 9137
59 9180
60 196
60 949
60 952
60 1167
60 5828
61 3075
65 5305
65 8197
70 577
70 1232
70 1255
70 3648
70 4135
70 5141
70 7519
70 9197
70 9266
73 108
73 226
73 1456
73 1521
73 1941
73 2062
73 2529
73 2845
73 3166
73 4641
73 5179
73 5468
73 6280
73 6842
73 7371
73 9043
73 9109
74 963
75 407
75 539
75 891
75 948
75 1198
75 2603
75 5065
75 5493
75 5649
75 6189
75 6779
76 117
76 138
76 201
76 258
76 434
76 610
76 708
76 729
76 1255
76 2107
76 2169
76 2412
76 3075
76 3195
76 3250
76 3281
76 3856
76 4026
76 4485
76 4488
76 4615
76 4702
76 5127
76 5141
76 5270
76 5345
76 5362
76 5550
76 5625
76 5757
76 6779
76 7199
76 7290
76 7335
76 7944
76 8416
76 8467
76 8740
76 8745
76 8830
76 8893
76 9008
76 9011
76 9118
76 9127
76 9204
76 9254
79 4382
80 184
80 1636
80 2762
80 3613
80 5493
83 133
83 440
83 528
83 563
83 1255
83 1298
83 2603
83 3158
83 3171
83 3417
83 4187
83 4727
83 5550
83 6471
83 7208
83 8297
83 8725
83 9073
83 9142
83 9204
87 6280
87 8845
88 97
88 283
88 613
88 912
88 968
88 1255
88 1788
88 2062
88 3646
88 5757
88 6549
88 7290
88 8367
88 8796
88 8837
88 9130
89 1539
89 2919
90 1255
90 1786
90 1917
90 3250
90 6945
90 8099
90 8809
91 2455
93 4171
93 8644
94 8131
95 621
95 1131
95 2762
95 3171
95 4332
95 5065
95 5471
95 7311
95 8008
95 8515
95 8612
95 8894
95 9237
96 97
96 101
96 133
96 226
96 318
96 433
96 570
96 1255
96 1338
96 1742
96 1972
96 2816
96 2995
96 3030
96 3158
96 3166
96 4226
96 4339
96 4523
96 5141
96 6498
96 7290
96 7339
96 7371
96 8757
96 8897
96 9126
97 283
97 696
97 921
97 1539
97 1742
97 2158
97 3030
97 4841
97 5141
97 6498
97 7371
97 8363
98 4387
98 6942
100 2255
100 2412
100 2437
100 4419
100 9238
101 2357
101 2970
108 2453
108 9179
109 9254
110 839
110 1369
110 1971
110 2146
110 2297
110 3951
110 4419
110 4570
110 5125
110 6250
110 7339
110 8197
110 8260
110 8770
110 9107
110 9210
113 1057
113 3265
113 5272
113 8750
113 8942
114 240
114 3648
117 1359
117 1812
117 6619
117 9167
117 9204
122 536
122 2437
122 4382
122 6116
122 8478
123 3405
123 4419
123 8901
128 5129
128 8015
128 8099
128 8764
128 9124
131 3865
131 5938
131 6940
131 9089
133 134
133 1917
133 5550
133 8630
133 9079
134 158
134 528
134 2412
134 3275
134 3811
134 3984
134 6797
134 7290
134 8119
134 8926
134 9244
138 201
138 407
138 762
138 921
138 1177
138 1206
138 1255
138 1561
138 1745
138 1787
138 1844
138 1941
138 1972
138 2650
138 2670
138 2741
138 2762
138 2816
138 2845
138 3420
138 3727
138 4106
138 4680
138 5141
138 5468
138 7199
138 7290
138 8121
138 8175
138 8688
138 8999
138 9103
140 158
140 762
140 1369
140 2820
140 3171
140 4117
140 5179
140 8949
141 3195
145 3232
145 7236
151 407
151 2529
151 7290
151 7515
151 8986
151 9143
153 286
153 455
153 785
153 2360
153 2534
153 2627
153 2762
153 2767
153 2775
153 2885
153 3330
153 3420
153 4092
153 4275
153 5616
153 5649
153 5757
153 7132
153 7998
153 8462
153 8715
153 8750
153 8773
153 8849
153 8947
153 8978
153 8981
153 8996
153 9023
153 9147
153 9152
153 9171
153 9186
153 9224
154 6817
156 839
156 6619
158 186
158 201
158 240
158 286
158 311
158 444
158 455
158 528
158 762
158 821
158 1115
158 1126
158 1198
158 1255
158 1470
158 1539
158 1941
158 2062
158 2158
158 2469
158 2592
158 2627
158 2733
158 2767
158 2789
158 2816
158 2868
158 3250
158 3515
158 3636
158 3854
158 4179
158 4397
158 4589
158 4895
158 5066
158 5141
158 5237
158 5265
158 5305
158 5468
158 5676
158 5757
158 5828
158 5857
158 5912
158 5921
158 6018
158 6125
158 6220
158 6280
158 6448
158 6588
158 6990
158 7186
158 7290
158 7359
158 7606
158 7839
158 7877
158 8014
158 8085
158 8119
158 8175
158 8282
158 8401
158 8467
158 8515
158 8567
158 8781
158 8814
158 8828
158 8836
158 8911
158 8918
158 8927
158 8931
158 8936
158 8946
158 8956
158 8981
158 9002
158 9023
158 9032
158 9076
158 9101
158 9103
158 9117
158 9125
158 9163
158 9186
158 9200
158 9204
158 9221
158 9249
158 9260
159 823
162 4199
162 5467
170 3157
170 4168
170 7383
172 1369
172 2437
172 2650
172 3975
172 8795
172 9005
174 9010
179 2158
184 613
184 1322
184 1483
184 2650
184 2762
184 4092
184 4554
184 8750
184 8987
184 9207
186 9200
190 1786
190 4465
190 4841
190 4949
190 6842
190 9251
191 5127
195 2146
196 370
196 836
196 2107
196 2733
196 2868
196 3122
196 3168
196 3545
196 4050
196 4746
196 5065
196 5550
196 6373
196 7190
196 8119
196 8144
196 8159
196 8281
196 8711
196 8745
196 8758
196 8837
196 8859
196 8891
196 8974
196 9084
196 9130
196 9137
196 9152
196 9169
198 455
198 3177
199 3250
201 285
201 407
201 610
201 805
201 836
201 921
201 1255
201 1295
201 1745
201 1787
201 1941
201 2062
201 2131
201 2741
201 2816
201 2845
201 2957
201 3122
201 3420
201 4216
201 4419
201 4615
201 4641
201 4702
201 5179
201 5362
201 5468
201 6280
201 6300
201 6448
201 6842
201 7290
201 7841
201 8182
201 8197
201 8891
201 8931
201 9037
201 9143
201 9173
216 1106
218 3984
221 2472
221 2762
221 2845
221 3856
221 5065
221 6247
221 6738
221 8598
226 318
226 1057
226 1106
226 1255
226 1857
226 4523
226 4641
226 5179
226 5471
226 6643
226 6779
226 8931
236 1786
236 2158
236 2816
236 3856
236 4765
236 4783
236 5065
236 5530
236 7311
236 8197
236 8735
236 9147
238 4546
239 247
239 755
239 8600
240 539
240 1616
240 1787
240 2396
240 3727
240 6467
240 7634
240 7903
240 9002
240 9055
249 895
249 1255
249 1561
249 3865
249 5065
249 5938
253 5141
258 297
258 1198
258 1393
258 1863
258 2243
258 2599
258 3535
258 3841
258 4187
258 4353
258 4473
258 4746
258 4771
258 4839
258 5757
258 6300
258 6779
258 8429
258 8740
258 8780
258 8980
259 8466
267 1972
267 2845
271 536
271 1470
271 9199
275 839
275 2126
275 2869
275 8630
280 1365
280 1576
280 2816
280 3166
280 3171
280 4746
280 5430
280 6797
280 9145
283 3195
283 5141
283 5468
284 5681
285 2816
285 6498
286 311
286 1255
286 1321
286 1365
286 1732
286 1768
286 1788
286 2785
286 2934
286 3727
286 3887
286 4731
286 4895
286 5065
286 5265
286 6280
286 7290
286 7839
286 8467
286 8839
286 8917
286 8918
286 8950
286 8956
286 8998
286 9009
286 9066
286 9191
286 9218
287 2319
287 2468
287 3405
287 8855
287 8890
287 8942
287 9063
297 1850
297 3026
297 4862
297 6386
297 6738
297 7290
297 7399
297 7726
297 8603
297 8694
297 8989
297 9105
298 8515
302 9156
307 3075
311 1115
311 4339
311 7606
311 8696
311 9186
312 3075
312 3453
312 4236
315 1622
315 4340
315 8600
318 836
318 897
318 1106
318 1144
318 4841
318 5468
318 8202
318 8886
338 771
338 839
338 1917
339 3107
339 4787
348 5386
348 7379
348 8297
349 4187
354 1106
354 2158
354 2529
354 2767
354 4852
359 1418
359 5065
359 6373
359 6463
359 6619
367 3984
370 419
370 1824
370 2158
370 3122
370 4280
370 6392
370 8515
370 8938
370 8948
374 602
374 610
374 8284
374 8812
374 8839
374 9057
382 3856
382 8197
383 1057
383 2756
383 2762
383 8197
383 8813
383 8879
390 2062
391 3224
391 5744
394 2255
403 729
403 6945
405 1527
405 8400
407 1235
407 1268
407 1393
407 1413
407 1917
407 2319
407 2762
407 2868
407 2957
407 4011
407 4632
407 4670
407 4731
407 4765
407 4822
407 5065
407 5367
407 5933
407 6203
407 6280
407 6448
407 6619
407 7944
407 8797
407 8801
407 9125
407 9204
410 1258
410 3075
410 3171
410 5469
412 2360
412 3187
412 5065
412 8466
412 8686
412 8992
414 2243
419 5468
419 6009
419 7236
419 8131
419 8515
419 8745
423 482
423 1636
423 2313
432 1972
432 3856
432 4026
432 8824
433 3166
433 4783
433 5468
433 6498
433 9081
434 442
434 455
434 577
434 1365
434 2959
434 5921
434 7924
434 9143
434 9156
434 9180
434 9188
442 881
442 1365
442 1400
442 1501
442 2776
442 3026
442 3326
442 3636
442 5267
442 5616
442 6779
442 7311
442 8750
442 9180
444 4528
444 5550
444 8878
446 3275
446 4366
446 9051
446 9106
447 2868
447 3250
447 4839
447 8750
447 8800
449 3075
455 602
455 659
455 729
455 837
455 922
455 1106
455 1972
455 2599
455 2627
455 2739
455 2762
455 2775
455 2776
455 3088
455 3250
455 3858
455 4117
455 4187
455 4275
455 4339
455 4456
455 4501
455 4822
455 4839
455 4949
455 5065
455 5362
455 5493
455 5757
455 6280
455 6463
455 6588
455 6654
455 6779
455 6829
455 7034
455 7216
455 7290
455 7534
455 7617
455 7851
455 8197
455 8478
455 8515
455 8601
455 8658
455 8768
455 8773
455 8778
455 8798
455 8814
455 8816
455 8878
455 8898
455 8907
455 8947
455 8988
455 9007
455 9022
455 9024
455 9025
455 9030
455 9057
455 9082
455 9114
455 9152
455 9171
455 9178
455 9187
455 9223
455 9230
461 1242
461 1321
461 2428
461 2961
461 8867
475 8740
482 1144
482 2472
490 1298
490 3166
497 1717
501 6448
506 2360
506 2991
506 3856
509 859
510 1393
511 2529
524 1255
528 641
528 1005
528 1255
528 2730
528 3107
528 3171
528 4117
528 5065
528 5157
528 7290
528 7359
528 8981
528 9138
528 9199
531 1295
531 3984
532 1106
532 5129
536 641
536 881
536 1393
536 1470
536 1636
536 1831
536 3636
536 5362
536 5672
536 8630
536 9171
539 1742
539 2019
539 2199
539 4187
539 4731
539 5065
539 5362
539 5744
539 6220
539 7236
539 8260
539 8766
539 8819
539 9036
539 9123
539 9143
545 568
545 9230
546 1106
546 1732
546 2053
546 2255
546 2650
546 3195
546 4615
546 4746
546 4771
546 5036
546 5065
546 6842
546 7290
546 7923
546 7984
546 8386
546 8515
546 8972
546 9143
546 9155
546 9167
546 9203
556 1057
556 1115
556 2156
556 2313
556 2762
556 4488
556 5065
556 5182
556 6018
556 6349
556 6498
556 6683
556 6779
556 8284
556 8370
556 8750
556 8813
556 8821
556 9076
556 9257
563 618
563 712
563 1020
563 1774
563 2019
563 2490
563 3171
563 3241
563 5065
563 5181
563 5983
563 6220
563 6619
563 6811
563 9174
568 729
568 1106
568 1243
568 1255
568 1543
568 1812
568 1917
568 2627
568 2816
568 4117
568 4168
568 4746
568 4783
568 5093
568 5129
568 5468
568 7236
568 7290
568 7631
568 8099
568 8467
568 8859
570 762
570 5179
570 5658
570 8024
572 1106
572 3158
573 1106
573 1563
573 2122
573 2297
573 5272
573 8822
573 9143
573 9179
577 699
577 1622
577 1774
577 2724
577 2762
577 2822
577 3241
577 3541
577 3727
577 4136
577 4168
577 4171
577 4731
577 5065
577 5272
577 5616
577 6373
577 6643
577 6945
577 7090
577 7290
577 7311
577 7753
577 8297
577 8330
577 8379
577 8841
577 8854
577 8877
577 8923
577 9018
577 9071
577 9116
577 9197
577 9231
582 2845
582 7236
587 8753
589 8827
599 8892
600 8743
602 679
602 1395
602 1525
610 729
610 917
610 1247
610 1321
610 1972
610 2243
610 2762
610 3250
610 3535
610 4110
610 4339
610 4340
610 4727
610 5065
610 5331
610 5550
610 5679
610 6280
610 6300
610 7190
610 7631
610 8015
610 8500
610 8551
610 9137
613 837
613 2158
613 2762
613 2775
613 3250
613 3416
613 4339
613 8014
613 8478
613 9070
613 9130
613 9152
613 9180
613 9225
618 1255
618 1774
618 2019
618 2169
618 2256
618 3171
618 4216
618 4536
618 5272
618 8635
618 8854
618 9158
618 9222
618 9248
620 1321
620 2970
621 647
621 729
621 837
621 904
621 917
621 1255
621 1539
621 1857
621 2158
621 2762
621 3030
621 3540
621 3737
621 4168
621 4641
621 4862
621 5127
621 5550
621 5921
621 5938
621 6134
621 6666
621 6683
621 7290
621 7292
621 7519
621 7583
621 7631
621 7753
621 7787
621 7851
621 8014
621 8197
621 8330
621 8671
621 8751
621 8770
621 8836
621 8838
621 8877
621 8897
621 8901
621 8912
621 8978
621 9004
621 9041
621 9053
621 9067
621 9079
621 9119
621 9125
621 9137
621 9217
634 1255
634 2529
636 7924
637 7311
641 881
641 1576
641 1831
641 2762
641 3675
641 4092
641 5621
641 5838
641 6779
641 8981
644 6867
644 9176
656 1917
656 2126
656 4080
656 5806
656 6945
656 8795
659 762
659 837
659 852
659 2762
659 2821
659 3458
659 4117
659 4879
659 6654
669 6318
671 1664
671 5468
671 8955
679 4746
679 8735
682 2816
682 4339
682 5828
682 8994
682 9071
686 1540
686 2762
691 1745
691 9037
696 762
696 1539
696 2816
696 3856
696 5141
699 5065
708 2389
708 3122
708 5720
708 5844
708 7335
708 7938
708 8297
712 5065
712 7753
712 8379
712 8515
712 8635
712 8841
724 6945
726 4746
726 4783
726 9268
727 7290
729 904
729 921
729 1056
729 1242
729 1255
729 1392
729 1540
729 1581
729 2599
729 2756
729 2762
729 2820
729 2845
729 2868
729 3195
729 3275
729 3541
729 3756
729 4026
729 4226
729 4632
729 4749
729 4783
729 4956
729 5141
729 5362
729 5468
729 5471
729 5493
729 6498
729 6643
729 6945
729 7290
729 7513
729 8420
729 8515
729 8558
729 8778
729 8790
729 8851
729 8881
729 8888
729 8900
729 8924
729 8981
729 8984
729 9010
729 9037
729 9100
729 9144
729 9221
729 9258
729 9259
736 2255
736 4485
736 6471
736 8858
736 8971
748 2255
753 1268
753 5806
762 805
762 837
762 968
762 1131
762 1256
762 1364
762 1369
762 1521
762 1717
762 1787
762 1788
762 1857
762 2053
762 2062
762 2396
762 2529
762 2650
762 2845
762 2885
762 2954
762 3166
762 3313
762 3515
762 3648
762 3811
762 4615
762 4641
762 4841
762 4916
762 4997
762 5658
762 5921
762 6220
762 6434
762 6817
762 7290
762 7359
762 8197
762 8347
762 8467
762 8688
762 8817
762 8822
762 8862
762 8869
762 8878
762 8881
762 8883
762 8927
762 9004
762 9015
762 9076
762 9105
762 9124
762 9159
762 9167
762 9204
762 9239
767 1521
767 6498
767 8742
773 1742
781 4783
781 8918
785 3613
789 897
801 1268
801 5362
801 6203
801 6619
801 8197
801 8786
802 5065
803 8750
803 9209
805 1206
805 1255
805 1732
805 2845
805 4711
805 4935
810 8099
813 5272
817 921
821 875
821 1824
821 3030
821 4771
821 6945
821 7290
821 7335
821 9005
823 836
823 2255
823 2762
823 2771
823 2773
823 4702
836 839
836 968
836 3377
836 7481
836 7714
836 8202
836 8297
836 8909
836 9152
837 1056
837 1365
837 1977
837 2256
837 2287
837 2428
837 2733
837 3420
837 3613
837 3984
837 4117
837 4187
837 4242
837 4382
837 4589
837 4746
837 5065
837 5720
837 6280
837 6829
837 8789
837 8798
837 8837
837 8872
837 8937
837 9152
837 9269
839 1917
839 2650
839 2957
839 3405
839 5093
839 8472
839 8630
839 8712
839 8756
839 8823
839 8990
839 9015
846 1106
846 1255
846 2027
846 3865
846 4419
846 4964
846 5102
846 7699
847 4419
852 1256
852 1359
852 1717
852 1844
852 2148
852 2428
852 2488
852 2529
852 2559
852 2660
852 2762
852 2868
852 3313
852 3636
852 4339
852 4680
852 4858
852 5065
852 5306
852 5720
852 6759
852 6842
852 6917
852 7090
852 7199
852 7329
852 7722
852 8234
852 8367
852 8468
852 8804
852 8911
852 8976
852 9017
852 9034
852 9086
852 9102
852 9139
852 9170
852 9186
852 9220
852 9233
859 1056
859 2297
859 4106
875 1539
875 1877
875 8197
881 1242
881 1831
881 5065
881 5471
881 5616
881 5720
881 6779
881 7877
881 8478
881 8630
881 8840
881 9036
883 1818
883 6467
883 7519
883 7714
883 8297
883 8805
885 4641
886 6779
891 1540
891 2019
891 3067
891 5616
891 8826
892 2529
892 2775
892 3865
892 8762
895 921
895 3484
895 4117
895 4157
895 4632
895 5305
895 6817
895 8338
895 8347
895 8626
897 1106
897 1818
897 1894
897 4632
897 4783
897 8809
904 2158
904 2771
904 5127
904 7753
904 8379
904 8822
904 8901
907 8367
907 9147
913 8995
917 1824
919 3029
920 4746
920 5065
920 5816
920 8630
921 928
921 1255
921 1369
921 1836
921 1877
921 1917
921 2255
921 2741
921 2845
921 2970
921 3484
921 4632
921 5828
921 6064
921 6498
921 7290
921 8760
921 8970
922 4187
922 5272
928 1298
928 8972
938 8874
938 9092
938 9098
946 1917
946 4746
946 8630
947 8630
948 2255
948 3171
948 7335
948 8121
948 8224
952 4117
952 4600
952 5272
952 7631
952 8500
952 9090
960 3171
963 7290
964 3203
964 7371
968 1413
968 1742
968 1877
968 2204
968 2255
968 4317
968 4419
968 4949
968 5065
968 5366
968 5487
968 6619
968 8926
993 2762
1002 1106
1002 1242
1002 1369
1002 1636
1002 1971
1002 2254
1002 2318
1002 2603
1002 2825
1002 3195
1002 3275
1002 4301
1002 4589
1002 4787
1002 4882
1002 5065
1002 5125
1002 5305
1002 5345
1002 5471
1002 5493
1002 6779
1002 8810
1002 8888
1002 8988
1002 9001
1002 9008
1002 9042
1002 9060
1002 9097
1002 9101
1002 9127
1005 8118
1006 2455
1006 2720
1011 2762
1011 4702
1011 6885
1011 8099
1011 8382
1017 8119
1035 1664
1035 1780
1035 2333
1035 3377
1035 5938
1036 8846
1039 1255
1039 9010
1041 1393
1041 1470
1041 1576
1041 2789
1041 4092
1041 5065
1041 8484
1041 8655
1041 8860
1041 9229
1051 4007
1051 5616
1051 8750
1056 1622
1056 3107
1056 4570
1056 6160
1056 6517
1056 7699
1056 9210
1057 1198
1057 1242
1057 1779
1057 1825
1057 1917
1057 2086
1057 2136
1057 2529
1057 2739
1057 2762
1057 2825
1057 3171
1057 3275
1057 3540
1057 3613
1057 4187
1057 4339
1057 5065
1057 5102
1057 5272
1057 5362
1057 5467
1057 6220
1057 6248
1057 6289
1057 6756
1057 7290
1057 7976
1057 8099
1057 8416
1057 8478
1057 8862
1057 8981
1057 9035
1057 9040
1057 9045
1057 9068
1057 9101
1057 9143
1057 9158
1057 9171
1057 9213
1076 9196
1085 1242
1085 2243
1092 2816
1097 6738
1106 1255
1106 1413
1106 1672
1106 1732
1106 1786
1106 2733
1106 3250
1106 3461
1106 3931
1106 3984
1106 4187
1106 4199
1106 4485
1106 4632
1106 4746
1106 4771
1106 5065
1106 5125
1106 5129
1106 5267
1106 5345
1106 5566
1106 5828
1106 6108
1106 6779
1106 7290
1106 7631
1106 8386
1106 8515
1106 8861
1106 8969
1106 8970
1106 8982
1106 8984
1106 9010
1106 9037
1106 9074
1106 9081
1106 9103
1106 9140
1106 9218
1106 9227
1106 9235
1106 9242
1106 9245
1115 1321
1115 1644
1115 1763
1115 1787
1115 2599
1115 2627
1115 2767
1115 3171
1115 4339
1115 5265
1115 6117
1115 6203
1115 6280
1115 6619
1115 6917
1115 7472
1115 7606
1115 8401
1115 8552
1115 8839
1115 8911
1115 8917
1115 8918
1115 8956
1115 9009
1115 9045
1115 9066
1122 4589
1126 4187
1126 4839
1128 8902
1144 1763
1144 2256
1144 3030
1144 3122
1144 5065
1144 5682
1144 7140
1144 8089
1144 8137
1144 8746
1144 8767
1144 8837
1144 8844
1147 3414
1147 7371
1148 1625
1148 2739
1148 6779
1170 1278
1170 6117
1170 8632
1177 2919
1177 7311
1186 5141
1197 6817
1198 1483
1198 1604
1198 2522
1198 2762
1198 3417
1198 3613
1198 3636
1198 4092
1198 4904
1198 5065
1198 5493
1198 6619
1198 6779
1198 7927
1198 8630
1198 8875
1198 8929
1198 8930
1198 9143
1198 9190
1206 1436
1206 1787
1206 4641
1206 6817
1206 7199
1206 7290
1206 8688
1206 9037
1206 9124
1206 9201
1211 5125
1223 5127
1233 9198
1235 1359
1235 1470
1235 2035
1235 4839
1235 6467
1235 8416
1240 7631
1242 1268
1242 1413
1242 1540
1242 2199
1242 2437
1242 2605
1242 2762
1242 2956
1242 2991
1242 3030
1242 6779
1242 7034
1242 7236
1242 7290
1242 7710
1242 8012
1242 8407
1242 8416
1242 8850
1242 9071
1242 9085
1242 9097
1242 9204
1242 9232
1242 9248
1243 3265
1243 4746
1243 5129
1243 8741
1243 9242
1247 1251
1247 1824
1247 2767
1247 3405
1247 3535
1247 4187
1247 7851
1247 7903
1247 8297
1247 8738
1251 1359
1251 3405
1251 6248
1251 8866
1255 1256
1255 1298
1255 1539
1255 1576
1255 1787
1255 1941
1255 1972
1255 2062
1255 2123
1255 2255
1255 2437
1255 2529
1255 2599
1255 2650
1255 2741
1255 2762
1255 2816
1255 2845
1255 3000
1255 3075
1255 3122
1255 3856
1255 4117
1255 4419
1255 4452
1255 4523
1255 4632
1255 4841
1255 5065
1255 5174
1255 5305
1255 5828
1255 6134
1255 6220
1255 6248
1255 6596
1255 6619
1255 7290
1255 7335
1255 7339
1255 7965
1255 8175
1255 8232
1255 8260
1255 8297
1255 8367
1255 8401
1255 8567
1255 8601
1255 8613
1255 8638
1255 8740
1255 8760
1255 8843
1255 8855
1255 8918
1255 8924
1255 9002
1255 9013
1256 1364
1256 1717
1256 1787
1256 2627
1256 2845
1256 3707
1256 4339
1256 4949
1256 5065
1256 6817
1256 6917
1256 7329
1256 8674
1256 8769
1256 8928
1256 8936
1256 9035
1256 9037
1256 9131
1256 9139
1265 7481
1268 2053
1268 4216
1268 5305
1268 5744
1268 5933
1268 6650
1268 7186
1268 7236
1268 8263
1268 9110
1268 9144
1278 1543
1278 2762
1278 3377
1278 4882
1278 6250
1278 6373
1278 7749
1281 2389
1295 1359
1295 4117
1295 5065
1298 1877
1298 1917
1298 2158
1298 2970
1298 3195
1298 5021
1298 5553
1298 6498
1298 7236
1298 8182
1300 2845
1300 3646
1302 3166
1302 4641
1304 8947
1312 1395
1312 2974
1312 8753
1312 8974
1318 9256
1319 5468
1321 1915
1321 2529
1321 3330
1321 3856
1321 4634
1321 4702
1321 4862
1321 6289
1321 6332
1321 7513
1321 7534
1321 9002
1321 9055
1321 9103
1321 9233
1322 6498
1335 5599
1338 1441
1338 5179
1343 7984
1349 8986
1359 1812
1359 2044
1359 2733
1359 2739
1359 2741
1359 2762
1359 2868
1359 3067
1359 3501
1359 3613
1359 4117
1359 4216
1359 4275
1359 4589
1359 4680
1359 4822
1359 5065
1359 5493
1359 6116
1359 6373
1359 7140
1359 7515
1359 8269
1359 8416
1359 8477
1359 8744
1359 8777
1359 8876
1359 9071
1359 9117
1359 9125
1359 9136
1359 9173
1359 9202
1359 9203
1361 2136
1361 4501
1361 8506
1361 8671
1361 8811
1361 9035
1361 9076
1364 1365
1364 1844
1364 2488
1364 2756
1364 4088
1364 4641
1364 5427
1364 5720
1364 7290
1364 9093
1364 9170
1365 1470
1365 1561
1365 2627
1365 2762
1365 3171
1365 3453
1365 3458
1365 3931
1365 4140
1365 4746
1365 5744
1365 6280
1365 6654
1365 6779
1365 6797
1365 7034
1365 7311
1365 8484
1365 8900
1365 9010
1365 9093
1365 9139
1369 1527
1369 1658
1369 1664
1369 1877
1369 1971
1369 2169
1369 2255
1369 2694
1369 2770
1369 2771
1369 3158
1369 3484
1369 4117
1369 4419
1369 4456
1369 4771
1369 5828
1369 5844
1369 7335
1369 8182
1369 9005
1375 7480
1375 8970
1390 2313
1390 3171
1390 3854
1390 5065
1392 2627
1392 2919
1392 6134
1392 6596
1392 7513
1392 8401
1392 8429
1392 8608
1393 1418
1393 1470
1393 2739
1393 2762
1393 2771
1393 2885
1393 3636
1393 4242
1393 4339
1393 4488
1393 6203
1393 6280
1393 6779
1393 7266
1393 7515
1393 8015
1393 8500
1393 8724
1393 8763
1393 8862
1393 8870
1393 8910
1393 8914
1393 8928
1393 8952
1395 1525
1395 8927
1395 9076
1400 1470
1400 3636
1400 5362
1400 8750
1401 9263
1404 7634
1413 1483
1413 2019
1413 2204
1413 2741
1413 2762
1413 2991
1413 3158
1413 3177
1413 3250
1413 3799
1413 3811
1413 4746
1413 4839
1413 5065
1413 5367
1413 5574
1413 6779
1413 7290
1413 8626
1413 8781
1413 8826
1413 8978
1413 9002
1413 9085
1413 9154
1418 2136
1418 2248
1418 3787
1418 5616
1418 5720
1418 6289
1418 8945
1418 8981
1422 2756
1422 9185
1456 1941
1456 3887
1466 5066
1470 2724
1470 2739
1470 2762
1470 3171
1470 3250
1470 3636
1470 4488
1470 4632
1470 4702
1470 4746
1470 4839
1470 5065
1470 5237
1470 5615
1470 5828
1470 6280
1470 7290
1470 8478
1470 8608
1470 8740
1470 8844
1470 8894
1470 8952
1470 9035
1470 9204
1474 5018
1481 5103
1481 7236
1483 2599
1483 2991
1483 5267
1501 2256
1501 6319
1505 3984
1505 4187
1510 3029
1510 4216
1521 2062
1521 2650
1521 3195
1521 3785
1521 4216
1521 6498
1521 8941
1525 2255
1527 1971
1527 3975
1527 5828
1539 1787
1539 1941
1539 2603
1539 3195
1539 3856
1539 4106
1539 4839
1539 4841
1539 5272
1539 6134
1539 6467
1539 7290
1539 9015
1539 9109
1539 9154
1540 2964
1540 3044
1540 3067
1540 5345
1540 6779
1540 6810
1540 8195
1540 8416
1540 8826
1540 8961
1540 9015
1540 9071
1540 9204
1540 9248
1543 1561
1543 2223
1543 3054
1543 8119
1543 8816
1554 4949
1561 3281
1561 4236
1561 5141
1561 9108
1563 2297
1571 8843
1576 2081
1576 4187
1576 4488
1576 5065
1576 6160
1576 6280
1576 8297
1576 8608
1576 9127
1576 9173
1576 9178
1576 9247
1581 8494
1581 8882
1600 5065
1600 9018
1604 3171
1604 3636
1604 4116
1604 5021
1604 9143
1604 9250
1612 3484
1612 4771
1612 8696
1622 2592
1622 4839
1622 5065
1622 5550
1622 5615
1622 5681
1622 6220
1622 6643
1622 7290
1622 8130
1622 8278
1622 8757
1625 2739
1625 3065
1625 5649
1625 8910
1625 9071
1633 3811
1636 2313
1636 2522
1636 3158
1636 3313
1636 5065
1636 5616
1636 5625
1636 5812
1636 6203
1636 6419
1636 6638
1636 6801
1636 6829
1636 7359
1636 7515
1636 7776
1636 8197
1636 8225
1636 8601
1636 8797
1636 8810
1636 8863
1636 8876
1636 8934
1636 8993
1636 9022
1636 9091
1636 9117
1636 9132
1636 9150
1636 9175
1636 9183
1636 9187
1644 9224
1651 9075
1658 3329
1658 7855
1658 9028
1663 2767
1664 2453
1664 3930
1664 6779
1664 7480
1664 8961
1664 9085
1672 2650
1672 4746
1672 6375
1672 7463
1672 8014
1672 9242
1691 2845
1704 2235
1704 9251
1717 2488
1717 2529
1717 2756
1717 3023
1717 3155
1717 3313
1717 3515
1717 3707
1717 4908
1717 5720
1717 8409
1732 4301
1732 4746
1732 5652
1732 8386
1737 1972
1742 1779
1742 1857
1742 2773
1742 3250
1742 5550
1742 7203
1742 7290
1742 8363
1742 8671
1742 8991
1742 9154
1745 2664
1745 2845
1745 3493
1745 4848
1745 8750
1745 9037
1747 9160
1751 3030
1756 2062
1763 2767
1763 3054
1763 3122
1763 3281
1763 3865
1763 4136
1763 5065
1763 6782
1763 8119
1774 2650
1774 3171
1774 4523
1774 4536
1774 5065
1774 6619
1774 7290
1774 8854
1774 9013
1774 9058
1779 9085
1786 1917
1786 2762
1786 3195
1786 5501
1786 5828
1786 7184
1786 8099
1786 8197
1786 8630
1786 8790
1786 8881
1786 9140
1787 2255
1787 2529
1787 2767
1787 2845
1787 3887
1787 4708
1787 5065
1787 5134
1787 5566
1787 6779
1787 7026
1787 7290
1787 7335
1787 8462
1787 8515
1787 8558
1787 8749
1787 8849
1787 8893
1787 8894
1787 8896
1787 8907
1787 8943
1787 9037
1787 9041
1787 9245
1788 4523
1788 5468
1788 7371
1788 8282
1788 8918
1788 9006
1793 8757
1794 8795
1794 8918
1794 8978
1812 2762
1812 5065
1812 8788
1818 2816
1818 9152
1819 9152
1822 7194
1824 2771
1824 3405
1824 4532
1824 4546
1824 5093
1824 5744
1824 5966
1824 6942
1824 8099
1824 8962
1824 9089
1825 3573
1825 4317
1825 8093
1825 8740
1831 2762
1831 4092
1831 7359
1831 8983
1836 2762
1844 4141
1844 4641
1857 3030
1857 3648
1857 5141
1857 5468
1857 7371
1857 9122
1861 5065
1861 6280
1863 3856
1863 4746
1864 2019
1864 9085
1872 2488
1875 5125
1877 2146
1877 3195
1877 3950
1877 3969
1877 3975
1877 4267
1877 8012
1877 8386
1877 8783
1877 8926
1877 8938
1880 4339
1893 2606
1893 2970
1908 5386
1908 7335
1915 3573
1915 6248
1915 9154
1917 2126
1917 2292
1917 2598
1917 2645
1917 3125
1917 3265
1917 3378
1917 3975
1917 4731
1917 4746
1917 5215
1917 5272
1917 5788
1917 5806
1917 5933
1917 6448
1917 6596
1917 6619
1917 7923
1917 8099
1917 8630
1917 8815
1917 8823
1917 8926
1917 8948
1917 8985
1917 9014
1917 9099
1918 4964
1918 5441
1918 8197
1939 6498
1941 1972
1941 2062
1941 5270
1941 7290
1941 8638
1941 9002
1941 9037
1941 9043
1941 9258
1958 8773
1959 6373
1966 8297
1971 2956
1971 3377
1971 3930
1971 8865
1972 2541
1972 2730
1972 2775
1972 2919
1972 3624
1972 4117
1972 4523
1972 4822
1972 5468
1972 6280
1972 6467
1972 6498
1972 8119
1972 8688
1972 8756
1972 8809
1972 9002
1972 9004
1972 9027
1977 8121
1977 8232
1994 2816
1994 5366
2015 7290
2019 3171
2019 3975
2019 4001
2019 4199
2019 5362
2019 5367
2020 9182
2023 8843
2024 2868
2027 4546
2027 4807
2027 7335
2027 8074
2027 8615
2035 5141
2044 8433
2052 7090
2052 9010
2053 5471
2053 6189
2053 7839
2053 8159
2053 8197
2053 8750
2053 8766
2053 8778
2053 8947
2053 8963
2053 9023
2057 2767
2057 4379
2057 6203
2057 8282
2057 9143
2062 2650
2062 2773
2062 2795
2062 2816
2062 4615
2062 4994
2062 6203
2062 6385
2062 7290
2062 8197
2062 8297
2070 3265
2081 4092
2081 5844
2081 7311
2081 8874
2086 6756
2089 2450
2089 5396
2089 6683
2095 4746
2095 9102
2105 6618
2105 8951
2107 2599
2107 3030
2107 4031
2107 4523
2107 6429
2107 9169
2111 7311
2111 8776
2112 3275
2122 6248
2122 6467
2122 7236
2122 9235
2122 9248
2123 2297
2123 5889
2123 8197
2123 8260
2123 8851
2124 5956
2124 8768
2126 5036
2126 9046
2131 2762
2136 3973
2136 4092
2136 5065
2139 2816
2140 3420
2148 3171
2148 5757
2148 7186
2148 7722
2150 8832
2156 2762
2156 3075
2156 4691
2156 5574
2156 5616
2156 8477
2156 8876
2156 8891
2158 4523
2158 4615
2158 4746
2158 4771
2158 5468
2158 6373
2158 6867
2158 7096
2158 7290
2158 8850
2158 9080
2158 9130
2169 3171
2169 3262
2169 6223
2169 8928
2184 8012
2191 2816
2192 8615
2197 2762
2197 3281
2197 8119
2197 9267
2199 2437
2199 4216
2199 7236
2199 9235
2204 4485
2204 4731
2204 5362
2204 7923
2204 8671
2223 6709
2233 8848
2234 7480
2243 2529
2243 3030
2243 4949
2243 5065
2243 5933
2243 6373
2243 6448
2243 6619
2243 8806
2243 8807
2243 9057
2243 9169
2245 2762
2248 3787
2254 2956
2254 3275
2254 4765
2254 5272
2254 5849
2254 6385
2254 6779
2254 8400
2254 8810
2255 2603
2255 2650
2255 2845
2255 3975
2255 4419
2255 4546
2255 4997
2255 6064
2255 6498
2255 7128
2255 7335
2255 8012
2255 8093
2255 8197
2255 8515
2255 8984
2255 9069
2255 9189
2256 3442
2256 3487
2256 4136
2256 8770
2272 5141
2282 2816
2282 4641
2282 7311
2286 2599
2286 2991
2287 3171
2287 4187
2287 6738
2292 9154
2297 2534
2297 4117
2297 4873
2297 5468
2297 6467
2313 4417
2313 5362
2313 5467
2313 7290
2313 8750
2313 8837
2313 8978
2313 9164
2315 8411
2316 6885
2319 4117
2319 4419
2319 4855
2319 6784
2319 7335
2320 5917
2324 4177
2324 5125
2324 5471
2324 8888
2324 9071
2324 9210
2333 3405
2333 4787
2339 9049
2346 9180
2357 5373
2360 5493
2381 5065
2389 2468
2389 3000
2389 3232
2389 4419
2389 4997
2389 5596
2389 7335
2389 8843
2389 9162
2395 8382
2396 5493
2412 7516
2413 2720
2413 4216
2428 2664
2428 2762
2428 2789
2428 5237
2428 8987
2437 2816
2437 5272
2437 6479
2437 7855
2437 8977
2437 9154
2450 2762
2450 2767
2453 2674
2453 2682
2453 2762
2453 5373
2455 4190
2455 4456
2460 2934
2460 3984
2460 6125
2468 5102
2468 6498
2468 7335
2469 4523
2469 7290
2469 9002
2472 4746
2472 4997
2472 9017
2472 9262
2488 2885
2488 4949
2488 7329
2504 3088
2522 3171
2522 6419
2522 9025
2529 2627
2529 2670
2529 2756
2529 2845
2529 2956
2529 3155
2529 3171
2529 3313
2529 3330
2529 3458
2529 3515
2529 4140
2529 4488
2529 4839
2529 5261
2529 5574
2529 5616
2529 5720
2529 5844
2529 5935
2529 6413
2529 6576
2529 6588
2529 6663
2529 6817
2529 6917
2529 7132
2529 7513
2529 7589
2529 8367
2529 8608
2529 8671
2529 8772
2529 8817
2529 8968
2529 8978
2529 9015
2529 9034
2529 9086
2529 9131
2529 9183
2529 9195
2534 4339
2534 8803
2534 8981
2535 5065
2541 6319
2541 6373
2541 8197
2559 4908
2562 4546
2562 8232
2562 8977
2576 3171
2576 5065
2581 7290
2582 8781
2583 2767
2583 5125
2583 5574
2583 6801
2583 8981
2589 8527
2592 2627
2592 2919
2592 4007
2592 6619
2592 7290
2592 8119
2594 9085
2598 3125
2598 4456
2598 4746
2598 5272
2598 6779
2598 8757
2598 8945
2598 9242
2599 2674
2599 2991
2599 3165
2599 5065
2599 5720
2599 6203
2599 6619
2600 8766
2603 3158
2605 6801
2613 3262
2617 2974
2617 8852
2617 8874
2617 9035
2627 3171
2627 3613
2627 4317
2627 5487
2627 6945
2627 7290
2627 8119
2627 8197
2627 8367
2627 9067
2627 9167
2628 2816
2640 4908
2640 6319
2640 7710
2640 8869
2645 6448
2650 2762
2650 3030
2650 3648
2650 4841
2650 4997
2650 5065
2650 5181
2650 7290
2650 7392
2650 8696
2650 8740
2650 8756
2650 8906
2650 8984
2650 9023
2659 2885
2659 3155
2659 3313
2659 4140
2660 7794
2660 8367
2660 8804
2660 9147
2663 7631
2664 3171
2664 4117
2664 5065
2664 8416
2669 5065
2670 4908
2674 3030
2674 3171
2674 4339
2674 5362
2674 9236
2691 6018
2691 8768
2692 4048
2692 4488
2692 4589
2692 8802
2692 9135
2692 9202
2692 9216
2694 2773
2694 5386
2694 6108
2694 6947
2707 5560
2707 9194
2718 3541
2720 2820
2720 5386
2720 6448
2720 7236
2724 2762
2729 9144
2730 6797
2733 4136
2733 4187
2733 5065
2733 6619
2733 7326
2739 3110
2739 3171
2739 4117
2739 4904
2739 5625
2739 6088
2739 7186
2739 8748
2739 8847
2739 8883
2741 3528
2741 3811
2741 6498
2741 9093
2741 9094
2756 4366
2756 4641
2756 5065
2756 5467
2756 6817
2756 6947
2756 8976
2756 9163
2762 2767
2762 2956
2762 3088
2762 3171
2762 3250
2762 3281
2762 3322
2762 3687
2762 3717
2762 3727
2762 3745
2762 3984
2762 4092
2762 4117
2762 4136
2762 4150
2762 4339
2762 4589
2762 4702
2762 5065
2762 5267
2762 5331
2762 5367
2762 5560
2762 5720
2762 6280
2762 6373
2762 6576
2762 6638
2762 6683
2762 6738
2762 6779
2762 6885
2762 7034
2762 7290
2762 7515
2762 8015
2762 8077
2762 8197
2762 8218
2762 8297
2762 8357
2762 8416
2762 8477
2762 8744
2762 8763
2762 8780
2762 8853
2762 8874
2762 8876
2762 8887
2762 8959
2762 8967
2762 8973
2762 8987
2762 9132
2762 9158
2762 9197
2762 9211
2762 9213
2762 9226
2762 9240
2767 3246
2767 3636
2767 4092
2767 5265
2767 5272
2767 5471
2767 5550
2767 5921
2767 6203
2767 6619
2767 6945
2767 7034
2767 7329
2767 7538
2767 7839
2767 7998
2767 8008
2767 8367
2767 8750
2767 8765
2767 8773
2767 8794
2767 8821
2767 8870
2767 8891
2767 8917
2767 9005
2767 9036
2767 9067
2767 9134
2767 9204
2767 9213
2767 9218
2767 9234
2770 4981
2771 4117
2771 4187
2771 4632
2771 4949
2773 4031
2773 4783
2773 5065
2773 5550
2773 7290
2775 3417
2775 4092
2775 5724
2775 6434
2775 7090
2775 8315
2775 8739
2775 8867
2775 9016
2776 3402
2776 5065
2776 7034
2785 9057
2795 2845
2805 6498
2816 3461
2816 3648
2816 4018
2816 4573
2816 4641
2816 4702
2816 4841
2816 5141
2816 5938
2816 6280
2816 6467
2816 6498
2816 6797
2816 6842
2816 7199
2816 7290
2816 7924
2816 7926
2816 8388
2816 8981
2816 9002
2818 3168
2818 7329
2820 5720
2820 6448
2820 8182
2820 8749
2821 6945
2821 8635
2822 4340
2822 9071
2825 4092
2825 7480
2826 4092
2826 8889
2840 6779
2844 6413
2845 3727
2845 4615
2845 5179
2845 5270
2845 5305
2845 5720
2845 6498
2845 8024
2845 8282
2845 8347
2845 8367
2845 8638
2845 8740
2845 8869
2845 9047
2845 9109
2845 9152
2868 4187
2868 4605
2868 4746
2868 5065
2868 5682
2868 5844
2868 6779
2868 8197
2869 3377
2869 4419
2869 7335
2869 9031
2882 5129
2885 3458
2885 4600
2885 5560
2902 5179
2919 3171
2919 5294
2919 6434
2919 7631
2919 9027
2930 5065
2930 8971
2930 9264
2934 4232
2934 6125
2934 6280
2934 8093
2943 4323
2943 6945
2954 3171
2954 7290
2954 8956
2956 3195
2956 3854
2956 4632
2956 4670
2956 5049
2956 5237
2956 5305
2956 5382
2956 5616
2956 6779
2956 8197
2956 8608
2956 8814
2956 9046
2956 9167
2956 9195
2956 9236
2957 7944
2970 4582
2970 5553
2970 5828
2970 5844
2970 8773
2970 9005
2974 9077
2989 3030
2991 3158
2991 3281
2991 3405
2991 4317
2991 5038
2991 5699
2991 8052
2991 8774
2995 4523
3000 4419
3000 8752
3000 8890
3013 9213
3023 3313
3023 7171
3023 8911
3024 3030
3024 5141
3024 8809
3026 4179
3026 5625
3030 3104
3030 3727
3030 3984
3030 4392
3030 4632
3030 4641
3030 4841
3030 4910
3030 5468
3030 5658
3030 5845
3030 6134
3030 6290
3030 6596
3030 6643
3030 7290
3030 7658
3030 7714
3030 7926
3030 8119
3030 8197
3030 8224
3030 8297
3030 8635
3030 8788
3030 8843
3030 8924
3030 9067
3030 9234
3051 3856
3057 8015
3059 4031
3062 8929
3065 4355
3065 5649
3065 8276
3065 9071
3067 5065
3067 5373
3071 6448
3072 5065
3072 6203
3075 4419
3075 4632
3075 5065
3075 6768
3088 4339
3088 4702
3088 4839
3088 5550
3088 6683
3088 6801
3088 7513
3088 7515
3088 8197
3088 8484
3088 9048
3107 3195
3107 5066
3107 5501
3107 6373
3107 6434
3107 7714
3107 8787
3110 6203
3110 7822
3110 8416
3122 3195
3122 4280
3122 4419
3122 4546
3122 5682
3122 6247
3122 6373
3122 8089
3122 8297
3122 8770
3122 8846
3122 8848
3122 8891
3122 9147
3125 3673
3125 4251
3125 4746
3134 7292
3155 8732
3155 8733
3158 3171
3158 7236
3158 8795
3160 6880
3166 4117
3166 4641
3166 4841
3166 5141
3166 6619
3166 6842
3166 7392
3166 8099
3166 8297
3166 8363
3166 8638
3166 8895
3171 3355
3171 3487
3171 3727
3171 3854
3171 3984
3171 4216
3171 4501
3171 4746
3171 5008
3171 5065
3171 5272
3171 5493
3171 5616
3171 5672
3171 5828
3171 6088
3171 6280
3171 6385
3171 6429
3171 6596
3171 6619
3171 7194
3171 7290
3171 7359
3171 8043
3171 8416
3171 8429
3171 8608
3171 8833
3171 8854
3171 8956
3171 9044
3171 9095
3171 9171
3184 8750
3195 4226
3195 5744
3195 7618
3195 8197
3195 8268
3195 8861
3195 8908
3195 9206
3204 8900
3238 9071
3250 3281
3250 3420
3250 5065
3250 7213
3250 8484
3250 8515
3250 9010
3250 9074
3267 3330
3275 5065
3275 6779
3275 6829
3275 8713
3281 7631
3281 7924
3281 8484
3313 4339
3313 4949
3313 5720
3313 6817
3313 7034
3313 8234
3313 8769
3313 8911
3313 8947
3313 8976
3313 9034
3322 5065
3322 5692
3322 5757
3322 8974
3325 6916
3325 8740
3325 8897
3326 5616
3328 9152
3330 8939
3330 9238
3377 5566
3377 5948
3377 9067
3377 9072
3377 9189
3381 5065
3388 4065
3405 4177
3405 4419
3405 4839
3405 5596
3405 6108
3405 6768
3405 6779
3405 8197
3405 8784
3405 9021
3405 9208
3405 9239
3405 9244
3405 9262
3414 3613
3414 3856
3414 4275
3414 8735
3414 8904
3414 9101
3417 5331
3420 3787
3420 3984
3420 6797
3453 3646
3453 8197
3453 8884
3457 6590
3457 8651
3458 8197
3458 8771
3458 8817
3461 6413
3461 6779
3484 5384
3484 5812
3484 7236
3484 7339
3484 8012
3484 8232
3484 8632
3484 8865
3487 4340
3487 4379
3490 8478
3490 8491
3495 7290
3501 4179
3501 8416
3501 9152
3501 9171
3501 9245
3502 6619
3502 9150
3505 4523
3515 4746
3515 6817
3528 7236
3541 4546
3541 6373
3541 9152
3543 8752
3570 5616
3573 6248
3573 7290
3574 6829
3574 8857
3574 8964
3574 9078
3578 6759
3579 9136
3613 3717
3613 4187
3613 4275
3613 4355
3613 5065
3613 6088
3613 8410
3613 8462
3613 8750
3613 8787
3613 8790
3613 8791
3613 8835
3613 8873
3613 9026
3621 3856
3624 9010
3634 6576
3634 6779
3634 8551
3636 4092
3636 4839
3636 5237
3636 5272
3636 7513
3636 8778
3636 8814
3636 8870
3636 8914
3636 8981
3648 4803
3648 4841
3648 5141
3648 7371
3648 8097
3657 7924
3673 4746
3676 8880
3680 4419
3693 4141
3707 4949
3707 8861
3707 8869
3717 3893
3717 5720
3717 6203
3727 6385
3727 7290
3727 7839
3727 8750
3727 8918
3727 9215
3736 8297
3737 9053
3745 4839
3745 5065
3745 5616
3745 8870
3745 8891
3756 6945
3756 8615
3785 4632
3785 6373
3785 6596
3785 8635
3785 8990
3787 4731
3787 8197
3787 8278
3787 8608
3787 8823
3787 9046
3806 9034
3811 4216
3811 8693
3811 8803
3811 8847
3843 4117
3843 5065
3843 8989
3854 5065
3854 8416
3854 8981
3856 5530
3856 8688
3856 8904
3856 9055
3856 9147
3858 8773
3865 4370
3865 5038
3865 6280
3865 8728
3887 7290
3887 8917
3887 9176
3887 9193
3893 7329
3897 8099
3930 7856
3931 5065
3931 6280
3945 4092
3945 5065
3947 4746
3947 9136
3950 3975
3950 5125
3951 4546
3951 5384
3951 8232
3951 8338
3951 8631
3951 9243
3967 5472
3969 4546
3969 5125
3969 5362
3973 6203
3975 7128
3975 7659
3975 8260
3975 8903
3975 9072
3975 9195
3984 4026
3984 4187
3984 4320
3984 4771
3984 6373
3984 6942
3984 7335
3984 7647
3984 7744
3984 8144
3984 8793
3984 8900
3984 9002
3984 9140
3984 9149
3984 9171
3985 8953
4000 7392
4011 4702
4011 6434
4011 8750
4011 8929
4026 4746
4026 7290
4031 4332
4031 6498
4031 6995
4031 8197
4031 8886
4038 5828
4048 4187
4048 6203
4050 6203
4050 6373
4050 7877
4057 8462
4057 8849
4059 8297
4059 8838
4090 8857
4090 8937
4090 8975
4090 9216
4092 4275
4092 5065
4092 5157
4092 6018
4092 6203
4092 7034
4092 7311
4092 7933
4092 8197
4092 8763
4092 8768
4092 8814
4092 8853
4092 8876
4092 8889
4092 8894
4092 8981
4092 9005
4092 9026
4092 9134
4092 9253
4092 9255
4106 7290
4116 4548
4116 5065
4116 8900
4117 4727
4117 4746
4117 4949
4117 5065
4117 5141
4117 5237
4117 5828
4117 6280
4117 6295
4117 7290
4117 7480
4117 8596
4117 8750
4117 8797
4117 8910
4117 9229
4126 4403
4135 8379
4136 9152
4138 9227
4157 7855
4168 5983
4168 9152
4171 4431
4171 4536
4171 5615
4171 5828
4171 6596
4171 7480
4171 8939
4171 9085
4176 4879
4177 7855
4179 4839
4187 4339
4187 4632
4187 4746
4187 5065
4187 5331
4187 5921
4187 6201
4187 6590
4187 8743
4187 8750
4187 8768
4187 8780
4187 8807
4187 8900
4187 8937
4187 9117
4187 9143
4187 9146
4187 9171
4187 9184
4188 4839
4188 6018
4188 8297
4188 9137
4190 4339
4199 4431
4200 8811
4216 4585
4216 4727
4216 6280
4216 7290
4216 7722
4216 9157
4231 9038
4242 8798
4242 8852
4242 8997
4242 9171
4248 6373
4248 8297
4248 8758
4251 4746
4267 8752
4275 8735
4280 7519
4280 8822
4280 8891
4280 8981
4283 8808
4293 5065
4293 6756
4309 9000
4317 4536
4317 4771
4317 6429
4317 6596
4317 8939
4320 6373
4320 8991
4325 5518
4332 4370
4332 5065
4339 4605
4339 5261
4339 5362
4339 5679
4339 5720
4339 6319
4339 6817
4339 7236
4339 8093
4339 8197
4339 8409
4339 8562
4339 8769
4339 8898
4340 4536
4340 5065
4355 5065
4355 5362
4355 5493
4355 6779
4355 8750
4379 5065
4379 6619
4382 5065
4382 8735
4382 8740
4382 8802
4382 8810
4382 8816
4382 8835
4382 8891
4403 4839
4403 5592
4403 8775
4403 8779
4417 5362
4417 8750
4419 4589
4419 5174
4419 5596
4419 5812
4419 6108
4419 6779
4419 7290
4419 7335
4419 8074
4419 8197
4419 8260
4419 8386
4419 8472
4419 8843
4419 8888
4419 8954
4419 8982
4419 8990
4419 9005
4419 9015
4419 9069
4419 9107
4419 9210
4428 5127
4448 6945
4465 6842
4465 7841
4465 9126
4488 6203
4488 7034
4488 8655
4488 8824
4488 8889
4488 8893
4488 8896
4501 5065
4501 6619
4507 7119
4507 8067
4507 9141
4523 4632
4523 4841
4523 5141
4523 5606
4523 8297
4523 8886
4523 9205
4536 5681
4536 8939
4546 7335
4546 8144
4546 8232
4546 8770
4546 8938
4546 8977
4546 9089
4546 9096
4546 9217
4570 5596
4573 6467
4589 4746
4589 5065
4589 5272
4589 5720
4589 6779
4589 8099
4589 8406
4591 6940
4605 4949
4615 5468
4632 5065
4632 5143
4632 5267
4632 5362
4632 5550
4632 5681
4632 6448
4632 7841
4632 8411
4632 8613
4632 8814
4632 8942
4632 8984
4632 8998
4632 9044
4632 9162
4634 6618
4641 5179
4641 6498
4641 8935
4641 8981
4653 8085
4655 8981
4663 9218
4670 5362
4670 6448
4670 7710
4670 9248
4680 4908
4691 8119
4702 4862
4702 5065
4702 6220
4702 8967
4702 9055
4702 9207
4702 9211
4708 8416
4731 5065
4731 6385
4731 6448
4731 6619
4731 8630
4731 8786
4731 8843
4746 5036
4746 5065
4746 5362
4746 5366
4746 6948
4746 7290
4746 7998
4746 8077
4746 8254
4746 8386
4746 8630
4746 8668
4746 8833
4746 8837
4746 8969
4746 9144
4746 9180
4746 9214
4746 9269
4749 5616
4749 6779
4765 5550
4765 7290
4765 8885
4765 9130
4765 9192
4771 5468
4771 6110
4771 6797
4771 7136
4771 7855
4771 8197
4771 8954
4771 8990
4783 4994
4783 5141
4783 5261
4783 6175
4783 7392
4783 9179
4783 9183
4783 9232
4787 4882
4803 7190
4807 6779
4822 6779
4839 5065
4839 5720
4839 7090
4839 8077
4839 8119
4839 8225
4839 8749
4839 8750
4839 8755
4839 8899
4839 8900
4839 8905
4839 8970
4839 9159
4839 9165
4839 9175
4839 9178
4839 9215
4841 5468
4841 6467
4841 7371
4860 9121
4866 5065
4866 7034
4866 7329
4866 8790
4873 5468
4873 8197
4873 8885
4879 8206
4882 5272
4882 5596
4882 9069
4895 5692
4895 9002
4904 5625
4908 5720
4908 6817
4908 8869
4908 9139
4910 5065
4910 6471
4924 7034
4924 7266
4931 6747
4935 6431
4949 6759
4949 8630
4949 8769
4949 8789
4949 8790
4949 8819
4971 6779
5006 8913
5006 8979
5007 6280
5007 8197
5010 8747
5018 8277
5018 8635
5021 6945
5021 7434
5021 9079
5023 8608
5036 8988
5040 8221
5040 8900
5041 8765
5041 8904
5041 8918
5041 8947
5065 5127
5065 5143
5065 5157
5065 5272
5065 5305
5065 5329
5065 5345
5065 5362
5065 5386
5065 5398
5065 5550
5065 5560
5065 5720
5065 5891
5065 5933
5065 5966
5065 6018
5065 6160
5065 6203
5065 6250
5065 6280
5065 6318
5065 6349
5065 6385
5065 6462
5065 6498
5065 6596
5065 6619
5065 6638
5065 6643
5065 6666
5065 6683
5065 6779
5065 6945
5065 7034
5065 7119
5065 7290
5065 7329
5065 7359
5065 7652
5065 7714
5065 7749
5065 7753
5065 7787
5065 7923
5065 7976
5065 8014
5065 8119
5065 8197
5065 8218
5065 8278
5065 8297
5065 8330
5065 8370
5065 8379
5065 8416
5065 8551
5065 8608
5065 8668
5065 8671
5065 8725
5065 8750
5065 8751
5065 8768
5065 8781
5065 8785
5065 8805
5065 8812
5065 8825
5065 8828
5065 8841
5065 8849
5065 8856
5065 8857
5065 8867
5065 8870
5065 8877
5065 8887
5065 8888
5065 8899
5065 8900
5065 8907
5065 8910
5065 8921
5065 8923
5065 8944
5065 8946
5065 8960
5065 8961
5065 8962
5065 8964
5065 8967
5065 8978
5065 8981
5065 8983
5065 8988
5065 8993
5065 8998
5065 8999
5065 9007
5065 9023
5065 9026
5065 9044
5065 9045
5065 9046
5065 9048
5065 9054
5065 9064
5065 9065
5065 9071
5065 9079
5065 9095
5065 9098
5065 9100
5065 9104
5065 9105
5065 9107
5065 9117
5065 9125
5065 9128
5065 9129
5065 9132
5065 9133
5065 9135
5065 9136
5065 9141
5065 9142
5065 9152
5065 9158
5065 9171
5065 9224
5065 9226
5065 9231
5065 9240
5065 9245
5065 9247
5066 5100
5066 6779
5082 5270
5093 6867
5093 8759
5100 8282
5125 8067
5125 8750
5129 5141
5129 5468
5129 5487
5132 9153
5141 5415
5141 5468
5141 5550
5141 6842
5141 7371
5141 7531
5141 8809
5141 8931
5141 9029
5141 9103
5157 8981
5157 9039
5174 6942
5174 7631
5179 7290
5181 5938
5182 6683
5220 7583
5261 6917
5263 5530
5263 8658
5265 7839
5267 5599
5267 6448
5267 7290
5267 7371
5267 8260
5267 8984
5270 5828
5270 9118
5272 5331
5272 6373
5272 6385
5272 7036
5272 7290
5272 8429
5272 8888
5272 8937
5294 6373
5305 6817
5305 8197
5306 5676
5306 9226
5308 8874
5329 6590
5329 8477
5331 6116
5331 8925
5331 8967
5345 8182
5348 8990
5352 9010
5362 5672
5362 6202
5362 6385
5362 6419
5362 6619
5362 6779
5362 7652
5362 8195
5362 8765
5362 8816
5362 8868
5362 8891
5362 8904
5362 8929
5362 9118
5362 9171
5362 9248
5373 8260
5373 9072
5377 8981
5377 9151
5384 8182
5396 6517
5400 9161
5427 8769
5430 8197
5440 9232
5467 7516
5467 8630
5468 5828
5468 5889
5468 6247
5468 6498
5468 6643
5468 6842
5468 7186
5468 7208
5468 7236
5468 7371
5468 7841
5468 7926
5468 8551
5468 8613
5468 8897
5468 8931
5468 8954
5468 9010
5468 9056
5468 9152
5487 6663
5487 7877
5487 8694
5487 8958
5487 9101
5493 5616
5493 5625
5493 6779
5493 6869
5493 8750
5493 8862
5493 9064
5493 9204
5501 5615
5505 7924
5550 6250
5550 7236
5550 7371
5550 8068
5550 8097
5550 8197
5550 8411
5550 9011
5550 9044
5550 9154
5560 8891
5560 9197
5563 8367
5566 7290
5566 8197
5599 9248
5615 7290
5615 8788
5616 6779
5616 8197
5616 8484
5616 8750
5658 7841
5658 7926
5658 8931
5672 6779
5672 9171
5676 6203
5681 6596
5681 8342
5682 8137
5699 7924
5699 8740
5699 9022
5720 6663
5720 6817
5720 7132
5720 7329
5720 8197
5720 8750
5720 8879
5720 8917
5720 8940
5720 8987
5720 9065
5720 9129
5757 6448
5757 9147
5806 5933
5812 8655
5816 6619
5816 8834
5816 8861
5816 8948
5816 9014
5816 9203
5828 6064
5828 7335
5831 8477
5838 8981
5844 7290
5844 8382
5844 8484
5844 9071
5844 9101
5845 6373
5845 6385
5889 6619
5899 6779
5921 8567
5933 6448
5933 8416
5933 8750
5935 7132
5938 7714
5946 9152
5966 8144
5966 8856
5966 8977
5983 9231
6007 8959
6015 8758
6017 6064
6017 7855
6018 6576
6018 8750
6038 8315
6059 6373
6064 7335
6109 8282
6116 9143
6134 8099
6134 8282
6143 7290
6160 6247
6162 8472
6175 7631
6189 6357
6202 6385
6203 6373
6203 6588
6203 6618
6203 6779
6203 6990
6203 7359
6203 7481
6203 8197
6203 8284
6203 8768
6203 8844
6203 8862
6203 8935
6203 9009
6203 9026
6203 9078
6203 9098
6203 9105
6203 9114
6203 9132
6203 9134
6203 9165
6203 9167
6203 9227
6203 9255
6215 9143
6220 6373
6220 7290
6223 8453
6230 8711
6236 8957
6247 8846
6248 8939
6248 9154
6250 8197
6279 7674
6280 6319
6280 6385
6280 6619
6280 6816
6280 7290
6280 8197
6280 8515
6280 8608
6280 8744
6280 8922
6289 6385
6290 6373
6300 7290
6300 8297
6319 7722
6332 7290
6349 9062
6373 6619
6373 7325
6373 7984
6373 8119
6373 8297
6373 8403
6373 8770
6373 8846
6373 8919
6373 8944
6373 9033
6373 9089
6373 9096
6373 9114
6373 9130
6373 9211
6373 9259
6384 9241
6385 7234
6385 7877
6385 9014
6385 9073
6419 6779
6429 6619
6429 6942
6434 6618
6434 7090
6434 8905
6434 8915
6448 6619
6448 7944
6448 8596
6448 8766
6448 8801
6448 8829
6448 8978
6448 9002
6448 9071
6448 9120
6448 9166
6448 9173
6462 8197
6462 8630
6463 8197
6467 6779
6467 7290
6467 9093
6467 9094
6498 7753
6498 8008
6498 8363
6498 8760
6498 8887
6498 8931
6498 8978
6498 9003
6498 9022
6498 9103
6546 9019
6576 7034
6576 7513
6576 9229
6576 9250
6580 9049
6588 6619
6590 8197
6596 6619
6596 8215
6596 8608
6596 8635
6596 8795
6596 9157
6596 9256
6613 8933
6618 8144
6618 8812
6618 8977
6619 7208
6619 7749
6619 7927
6619 8085
6619 8297
6619 8401
6619 8429
6619 8467
6619 8484
6619 8668
6619 8715
6619 8891
6619 8895
6619 8921
6619 8948
6619 8972
6619 8981
6619 9071
6619 9084
6619 9249
6623 9143
6638 8197
6643 7290
6650 6867
6650 9152
6654 9146
6692 8215
6708 9152
6738 6829
6738 8873
6759 8940
6768 8843
6779 7329
6779 7699
6779 8197
6779 8416
6779 8750
6779 8768
6779 8780
6779 8787
6779 8845
6779 8847
6779 9022
6779 9025
6779 9054
6779 9100
6779 9204
6779 9212
6779 9229
6779 9236
6779 9245
6797 7034
6797 8015
6797 8119
6797 9112
6797 9124
6801 8197
6808 9152
6810 8981
6817 6917
6817 7722
6817 8468
6817 8750
6817 8968
6817 9034
6817 9201
6817 9263
6829 7034
6842 7371
6843 9232
6867 7631
6917 8401
6942 7631
6942 8793
6945 8131
6945 8197
6945 8931
6974 7652
6978 8224
7015 7119
7026 8824
7034 7329
7034 7513
7034 8791
7034 8837
7034 8986
7034 9068
7034 9124
7036 7194
7093 9143
7119 9097
7128 7290
7128 8197
7136 8197
7136 8839
7136 8947
7155 7290
7156 8401
7186 8820
7186 8831
7186 9074
7190 8297
7190 8668
7190 9137
7199 7290
7199 8916
7203 7392
7213 8773
7216 8711
7236 8197
7236 8260
7251 8837
7290 8099
7290 8297
7290 8515
7290 8842
7290 8881
7290 8890
7290 8912
7290 8917
7290 8981
7290 9002
7290 9037
7290 9109
7290 9140
7290 9154
7290 9197
7311 8750
7311 8956
7311 9197
7311 9246
7325 9169
7329 7998
7329 8197
7335 8347
7335 8515
7335 8890
7335 9069
7335 9162
7335 9229
7364 9002
7371 8099
7371 8260
7371 8931
7371 9006
7371 9059
7371 9081
7371 9103
7392 7589
7398 8494
7398 8882
7398 8970
7471 8835
7481 8909
7499 8798
7513 8453
7513 8754
7513 8782
7515 8197
7516 8416
7516 8871
7534 8917
7614 9113
7637 8582
7652 8750
7658 8745
7714 8119
7714 9152
7714 9172
7743 8815
7743 8823
7743 8834
7743 9165
7749 9152
7775 8761
7776 8655
7787 8297
7787 9071
7839 8159
7839 8567
7839 8963
7839 9191
7841 9152
7855 8260
7855 8472
7855 8843
7855 9028
7877 8159
7877 8630
7903 8467
7924 8754
7924 8892
7924 9034
7944 8382
7985 8874
7998 9020
8008 8874
8008 8887
8012 8638
8015 8297
8015 9111
8067 8804
8077 8962
8077 8986
8085 8917
8089 8824
8093 8367
8093 8817
8093 8940
8099 8382
8099 8945
8099 8984
8117 8982
8119 8750
8119 8864
8121 8232
8137 9041
8144 8311
8144 9152
8159 8410
8159 8740
8159 8821
8182 9154
8182 9173
8197 8363
8197 8515
8197 8608
8197 8626
8197 8768
8197 8776
8197 8789
8197 8813
8197 8887
8197 8893
8197 8895
8197 8981
8197 9025
8197 9157
8197 9253
8205 8932
8232 8698
8232 8890
8234 8409
8260 8752
8260 9252
8276 8918
8281 8947
8282 8918
8284 8981
8297 8600
8297 8750
8297 8838
8297 8877
8297 8886
8297 8895
8297 8999
8297 9137
8297 9211
8297 9226
8297 9246
8297 9264
8330 9053
8330 9106
8344 8758
8346 9004
8346 9018
8364 9225
8401 8567
8407 9110
8416 8478
8416 9071
8416 9204
8420 9010
8466 8546
8467 8918
8467 9056
8472 9251
8478 8750
8478 8917
8494 8851
8507 9156
8515 8567
8515 8601
8515 8790
8515 8795
8515 8840
8515 8914
8515 9017
8515 9106
8515 9113
8515 9128
8529 9083
8558 8750
8561 8759
8567 8735
8608 8740
8612 8997
8613 8626
8621 8862
8626 8878
8630 8790
8630 8893
8631 9050
8651 8661
8694 8798
8712 8756
8724 8818
8735 8746
8735 8873
8735 8907
8735 8958
8735 8975
8735 9007
8740 8741
8750 8781
8750 8863
8750 8929
8750 8981
8750 8986
8750 8993
8750 9068
8750 9074
8750 9152
8763 8876
8783 9152
8787 8798
8792 8793
8798 8799
8798 8873
8806 8808
8821 8824
8824 9130
8837 8993
8837 9130
8837 9152
8849 9032
8869 8920
8869 8928
8874 8887
8874 8997
8885 9000
8887 8981
8894 8896
8910 8966
8910 9104
8917 9223
8917 9267
8939 8981
8962 8965
8969 8970
8977 9228
8981 9001
8981 9104
8981 9152
8989 9152
8997 9261
9002 9012
9002 9027
9004 9152
9005 9084
9005 9152
9034 9068
9046 9061
9051 9052
9076 9077
9079 9152
9080 9113
9087 9088
9104 9134
9113 9148
9114 9115
9128 9129
9130 9152
9132 9133
9143 9163
9143 9177
9143 9219
9147 9186
9152 9171
9152 9217
9167 9168
9181 9182
9263 9265
