0 96
0 1057
0 2389
0 3484
0 5065
0 5649
0 6594
0 6747
0 8956
0 8981
0 9369
0 9849
0 9860
2 519
2 677
2 5468
2 9533
2 9795
7 1319
7 5066
7 5215
7 5220
7 9334
7 9436
7 9440
7 9480
12 43
12 7027
12 7658
13 226
14 7941
14 9152
19 201
19 762
19 3107
19 4641
19 5479
19 7325
19 9342
19 9425
25 9458
26 70
26 407
26 419
26 729
26 946
26 2970
26 6118
26 6945
26 9414
28 1255
28 2350
28 6504
28 7658
28 9449
29 88
29 96
29 138
29 157
29 253
29 729
29 1106
29 1278
29 1642
29 1788
29 1972
29 2730
29 2816
29 2943
29 3030
29 3177
29 4116
29 4632
29 4641
29 4746
29 5173
29 5179
29 5220
29 6504
29 6779
29 6945
29 7379
29 8472
29 9257
29 9434
29 9458
29 9469
29 9478
29 9594
29 9693
29 9885
30 1824
30 2086
30 3067
30 8688
37 1972
37 6223
41 286
41 444
41 2124
41 2541
41 2956
41 5065
41 6264
41 7857
41 8184
41 8956
41 9425
41 9789
42 43
42 63
42 96
42 97
42 117
42 122
42 133
42 238
42 249
42 442
42 546
42 729
42 922
42 968
42 1036
42 1106
42 1198
42 1223
42 1390
42 1422
42 1515
42 1604
42 1824
42 1879
42 2053
42 2360
42 2406
42 2428
42 2472
42 2762
42 2767
42 2816
42 2956
42 3024
42 3484
42 3636
42 3865
42 4116
42 4126
42 4157
42 4187
42 4523
42 4585
42 4746
42 5065
42 5672
42 5926
42 6570
42 6686
42 6779
42 6945
42 7071
42 7491
42 7658
42 8121
42 8197
42 8522
42 8608
42 8901
42 8969
42 9036
42 9317
42 9375
42 9379
42 9479
42 9492
42 9499
42 9504
42 9589
42 9592
42 9613
42 9649
42 9654
42 9784
42 9836
42 9897
43 61
43 76
43 312
43 508
43 729
43 846
43 922
43 1244
43 1369
43 1787
43 1877
43 1917
43 2098
43 2123
43 2126
43 2158
43 2603
43 2718
43 2762
43 2970
43 3062
43 3104
43 3107
43 3177
43 4116
43 4135
43 4199
43 4746
43 5498
43 5681
43 5948
43 6250
43 6385
43 6467
43 7208
43 7658
43 8197
43 8600
43 8688
43 9189
43 9269
43 9295
43 9308
43 9311
43 9358
43 9361
43 9385
43 9393
43 9446
43 9502
43 9509
43 9567
43 9651
43 9660
43 9687
43 9702
43 9735
43 9852
46 546
46 1002
46 1255
46 1877
46 2682
46 3030
46 3405
46 5012
46 5174
46 6779
46 7710
46 8043
46 8131
46 9161
46 9457
46 9829
48 70
48 97
48 249
48 3648
48 3785
48 4994
48 9341
56 3587
59 837
59 8184
60 76
60 94
60 158
60 289
60 729
60 1381
60 1563
60 1877
60 2256
60 2423
60 3841
60 6779
60 8758
60 9596
60 9649
61 1369
61 1448
61 2158
61 7681
61 9027
61 9161
61 9688
61 9810
70 201
70 226
70 387
70 577
70 729
70 1483
70 1786
70 1958
70 1972
70 2650
70 2970
70 3453
70 4026
70 4116
70 4187
70 4746
70 5658
70 6945
70 8635
70 8882
70 9266
70 9286
70 9323
70 9341
70 9364
70 9471
72 2319
73 138
73 153
73 157
73 201
73 226
73 390
73 618
73 713
73 762
73 852
73 1255
73 1818
73 2062
73 2118
73 2204
73 2529
73 2816
73 2947
73 3171
73 3648
73 4031
73 4615
73 4641
73 4846
73 6467
73 6810
73 7290
73 7371
73 7710
73 8897
73 9152
73 9258
73 9348
73 9444
73 9573
73 9730
73 9821
74 96
74 1742
74 2256
74 2762
74 3166
74 5468
74 6498
74 7190
74 7236
74 7371
75 287
75 1836
75 2619
75 5362
75 7335
76 114
76 138
76 201
76 280
76 312
76 407
76 432
76 508
76 568
76 837
76 839
76 1057
76 1106
76 1255
76 1483
76 1604
76 1831
76 1995
76 2031
76 2098
76 2350
76 2360
76 2762
76 2815
76 2822
76 2970
76 3122
76 3166
76 3171
76 3791
76 3969
76 4117
76 4187
76 4556
76 4589
76 4746
76 5065
76 5173
76 5362
76 5844
76 5911
76 6280
76 6504
76 6618
76 7290
76 7463
76 7710
76 8197
76 8600
76 8688
76 8901
76 8926
76 9245
76 9294
76 9306
76 9397
76 9409
76 9457
76 9482
76 9596
76 9759
76 9764
76 9773
76 9781
76 9784
76 9843
76 9875
76 9917
77 236
77 1242
77 2319
79 3281
80 1198
80 1664
80 2256
80 3341
83 618
83 1515
83 1622
83 2098
83 3314
83 5173
83 5550
83 6223
83 6945
83 7190
83 8297
83 8503
83 8841
83 9158
83 9436
83 9471
83 9542
83 9550
83 9772
84 881
84 946
84 2319
88 158
88 568
88 904
88 1255
88 2062
88 2297
88 2934
88 3785
88 4523
88 5141
88 6280
88 9288
88 9311
88 9350
88 9393
88 9401
89 2816
90 508
90 568
90 647
90 1198
90 1763
90 2762
90 2970
90 6160
90 9596
90 9810
94 138
94 407
94 610
94 621
94 712
94 3177
94 3646
94 4031
94 5065
94 5305
94 7519
94 8197
94 9158
94 9565
94 9596
94 9728
95 221
95 839
95 1278
95 2199
95 3158
95 3672
95 4031
95 4188
95 5471
95 6373
95 7681
95 8758
95 9593
96 703
96 836
96 1268
96 1338
96 1612
96 2255
96 4419
96 4523
96 5468
96 9424
97 159
97 433
97 677
97 968
97 1539
97 1785
97 2118
97 3030
97 3785
97 4632
97 4994
97 7290
97 8197
97 8363
97 8897
97 9122
97 9189
97 9449
97 9746
101 5599
108 351
108 883
108 2816
109 201
109 5272
109 6247
109 6810
109 8093
110 1255
110 1664
110 1854
110 3484
110 7035
110 8260
110 9161
110 9189
110 9458
110 9852
114 546
114 1106
114 3195
114 4280
114 9545
115 904
115 1422
117 304
117 1148
117 1636
117 2956
117 5362
117 8416
120 8061
122 258
122 1390
122 1663
122 4092
122 9702
123 1106
128 304
128 6358
129 921
129 8363
130 1198
131 6756
133 2418
133 4031
133 5468
133 8197
133 9289
134 312
134 2599
134 2762
134 4116
134 5822
134 6160
134 6945
134 8600
134 9436
135 3123
135 5616
135 5649
135 7311
138 153
138 158
138 201
138 258
138 286
138 573
138 691
138 736
138 921
138 938
138 1206
138 1255
138 1322
138 1576
138 2062
138 2669
138 2845
138 2919
138 4680
138 4761
138 5066
138 5082
138 5352
138 5440
138 6280
138 6467
138 6498
138 6506
138 7710
138 8197
138 8363
138 8993
138 9311
138 9439
138 9444
138 9469
138 9596
138 9662
138 9665
138 9764
138 9866
140 1268
140 3086
140 4783
140 5844
141 571
141 1787
141 6619
141 9316
145 4465
145 8363
151 2418
151 5021
153 374
153 407
153 536
153 729
153 762
153 852
153 1057
153 1321
153 1468
153 1604
153 1704
153 2156
153 2529
153 2627
153 2756
153 2767
153 3031
153 3476
153 4031
153 4092
153 4187
153 4632
153 4727
153 4746
153 5065
153 5125
153 5362
153 5386
153 5577
153 5929
153 6223
153 6280
153 7722
153 8197
153 8849
153 8917
153 8947
153 9294
153 9311
153 9321
153 9337
153 9425
153 9483
153 9525
153 9540
153 9544
153 9560
153 9561
153 9565
153 9587
153 9607
153 9656
153 9892
153 9913
154 1012
155 1877
155 1917
156 7941
157 2062
157 4731
157 5066
157 9583
158 201
158 286
158 434
158 917
158 1106
158 1115
158 1232
158 1255
158 1763
158 1972
158 2243
158 2283
158 2382
158 2460
158 2767
158 2816
158 2919
158 2934
158 3171
158 3476
158 3984
158 4117
158 4187
158 4632
158 4731
158 4746
158 4880
158 4994
158 5066
158 5093
158 5100
158 5563
158 5720
158 5844
158 6203
158 6220
158 6223
158 6280
158 6373
158 6416
158 6448
158 6619
158 6808
158 6936
158 7290
158 7941
158 8119
158 8197
158 8363
158 8474
158 8508
158 8604
158 8956
158 9124
158 9152
158 9178
158 9204
158 9245
158 9247
158 9286
158 9289
158 9327
158 9347
158 9388
158 9393
158 9416
158 9427
158 9439
158 9441
158 9446
158 9448
158 9454
158 9465
158 9474
158 9487
158 9488
158 9490
158 9491
158 9492
158 9495
158 9499
158 9501
158 9505
158 9526
158 9527
158 9533
158 9543
158 9558
158 9560
158 9581
158 9596
158 9635
158 9636
158 9675
158 9685
158 9693
158 9713
158 9720
158 9726
158 9734
158 9786
158 9795
158 9805
158 9818
158 9830
158 9833
158 9839
158 9851
158 9856
158 9883
158 9889
158 9892
158 9900
158 9913
162 675
162 753
162 4080
162 5065
162 7027
162 7307
167 4397
167 7658
172 1877
172 5065
172 7162
172 7939
172 9592
172 9676
184 1068
184 1198
184 1359
184 1973
184 2081
184 2156
186 9630
190 9651
191 2989
191 9608
195 1278
195 4546
196 434
196 546
196 708
196 1247
196 2158
196 2223
196 2256
196 2767
196 2970
196 3107
196 3967
196 4138
196 4159
196 4187
196 5065
196 5120
196 5487
196 5550
196 5644
196 5652
196 5682
196 6102
196 6161
196 6650
196 6916
196 7190
196 7252
196 7871
196 7960
196 7985
196 8131
196 8474
196 8508
196 8758
196 9036
196 9302
196 9336
196 9342
196 9350
196 9352
196 9459
196 9469
196 9492
196 9543
196 9587
196 9596
196 9752
199 3457
201 258
201 434
201 455
201 546
201 573
201 1002
201 1242
201 1255
201 1369
201 1413
201 1540
201 1600
201 1667
201 1694
201 1794
201 2062
201 3030
201 3177
201 3405
201 3785
201 3856
201 3984
201 4216
201 4448
201 4641
201 4731
201 4839
201 4994
201 5352
201 5362
201 5577
201 5720
201 5747
201 5844
201 6280
201 6504
201 7034
201 7933
201 8363
201 8671
201 8956
201 8981
201 9158
201 9292
201 9316
201 9408
201 9469
201 9596
201 9781
201 9847
201 9858
201 9859
201 9866
201 9869
201 9872
201 9923
204 258
204 1057
215 9160
218 305
218 1206
221 621
221 881
221 2762
221 5065
221 7855
223 696
226 1366
226 2062
226 2650
226 3030
226 3166
226 4448
226 6223
226 6498
226 7371
226 8363
226 9366
226 9449
233 1359
240 859
240 1039
240 1255
240 6842
240 7620
247 2840
249 729
249 1106
249 1255
249 7335
249 9437
249 9756
253 1351
253 4523
253 9571
253 9805
255 729
255 9681
256 4031
258 447
258 528
258 536
258 618
258 686
258 762
258 852
258 1413
258 1470
258 1763
258 2131
258 2428
258 3811
258 4092
258 4187
258 5243
258 5362
258 5859
258 6203
258 7034
258 7290
258 8671
258 9152
258 9256
258 9722
258 9805
259 4488
267 1255
267 5221
267 9258
267 9751
271 4397
271 4536
271 9506
280 839
280 1144
280 1321
280 2488
280 2919
280 6095
280 9781
283 729
283 1106
283 4031
283 8608
286 568
286 1106
286 1115
286 2382
286 2460
286 2627
286 2930
286 3476
286 4493
286 5265
286 5386
286 6220
286 6803
286 6936
286 7710
286 7744
286 8119
286 8947
286 8950
286 8956
286 9402
286 9425
286 9427
286 9579
286 9637
286 9656
286 9675
286 9774
286 9820
286 9839
287 904
287 2389
287 4038
287 7335
287 9140
287 9243
287 9842
288 1664
288 2771
289 634
289 837
289 6506
290 883
290 2718
290 9785
297 686
297 1244
297 1413
297 2053
297 2223
297 3453
297 3984
297 4187
297 5041
297 8320
302 2970
302 8197
302 8632
302 9156
304 539
304 1470
304 1576
304 3980
304 4507
304 4949
304 6576
304 8184
304 9505
304 9619
304 9653
304 9779
304 9803
304 9887
305 1244
307 3281
307 8099
311 917
311 1115
311 4382
311 9330
311 9596
312 1576
312 1972
312 3990
312 7290
315 563
315 568
315 1278
315 1724
315 1751
315 1989
315 3030
315 6619
315 7190
315 7382
315 7391
315 8297
315 9303
315 9480
318 1788
318 5884
335 2123
339 729
339 3177
339 4997
339 7699
339 8338
339 8630
348 2255
348 2406
348 2762
348 4157
348 4546
348 8144
348 9469
349 1365
349 2816
349 3458
349 6154
349 7290
349 9301
349 9594
351 3177
351 5065
354 1298
354 4523
356 4231
358 1990
359 5018
359 5574
370 3125
370 4117
370 5471
370 8014
370 8151
374 1115
374 1198
374 1426
374 1576
374 1663
374 2762
374 3947
374 4117
374 5747
374 5899
374 7510
374 8061
374 9306
374 9365
374 9477
374 9570
377 9270
380 4064
380 4746
380 5220
380 5487
383 2692
383 2762
383 9294
383 9349
383 9637
383 9859
387 9705
390 1255
390 3049
390 4641
391 549
391 4216
391 4397
391 9308
403 407
404 2805
405 2619
407 432
407 546
407 837
407 904
407 919
407 1206
407 1255
407 1369
407 1413
407 1470
407 1831
407 1989
407 2028
407 2197
407 2529
407 2738
407 2816
407 2820
407 2919
407 3158
407 3341
407 4187
407 4714
407 5125
407 6014
407 6498
407 6779
407 6916
407 7290
407 7392
407 8197
407 8981
407 9152
407 9305
407 9550
407 9596
407 9613
410 9310
412 729
412 881
412 1106
412 8197
412 8466
412 9458
412 9497
412 9808
414 4746
414 9322
432 904
432 1863
432 1880
432 3417
432 5241
432 9158
433 5498
434 621
434 821
434 852
434 923
434 947
434 1041
434 1206
434 1365
434 1787
434 1972
434 2124
434 2156
434 2256
434 2739
434 2762
434 2816
434 3624
434 3856
434 4605
434 5100
434 5270
434 5935
434 6445
434 8159
434 8837
434 9292
434 9777
434 9884
434 9893
435 8306
442 1636
442 2038
442 2254
442 4488
442 6413
442 9247
444 455
444 6203
447 613
447 1174
447 1289
447 5173
447 7391
448 753
448 1917
455 536
455 699
455 1972
455 5929
455 5940
455 7782
455 9352
455 9376
455 9797
455 9869
461 1106
461 2741
461 9387
494 1973
502 510
504 1140
504 6373
504 9641
508 836
508 1877
508 2389
508 4419
508 5468
508 7658
519 686
519 9662
519 9663
528 1006
528 2031
528 3636
528 4092
528 4746
528 5467
528 5956
528 7491
528 7941
528 8780
528 9564
528 9580
528 9752
531 9398
536 539
536 1576
536 1636
536 2313
536 2650
536 2762
536 3501
536 3636
536 4117
536 4507
536 4589
536 4949
536 5065
536 8197
536 9152
536 9466
536 9603
536 9653
539 1925
539 1971
539 2598
539 2619
539 4216
539 4397
539 5616
539 5744
539 6479
539 9245
539 9869
545 4212
545 8582
545 9483
546 568
546 729
546 1041
546 1057
546 1106
546 1774
546 1917
546 2292
546 2350
546 2741
546 2816
546 3636
546 4116
546 4448
546 4632
546 4634
546 4866
546 5018
546 5065
546 5179
546 5471
546 5616
546 5682
546 5844
546 6491
546 6596
546 6692
546 6842
546 7290
546 7336
546 8969
546 9036
546 9204
546 9427
546 9441
546 9459
546 9482
546 9499
546 9655
546 9679
546 9687
546 9710
546 9770
546 9801
546 9804
546 9869
556 922
556 3945
556 4092
556 4325
556 4488
556 4798
556 4872
556 5265
556 6223
556 6338
556 9078
559 921
559 1877
563 577
563 3414
563 4798
563 6643
563 9281
563 9432
563 9608
568 621
568 729
568 1206
568 1298
568 1365
568 1831
568 1972
568 2822
568 2943
568 3030
568 3166
568 3281
568 3636
568 4448
568 4731
568 5018
568 6220
568 6280
568 6648
568 6817
568 7710
568 7744
568 8225
568 8297
568 9257
568 9323
568 9620
568 9780
568 9813
568 9820
568 9883
570 968
570 1255
570 1787
570 2319
570 2820
570 4632
570 9550
573 634
573 762
573 919
573 1002
573 1048
573 1106
573 1255
573 1917
573 2070
573 2255
573 3785
573 4746
573 5220
573 9189
573 9656
577 618
577 677
577 905
577 1140
577 1198
577 1242
577 1514
577 1774
577 1971
577 2184
577 2762
577 2821
577 2930
577 3672
577 4188
577 4280
577 5065
577 5938
577 6643
577 6945
577 7391
577 8297
577 8512
577 8635
577 8751
577 8809
577 8838
577 8841
577 9071
577 9158
577 9336
577 9395
577 9406
577 9436
577 9469
577 9480
577 9485
577 9552
577 9608
577 9667
577 9690
577 9695
599 3441
602 4283
602 7857
608 4632
608 7658
608 9122
610 729
610 836
610 881
610 1510
610 1751
610 1774
610 1985
610 2057
610 2256
610 2762
610 2930
610 3636
610 3727
610 3893
610 3967
610 4059
610 5306
610 5386
610 8197
610 8297
610 8838
610 9168
610 9197
610 9297
610 9336
610 9346
610 9352
610 9412
610 9469
610 9471
610 9598
612 1604
613 1562
613 1972
613 2762
613 3062
613 3283
613 3580
613 4839
613 5120
613 5125
613 7194
613 7857
613 8837
613 9763
613 9805
613 9872
618 852
618 2529
618 2954
618 4798
618 5065
618 5606
618 5704
618 5911
618 5912
618 7290
618 7391
618 9406
618 9436
618 9601
618 9608
618 9695
618 9697
618 9802
619 9414
621 677
621 785
621 839
621 904
621 1036
621 1223
621 2406
621 2762
621 2989
621 3030
621 3166
621 4031
621 4577
621 4783
621 4873
621 5065
621 5243
621 5305
621 5550
621 6062
621 6916
621 6945
621 7208
621 8078
621 8297
621 8363
621 8474
621 8600
621 9024
621 9158
621 9262
621 9274
621 9323
621 9368
621 9369
621 9432
621 9434
621 9471
621 9490
621 9492
621 9512
621 9608
621 9632
621 9637
621 9706
621 9720
621 9749
621 9792
621 9885
621 9901
634 921
634 1917
634 2355
636 1863
636 4117
636 4632
636 5362
636 9308
641 1140
641 1812
641 2156
641 2762
641 4117
641 5065
641 5272
641 7491
641 8981
641 9329
641 9343
641 9657
641 9673
644 4188
644 9496
647 4038
647 4251
647 9596
656 921
656 1917
656 2619
656 3756
656 4080
659 4092
659 4589
659 5173
659 6203
659 7195
659 9664
662 2393
669 9407
671 1576
671 2762
673 4731
677 4280
682 2156
682 3646
682 5844
686 1540
686 1636
686 7034
691 9337
691 9368
699 1763
703 1612
703 3030
703 3505
703 4031
703 9368
708 1036
708 1972
708 3545
708 8061
708 9152
708 9746
712 4187
712 6619
712 8841
712 9158
712 9369
712 9406
712 9550
712 9861
713 5066
729 852
729 904
729 921
729 923
729 1106
729 1298
729 1786
729 1863
729 1917
729 2053
729 2126
729 2428
729 2527
729 2529
729 2741
729 2785
729 2943
729 3267
729 3648
729 4092
729 4116
729 4138
729 4632
729 4949
729 5065
729 5215
729 5305
729 5362
729 5593
729 5699
729 6108
729 6280
729 6491
729 6498
729 6666
729 6779
729 7234
729 7290
729 7391
729 7961
729 8096
729 8197
729 8574
729 8634
729 8837
729 8849
729 8914
729 9036
729 9158
729 9264
729 9284
729 9285
729 9286
729 9335
729 9393
729 9415
729 9421
729 9454
729 9490
729 9495
729 9596
729 9625
729 9755
729 9786
729 9810
729 9829
736 1255
736 2627
736 3887
736 3969
736 9483
753 1917
753 2199
753 4080
753 4472
760 7234
762 1256
762 1521
762 2062
762 2197
762 2762
762 3030
762 3636
762 4605
762 5270
762 5599
762 5652
762 6223
762 6594
762 7658
762 7710
762 9158
762 9346
762 9382
762 9445
762 9755
763 6434
774 4746
781 9383
785 2868
785 9152
789 9520
794 2428
801 5362
803 4011
803 4839
803 9209
813 4731
813 9628
817 9839
821 1106
821 4746
821 7028
821 7742
821 9525
821 9770
823 1854
823 9152
836 968
836 1298
836 1877
836 1917
836 2184
836 3785
836 4080
836 4528
836 5305
836 6996
836 7027
836 7379
836 9285
836 9462
836 9647
836 9873
837 920
837 968
837 1041
837 1365
837 1510
837 2243
837 2389
837 3337
837 3457
837 3947
837 4117
837 4187
837 4373
837 4471
837 4746
837 5065
837 6686
837 6803
837 8768
837 9306
837 9362
837 9569
837 9637
837 9726
837 9872
837 9891
839 1062
839 1255
839 1483
839 2729
839 2970
839 3541
839 4080
839 4634
839 4746
839 5065
839 6448
839 6779
839 6945
839 9152
839 9249
839 9666
846 1255
846 4419
846 6788
846 9628
852 881
852 884
852 922
852 1256
852 1321
852 1364
852 1470
852 2318
852 2428
852 2529
852 2762
852 3171
852 3313
852 3515
852 3681
852 3887
852 4116
852 4187
852 4489
852 4680
852 4846
852 5100
852 5692
852 5720
852 5859
852 5935
852 6280
852 6576
852 6779
852 6816
852 6817
852 6947
852 7094
852 7290
852 8093
852 8234
852 8682
852 9158
852 9233
852 9287
852 9294
852 9326
852 9368
852 9380
852 9385
852 9425
852 9428
852 9448
852 9475
852 9507
852 9516
852 9560
852 9598
852 9756
852 9775
852 9788
852 9895
881 1057
881 1470
881 2529
881 2583
881 2767
881 2815
881 2956
881 3183
881 3283
881 3745
881 4092
881 4171
881 4187
881 4866
881 5125
881 5247
881 5679
881 6467
881 6779
881 7028
881 7034
881 8197
881 8526
881 8630
881 8969
881 9317
881 9353
881 9386
881 9408
881 9415
881 9463
881 9575
881 9607
881 9701
881 9728
883 2046
883 2746
885 1844
886 9291
891 921
891 1242
891 2019
891 2413
891 4216
891 4384
891 4727
891 5267
891 5362
891 5366
891 9461
891 9468
891 9826
895 1255
895 1581
895 1804
895 1807
895 1917
895 2255
895 3951
895 4157
895 4226
895 5065
895 6810
895 7127
895 7658
895 8093
895 8260
895 8578
895 9189
895 9625
895 9628
897 1002
897 1369
897 1877
897 4523
897 7236
897 7391
897 9152
898 1636
898 9695
904 1255
904 1265
904 1732
904 1917
904 1972
904 2086
904 2098
904 2158
904 2319
904 2529
904 2589
904 2762
904 2816
904 2919
904 3030
904 3158
904 3177
904 4110
904 4280
904 4523
904 4783
904 5270
904 5468
904 5550
904 5652
904 5682
904 5844
904 6867
904 6945
904 8197
904 8600
904 9152
904 9161
904 9787
904 9792
904 9867
905 2650
905 2934
905 4064
905 9818
907 1365
907 4556
907 9294
907 9337
917 2529
917 2762
917 2767
917 4632
917 5065
917 5487
917 9152
917 9761
919 4216
919 6779
919 7681
919 8093
919 9632
919 9683
919 9735
919 9756
920 2767
920 4731
920 9596
921 923
921 968
921 1255
921 1369
921 1917
921 2053
921 2122
921 2126
921 3484
921 4419
921 4731
921 5066
921 5468
921 6498
921 7335
921 7620
922 2254
922 3636
922 9294
928 1075
928 1255
928 1298
928 4746
928 7961
928 9843
938 9439
946 1917
946 3107
946 4746
948 2319
948 3169
948 5102
948 8043
948 9687
948 9782
959 8363
963 1745
968 1255
968 1369
968 2255
968 2816
968 3166
968 3648
968 4031
968 4080
968 4226
968 4632
968 5468
968 5553
968 5599
968 5658
968 5783
968 5933
968 7855
968 9122
968 9826
983 7961
995 6264
1002 1242
1002 1413
1002 1422
1002 1908
1002 2583
1002 2603
1002 2956
1002 3969
1002 5215
1002 7998
1002 9189
1002 9354
1002 9447
1002 9533
1002 9539
1002 9597
1002 9621
1002 9628
1002 9677
1002 9723
1002 9898
1002 9908
1002 9910
1006 2489
1006 4670
1006 6315
1006 6779
1007 3030
1007 4187
1007 6498
1007 9550
1017 2165
1036 5065
1036 5550
1036 5912
1036 9434
1036 9518
1036 9631
1041 1057
1041 1106
1041 1576
1041 2858
1041 4117
1041 9391
1044 1051
1044 2234
1044 2956
1044 9042
1044 9312
1044 9447
1044 9559
1048 1563
1048 1877
1048 1917
1048 2126
1048 2767
1048 3984
1048 4731
1048 5498
1051 8197
1056 1517
1056 2396
1056 2472
1056 4419
1056 4570
1056 7944
1057 1106
1057 2156
1057 2412
1057 2762
1057 2956
1057 2970
1057 3166
1057 3708
1057 4080
1057 6779
1057 7872
1057 8197
1057 8416
1057 8466
1057 8526
1057 8969
1057 9257
1057 9385
1057 9524
1057 9582
1060 2943
1060 4001
1060 4632
1060 6596
1060 9826
1070 8208
1070 9915
1075 2284
1097 5967
1099 1255
1106 1392
1106 1470
1106 1576
1106 2070
1106 2319
1106 2350
1106 2529
1106 2741
1106 2815
1106 3107
1106 3195
1106 3377
1106 3417
1106 3984
1106 4092
1106 4116
1106 4117
1106 4403
1106 4507
1106 4632
1106 4731
1106 4746
1106 5093
1106 5220
1106 5471
1106 5679
1106 6160
1106 6203
1106 6223
1106 6596
1106 7194
1106 8197
1106 8484
1106 8574
1106 8608
1106 8969
1106 8970
1106 8981
1106 9079
1106 9140
1106 9313
1106 9363
1106 9375
1106 9401
1106 9474
1106 9687
1106 9704
1106 9712
1106 9747
1106 9840
1115 2283
1115 2627
1115 2762
1115 3476
1115 4448
1115 8682
1115 8947
1115 9156
1115 9330
1115 9402
1115 9596
1115 9691
1115 9725
1115 9797
1115 9799
1115 9839
1115 9851
1115 9865
1115 9900
1115 9916
1126 3414
1128 9285
1135 9322
1140 1812
1140 5065
1144 1148
1144 1179
1144 1763
1144 3509
1144 5016
1144 5652
1144 8671
1144 8758
1144 9452
1144 9762
1147 9421
1177 8688
1177 9765
1179 1242
1179 2396
1179 4746
1179 4765
1179 4860
1198 1576
1198 2156
1198 2428
1198 2762
1198 3030
1198 3377
1198 4680
1198 5720
1198 5899
1198 7290
1198 9152
1198 9168
1198 9294
1198 9314
1198 9446
1198 9617
1198 9634
1206 1787
1206 1844
1206 2529
1206 3636
1206 4605
1206 5270
1206 5935
1206 8197
1206 8225
1206 8682
1206 9324
1206 9380
1206 9426
1206 9788
1223 4157
1223 4962
1223 6702
1223 7325
1223 9352
1223 9749
1232 5065
1232 9644
1235 1255
1235 5041
1235 5658
1235 9444
1235 9918
1242 1244
1242 1359
1242 1563
1242 1917
1242 2413
1242 2603
1242 3341
1242 4187
1242 4746
1242 5368
1242 5844
1242 5933
1242 7531
1242 8676
1242 9308
1242 9683
1243 8382
1244 1413
1244 1510
1244 1540
1244 2019
1244 5362
1244 9698
1244 9768
1247 3160
1247 6373
1247 7391
1255 1413
1255 1576
1255 1612
1255 1732
1255 1804
1255 1863
1255 2086
1255 2158
1255 2255
1255 2299
1255 2319
1255 2350
1255 2738
1255 2741
1255 2816
1255 2845
1255 2869
1255 2943
1255 3166
1255 3405
1255 3484
1255 3624
1255 3648
1255 3727
1255 4187
1255 4226
1255 4390
1255 4419
1255 4448
1255 4523
1255 4632
1255 4641
1255 4680
1255 4746
1255 4771
1255 4949
1255 5065
1255 5270
1255 5440
1255 5468
1255 5498
1255 5658
1255 5935
1255 6419
1255 6494
1255 6504
1255 6506
1255 6810
1255 6885
1255 7035
1255 7071
1255 7162
1255 7290
1255 7371
1255 7620
1255 7658
1255 7710
1255 8043
1255 8093
1255 8234
1255 8260
1255 8363
1255 8758
1255 8796
1255 9140
1255 9152
1255 9158
1255 9277
1255 9295
1255 9339
1255 9393
1255 9426
1255 9572
1255 9583
1255 9596
1255 9633
1255 9698
1255 9738
1255 9751
1255 9769
1255 9781
1255 9843
1255 9849
1255 9888
1256 1321
1256 1604
1256 2545
1256 2640
1256 3313
1256 4187
1256 5566
1256 5720
1256 5935
1256 7290
1256 7816
1256 8956
1256 9337
1256 9448
1256 9470
1256 9475
1256 9544
1256 9565
1256 9596
1256 9788
1256 9854
1256 9893
1264 2389
1264 6171
1264 9744
1265 9469
1268 2199
1268 2956
1268 4632
1268 5649
1268 9295
1268 9302
1268 9338
1268 9467
1268 9597
1268 9610
1272 9878
1278 2930
1278 3030
1278 5682
1278 6290
1278 6373
1278 8634
1283 1636
1283 8234
1283 9668
1290 1908
1290 7097
1298 1818
1298 3528
1298 4523
1298 4783
1298 5468
1298 5658
1298 7658
1300 1972
1304 9367
1318 8131
1319 3125
1319 5066
1321 1947
1321 2739
1321 3313
1321 3405
1321 3545
1321 3882
1321 5463
1321 6280
1321 6816
1321 6817
1321 8093
1321 9124
1321 9409
1321 9656
1333 8969
1335 4397
1338 3107
1341 1917
1348 9815
1359 1470
1359 1474
1359 1604
1359 1636
1359 2053
1359 2529
1359 2756
1359 2762
1359 3062
1359 3254
1359 3893
1359 4746
1359 5125
1359 5179
1359 5305
1359 5362
1359 5366
1359 5724
1359 5844
1359 5933
1359 6779
1359 7311
1359 7519
1359 7933
1359 8508
1359 8525
1359 9071
1359 9158
1359 9271
1359 9360
1359 9392
1359 9411
1359 9469
1359 9474
1359 9483
1359 9555
1359 9636
1359 9686
1359 9693
1359 9726
1359 9822
1359 9894
1359 9911
1361 1470
1361 2360
1361 4092
1361 8364
1361 9078
1361 9385
1361 9526
1361 9533
1361 9584
1361 9653
1361 9702
1361 9708
1361 9724
1361 9754
1361 9769
1364 6336
1365 2156
1365 2360
1365 3075
1365 3171
1365 3417
1365 3681
1365 4092
1365 4187
1365 4556
1365 4771
1365 7034
1365 9156
1365 9158
1365 9475
1365 9488
1365 9594
1365 9603
1365 9641
1366 1369
1366 5788
1369 1413
1369 1510
1369 1540
1369 1877
1369 2199
1369 3975
1369 5305
1369 5599
1369 5844
1369 7335
1369 7336
1369 9467
1369 9555
1369 9894
1369 9896
1375 9614
1381 3044
1388 3155
1388 4680
1388 5441
1390 2255
1390 2674
1390 2756
1390 2762
1390 4117
1390 4632
1390 4839
1390 5125
1390 5345
1390 7034
1390 8093
1390 9302
1390 9521
1392 1917
1392 3313
1392 4138
1392 5366
1392 5652
1392 9322
1392 9509
1395 6015
1395 6439
1395 7857
1413 2360
1413 3030
1413 3158
1413 4632
1413 4680
1413 5125
1413 6779
1413 7982
1413 8234
1413 8671
1413 9235
1413 9323
1413 9628
1413 9712
1413 9875
1413 9906
1413 9908
1416 3975
1421 3341
1421 6779
1422 6779
1422 9513
1470 1576
1470 2098
1470 2762
1470 3171
1470 3636
1470 3887
1470 4092
1470 4488
1470 4632
1470 4727
1470 4949
1470 5616
1470 5704
1470 5720
1470 5844
1470 6576
1470 6683
1470 6769
1470 7034
1470 7281
1470 7290
1470 8093
1470 8197
1470 8416
1470 9035
1470 9353
1470 9356
1470 9369
1470 9393
1470 9430
1470 9446
1470 9565
1470 9580
1470 9603
1470 9606
1470 9648
1470 9743
1470 9766
1470 9812
1474 3893
1483 8993
1510 2122
1510 2956
1510 5125
1510 5724
1510 7097
1510 8197
1510 8809
1510 9404
1510 9468
1515 2118
1515 4031
1515 4523
1515 4910
1517 9308
1517 9338
1521 1704
1521 2718
1521 7216
1525 4242
1525 7033
1525 9283
1529 3158
1533 1972
1539 1612
1539 1751
1539 2816
1539 4746
1539 6280
1539 6498
1539 8225
1539 9122
1539 9641
1540 2243
1540 4057
1540 4117
1540 4187
1540 5724
1540 6779
1540 7681
1540 7754
1540 9271
1540 9464
1540 9468
1540 9559
1540 9894
1543 9371
1550 6942
1550 7391
1561 5682
1561 6467
1561 9108
1563 1917
1563 2805
1563 4731
1563 5649
1563 6498
1563 9731
1565 4746
1571 8260
1576 1604
1576 1636
1576 1774
1576 1824
1576 1863
1576 1940
1576 2243
1576 2355
1576 2381
1576 2522
1576 2583
1576 2762
1576 3171
1576 3501
1576 3636
1576 3887
1576 4059
1576 4116
1576 4488
1576 4556
1576 4727
1576 4949
1576 5125
1576 5173
1576 5724
1576 6223
1576 6576
1576 6779
1576 6816
1576 7290
1576 7546
1576 7985
1576 8313
1576 8750
1576 8993
1576 9124
1576 9136
1576 9204
1576 9247
1576 9312
1576 9347
1576 9353
1576 9375
1576 9386
1576 9392
1576 9446
1576 9481
1576 9550
1576 9579
1576 9596
1576 9599
1576 9603
1576 9641
1576 9663
1576 9702
1576 9743
1576 9752
1576 9754
1581 6784
1600 6618
1604 2111
1604 2156
1604 2319
1604 2756
1604 3030
1604 3077
1604 3608
1604 3855
1604 4092
1604 4632
1604 4783
1604 4839
1604 5270
1604 5272
1604 5487
1604 5652
1604 6373
1604 6779
1604 6817
1604 7290
1604 8093
1604 8566
1604 9276
1604 9475
1606 1831
1606 9460
1612 1788
1612 2762
1612 2816
1612 3030
1612 3171
1612 3648
1612 4798
1612 5468
1612 6498
1612 9152
1612 9573
1612 9720
1622 2360
1622 3355
1622 4536
1622 4577
1622 4798
1622 5681
1622 8197
1622 9368
1622 9407
1622 9471
1622 9695
1622 9897
1625 5362
1625 5616
1625 9305
1625 9722
1633 5906
1636 2038
1636 2131
1636 2868
1636 3065
1636 3636
1636 4028
1636 4577
1636 4746
1636 5006
1636 5021
1636 5125
1636 5215
1636 5616
1636 5844
1636 6779
1636 6889
1636 7816
1636 7998
1636 8807
1636 9152
1636 9204
1636 9312
1636 9345
1636 9398
1636 9409
1636 9427
1636 9430
1636 9441
1636 9456
1636 9499
1636 9540
1636 9559
1636 9563
1636 9596
1636 9603
1636 9648
1636 9653
1636 9696
1636 9793
1636 9823
1636 9840
1650 4489
1658 1724
1658 9189
1658 9597
1660 2767
1664 4157
1664 6358
1664 6498
1664 7325
1664 8194
1664 9613
1664 9698
1675 1732
1675 1786
1675 2943
1675 4746
1675 8099
1680 1917
1687 2053
1687 3254
1687 4731
1691 6448
1694 2062
1694 4641
1694 5658
1704 4117
1704 4746
1704 9152
1704 9740
1709 2840
1709 5828
1709 6362
1709 7658
1709 8347
1709 9731
1717 3313
1717 9516
1724 4031
1724 4280
1724 7208
1724 8600
1724 9471
1724 9512
1724 9552
1724 9597
1724 9669
1731 3281
1732 4523
1733 4731
1737 4493
1737 5125
1737 5550
1742 1894
1742 2727
1742 3267
1742 6916
1742 7371
1742 7961
1742 8197
1742 8363
1742 8474
1742 9080
1742 9322
1742 9633
1742 9713
1742 9721
1745 9560
1749 9483
1751 6467
1751 7190
1751 8297
1751 9459
1755 5912
1755 9554
1763 2541
1763 5120
1763 5652
1763 5682
1763 5929
1763 8600
1763 8758
1763 9027
1763 9312
1763 9373
1763 9543
1763 9628
1768 6203
1768 9245
1774 2529
1774 8093
1774 9272
1774 9323
1779 4731
1779 5366
1779 9331
1785 9544
1786 1787
1786 1995
1786 4746
1786 5215
1786 5694
1786 9144
1786 9334
1786 9536
1787 2529
1787 2741
1787 2868
1787 3313
1787 3856
1787 4605
1787 5362
1787 5487
1787 5658
1787 5935
1787 8849
1787 9037
1787 9245
1787 9292
1787 9650
1788 1958
1788 4465
1788 4783
1788 4855
1788 4994
1788 5550
1788 5606
1788 9573
1788 9644
1793 4397
1794 5100
1804 2027
1804 2255
1804 2319
1804 6310
1804 8901
1804 9655
1807 4117
1812 6779
1818 9680
1818 9830
1819 9152
1824 1877
1824 4419
1824 5966
1824 9322
1825 3113
1825 4171
1825 7290
1825 9368
1825 9614
1826 9037
1826 9318
1831 3636
1831 8225
1831 9803
1836 2412
1836 2453
1836 2619
1836 4199
1836 4949
1844 2545
1844 2947
1844 9500
1854 1877
1854 2027
1854 6784
1857 3030
1857 5658
1857 6498
1863 4117
1863 5243
1863 6576
1863 9480
1877 2199
1877 2319
1877 2453
1877 2603
1877 3177
1877 3405
1877 4080
1877 4419
1877 4546
1877 4680
1877 4997
1877 5966
1877 6223
1877 6434
1877 6996
1877 7261
1877 7939
1877 8173
1877 8682
1877 8868
1877 9533
1877 9592
1877 9596
1877 9610
1877 9621
1877 9628
1877 9649
1877 9698
1877 9713
1877 9739
1877 9786
1877 9862
1877 9922
1879 9479
1894 9557
1917 2126
1917 2360
1917 2435
1917 2729
1917 2762
1917 2943
1917 2970
1917 3107
1917 3125
1917 3177
1917 3265
1917 3283
1917 4001
1917 4080
1917 4171
1917 4216
1917 4731
1917 5018
1917 5065
1917 5305
1917 5501
1917 5615
1917 6491
1917 6596
1917 6692
1917 6945
1917 7071
1917 7127
1917 7336
1917 7379
1917 8099
1917 8901
1917 9322
1917 9401
1917 9414
1917 9567
1917 9624
1917 9633
1917 9776
1917 9783
1917 9800
1917 9902
1922 2313
1922 2767
1922 9435
1925 2053
1925 4731
1925 6779
1925 8786
1925 8796
1929 6779
1940 4092
1941 8024
1941 9583
1957 3313
1958 9639
1966 7391
1971 2389
1972 2086
1972 2158
1972 2730
1972 2762
1972 2775
1972 2868
1972 2919
1972 2930
1972 3624
1972 4187
1972 4523
1972 5468
1972 5550
1972 6220
1972 6280
1972 6619
1972 8097
1972 8297
1972 8758
1972 9322
1972 9323
1972 9449
1972 9628
1972 9713
1973 9469
1977 9140
1977 9687
1977 9751
1985 2283
1985 2767
1985 4839
1985 5535
1985 6232
1985 6280
1985 9130
1985 9469
1985 9692
1985 9832
1989 2767
1989 8598
1989 9124
1994 2428
1994 5593
1994 9393
1995 8363
2011 2165
2019 2413
2019 2674
2019 2956
2019 4731
2019 4771
2019 5362
2019 6543
2019 9195
2019 9689
2019 9754
2023 9816
2024 2762
2027 4080
2027 6708
2027 9161
2027 9189
2027 9767
2038 2254
2044 4057
2044 9722
2053 2204
2053 2360
2053 2729
2053 2762
2053 3107
2053 3254
2053 4048
2053 4080
2053 4523
2053 4731
2053 5174
2053 5362
2053 6242
2053 6692
2053 7033
2053 8182
2053 9195
2053 9689
2053 9717
2057 2660
2057 2762
2057 2767
2057 5306
2057 8225
2057 9405
2062 2845
2062 3166
2062 3648
2062 4523
2062 4641
2062 6373
2062 6467
2062 7371
2062 8914
2062 9122
2062 9449
2062 9829
2067 2816
2070 4746
2070 7699
2070 8630
2081 2762
2081 9392
2086 3843
2086 4031
2086 5682
2086 6373
2086 8131
2086 9450
2086 9492
2089 4092
2089 8212
2089 8466
2089 9696
2089 9702
2095 9828
2098 2816
2098 6945
2098 8197
2098 9158
2102 4397
2111 9724
2118 2816
2118 3648
2118 4031
2118 5479
2118 6498
2118 9152
2122 8173
2122 9189
2122 9554
2123 8338
2123 9421
2124 2243
2124 4092
2124 4530
2124 5720
2124 7421
2124 8364
2124 8824
2124 9294
2124 9385
2124 9526
2124 9576
2126 5065
2128 5966
2131 2156
2148 3313
2148 9756
2149 2389
2149 2714
2149 4080
2149 9550
2154 9502
2156 2529
2156 2762
2156 2868
2156 3509
2156 4187
2156 4605
2156 4727
2156 6223
2156 7491
2156 9152
2156 9245
2156 9525
2156 9752
2156 9884
2158 2319
2158 2472
2158 2930
2158 3484
2158 3969
2158 4157
2158 5498
2158 5912
2158 5926
2158 6373
2158 7290
2158 9412
2165 4746
2169 8363
2177 2529
2177 3313
2177 3681
2177 6817
2184 3030
2184 4523
2184 5065
2184 8600
2192 4746
2197 2256
2197 7073
2197 9446
2199 4390
2199 4731
2199 5065
2199 5366
2199 6770
2199 6843
2199 7097
2199 9243
2199 9446
2199 9554
2204 4731
2204 8796
2204 9110
2204 9633
2223 2762
2223 3984
2223 5692
2223 5831
2223 7266
2223 8061
2223 9152
2223 9439
2223 9526
2234 2324
2234 2529
2234 6779
2234 8269
2234 9312
2234 9804
2234 9907
2240 4138
2243 2360
2243 2902
2243 3756
2243 3984
2243 4746
2243 5551
2243 5844
2243 5918
2243 6280
2243 7093
2243 9036
2243 9204
2243 9497
2243 9536
2243 9584
2248 9756
2254 2437
2254 4949
2254 5125
2254 5694
2254 7934
2254 8515
2254 9255
2254 9314
2254 9345
2254 9346
2254 9347
2254 9355
2255 2265
2255 2319
2255 2350
2255 2406
2255 2496
2255 3969
2255 4589
2255 6064
2255 6162
2255 8796
2255 8924
2255 9277
2255 9744
2255 9760
2256 2767
2256 2930
2256 3075
2256 3158
2256 4280
2256 5018
2256 5550
2256 7190
2256 7325
2256 9469
2256 9615
2256 9673
2265 9280
2283 9711
2286 2396
2286 9308
2286 9461
2292 3171
2292 4536
2292 5267
2292 6692
2292 9533
2292 9550
2292 9667
2297 4523
2306 2845
2306 9609
2313 2583
2313 8522
2313 9071
2313 9204
2313 9345
2313 9347
2313 9880
2319 2453
2319 2619
2319 2888
2319 4038
2319 4419
2319 4746
2319 6108
2319 7127
2319 7335
2319 8197
2319 8301
2319 8807
2319 9457
2319 9495
2319 9550
2319 9677
2319 9698
2319 9792
2324 6788
2324 7335
2324 9189
2324 9698
2325 7658
2333 9615
2340 9756
2346 8061
2350 3381
2350 3624
2350 8970
2350 9580
2355 2650
2355 9391
2360 2718
2360 3031
2360 7034
2360 7944
2360 8197
2360 9641
2381 4092
2382 4187
2389 2472
2389 3169
2389 3484
2389 3951
2389 4419
2389 4570
2389 4997
2389 5596
2389 6064
2389 6172
2389 7127
2389 8260
2389 8796
2389 9140
2389 9161
2389 9687
2389 9744
2389 9767
2393 3024
2393 9152
2396 2645
2396 2970
2396 4798
2396 9770
2405 4749
2406 2472
2406 4765
2406 5468
2406 9080
2406 9850
2412 2603
2412 3377
2412 4251
2412 4771
2412 6160
2412 6714
2412 8197
2413 5367
2418 5065
2418 6916
2418 6945
2418 9393
2423 3984
2423 7392
2423 9596
2428 2762
2428 4059
2428 4641
2428 5065
2428 6419
2428 7546
2428 7816
2428 8466
2428 9399
2428 9806
2432 3160
2434 4680
2437 3405
2437 9446
2453 4419
2453 9280
2453 9881
2455 9473
2460 4493
2460 7726
2460 7751
2460 9311
2460 9644
2465 6945
2468 2619
2472 5948
2472 6064
2472 7127
2472 7872
2472 9270
2472 9370
2472 9469
2487 4397
2488 2529
2488 7094
2489 7480
2496 6203
2504 9502
2522 9451
2526 2529
2526 9356
2527 4783
2527 9245
2527 9483
2527 9728
2527 9889
2529 2545
2529 2627
2529 2756
2529 2762
2529 2767
2529 3155
2529 3313
2529 3585
2529 3707
2529 3887
2529 4187
2529 4605
2529 4641
2529 4680
2529 4746
2529 5427
2529 5720
2529 5935
2529 6280
2529 6817
2529 7186
2529 7198
2529 7290
2529 7710
2529 8208
2529 8363
2529 9195
2529 9257
2529 9288
2529 9339
2529 9380
2529 9521
2529 9524
2529 9581
2529 9596
2529 9598
2529 9643
2529 9660
2529 9662
2529 9698
2529 9827
2529 9851
2529 9854
2529 9866
2529 9895
2534 2669
2534 6203
2534 7982
2534 8566
2541 2762
2541 5306
2541 9321
2562 4783
2562 7261
2562 7681
2582 9323
2583 2598
2583 2956
2583 4382
2583 5679
2583 6801
2583 8197
2583 9263
2583 9603
2589 2728
2589 5471
2589 5679
2592 2919
2593 7391
2593 8197
2598 7391
2598 9717
2598 9897
2599 2970
2599 3984
2599 9712
2599 9882
2600 9308
2600 9614
2603 3951
2603 5574
2603 7335
2603 8197
2603 8970
2605 8197
2605 9245
2605 9726
2617 9360
2617 9409
2617 9562
2617 9670
2619 4632
2619 6108
2619 8363
2619 8578
2619 9036
2619 9322
2627 3984
2627 4641
2627 4727
2627 5041
2627 5065
2627 6290
2627 8119
2627 8197
2627 8582
2627 9294
2627 9319
2627 9441
2627 9584
2627 9604
2650 2930
2650 5215
2650 7216
2660 4839
2665 9874
2669 4632
2669 7658
2669 8173
2669 9596
2674 4680
2674 9248
2682 7710
2691 5859
2691 6439
2691 7857
2691 9439
2692 3785
2692 3947
2692 4746
2692 5065
2692 9524
2692 9757
2692 9825
2693 9152
2694 5822
2694 9140
2694 9152
2694 9354
2694 9792
2716 3322
2716 7325
2718 5066
2724 9716
2727 3123
2727 4783
2729 5305
2729 9144
2730 4746
2730 5066
2730 6160
2730 6648
2730 6945
2730 7851
2730 9245
2730 9259
2738 2956
2738 4188
2739 9441
2741 8121
2756 3313
2756 5173
2756 6336
2756 6779
2756 6817
2756 7034
2756 8093
2756 9288
2756 9294
2756 9641
2756 9756
2762 2767
2762 2868
2762 2902
2762 2957
2762 3088
2762 3230
2762 3377
2762 3388
2762 3636
2762 3745
2762 3967
2762 4011
2762 4116
2762 4136
2762 4488
2762 4749
2762 4839
2762 5065
2762 5173
2762 5386
2762 5966
2762 6279
2762 6280
2762 6349
2762 6463
2762 6576
2762 6619
2762 6867
2762 7034
2762 7190
2762 7546
2762 8077
2762 8096
2762 8297
2762 8357
2762 8831
2762 8993
2762 9062
2762 9152
2762 9168
2762 9245
2762 9257
2762 9332
2762 9349
2762 9359
2762 9368
2762 9384
2762 9392
2762 9393
2762 9416
2762 9442
2762 9446
2762 9469
2762 9478
2762 9640
2762 9641
2762 9664
2762 9674
2762 9686
2762 9696
2762 9729
2762 9754
2762 9904
2767 2915
2767 2956
2767 3254
2767 3476
2767 3984
2767 4187
2767 4556
2767 4632
2767 4746
2767 5120
2767 5616
2767 5720
2767 5929
2767 6220
2767 6280
2767 6463
2767 6467
2767 6756
2767 7093
2767 8067
2767 8096
2767 8159
2767 8525
2767 8947
2767 9156
2767 9278
2767 9294
2767 9412
2767 9423
2767 9425
2767 9441
2767 9458
2767 9465
2767 9483
2767 9491
2767 9540
2767 9581
2767 9587
2767 9590
2767 9637
2767 9658
2767 9724
2767 9761
2771 7872
2771 9696
2773 9424
2775 2919
2775 3692
2775 4011
2775 5306
2775 7153
2775 9245
2775 9423
2775 9484
2775 9510
2775 9562
2775 9598
2775 9703
2785 4048
2785 5265
2785 8604
2789 6686
2815 3030
2815 4092
2815 9168
2816 3024
2816 3030
2816 3177
2816 3474
2816 3850
2816 4297
2816 4615
2816 4641
2816 4841
2816 5179
2816 5479
2816 5658
2816 6220
2816 6467
2816 6498
2816 6683
2816 7710
2816 8600
2816 8688
2816 9122
2816 9316
2816 9341
2816 9397
2816 9583
2816 9613
2816 9641
2818 9438
2818 9733
2820 2868
2820 2919
2820 4731
2820 4746
2820 5912
2820 5935
2820 6118
2820 6434
2820 6506
2820 6638
2820 8313
2820 8550
2820 9245
2820 9346
2820 9446
2820 9596
2820 9600
2820 9660
2820 9698
2820 9806
2821 6619
2821 6945
2821 8297
2821 8635
2821 9471
2822 9713
2840 3030
2840 3329
2840 3673
2840 5682
2845 4448
2845 9531
2845 9572
2868 2957
2868 4092
2868 4489
2868 9323
2868 9484
2868 9673
2868 9684
2868 9741
2868 9846
2882 9375
2888 2970
2888 4632
2888 9625
2893 3984
2902 3107
2902 3195
2902 8099
2902 9645
2919 4589
2919 4798
2919 6220
2919 6280
2919 6498
2919 7751
2919 9330
2919 9525
2919 9562
2919 9675
2930 5065
2930 6264
2930 6373
2930 6867
2930 7194
2930 8078
2930 9459
2930 9469
2930 9669
2930 9850
2930 9902
2934 6280
2934 8682
2934 9818
2943 4632
2943 4746
2943 5859
2943 8939
2943 9421
2943 9565
2943 9628
2954 3798
2956 4536
2956 5345
2956 5366
2956 8484
2956 9161
2956 9195
2956 9245
2956 9312
2956 9441
2956 9479
2956 9603
2956 9769
2956 9845
2970 4546
2970 5065
2970 6596
2970 8197
2970 9322
2970 9784
2974 5362
2974 8796
2989 3171
2995 5141
2995 7208
2995 9322
2995 9420
3013 9481
3013 9728
3023 9233
3023 9895
3024 5658
3024 7208
3024 7391
3024 8600
3024 9462
3024 9746
3024 9830
3029 4536
3029 5816
3029 8608
3029 9697
3030 3484
3030 3505
3030 3648
3030 4031
3030 4216
3030 4448
3030 4523
3030 4577
3030 4632
3030 4680
3030 5141
3030 5468
3030 5658
3030 6110
3030 6498
3030 6596
3030 6842
3030 7658
3030 7710
3030 8297
3030 8363
3030 8634
3030 8837
3030 8901
3030 9293
3030 9304
3030 9444
3030 9449
3030 9655
3030 9783
3031 3341
3031 4377
3031 5699
3031 9294
3034 3673
3049 3975
3049 5267
3062 7331
3065 4011
3072 9383
3072 9641
3072 9642
3075 9246
3086 5550
3088 9641
3104 5065
3104 7743
3107 4523
3107 4615
3107 4746
3107 5243
3107 9152
3107 9352
3107 9414
3113 5009
3113 5441
3113 7531
3122 8796
3123 5468
3125 4746
3154 4839
3154 9257
3158 4523
3160 3414
3166 4523
3166 7961
3166 9366
3166 9780
3168 9439
3169 7658
3171 4001
3171 4187
3171 4448
3171 4771
3171 4798
3171 4841
3171 4886
3171 4949
3171 5065
3171 5720
3171 6220
3171 6619
3171 6683
3171 8099
3171 9054
3171 9065
3171 9248
3171 9368
3171 9375
3171 9406
3171 9436
3171 9440
3171 9519
3171 9533
3171 9534
3171 9695
3171 9709
3171 9714
3171 9715
3171 9799
3171 9806
3171 9861
3171 9886
3177 4771
3177 6373
3177 6692
3177 7208
3183 4212
3195 9361
3238 9257
3245 3636
3265 4746
3265 8151
3267 9274
3267 9608
3281 4188
3281 6779
3281 8758
3281 9628
3281 9705
3281 9712
3283 3636
3283 8197
3293 5065
3293 9390
3298 5550
3313 3578
3313 3707
3313 4187
3313 4605
3313 4680
3313 5100
3313 5720
3313 5912
3313 8409
3313 8837
3313 9124
3313 9233
3313 9356
3313 9426
3313 9560
3314 5362
3314 9568
3325 5468
3326 5362
3326 8596
3329 9627
3341 3636
3341 4059
3341 4632
3341 4910
3341 7546
3341 8197
3341 8600
3341 9596
3346 6506
3355 4798
3355 6467
3355 9530
3377 4419
3377 7957
3377 9786
3378 8630
3380 5616
3381 4138
3381 6779
3381 8119
3388 3984
3405 3648
3405 4546
3405 5012
3405 5822
3405 6064
3405 6108
3405 6570
3405 9140
3405 9588
3405 9911
3414 6618
3414 6779
3414 9705
3417 9316
3417 9427
3417 9899
3441 4116
3447 4397
3453 3816
3453 9542
3457 4187
3457 4746
3457 5066
3457 9548
3458 3947
3458 4339
3458 5720
3458 5782
3458 8674
3458 9368
3458 9665
3474 9395
3476 5007
3476 9425
3484 3969
3484 3975
3484 4157
3484 4419
3484 4570
3484 5844
3484 6708
3484 7710
3484 7982
3484 8124
3484 8197
3484 8796
3484 8984
3484 9457
3484 9539
3484 9742
3501 4117
3501 4187
3501 4880
3501 5487
3501 6279
3501 9611
3501 9872
3505 5468
3515 9656
3515 9915
3526 5442
3526 9754
3528 7371
3528 9721
3541 9789
3574 4187
3574 8582
3574 8993
3580 5065
3592 9517
3602 9578
3624 8600
3636 4507
3636 5065
3636 5125
3636 5720
3636 6018
3636 6638
3636 6779
3636 7034
3636 7491
3636 7546
3636 8197
3636 8416
3636 8550
3636 8750
3636 9045
3636 9257
3636 9385
3636 9429
3636 9537
3636 9604
3636 9606
3636 9696
3636 9702
3636 9754
3636 9790
3636 9894
3646 9519
3648 4879
3648 7371
3648 8363
3648 9152
3648 9315
3649 4117
3673 5966
3673 6650
3673 7681
3673 9543
3681 6817
3687 4419
3687 8197
3687 9615
3692 9510
3707 5935
3727 4949
3727 6429
3727 7290
3727 8197
3727 9407
3737 5065
3737 9323
3745 5577
3745 5929
3745 8600
3745 9257
3745 9673
3745 9754
3756 6108
3784 4577
3784 6576
3784 6779
3785 4783
3785 4994
3785 7290
3785 8297
3787 9902
3800 7290
3800 7391
3800 9036
3816 7491
3816 9596
3843 5844
3843 9677
3844 5179
3855 5577
3855 5652
3855 7186
3855 8197
3856 5935
3856 8093
3856 9292
3865 4783
3882 8277
3882 9485
3882 9562
3887 4141
3887 5243
3887 7290
3887 9572
3893 4727
3893 9562
3945 4798
3945 6289
3945 9657
3947 4187
3947 5747
3947 9623
3951 7127
3951 9354
3967 5644
3967 7743
3969 4546
3969 5616
3969 5948
3969 8197
3969 9291
3969 9342
3969 9539
3973 4839
3973 9418
3975 4419
3975 5031
3975 5599
3975 6708
3975 6779
3975 7335
3975 7658
3975 8347
3975 9567
3980 4507
3984 4116
3984 4126
3984 4187
3984 4239
3984 4680
3984 4746
3984 5265
3984 5577
3984 6505
3984 6803
3984 7816
3984 7960
3984 8078
3984 8671
3984 8768
3984 8963
3984 9285
3984 9469
3984 9596
3984 9726
3984 9761
3984 9773
3984 9832
3984 9856
3984 9889
3992 4746
3992 9292
4001 4216
4001 4632
4001 6596
4001 9826
4001 9848
4007 9317
4007 9404
4007 9451
4011 4839
4011 5018
4011 5362
4011 5812
4011 5844
4011 6203
4011 7153
4011 9271
4011 9559
4011 9596
4011 9712
4011 9899
4022 8477
4031 4117
4031 4523
4031 4632
4031 4783
4031 5468
4031 5550
4031 5606
4031 6467
4031 6498
4031 7208
4031 7620
4031 7658
4031 8600
4031 8809
4031 8886
4031 9493
4031 9529
4031 9573
4031 9574
4031 9615
4031 9669
4031 9690
4031 9750
4038 4080
4038 7127
4038 9782
4048 4187
4048 5065
4056 4488
4057 8416
4057 8849
4057 9367
4058 9492
4059 5065
4059 6916
4059 8297
4080 4746
4080 4866
4080 7027
4080 7236
4080 7307
4080 9633
4090 4187
4090 8993
4090 9305
4090 9411
4092 4488
4092 5065
4092 5272
4092 5467
4092 5720
4092 6351
4092 6576
4092 7034
4092 7491
4092 8197
4092 8682
4092 8807
4092 9078
4092 9247
4092 9257
4092 9325
4092 9329
4092 9386
4092 9455
4092 9576
4092 9603
4092 9708
4109 4138
4110 8197
4113 5179
4116 4141
4116 5615
4116 6203
4116 6360
4116 6596
4116 6817
4116 7491
4116 8077
4116 8197
4116 8993
4116 9291
4116 9483
4117 4507
4117 4632
4117 4680
4117 4727
4117 4746
4117 5065
4117 5125
4117 5179
4117 5265
4117 5699
4117 5744
4117 5844
4117 6223
4117 6279
4117 6797
4117 8981
4117 9140
4117 9152
4117 9204
4117 9337
4117 9429
4117 9482
4117 9532
4117 9533
4117 9555
4117 9616
4117 9629
4117 9656
4117 9673
4117 9683
4117 9722
4117 9736
4117 9741
4117 9760
4117 9769
4117 9806
4117 9887
4126 4187
4126 6373
4126 7391
4135 8635
4136 8131
4136 9152
4138 5263
4138 5265
4138 5487
4138 5652
4138 6494
4138 9152
4141 4949
4141 6203
4141 9605
4151 8093
4157 4546
4157 6867
4159 5614
4159 7968
4171 4397
4171 4536
4171 5009
4171 6596
4171 7290
4171 9464
4174 9469
4177 7855
4187 4231
4187 4488
4187 4641
4187 4731
4187 4746
4187 5065
4187 5747
4187 6160
4187 6683
4187 7546
4187 7751
4187 8096
4187 8703
4187 8768
4187 8993
4187 9158
4187 9178
4187 9245
4187 9352
4187 9365
4187 9411
4187 9419
4187 9490
4187 9501
4187 9550
4187 9553
4187 9556
4187 9627
4187 9686
4187 9703
4187 9710
4187 9722
4187 9752
4187 9763
4187 9795
4187 9805
4187 9808
4187 9811
4187 9817
4187 9856
4187 9884
4188 5720
4188 6618
4188 9299
4188 9485
4188 9505
4188 9702
4199 7391
4200 5672
4216 4731
4216 5362
4216 6744
4216 7356
4216 9295
4216 9583
4216 9633
4231 9375
4234 4783
4242 8364
4242 9796
4251 7589
4280 4746
4280 5844
4280 9158
4280 9337
4280 9471
4280 9673
4283 7034
4283 9798
4323 4397
4323 4632
4323 8882
4323 8970
4329 8093
4373 4746
4373 8981
4379 9323
4382 4703
4382 7491
4382 9566
4382 9817
4390 4731
4397 4761
4397 5681
4397 8168
4397 8740
4403 8630
4414 5448
4419 4570
4419 6064
4419 6570
4419 6708
4419 6785
4419 6788
4419 6996
4419 7035
4419 7127
4419 7658
4419 7855
4419 8260
4419 8301
4419 8347
4419 8796
4419 9270
4419 9291
4419 9786
4419 9922
4448 7290
4448 9494
4456 6108
4456 6650
4456 7985
4456 9352
4456 9469
4456 9641
4465 6467
4465 8363
4467 9409
4471 5065
4472 4731
4472 5662
4488 4839
4488 5935
4488 6498
4488 9247
4488 9547
4488 9682
4493 9877
4493 9909
4507 4746
4507 6779
4507 8077
4507 8466
4507 9629
4507 9722
4508 9871
4523 4546
4523 4632
4523 7157
4523 8144
4523 9492
4523 9750
4523 9829
4523 9882
4536 5816
4536 6596
4536 7290
4536 9368
4536 9533
4536 9633
4536 9697
4536 9791
4536 9885
4546 6102
4546 6767
4546 6867
4546 9152
4546 9228
4546 9336
4546 9370
4546 9458
4546 9543
4556 6498
4570 7611
4577 8197
4577 9152
4577 9594
4577 9693
4577 9748
4589 4632
4589 4731
4589 5065
4589 8970
4589 9466
4591 6102
4591 9652
4605 4680
4605 5844
4605 8093
4605 9409
4605 9884
4605 9893
4632 4761
4632 4798
4632 4866
4632 5141
4632 5143
4632 5305
4632 5362
4632 5441
4632 5911
4632 7028
4632 7062
4632 7325
4632 7336
4632 7941
4632 8043
4632 8121
4632 8260
4632 8574
4632 8600
4632 8642
4632 8956
4632 9140
4632 9243
4632 9313
4632 9356
4632 9397
4632 9404
4632 9441
4632 9449
4632 9454
4632 9467
4632 9474
4632 9543
4632 9596
4632 9620
4632 9687
4632 9751
4632 9754
4632 9883
4632 9885
4636 4839
4636 9024
4641 6467
4641 6842
4641 7034
4641 7290
4641 7311
4641 8688
4641 9292
4641 9348
4641 9396
4641 9409
4641 9560
4641 9564
4641 9643
4641 9859
4641 9866
4653 9745
4656 9326
4680 5352
4680 5441
4680 5468
4680 5498
4680 6319
4680 6594
4680 6817
4680 7335
4680 9753
4727 5006
4727 5065
4727 9430
4731 5009
4731 5174
4731 5362
4731 5463
4731 5471
4731 5616
4731 5662
4731 6280
4731 6448
4731 6596
4731 6619
4731 7027
4731 7194
4731 7290
4731 7463
4731 8043
4731 8099
4731 8917
4731 9540
4731 9633
4731 9717
4731 9722
4731 9833
4731 9913
4731 9920
4734 8173
4746 4783
4746 4833
4746 4886
4746 5066
4746 5220
4746 5362
4746 5366
4746 5487
4746 5550
4746 5551
4746 5720
4746 5966
4746 6160
4746 6220
4746 6242
4746 6779
4746 6945
4746 7027
4746 7119
4746 7190
4746 7379
4746 7531
4746 8061
4746 8099
4746 8630
4746 8809
4746 8981
4746 9144
4746 9214
4746 9286
4746 9319
4746 9321
4746 9354
4746 9421
4746 9440
4746 9529
4746 9616
4749 7754
4749 9312
4765 9192
4765 9693
4771 5006
4771 5065
4771 5440
4771 5550
4771 6433
4771 6619
4771 7329
4771 8173
4771 8901
4771 9158
4771 9295
4771 9531
4771 9560
4771 9628
4771 9884
4771 9919
4771 9924
4783 4994
4783 6108
4783 6467
4783 8121
4783 8363
4783 8600
4783 9573
4783 9656
4787 4882
4798 5065
4798 8887
4798 9514
4798 9581
4803 5550
4804 9469
4822 9880
4838 5125
4839 5065
4839 5125
4839 5801
4839 6351
4839 7093
4839 8110
4839 8313
4839 8963
4839 9152
4839 9245
4839 9294
4839 9376
4839 9409
4839 9474
4839 9484
4839 9510
4839 9544
4839 9586
4839 9607
4839 9814
4866 6779
4866 7028
4866 9374
4866 9403
4866 9409
4879 5606
4880 6203
4880 8197
4882 7681
4882 7957
4904 9389
4908 5720
4908 6842
4908 9124
4908 9158
4908 9288
4910 9444
4910 9463
4923 7379
4949 5720
4949 6576
4949 6817
4949 7034
4949 7290
4949 9656
4964 6779
4964 9792
4965 8416
4965 9880
4987 5599
4994 5141
4994 7371
4994 9322
4994 9366
4994 9573
4994 9583
4997 7335
4997 9189
5006 8970
5006 8979
5007 9584
5009 9596
5018 6373
5018 6429
5018 9299
5021 5215
5031 6429
5041 6416
5065 5331
5065 5471
5065 5699
5065 6102
5065 6203
5065 6223
5065 6264
5065 6280
5065 6351
5065 6429
5065 6779
5065 6945
5065 7071
5065 7290
5065 7391
5065 7491
5065 8043
5065 8182
5065 8297
5065 8466
5065 8604
5065 8682
5065 8838
5065 8841
5065 9152
5065 9178
5065 9245
5065 9257
5065 9262
5065 9273
5065 9285
5065 9296
5065 9312
5065 9323
5065 9331
5065 9368
5065 9412
5065 9442
5065 9469
5065 9471
5065 9541
5065 9559
5065 9615
5065 9616
5065 9690
5065 9695
5065 9722
5065 9741
5065 9743
5065 9757
5065 9773
5065 9790
5065 9793
5065 9794
5065 9822
5065 9823
5065 9824
5065 9862
5065 9892
5065 9894
5065 9898
5065 9912
5065 9925
5066 5468
5066 7325
5066 8182
5066 8197
5083 9771
5093 8970
5100 5720
5100 8363
5120 7325
5120 8993
5125 6203
5125 6779
5125 7487
5125 8484
5141 5720
5141 6506
5141 8197
5141 9293
5141 9313
5141 9830
5166 5550
5173 6618
5174 6619
5179 6467
5200 8301
5215 9334
5220 5487
5220 6867
5220 9144
5220 9469
5220 9841
5241 6945
5263 9327
5263 9409
5265 6263
5265 6280
5265 6803
5265 9799
5267 5366
5267 6429
5270 7620
5270 9888
5272 7391
5272 7491
5272 9319
5272 9757
5272 9770
5272 9776
5272 9781
5278 9322
5305 6373
5305 7325
5305 9627
5306 8773
5306 9423
5308 8824
5308 9385
5362 5616
5362 5649
5362 6448
5362 6619
5362 6779
5362 7336
5362 7879
5362 8522
5362 9071
5362 9235
5362 9245
5362 9319
5362 9375
5362 9482
5362 9483
5362 9633
5362 9636
5362 9689
5362 9712
5362 9722
5362 9845
5362 9875
5362 9910
5362 9917
5366 5471
5366 6203
5366 6779
5366 7335
5366 9375
5366 9441
5366 9461
5366 9466
5415 7218
5415 8099
5427 6817
5427 7090
5427 8234
5427 8363
5427 9309
5427 9755
5427 9851
5440 6279
5440 7071
5440 9195
5440 9845
5441 8093
5442 9426
5448 5672
5448 9546
5468 6498
5468 6842
5468 7926
5468 8197
5468 8796
5468 9311
5468 9322
5468 9366
5468 9449
5468 9471
5468 9543
5468 9620
5468 9809
5471 9805
5478 5550
5487 5864
5487 8438
5487 8917
5487 9321
5487 9596
5490 7127
5493 5912
5493 8077
5493 8862
5493 9563
5497 6618
5504 9152
5535 9789
5550 6916
5550 8137
5550 9152
5550 9512
5550 9608
5550 9787
5550 9791
5560 9488
5560 9526
5560 9673
5563 9579
5577 6280
5577 9316
5577 9596
5599 9308
5599 9445
5606 7391
5615 7699
5615 8550
5616 5649
5616 6779
5616 9563
5616 9722
5616 9869
5644 8838
5649 6189
5649 6779
5649 9722
5649 9727
5652 6448
5652 6945
5652 8197
5652 9425
5652 9469
5652 9535
5658 6498
5658 6842
5658 7371
5658 8688
5658 9444
5662 9816
5672 9001
5679 6810
5679 8093
5679 9806
5681 5682
5682 7190
5682 7325
5682 9335
5682 9469
5682 9492
5692 5929
5692 7109
5692 9425
5699 5720
5699 9829
5699 9887
5704 5912
5704 8682
5720 6223
5720 6280
5720 6576
5720 7186
5720 8096
5720 9204
5720 9287
5720 9288
5720 9296
5720 9309
5720 9362
5720 9408
5720 9426
5720 9475
5720 9505
5720 9531
5720 9678
5720 9753
5720 9766
5720 9803
5720 9906
5720 9921
5724 6596
5724 6768
5724 6779
5744 8676
5747 8364
5747 9596
5747 9708
5778 9152
5782 7290
5782 9678
5816 9368
5822 6779
5828 8796
5828 9826
5831 7744
5831 9596
5831 9711
5844 6280
5844 6413
5844 6505
5844 7034
5844 7156
5844 7290
5844 7336
5844 7391
5844 8600
5844 9152
5844 9246
5844 9845
5844 9852
5844 9853
5844 9857
5844 9893
5859 5935
5896 9870
5912 7290
5912 9879
5915 9433
5926 6445
5926 6708
5929 6779
5929 7391
5935 9893
5938 6945
5938 8758
5938 9518
5940 9789
5966 7190
5966 7261
5966 9286
5966 9492
5966 9819
5966 9844
5967 9572
6018 6779
6049 7194
6062 6942
6064 8197
6064 8301
6064 8503
6071 9323
6108 7656
6108 9469
6108 9498
6109 9644
6124 9368
6160 6360
6160 6467
6160 9334
6161 9481
6203 6779
6203 6817
6203 8773
6203 8963
6203 9024
6203 9393
6203 9438
6203 9496
6203 9596
6203 9659
6203 9692
6203 9718
6203 9722
6203 9757
6203 9828
6203 9925
6220 6619
6220 8340
6220 8382
6220 8467
6220 9550
6223 7658
6248 9476
6250 8197
6264 9294
6264 9439
6280 6619
6280 6817
6280 7034
6280 8947
6280 9257
6280 9330
6280 9426
6280 9429
6280 9448
6280 9596
6280 9654
6280 9699
6280 9833
6289 9323
6290 8159
6290 9300
6294 9562
6315 6498
6315 7335
6354 9566
6373 6650
6373 7109
6373 7325
6373 8131
6373 9152
6373 9285
6373 9335
6373 9400
6373 9422
6373 9485
6373 9492
6373 9627
6373 9770
6373 9850
6383 9410
6384 9241
6413 8600
6413 9245
6413 9247
6413 9257
6413 9540
6414 8600
6416 9425
6429 7391
6429 9722
6429 9732
6429 9799
6433 9641
6445 9152
6445 9469
6445 9855
6448 9882
6463 8600
6467 9393
6474 8077
6490 9816
6494 7491
6494 8438
6498 6842
6498 7371
6498 8878
6498 9293
6498 9316
6498 9319
6498 9366
6498 9369
6498 9525
6498 9550
6498 9572
6498 9603
6505 8703
6505 9172
6505 9439
6505 9459
6505 9855
6506 6885
6506 9246
6570 6785
6576 7034
6576 9289
6576 9347
6576 9385
6576 9416
6576 9521
6576 9617
6576 9634
6596 7194
6596 7336
6596 8197
6596 8484
6596 9257
6596 9633
6596 9894
6618 7034
6619 7391
6619 7463
6619 7751
6619 8467
6619 8524
6619 8642
6619 9322
6619 9368
6619 9633
6638 9257
6648 7490
6650 8061
6654 9299
6663 9409
6663 9577
6692 9322
6692 9533
6705 8408
6708 7855
6708 9748
6708 9792
6744 6779
6750 8363
6750 9152
6750 9478
6756 8159
6767 6867
6779 6817
6779 7153
6779 7933
6779 8269
6779 8294
6779 8347
6779 8423
6779 8466
6779 8630
6779 9071
6779 9245
6779 9271
6779 9272
6779 9291
6779 9327
6779 9367
6779 9393
6779 9458
6779 9466
6779 9469
6779 9549
6779 9569
6779 9581
6779 9632
6779 9636
6779 9648
6779 9804
6779 9845
6779 9876
6779 9894
6780 9062
6800 9158
6803 7743
6808 7471
6810 9457
6810 9712
6816 9425
6817 7153
6817 8093
6817 9326
6842 8333
6842 9854
6867 7557
6867 8131
6867 9290
6867 9352
6867 9438
6867 9492
6867 9628
6867 9698
6916 8297
6916 8474
6916 8758
6916 9622
6916 9829
6936 9425
6942 9322
6945 8197
6945 9158
6945 9385
6945 9440
6947 8093
7015 8184
7034 8550
7034 8630
7034 8993
7034 9289
7034 9314
7034 9386
7034 9458
7034 9641
7035 7855
7036 9671
7073 9446
7073 9807
7090 7764
7090 9104
7093 8184
7110 9737
7127 8197
7132 8197
7190 7391
7190 8297
7190 9322
7190 9336
7194 7941
7194 9596
7201 7391
7208 7392
7218 8939
7234 8297
7252 9152
7252 9322
7261 9152
7283 9308
7290 7710
7290 7751
7290 8363
7290 8494
7290 8608
7290 8824
7290 8912
7290 9124
7290 9152
7290 9245
7290 9295
7290 9302
7290 9305
7290 9316
7290 9340
7290 9368
7290 9393
7290 9443
7290 9444
7290 9542
7290 9596
7290 9633
7290 9812
7311 7673
7311 8225
7311 8376
7311 9305
7311 9341
7325 7391
7325 9342
7331 8796
7335 8260
7335 8970
7335 9140
7335 9299
7335 9344
7335 9503
7335 9687
7335 9715
7335 9738
7336 8151
7336 9902
7371 9573
7371 9721
7382 9045
7382 9245
7391 8538
7391 8582
7391 8635
7391 9158
7391 9471
7391 9647
7391 9709
7391 9790
7391 9802
7391 9853
7391 9856
7391 9861
7391 9867
7391 9897
7398 9284
7421 9576
7434 8682
7471 9425
7471 9540
7471 9825
7491 9416
7614 9113
7616 9431
7620 8688
7634 9316
7658 7710
7658 8688
7658 9027
7658 9366
7658 9393
7658 9687
7658 9721
7668 9721
7681 9152
7699 9152
7722 9565
7744 9439
7744 9711
7751 9394
7754 9559
7851 8131
7855 9446
7857 8184
7857 9077
7857 9472
7857 9584
7857 9615
7857 9890
7871 7985
7871 9611
7927 9722
7927 9806
7933 9045
7961 8494
7977 9515
8014 9693
8061 9439
8067 8947
8067 9344
8067 9346
8077 9566
8077 9615
8078 8484
8093 8947
8093 9425
8093 9470
8093 9508
8093 9580
8093 9615
8093 9803
8093 9915
8097 9281
8099 8382
8099 9291
8099 9363
8099 9532
8099 9614
8099 9700
8110 9413
8119 9152
8119 9412
8119 9438
8119 9439
8119 9596
8119 9675
8119 9698
8121 9503
8121 9687
8131 8137
8137 9160
8137 9469
8159 9838
8182 8824
8182 9800
8184 9245
8197 8297
8197 8338
8197 9152
8197 9189
8197 9245
8197 9257
8197 9270
8197 9272
8197 9308
8197 9326
8197 9338
8197 9369
8197 9376
8197 9412
8197 9455
8197 9528
8197 9553
8197 9596
8197 9628
8197 9643
8197 9653
8197 9694
8197 9744
8197 9769
8197 9843
8208 9158
8212 8900
8212 8981
8218 9279
8225 8566
8225 9641
8225 9756
8234 9380
8260 8347
8269 9312
8281 9596
8297 9080
8297 9780
8298 9152
8313 9283
8363 8897
8363 9122
8363 9641
8364 9257
8364 9333
8364 9505
8364 9576
8364 9586
8364 9708
8364 9798
8379 8751
8382 9831
8408 9655
8416 9289
8416 9307
8416 9549
8438 9596
8453 9579
8466 9270
8466 9466
8466 9551
8466 9559
8484 9486
8484 9603
8484 9648
8484 9894
8493 9770
8496 9827
8503 9509
8515 9113
8578 9189
8582 9168
8600 9080
8600 9780
8600 9787
8608 8912
8613 9687
8635 9323
8671 9447
8688 9122
8688 9888
8703 9439
8725 9680
8750 8863
8756 9627
8758 8824
8758 9469
8773 9330
8773 9789
8796 8970
8796 9567
8796 9633
8824 9302
8824 9423
8824 9540
8831 9349
8837 9285
8849 9168
8882 9284
8912 9704
8915 9562
8915 9586
8915 9656
8947 9246
8963 9596
8969 9582
8970 9474
8970 9523
8970 9536
8970 9567
8970 9625
8977 9835
8981 9282
8981 9329
8993 9168
8997 9261
9001 9696
9024 9453
9027 9583
9037 9275
9045 9828
9062 9168
9071 9290
9079 9270
9080 9113
9080 9434
9080 9533
9113 9148
9122 9449
9122 9531
9122 9913
9124 9288
9144 9565
9152 9257
9152 9274
9152 9289
9152 9335
9152 9352
9152 9439
9152 9469
9152 9483
9152 9492
9152 9511
9152 9512
9152 9522
9152 9541
9152 9595
9152 9596
9152 9628
9152 9741
9152 9784
9152 9805
9152 9829
9156 9319
9156 9425
9158 9358
9158 9775
9168 9257
9168 9469
9168 9656
9168 9663
9168 9726
9213 9283
9227 9357
9228 9649
9245 9409
9245 9489
9245 9686
9256 9789
9257 9289
9257 9885
9257 9887
9260 9283
9283 9298
9283 9556
9285 9354
9288 9292
9288 9320
9294 9328
9294 9381
9294 9626
9294 9648
9294 9806
9296 9365
9298 9300
9307 9372
9312 9355
9312 9447
9323 9442
9323 9628
9323 9904
9323 9910
9334 9351
9336 9342
9358 9359
9374 9409
9375 9384
9377 9378
9386 9390
9407 9420
9408 9458
9409 9425
9409 9472
9409 9499
9409 9585
9414 9415
9416 9417
9428 9507
9436 9440
9439 9596
9441 9456
9441 9538
9446 9606
9446 9845
9461 9466
9466 9559
9469 9492
9469 9628
9469 9639
9469 9836
9470 9475
9470 9544
9472 9473
9480 9492
9481 9482
9483 9889
9492 9504
9559 9804
9562 9661
9562 9737
9565 9594
9572 9612
9591 9592
9591 9722
9596 9635
9596 9637
9596 9641
9596 9829
9597 9610
9601 9602
9611 9618
9623 9646
9633 9717
9637 9638
9639 9640
9641 9642
9641 9646
9641 9778
9644 9851
9654 9699
9667 9695
9672 9673
9675 9734
9693 9719
9693 9864
9705 9707
9722 9732
9724 9758
9735 9748
9737 9905
9747 9748
9748 9755
9755 9851
9761 9834
9770 9781
9811 9823
9826 9903
9837 9838
9841 9844
9848 9886
9850 9868
9851 9900
9862 9863
9887 9888
9906 9921
9911 9914
