0 4059
0 5949
0 7336
0 8604
0 9152
2 2785
2 10466
3 762
7 29
7 2284
7 3171
7 3785
7 4910
7 5243
7 9158
8 461
12 2255
12 3484
12 5943
12 9280
14 83
14 201
14 729
14 1115
14 1242
14 1359
14 2156
14 2256
14 3171
14 3727
14 4116
14 4135
14 4456
14 4746
14 4910
14 5065
14 8173
14 8634
14 8671
14 9451
14 9789
14 10347
14 10465
14 10498
14 10529
19 2816
19 3107
19 3160
19 4031
19 6942
19 7391
19 8297
25 2111
25 5468
25 8197
26 43
26 162
26 258
26 839
26 2284
26 3177
26 3325
26 4386
26 4746
26 5093
26 9323
26 9984
26 10149
26 10198
26 10204
26 10252
29 46
29 120
29 240
29 370
29 837
29 839
29 1057
29 1144
29 1255
29 1533
29 1604
29 1642
29 2111
29 2364
29 3171
29 3676
29 4632
29 4746
29 5272
29 5550
29 7190
29 7839
29 8197
29 8969
29 9311
29 9449
29 10036
29 10198
29 10202
29 10228
29 10236
29 10374
29 10496
30 573
30 6498
30 10315
36 8124
37 1255
37 4382
37 4632
37 5102
41 386
41 1122
41 2156
41 2583
41 2767
41 4382
41 5308
41 5347
41 6888
41 7033
41 10180
41 10518
42 72
42 77
42 258
42 280
42 519
42 572
42 608
42 656
42 839
42 1002
42 1057
42 1604
42 1636
42 1755
42 1774
42 1824
42 1877
42 2303
42 2389
42 2424
42 2694
42 3865
42 4038
42 4092
42 4377
42 4390
42 4507
42 4746
42 4839
42 4924
42 4949
42 5272
42 5362
42 5912
42 5946
42 6373
42 6779
42 7127
42 8512
42 8824
42 8901
42 8961
42 9045
42 9152
42 9158
42 9257
42 9308
42 9613
42 9644
42 9781
42 9945
42 9966
42 10040
42 10053
42 10056
42 10078
42 10114
42 10117
42 10134
42 10140
42 10186
42 10194
42 10340
42 10402
42 10440
42 10465
42 10514
43 65
43 158
43 198
43 368
43 449
43 1242
43 1256
43 1298
43 1335
43 1755
43 1917
43 2488
43 2956
43 4031
43 4585
43 4632
43 4949
43 5093
43 5362
43 6413
43 7445
43 7801
43 8179
43 8197
43 8766
43 8901
43 8961
43 9776
43 9781
43 9786
43 9869
43 9874
43 9920
43 9939
43 9957
43 9974
43 10036
43 10141
43 10152
43 10192
43 10346
43 10369
43 10389
43 10416
43 10438
43 10543
46 83
46 133
46 156
46 196
46 258
46 434
46 712
46 729
46 1006
46 1035
46 1223
46 1268
46 1359
46 1622
46 1818
46 1877
46 2319
46 2423
46 2562
46 2694
46 2820
46 3030
46 3158
46 3171
46 3405
46 3484
46 4116
46 4419
46 5065
46 6161
46 6429
46 7127
46 7290
46 7329
46 7391
46 7658
46 8197
46 8297
46 9323
46 9379
46 9628
46 10036
46 10078
46 10347
46 10391
48 73
48 897
48 9444
49 6064
56 4382
56 10261
59 196
59 315
59 348
59 621
59 1247
59 1600
59 1724
59 1763
59 5021
59 6867
59 7293
59 8197
59 9469
59 9841
59 9944
59 9958
60 3030
61 96
61 1255
61 1369
61 5577
65 391
65 891
65 1242
65 1290
65 8197
65 9826
69 904
70 762
70 1483
70 2989
70 3785
70 8738
70 9998
72 771
72 1242
72 1255
72 1264
72 2319
72 8173
72 8224
72 10304
72 10369
73 96
73 108
73 157
73 201
73 240
73 390
73 510
73 713
73 762
73 1206
73 1255
73 1561
73 2062
73 2650
73 2845
73 3368
73 3461
73 3505
73 3624
73 4641
73 4949
73 4994
73 6810
73 7534
73 8897
73 9521
73 9809
73 9888
73 9901
73 9965
73 10202
73 10429
73 10469
75 258
75 4731
75 5493
75 7034
75 9704
75 9874
75 9969
76 134
76 726
76 904
76 917
76 1198
76 1298
76 1335
76 1341
76 1413
76 1745
76 1925
76 2118
76 2360
76 2529
76 3158
76 3368
76 3676
76 3984
76 4092
76 4746
76 4866
76 5065
76 5272
76 5550
76 6224
76 7290
76 7391
76 8901
76 9010
76 9152
76 9169
76 9322
76 9368
76 9628
76 9722
76 9937
76 9983
76 9993
76 10040
76 10053
76 10164
76 10206
76 10347
76 10378
76 10416
77 172
77 510
77 4783
77 5599
77 6161
77 6467
77 8272
77 8901
80 599
80 6301
83 133
83 618
83 621
83 1742
83 2529
83 2816
83 3030
83 3158
83 3160
83 3787
83 4822
83 5065
83 5599
83 7290
83 8190
83 8567
83 9285
83 9323
83 10063
83 10096
83 10206
83 10359
84 2243
88 141
88 762
88 6429
88 6445
88 7190
88 8567
88 9152
88 10475
88 10481
89 5141
89 7208
89 10338
90 1198
90 2785
90 5803
90 5981
94 297
94 2650
94 6413
94 9158
94 10058
95 1636
96 1242
96 3166
96 3505
96 4116
96 5468
96 5553
96 6498
96 7290
96 9625
96 10104
97 290
97 570
97 762
97 1255
97 4841
97 8197
97 8363
97 8881
97 9896
97 9977
97 10243
101 2435
103 577
103 1825
103 3171
103 4949
108 226
108 1255
110 823
110 1242
110 1255
110 1281
110 1369
110 1664
110 1824
110 2319
110 2435
110 2453
110 2845
110 3330
110 3592
110 4157
110 5093
110 6108
110 6779
110 7097
110 7339
110 7659
110 8224
110 9939
110 10027
110 10169
110 10207
110 10369
110 10397
113 2158
117 641
117 1002
117 2053
117 2177
117 2522
117 2839
117 5065
117 8433
119 2428
122 728
122 7816
122 9483
128 5616
129 729
129 10222
131 904
131 9628
132 572
133 201
133 618
133 3843
133 4116
133 5065
133 7290
133 9257
133 10206
134 391
134 4116
134 5272
134 5366
134 9874
135 2122
136 2107
138 201
138 636
138 762
138 1787
138 2062
138 7371
138 9620
140 2845
140 4226
140 7336
140 7525
140 7710
141 201
141 1177
141 1365
141 5801
141 9874
141 10078
141 10283
141 10475
151 3325
153 280
153 1604
153 2762
153 3160
153 3380
153 3984
153 4585
153 4909
153 4924
153 4949
153 5007
153 5065
153 5261
153 5616
153 6360
153 6413
153 7290
153 7329
153 7454
153 8093
153 8433
153 8566
153 8935
153 8947
153 8974
153 9147
153 9330
153 9408
153 9724
153 9776
153 9829
153 9841
153 9915
153 10048
153 10078
153 10083
153 10094
153 10136
153 10265
153 10288
153 10294
153 10347
153 10357
153 10382
153 10411
153 10481
156 3030
156 3093
156 5065
156 7391
156 9625
157 762
157 1255
158 201
158 286
158 852
158 1115
158 1788
158 2583
158 2816
158 4632
158 4731
158 5065
158 6313
158 7034
158 7443
158 7839
158 7846
158 8390
158 8881
158 8950
158 9330
158 9368
158 9644
158 9725
158 9851
158 9874
158 9898
158 9915
158 10019
158 10020
158 10050
158 10099
158 10202
158 10226
158 10345
158 10401
158 10470
158 10473
158 10481
158 10484
158 10485
158 10488
158 10491
158 10524
158 10529
162 449
162 4386
162 10011
162 10134
162 10501
172 449
172 573
172 1298
172 1529
172 2019
172 2319
172 2771
172 5305
172 5828
172 6570
172 7339
172 7855
172 8901
172 8908
172 9900
172 9939
172 10114
172 10340
174 432
189 2816
189 8503
190 3785
190 4783
190 8151
190 8969
196 610
196 621
196 1115
196 1144
196 1600
196 1622
196 1768
196 2156
196 2256
196 2323
196 2583
196 2762
196 3160
196 3322
196 3515
196 3947
196 3967
196 4171
196 4352
196 4731
196 4746
196 4831
196 5093
196 5120
196 5929
196 6051
196 6140
196 6232
196 6373
196 6624
196 6942
196 7109
196 7252
196 7391
196 8173
196 8190
196 9152
196 9246
196 9469
196 9596
196 9746
196 9789
196 9809
196 9927
196 10017
196 10031
196 10038
196 10039
196 10040
196 10041
196 10118
196 10203
196 10218
196 10538
198 762
201 226
201 823
201 883
201 1206
201 1255
201 2428
201 2606
201 2660
201 2767
201 3076
201 3368
201 3461
201 4641
201 4924
201 4949
201 5065
201 5270
201 5468
201 5540
201 5816
201 6009
201 6431
201 6685
201 7457
201 9469
201 9483
201 9874
201 9965
201 9993
201 10093
201 10283
201 10321
201 10476
201 10516
204 1002
204 1115
204 1636
204 3171
204 4904
204 5065
204 6413
204 8085
204 8484
204 9874
204 10115
204 10312
204 10456
206 3952
206 7391
206 8173
206 8926
215 10372
218 729
225 839
225 5065
226 608
226 3030
226 3368
226 4783
226 4841
226 5141
226 5828
226 6498
226 10086
236 4746
236 7942
236 8901
240 729
240 1255
240 1359
240 1995
240 2035
240 2062
240 2418
240 2845
240 3067
240 4465
240 7071
240 7924
247 9000
249 5065
249 7391
258 280
258 304
258 368
258 432
258 881
258 1606
258 1763
258 1825
258 1831
258 2412
258 3065
258 3171
258 3856
258 4064
258 4746
258 6203
258 6413
258 6576
258 6945
258 7093
258 7547
258 8015
258 8119
258 8901
258 8974
258 9158
258 9929
258 9961
258 10039
258 10040
258 10090
258 10129
258 10187
258 10232
258 10247
271 618
276 1255
276 3171
276 9776
280 349
280 577
280 837
280 1057
280 1470
280 1636
280 2360
280 2428
280 2529
280 2762
280 3632
280 4117
280 5747
280 6203
280 6576
280 8197
280 8550
280 9629
283 1198
283 4746
284 5305
286 917
286 1115
286 3456
286 4050
286 4493
286 7093
286 7443
286 8567
286 8950
286 10050
286 10113
286 10202
286 10284
286 10347
286 10374
286 10416
287 4164
287 10119
290 6942
290 9152
297 442
297 917
297 1206
297 3545
297 4924
297 5845
297 7487
297 9963
297 10235
297 10484
297 10511
297 10516
298 386
298 7194
302 432
304 397
304 4116
304 8466
304 9045
304 9966
304 10171
304 10543
307 1422
312 1831
312 10166
315 686
315 1604
315 1972
315 2243
315 3177
315 4702
315 8297
315 9303
315 9809
315 10131
318 1057
318 1742
318 1788
318 4523
332 10230
338 10413
347 708
348 449
348 3024
348 4591
348 4746
348 7391
348 10001
348 10189
349 10095
354 1255
354 1413
354 2845
354 4731
354 4783
354 6448
354 9939
358 10015
358 10037
368 599
368 1636
368 2428
368 2762
368 9929
368 10040
370 1179
370 1563
370 1786
370 1917
370 3107
370 3381
370 3984
370 8565
370 10235
374 837
374 6351
374 6779
374 9469
374 9570
374 9851
374 10040
374 10525
377 1600
383 1057
383 1390
383 1576
383 4507
383 6413
383 8212
383 10025
383 10188
383 10214
388 1369
388 1755
388 2696
388 4546
388 7942
388 9152
390 1255
390 1788
390 5468
390 7710
391 729
391 1002
391 1290
391 1413
391 1517
391 2413
391 2820
391 8124
391 8961
391 9874
397 837
397 1057
397 5065
397 10040
403 568
403 726
403 1106
403 10011
403 10299
404 10490
407 762
407 919
407 1144
407 1295
407 1413
407 1824
407 4171
407 4632
407 5125
407 5272
407 6467
407 9446
407 9871
407 9962
408 7290
410 2919
412 2529
412 3627
412 8119
412 8333
412 9323
414 4615
417 881
417 4116
417 9875
424 9930
432 505
432 572
432 852
432 1007
432 1877
432 2223
432 4138
432 10068
432 10513
433 4671
434 610
434 2762
434 5683
434 7984
434 8908
434 9871
434 10448
440 4632
442 2522
442 5065
442 7987
442 9990
446 883
446 9152
447 4746
447 5065
447 5265
449 703
449 1057
449 1824
449 3405
449 3950
449 3951
449 3975
449 6779
449 9873
451 4031
451 4546
451 7391
455 736
455 2582
455 2583
455 2762
455 3636
455 3727
455 3984
455 4188
455 4488
455 4507
455 4530
455 4749
455 5065
455 5720
455 5929
455 5935
455 6055
455 6118
455 7256
455 7391
455 9168
455 9309
455 9368
455 9474
455 9875
455 9926
455 9947
455 9967
455 10244
455 10370
455 10382
456 5220
456 9979
456 10198
459 10220
459 10441
461 775
461 1006
461 5308
461 7867
461 10368
467 5672
467 10354
482 3086
484 7208
494 5560
505 1422
506 9871
509 1298
510 1255
510 1941
510 2111
510 2845
510 3920
510 5065
510 9158
510 9379
511 4092
515 9352
519 2989
519 4577
519 5616
519 7397
519 8015
519 9445
528 729
528 1057
528 4092
528 4589
528 5157
528 6463
528 7256
528 8008
528 10040
528 10064
528 10170
528 10269
531 938
531 4839
532 729
532 1917
532 2292
532 3171
532 3177
532 5720
532 6429
532 7379
532 9624
536 1057
536 1365
536 1608
536 4536
536 4949
536 10166
539 823
539 1041
539 1255
539 1290
539 1359
539 1365
539 1605
539 1636
539 1786
539 1908
539 2324
539 2423
539 2582
539 4216
539 4731
539 5616
539 6429
539 6779
539 7336
539 8197
539 8272
539 9629
539 9776
539 9869
539 9988
539 10012
545 3545
545 10126
545 10205
546 726
546 3067
546 4536
546 4895
546 5215
546 6429
546 6596
546 6708
546 8197
546 9809
546 9951
556 938
556 1540
556 1604
556 4488
556 6789
556 8887
556 8935
556 9947
556 10167
563 9323
568 1931
568 3417
568 4466
568 4909
568 7443
568 8197
568 9809
568 10085
568 10164
568 10228
568 10260
568 10372
570 762
570 1057
570 2750
570 3166
570 4390
570 10345
571 852
572 1268
572 2053
572 3975
572 4731
573 762
573 1255
573 2255
573 2771
573 2845
573 3592
573 5041
573 6108
573 6570
573 6708
573 7027
573 9308
573 9939
573 9953
573 10114
577 671
577 1017
577 1768
577 1966
577 2762
577 2989
577 3171
577 4047
577 4425
577 4949
577 5065
577 5606
577 6071
577 7290
577 7391
577 8738
577 9158
577 9323
577 9972
577 10041
577 10198
577 10383
577 10409
577 10471
587 7782
587 7839
587 10320
599 837
599 2197
599 4157
599 4731
599 6009
608 928
608 1255
608 1612
608 3030
608 7710
608 10206
610 1057
610 1774
610 1863
610 1985
610 2243
610 2529
610 2541
610 2583
610 2762
610 2868
610 3368
610 5065
610 5120
610 5966
610 6140
610 6373
610 6463
610 7190
610 8067
610 8298
610 8950
610 9408
610 9962
610 10314
610 10343
610 10353
610 10399
610 10407
610 10416
610 10476
610 10513
613 1604
613 3076
613 6618
613 9615
613 9925
613 9986
613 10126
618 712
618 1255
618 1774
618 2148
618 3171
618 4425
618 4731
618 5065
618 6280
618 6429
618 7290
618 9246
618 9323
618 9459
618 9695
618 9939
618 10128
618 10138
618 10198
618 10262
618 10342
618 10350
618 10383
618 10476
621 729
621 897
621 1144
621 1483
621 1543
621 1742
621 1804
621 1877
621 2278
621 2423
621 2762
621 2821
621 3030
621 3648
621 4031
621 4135
621 4783
621 4956
621 4997
621 5065
621 5176
621 5550
621 5828
621 5966
621 6108
621 6117
621 6654
621 6888
621 7074
621 7290
621 7391
621 7984
621 8297
621 8671
621 8738
621 9158
621 9246
621 9469
621 9809
621 9958
621 9998
621 10036
621 10038
621 10089
621 10131
621 10181
621 10206
621 10339
621 10343
621 10363
621 10444
633 3984
633 4924
634 4924
636 686
636 2044
636 3380
641 5157
641 10269
647 10037
656 753
656 1917
656 2192
656 2389
656 3756
656 10389
659 1057
659 2081
659 3856
659 6654
659 9947
659 10178
659 10359
662 9458
669 4879
669 7391
670 7944
670 8950
670 9257
671 2762
671 3784
671 4242
671 9152
671 10372
673 10068
682 729
682 2762
682 6576
682 9368
682 9596
686 1255
686 2820
686 3490
686 4117
686 5065
686 10345
691 9965
696 2603
696 2816
696 10040
700 10040
703 3505
703 5550
703 10206
712 1483
712 1774
712 2100
712 2762
712 3341
712 5065
712 6071
712 6888
712 7391
712 8190
712 9238
712 9323
712 10135
712 10363
712 10438
726 729
726 1972
726 2767
726 2919
726 4092
726 4187
726 4632
726 7093
726 8604
726 9596
726 9789
726 10040
726 10374
728 1470
728 1576
729 839
729 1002
729 1057
729 1177
729 1255
729 1298
729 1359
729 1413
729 1510
729 1804
729 1925
729 2027
729 2118
729 2243
729 2255
729 2284
729 2389
729 2762
729 3132
729 3171
729 3648
729 3676
729 3984
729 4135
729 4632
729 4746
729 4771
729 5065
729 5093
729 5236
729 5938
729 5966
729 7067
729 7208
729 7335
729 7433
729 8272
729 8297
729 8338
729 8969
729 9323
729 9519
729 9776
729 9809
729 9826
729 9896
729 9937
729 9971
729 9972
729 9974
729 10011
729 10099
729 10149
729 10206
729 10253
729 10266
729 10281
729 10296
729 10345
734 8433
736 4031
736 8433
736 10202
736 10206
753 1563
753 2199
753 4731
762 1179
762 1206
762 1256
762 1298
762 1517
762 1636
762 1786
762 2062
762 2529
762 2816
762 2845
762 3368
762 3381
762 3636
762 3975
762 4358
762 5141
762 5362
762 5441
762 5720
762 6108
762 7199
762 8015
762 8282
762 8484
762 8901
762 9124
762 9158
762 9379
762 9874
762 9904
762 9915
762 10076
762 10086
762 10102
762 10144
762 10197
762 10202
762 10206
762 10218
762 10236
762 10269
762 10279
762 10304
762 10306
762 10359
762 10429
762 10437
762 10473
762 10505
762 10533
771 1057
771 2562
771 6203
771 7391
771 10369
773 2541
774 881
774 1470
774 1576
774 1786
774 4092
774 8887
774 9269
774 10040
774 10153
774 10188
779 4997
781 1012
781 2169
789 921
816 1011
817 3582
820 10164
821 996
821 1451
821 5065
821 6413
821 10465
821 10493
823 1664
823 2062
823 2694
823 5946
823 5966
823 6128
823 7290
823 7658
823 9408
837 1198
837 1365
837 1622
837 1768
837 2303
837 3072
837 3708
837 4242
837 5065
837 5125
837 6413
837 7105
837 7846
837 8939
837 10040
837 10120
837 10126
837 10231
837 10298
837 10421
837 10478
837 10511
839 1335
839 1540
839 2243
839 2255
839 2284
839 3107
839 3415
839 3756
839 4216
839 4370
839 5487
839 5550
839 6108
839 6128
839 7658
839 7944
839 10019
839 10134
839 10135
839 10137
839 10211
839 10243
846 6108
846 7336
846 9628
852 1002
852 1206
852 1256
852 1470
852 1576
852 1787
852 2148
852 2412
852 2488
852 2522
852 2529
852 2692
852 2762
852 3289
852 3313
852 3381
852 3515
852 3707
852 4589
852 4680
852 4858
852 4949
852 5047
852 5065
852 5427
852 5440
852 5616
852 5720
852 5949
852 6223
852 6319
852 6505
852 6800
852 6817
852 7090
852 7199
852 7547
852 7801
852 8093
852 8197
852 8225
852 8510
852 9158
852 9309
852 9323
852 9330
852 9408
852 9522
852 9901
852 9962
852 9980
852 9992
852 10006
852 10051
852 10092
852 10224
852 10246
852 10283
852 10347
852 10405
852 10408
852 10416
852 10418
852 10467
857 1622
857 7391
857 10313
875 9984
881 6576
881 9941
881 10025
881 10085
881 10236
881 10258
881 10265
881 10424
881 10517
883 5550
883 10036
883 10184
883 10206
885 1206
886 3160
891 4632
891 4839
891 4904
895 7208
895 7658
895 10054
897 3166
897 6467
897 8282
897 9573
897 10499
898 2412
898 5577
898 6429
898 6945
898 7290
898 10414
904 1483
904 3177
904 4731
904 4910
904 5243
904 7382
904 8015
904 8567
904 9323
904 9408
904 10342
905 1418
905 2919
905 3171
905 6280
905 6429
905 7093
905 7947
905 10003
905 10202
905 10383
911 1917
917 1106
917 3030
917 3322
917 3377
917 7658
917 10164
917 10220
919 4171
919 5065
919 8093
920 3072
920 8477
920 10040
920 10126
921 1298
921 1338
921 1742
921 1755
921 2123
921 3030
921 4783
921 5141
921 6467
921 6970
921 7658
921 8796
921 9573
921 9901
921 10293
922 7801
922 10483
928 7826
928 10426
938 4283
938 9425
948 2389
948 4771
948 5305
948 5699
948 5917
948 9939
963 7433
963 8433
963 9644
963 9776
963 10100
968 1255
968 4031
968 4632
968 5553
978 10249
996 5672
996 9781
996 10354
996 10517
999 9962
1002 1242
1002 1636
1002 2574
1002 3171
1002 3283
1002 3330
1002 4746
1002 4949
1002 5065
1002 5703
1002 6108
1002 7097
1002 7942
1002 9610
1002 9697
1002 9801
1002 9900
1002 10012
1002 10319
1002 10369
1002 10472
1002 10503
1006 1369
1006 2453
1006 3657
1006 8197
1006 8272
1011 1056
1011 1289
1011 6175
1012 1140
1015 2223
1017 4702
1017 6373
1019 6280
1024 10164
1035 1709
1035 2389
1035 4419
1035 4771
1035 7335
1035 9280
1035 10054
1036 1298
1036 2123
1036 5550
1036 10007
1041 1974
1041 3368
1041 7987
1041 8197
1041 8512
1041 8969
1041 9971
1048 1917
1048 4390
1048 4731
1048 5305
1051 2885
1051 9292
1051 9309
1056 4419
1057 1177
1057 1232
1057 1242
1057 1255
1057 1470
1057 1576
1057 1604
1057 1774
1057 2360
1057 2762
1057 2767
1057 3171
1057 3910
1057 3984
1057 4092
1057 4507
1057 4589
1057 4746
1057 5065
1057 5272
1057 5616
1057 5621
1057 5966
1057 6160
1057 6638
1057 6779
1057 7391
1057 9147
1057 9152
1057 9161
1057 9558
1057 10040
1057 10061
1057 10158
1057 10163
1057 10265
1057 10308
1057 10327
1057 10366
1057 10416
1057 10436
1057 10440
1057 10545
1060 2158
1060 3487
1060 4822
1060 9966
1060 9980
1060 10164
1070 3515
1070 5949
1070 9915
1106 2243
1106 2423
1106 2669
1106 2762
1106 3171
1106 3617
1106 3984
1106 4949
1106 5272
1106 6692
1106 8190
1106 8969
1106 9809
1106 9937
1106 10011
1106 10023
1106 10074
1115 2767
1115 2822
1115 5065
1115 5265
1115 8190
1115 8671
1115 9427
1115 9725
1115 9916
1115 10050
1115 10109
1115 10179
1115 10213
1115 10226
1115 10392
1122 1636
1122 1943
1122 4179
1122 9475
1123 2389
1126 10477
1128 2762
1128 10033
1135 9322
1140 1831
1140 2428
1140 4092
1140 6779
1140 8071
1144 2919
1144 3322
1144 3545
1144 6413
1144 9152
1144 9789
1144 10035
1144 10090
1144 10202
1144 10473
1148 6448
1148 7463
1170 4216
1170 4731
1170 5362
1170 9920
1177 1256
1177 1321
1177 1483
1177 1608
1177 1939
1177 2089
1177 2820
1177 3072
1177 3636
1177 3707
1177 4187
1177 4949
1177 5065
1177 5263
1177 8197
1177 10018
1177 10040
1198 1576
1198 1622
1198 1687
1198 1812
1198 3501
1198 4187
1198 4746
1198 5493
1198 6596
1198 8099
1198 8197
1198 8837
1198 9299
1198 9991
1198 10200
1199 3648
1206 1576
1206 3122
1206 4140
1206 4488
1206 4908
1206 5065
1206 5720
1206 7290
1206 7534
1206 9309
1206 9596
1206 9803
1206 9888
1206 9983
1206 10040
1206 10283
1206 10338
1206 10536
1206 10539
1223 7290
1223 7325
1223 9469
1232 4546
1235 2845
1242 1636
1242 1755
1242 2599
1242 3093
1242 3171
1242 4731
1242 4746
1242 4949
1242 5599
1242 7391
1242 8197
1242 8224
1242 9308
1242 9613
1242 9776
1242 9874
1242 10403
1242 10481
1242 10505
1243 4746
1243 6505
1243 8382
1244 9877
1245 4634
1247 2762
1247 3787
1247 4746
1247 6108
1247 9152
1247 9652
1247 9937
1255 1369
1255 1422
1255 1581
1255 1755
1255 1774
1255 1917
1255 2027
1255 2255
1255 2319
1255 2412
1255 2428
1255 2504
1255 2529
1255 2820
1255 2845
1255 2888
1255 2956
1255 3030
1255 3107
1255 3171
1255 3461
1255 3619
1255 3624
1255 3648
1255 3708
1255 3785
1255 3856
1255 3910
1255 4216
1255 4466
1255 4632
1255 4841
1255 5012
1255 5065
1255 5102
1255 5127
1255 5305
1255 5468
1255 5658
1255 5720
1255 5828
1255 5966
1255 6467
1255 6498
1255 6506
1255 6885
1255 6943
1255 7071
1255 7208
1255 7290
1255 7658
1255 7947
1255 8179
1255 8197
1255 8232
1255 8272
1255 8282
1255 8515
1255 8613
1255 9000
1255 9010
1255 9158
1255 9168
1255 9366
1255 9557
1255 9776
1255 9809
1255 9851
1255 9869
1255 9896
1255 9939
1255 9962
1255 9985
1255 9993
1255 10011
1255 10017
1255 10020
1255 10099
1255 10201
1255 10202
1255 10206
1255 10207
1255 10220
1255 10222
1255 10227
1255 10296
1255 10304
1255 10311
1255 10336
1255 10365
1255 10367
1255 10397
1255 10416
1255 10502
1256 1904
1256 2488
1256 5857
1256 6548
1256 7186
1256 7290
1256 9309
1256 9888
1256 10078
1256 10122
1256 10405
1264 2027
1264 2423
1264 2562
1264 10243
1264 10450
1268 2820
1268 3330
1268 4216
1268 4746
1268 5305
1268 5440
1268 6358
1268 8224
1268 8272
1268 9874
1268 10005
1268 10266
1271 9925
1278 3298
1281 2319
1281 2472
1281 3041
1281 4419
1281 5926
1281 7336
1290 2053
1290 2111
1290 3975
1290 4746
1290 9874
1295 4904
1295 5362
1298 1333
1298 1877
1298 2123
1298 2645
1298 4523
1298 5468
1298 9939
1298 9984
1298 10151
1298 10407
1300 1422
1300 6618
1300 10250
1304 9781
1321 1604
1321 2583
1321 4771
1321 4949
1321 6100
1321 6917
1333 1786
1333 3636
1333 6467
1333 8433
1335 10122
1338 3648
1359 1636
1359 1974
1359 2605
1359 2762
1359 2785
1359 3171
1359 5176
1359 6140
1359 6280
1359 6779
1359 7984
1359 8190
1359 8935
1359 9709
1359 9874
1359 9972
1359 10013
1359 10075
1359 10187
1359 10295
1359 10345
1359 10444
1359 10505
1361 5616
1361 6018
1361 7034
1361 10440
1361 10452
1361 10531
1361 10540
1365 1576
1365 3381
1365 4949
1365 5415
1365 5616
1365 5693
1365 6009
1365 7801
1365 7839
1365 7924
1365 10078
1365 10293
1365 10312
1365 10331
1365 10446
1369 1413
1369 1908
1369 5816
1369 6779
1369 7290
1369 8197
1369 8272
1369 9869
1369 9939
1369 10054
1375 5822
1375 6202
1384 4946
1390 2062
1390 5468
1390 5551
1390 7034
1390 10238
1392 1812
1392 1972
1392 2292
1392 2493
1392 2541
1392 5065
1392 5616
1392 8519
1392 8642
1392 9781
1392 10202
1392 10408
1413 1755
1413 2223
1413 2412
1413 3093
1413 4746
1413 4752
1413 5966
1413 6685
1413 6943
1413 7067
1413 7329
1413 9628
1413 9776
1413 9869
1413 10040
1413 10053
1413 10166
1413 10186
1413 10227
1413 10304
1413 10347
1422 1470
1422 1622
1422 2739
1422 4731
1422 5625
1422 9776
1422 10209
1422 10503
1436 2529
1436 2670
1436 4641
1449 2919
1451 1917
1469 10139
1469 10175
1470 1523
1470 1576
1470 1627
1470 1636
1470 1786
1470 2303
1470 2724
1470 2762
1470 3171
1470 4949
1470 6203
1470 6498
1470 6582
1470 7034
1470 7290
1470 7816
1470 7984
1470 8015
1470 8567
1470 9168
1470 9553
1470 9951
1470 9975
1470 10040
1470 10052
1470 10075
1470 10225
1470 10276
1470 10529
1483 5065
1483 5615
1483 7391
1483 8333
1484 10330
1497 2682
1514 9285
1514 10366
1517 2412
1517 5616
1517 5828
1517 7071
1517 8272
1517 9874
1517 9906
1521 9027
1521 9787
1523 2395
1523 2919
1523 7399
1523 10534
1529 1877
1539 4652
1540 1636
1540 5065
1540 5440
1540 6779
1540 7987
1540 8272
1540 8446
1540 9776
1540 10015
1540 10071
1540 10257
1540 10304
1540 10345
1540 10380
1540 10504
1540 10505
1543 3648
1543 4591
1543 10407
1548 9789
1550 6942
1551 1787
1551 4910
1554 5949
1563 1604
1563 6373
1563 10345
1565 4949
1565 9925
1576 1622
1576 1627
1576 2264
1576 2762
1576 2956
1576 3171
1576 3341
1576 3708
1576 3910
1576 5237
1576 5366
1576 5616
1576 5720
1576 5812
1576 6120
1576 6413
1576 7034
1576 7816
1576 8197
1576 8212
1576 8807
1576 9309
1576 9951
1576 9986
1576 10035
1576 10061
1576 10171
1576 10181
1576 10236
1576 10259
1576 10276
1576 10293
1576 10347
1576 10350
1576 10398
1576 10422
1576 10476
1576 10477
1576 10480
1576 10529
1581 4419
1600 2567
1600 5966
1600 10008
1602 10098
1604 1786
1604 2816
1604 3636
1604 3708
1604 4839
1604 4908
1604 4949
1604 5065
1604 5859
1604 6373
1604 7391
1604 8566
1604 9143
1604 9152
1604 9483
1604 9536
1608 9390
1612 1742
1612 3648
1612 4771
1612 4783
1612 5468
1612 6970
1612 7454
1622 1917
1622 2762
1622 2943
1622 3171
1622 3313
1622 3648
1622 3727
1622 4018
1622 4632
1622 5560
1622 5616
1622 7290
1622 7924
1622 9695
1622 10063
1622 10119
1622 10198
1622 10529
1625 2044
1625 2739
1625 5493
1625 5862
1625 7034
1625 9446
1625 9874
1625 10332
1628 2303
1628 6120
1628 7846
1628 8179
1628 10064
1633 7391
1636 1691
1636 1917
1636 1972
1636 2156
1636 2223
1636 2428
1636 2739
1636 2762
1636 2820
1636 3313
1636 3636
1636 4117
1636 4507
1636 4771
1636 4838
1636 5052
1636 5616
1636 5862
1636 6889
1636 7355
1636 8015
1636 8433
1636 8512
1636 8969
1636 9368
1636 9553
1636 9629
1636 9875
1636 9900
1636 9986
1636 10083
1636 10101
1636 10147
1636 10195
1636 10199
1636 10236
1636 10283
1636 10309
1636 10396
1636 10398
1636 10415
1636 10430
1636 10452
1636 10484
1636 10495
1636 10543
1640 5966
1658 8901
1658 9924
1664 10356
1667 2019
1672 5943
1687 4752
1687 10542
1691 2527
1691 9507
1709 2389
1709 3330
1709 9982
1717 3313
1717 6548
1724 3648
1724 4910
1724 5243
1724 5305
1724 6108
1724 6413
1724 8097
1724 8738
1724 9836
1724 9970
1724 10355
1724 10399
1724 10471
1742 2522
1742 3648
1742 4632
1742 6498
1742 10481
1742 10499
1745 3158
1745 7208
1745 10416
1751 8634
1755 3648
1755 5599
1755 6666
1755 7067
1755 7658
1755 9613
1755 10379
1763 2223
1763 4783
1763 5487
1763 6051
1763 7325
1763 7972
1763 8974
1763 9459
1763 9789
1763 9963
1763 10032
1763 10247
1763 10506
1768 2822
1768 4397
1768 4589
1768 7290
1768 10241
1769 6779
1774 2158
1774 7391
1774 10049
1774 10068
1779 5305
1786 1917
1786 3325
1786 4092
1786 4909
1786 5215
1786 5616
1786 6570
1786 6779
1786 8519
1786 8969
1786 9781
1786 10019
1786 10141
1786 10142
1787 1974
1787 2529
1787 4783
1787 5270
1787 5720
1787 9599
1787 9789
1787 10422
1788 4358
1788 4465
1788 5468
1788 8567
1788 10347
1788 10475
1792 10216
1794 3313
1804 2619
1807 7391
1808 2974
1808 3072
1808 7033
1808 9943
1812 3075
1818 1972
1818 2762
1818 4841
1818 5550
1818 7391
1818 10087
1818 10487
1819 9152
1824 2333
1824 3093
1824 3405
1824 5093
1824 5468
1824 5966
1824 6413
1824 6624
1824 7097
1824 8634
1824 9649
1824 9836
1824 10080
1824 10184
1824 10261
1824 10321
1824 10431
1825 7801
1825 8015
1831 2153
1831 2369
1831 4680
1831 5065
1831 6888
1831 7816
1831 8008
1831 9432
1831 10040
1831 10178
1831 10273
1836 2255
1836 5065
1836 6779
1836 8197
1854 2333
1854 2472
1861 10458
1863 2762
1863 2767
1877 2027
1877 2333
1877 2389
1877 2423
1877 2694
1877 3330
1877 4358
1877 4916
1877 5305
1877 5468
1877 5596
1877 5946
1877 7658
1877 8260
1877 9786
1877 9924
1877 9927
1877 9993
1877 10254
1877 10358
1877 10450
1879 2574
1879 5606
1879 6373
1879 6429
1879 6448
1879 9633
1879 9712
1904 2529
1904 5720
1908 5599
1908 8596
1917 2184
1917 2243
1917 2284
1917 2522
1917 2600
1917 2619
1917 2645
1917 2682
1917 2956
1917 3756
1917 3943
1917 4001
1917 4031
1917 4243
1917 4466
1917 4536
1917 4731
1917 4746
1917 4822
1917 5065
1917 5236
1917 5468
1917 5943
1917 6708
1917 7942
1917 8137
1917 8519
1917 8642
1917 8969
1917 9285
1917 9625
1917 9633
1917 9826
1917 9848
1917 9903
1917 9937
1917 10010
1917 10019
1917 10024
1917 10071
1917 10154
1917 10155
1917 10157
1917 10164
1917 10211
1917 10384
1917 10501
1922 2044
1922 4193
1922 4507
1922 5362
1922 5616
1922 6413
1922 9976
1925 2053
1925 4731
1925 4746
1925 5599
1925 6448
1925 9826
1931 3417
1940 2704
1940 3984
1943 2529
1958 5305
1959 7647
1959 10038
1966 5065
1971 2319
1971 3381
1971 8901
1972 4187
1972 4523
1972 8565
1972 9152
1972 9625
1972 10226
1974 2156
1974 4632
1974 9257
1977 10176
1978 9931
1985 10217
1992 10040
1994 7397
1995 2418
1995 8363
2019 2053
2019 4216
2019 4731
2019 6448
2019 9308
2019 9523
2019 9874
2019 10182
2027 2111
2027 2389
2027 3484
2027 3865
2027 4632
2027 5596
2027 9786
2027 10091
2027 10099
2027 10356
2027 10410
2043 4489
2044 5362
2046 9916
2046 10148
2053 3632
2053 4632
2053 5305
2053 5471
2053 5551
2053 8945
2053 8969
2053 9610
2053 9874
2053 10071
2053 10075
2053 10157
2053 10304
2062 2650
2062 2845
2062 4358
2062 7658
2062 9000
2062 9379
2062 9888
2062 10086
2062 10469
2063 2607
2063 3707
2063 9428
2081 10117
2086 4746
2086 5325
2086 5966
2086 6108
2086 9264
2086 10399
2089 3088
2089 3636
2089 3639
2089 10040
2093 8272
2095 3707
2095 8567
2107 6448
2111 2469
2111 8197
2111 8297
2111 9469
2111 10122
2118 7391
2118 10313
2122 2489
2123 7658
2123 9984
2124 9368
2128 8816
2136 10040
2148 3171
2148 5065
2148 7391
2148 7722
2148 8429
2153 9390
2153 10394
2156 2319
2156 2762
2156 3171
2156 3322
2156 3984
2156 4116
2156 4585
2156 4746
2156 4771
2156 5415
2156 5971
2156 6413
2156 6779
2156 7034
2156 7155
2156 7547
2156 8015
2156 9628
2156 9869
2156 10078
2156 10083
2156 10085
2156 10137
2156 10331
2156 10448
2156 10476
2158 3030
2158 3171
2158 5831
2158 6596
2158 6779
2158 9869
2158 10078
2158 10094
2160 7391
2160 10131
2192 3756
2192 10206
2199 8272
2204 4731
2204 9848
2204 9996
2214 2423
2214 4419
2214 7335
2214 7656
2214 10027
2223 4116
2223 8093
2223 10060
2223 10525
2224 10047
2243 2762
2243 4746
2243 5551
2243 6942
2243 8197
2243 8484
2243 10531
2255 2412
2255 2583
2255 2820
2255 3648
2255 3785
2255 4997
2255 5305
2255 5616
2255 6708
2255 6779
2255 7335
2255 7391
2255 8121
2255 9116
2255 9308
2255 10094
2255 10155
2255 10206
2255 10243
2255 10545
2256 3030
2256 3195
2256 8173
2256 9469
2264 2762
2264 4092
2264 4507
2264 5551
2264 5956
2284 2674
2284 4771
2284 4924
2284 5550
2284 5615
2284 5949
2284 6945
2284 7801
2284 9238
2284 10028
2284 10058
2286 3930
2286 5703
2286 8272
2286 9714
2292 10128
2295 4632
2303 4242
2303 6203
2303 7034
2303 8197
2309 6619
2309 6942
2313 2739
2313 2762
2313 3391
2313 3636
2313 4949
2313 5065
2313 7034
2313 8512
2313 9929
2313 10440
2313 10500
2317 6779
2317 10400
2319 2389
2319 4164
2319 4882
2319 7097
2319 7391
2319 9483
2319 9610
2319 9993
2319 10099
2319 10248
2319 10283
2319 10476
2319 10516
2323 9986
2324 7942
2324 9610
2324 9874
2324 9939
2324 10304
2333 2389
2350 7290
2357 4783
2357 8272
2360 2930
2360 4047
2360 5065
2360 5615
2360 10202
2364 8567
2364 10202
2369 2428
2388 10040
2389 2956
2389 3041
2389 3077
2389 3484
2389 4164
2389 4916
2389 4997
2389 5596
2389 5616
2389 6779
2389 7658
2389 7699
2389 8124
2389 8232
2389 8796
2389 9533
2389 9939
2389 9982
2389 10207
2389 10243
2389 10358
2389 10389
2389 10406
2389 10410
2389 10472
2393 3787
2393 4879
2393 5983
2393 6108
2393 8297
2393 9152
2412 2674
2412 3171
2412 3346
2412 3727
2412 3975
2412 4116
2412 5577
2412 7290
2412 8197
2423 2956
2423 3030
2423 3484
2423 4216
2423 4997
2423 5041
2423 5672
2423 6498
2423 6779
2423 8272
2423 9147
2423 9152
2423 10208
2424 7743
2424 8093
2424 10040
2428 2762
2428 4018
2428 4783
2428 6018
2428 9158
2428 9722
2428 10069
2428 10078
2435 8197
2437 2716
2437 6161
2437 9939
2437 10395
2449 5065
2453 8272
2453 9826
2453 9874
2453 10328
2455 5616
2455 8085
2457 2694
2472 2820
2472 4419
2472 4997
2472 5596
2472 7097
2472 7127
2472 9786
2472 10009
2472 10156
2472 10406
2488 2529
2488 5720
2488 5801
2488 5966
2488 9292
2488 9628
2488 10279
2488 10338
2522 5493
2522 9591
2522 10226
2527 3409
2527 9483
2529 2660
2529 2670
2529 2762
2529 2943
2529 3171
2529 3377
2529 3619
2529 3648
2529 3856
2529 3984
2529 4064
2529 4242
2529 4305
2529 4488
2529 4783
2529 4949
2529 5065
2529 5415
2529 5720
2529 5812
2529 6319
2529 7290
2529 7474
2529 7924
2529 8682
2529 8732
2529 9124
2529 9158
2529 9330
2529 9344
2529 9368
2529 9507
2529 9522
2529 9888
2529 9915
2529 9962
2529 10061
2529 10092
2529 10149
2529 10196
2529 10223
2529 10224
2529 10261
2529 10279
2529 10293
2529 10316
2529 10418
2529 10427
2529 10477
2534 9446
2534 10018
2541 7647
2541 9152
2541 9987
2545 5649
2545 9932
2545 10013
2562 3122
2562 4997
2562 6867
2562 9963
2562 10057
2574 4731
2574 6448
2574 7391
2582 2583
2582 3171
2582 4839
2582 6413
2582 6779
2583 2767
2583 3171
2583 4731
2583 5065
2583 5265
2583 5362
2583 6203
2583 7034
2583 8093
2583 8179
2583 8947
2583 9152
2583 9469
2583 9483
2583 10312
2589 3984
2592 9725
2598 2762
2598 5220
2598 9158
2598 9323
2599 4117
2599 10481
2600 8197
2602 3947
2611 5471
2616 4841
2617 5859
2619 3132
2619 4723
2619 8985
2619 9993
2621 10275
2627 7391
2627 9915
2627 9942
2627 10265
2627 10314
2627 10461
2628 2816
2640 3289
2645 5553
2649 8179
2650 2696
2650 5943
2650 9596
2650 9885
2650 10137
2660 3883
2660 4605
2660 4632
2660 5680
2660 5949
2660 6498
2660 8956
2660 9147
2660 9915
2660 9962
2660 10416
2660 10466
2663 6505
2663 8015
2669 3484
2670 3707
2670 4140
2670 4783
2670 9292
2674 3330
2674 5305
2674 5812
2674 9169
2674 9973
2682 4632
2682 5599
2687 3893
2687 3984
2687 5018
2687 6627
2687 9948
2691 5859
2692 4746
2692 7003
2692 10065
2694 2820
2694 3330
2694 3951
2694 4964
2694 5966
2694 6175
2694 8796
2694 9993
2694 10444
2694 10507
2696 2943
2696 7391
2696 8796
2696 9628
2704 5141
2730 4746
2730 7213
2730 7379
2730 10011
2730 10211
2730 10281
2730 10516
2731 9789
2739 2956
2739 4839
2739 4904
2739 5052
2739 5362
2739 5493
2739 6413
2739 7034
2739 7801
2739 9990
2741 2762
2741 9309
2741 9628
2741 10031
2749 5308
2750 10535
2756 2885
2756 3023
2756 3313
2756 4179
2756 6548
2756 6816
2756 9158
2756 9428
2756 9938
2756 9956
2756 9983
2756 9992
2756 10146
2756 10405
2756 10467
2756 10477
2762 2767
2762 2930
2762 2956
2762 3088
2762 3125
2762 3171
2762 3341
2762 3636
2762 3745
2762 3947
2762 4059
2762 4092
2762 4117
2762 4507
2762 4585
2762 4702
2762 4746
2762 4783
2762 4831
2762 5065
2762 5272
2762 5362
2762 5615
2762 5616
2762 5956
2762 6203
2762 6413
2762 6467
2762 6728
2762 7034
2762 7391
2762 8067
2762 8172
2762 8197
2762 8484
2762 9124
2762 9158
2762 9168
2762 9323
2762 9446
2762 9469
2762 9904
2762 9929
2762 9958
2762 9964
2762 10016
2762 10023
2762 10040
2762 10106
2762 10110
2762 10112
2762 10175
2762 10181
2762 10195
2762 10199
2762 10214
2762 10225
2762 10287
2762 10331
2762 10348
2762 10349
2762 10363
2762 10430
2762 10480
2762 10512
2762 10513
2767 2868
2767 3160
2767 3171
2767 3322
2767 3627
2767 4839
2767 5040
2767 5041
2767 5065
2767 5616
2767 5929
2767 6203
2767 6654
2767 7155
2767 7167
2767 7391
2767 7454
2767 7690
2767 8119
2767 8821
2767 8974
2767 9469
2767 9596
2767 9722
2767 9725
2767 10050
2767 10080
2767 10085
2767 10126
2767 10137
2767 10146
2767 10150
2767 10244
2767 10247
2767 10304
2767 10331
2767 10386
2767 10396
2767 10532
2775 9522
2775 10286
2775 10482
2775 10522
2785 9644
2810 5487
2816 3030
2816 3313
2816 3368
2816 4000
2816 4652
2816 4746
2816 4841
2816 4997
2816 5550
2816 5658
2816 5669
2816 6280
2816 6685
2816 8881
2816 9596
2816 9708
2816 9885
2816 10063
2816 10102
2816 10128
2816 10342
2816 10359
2816 10499
2820 3330
2820 3632
2820 3984
2820 4771
2820 5493
2820 7071
2820 8015
2820 9309
2820 9939
2820 9971
2820 10053
2820 10244
2820 10345
2820 10396
2822 5682
2823 4924
2823 9483
2823 10040
2845 3107
2845 3461
2845 3619
2845 4910
2845 6467
2845 7208
2845 8323
2845 8897
2845 9787
2845 9809
2845 10150
2845 10222
2845 10416
2845 10427
2864 3545
2868 3171
2868 5720
2868 7290
2868 7391
2868 8197
2868 10402
2869 3184
2885 4908
2885 6548
2885 7722
2888 4419
2888 4964
2888 7353
2888 9744
2888 9888
2888 9993
2902 10486
2907 4924
2907 9789
2912 10243
2919 3417
2919 3456
2919 3727
2919 3943
2919 6413
2919 9330
2919 9722
2919 9871
2919 9962
2919 10488
2930 4591
2930 5065
2930 5550
2930 7074
2930 7391
2930 8881
2930 9257
2930 9801
2930 10314
2934 9330
2934 9562
2934 9961
2934 10109
2934 10202
2943 3132
2943 4632
2943 8043
2943 9169
2956 3171
2956 3636
2956 5720
2956 6413
2956 7987
2956 8445
2956 8596
2956 9308
2956 9988
2956 10013
2957 6498
2970 4731
2989 4280
2995 4031
3012 7391
3023 5047
3023 5616
3023 6223
3023 6801
3023 7199
3023 8732
3024 9469
3024 10174
3026 8085
3030 3158
3030 3359
3030 3368
3030 3461
3030 3764
3030 4031
3030 4032
3030 4523
3030 4731
3030 4841
3030 5065
3030 5141
3030 5176
3030 6943
3030 7391
3030 8151
3030 8282
3030 8725
3030 9366
3030 9449
3030 9596
3030 9628
3030 9776
3030 9809
3030 9915
3030 9970
3030 10036
3030 10061
3030 10342
3030 10376
3030 10399
3041 4419
3041 6943
3041 8796
3041 10207
3065 6189
3065 8179
3065 10090
3065 10542
3072 3636
3072 4187
3072 4746
3072 4783
3072 5065
3072 5471
3072 8837
3072 9446
3072 10082
3072 10126
3072 10253
3072 10404
3075 6470
3076 10321
3076 10518
3088 5065
3088 10199
3088 10513
3093 9901
3100 5102
3107 7924
3107 10372
3110 3171
3122 10218
3125 4670
3158 3368
3158 4117
3158 7339
3158 9786
3158 10416
3160 3322
3160 3329
3160 3816
3160 4783
3160 5065
3160 10040
3160 10166
3166 7658
3166 9781
3171 3355
3171 3487
3171 3708
3171 3727
3171 3798
3171 4117
3171 4135
3171 4536
3171 4746
3171 4949
3171 5065
3171 5106
3171 5237
3171 5427
3171 5681
3171 5822
3171 5912
3171 6203
3171 6280
3171 6413
3171 6517
3171 6619
3171 6779
3171 6816
3171 7167
3171 7290
3171 7391
3171 7924
3171 7987
3171 8429
3171 8446
3171 8484
3171 8515
3171 9169
3171 9323
3171 9562
3171 9695
3171 9776
3171 9801
3171 9911
3171 9928
3171 10020
3171 10061
3171 10125
3171 10134
3171 10138
3171 10198
3171 10244
3171 10344
3171 10375
3171 10376
3171 10377
3171 10476
3171 10484
3171 10492
3171 10528
3171 10529
3171 10546
3177 5042
3177 7391
3177 9152
3177 9787
3183 4117
3183 4783
3183 4924
3183 10432
3184 5012
3184 6638
3195 4746
3195 5468
3195 10141
3233 7194
3239 10440
3245 10336
3258 5949
3275 7816
3281 7155
3281 9152
3281 9352
3283 9466
3289 8093
3293 9390
3307 6018
3313 3578
3313 3707
3313 4949
3313 5065
3313 5270
3313 5441
3313 6548
3313 6816
3313 7290
3313 8015
3313 8950
3313 9158
3313 9330
3313 9596
3313 10146
3313 10285
3313 10408
3313 10467
3322 5616
3322 5624
3322 7433
3322 8179
3322 8974
3322 9832
3322 10032
3322 10040
3322 10173
3322 10289
3322 10321
3322 10326
3322 10456
3322 10477
3325 5487
3326 10484
3329 4783
3329 7391
3329 9469
3330 3368
3330 3377
3330 4632
3330 4783
3330 5440
3330 5720
3330 8124
3330 9523
3330 9874
3330 10158
3341 3381
3341 4092
3341 4403
3341 4488
3341 5272
3341 5615
3341 7355
3341 7391
3341 10016
3341 10178
3341 10507
3355 7391
3355 10128
3359 6779
3359 10398
3363 5971
3368 4803
3368 5658
3368 5720
3368 6280
3368 7290
3368 8363
3377 5720
3377 5788
3377 7208
3377 8232
3377 10472
3380 3682
3380 5616
3380 5649
3380 9330
3380 9948
3380 10304
3380 10464
3381 4138
3381 4746
3381 5272
3381 5966
3381 8015
3381 8197
3381 9152
3381 10037
3381 10403
3381 10509
3391 10267
3405 6108
3405 7071
3405 9786
3405 9911
3405 9939
3405 9953
3405 10023
3405 10472
3412 6801
3412 8015
3414 6203
3414 6706
3414 8561
3414 9152
3415 10027
3416 5471
3416 9789
3417 3856
3417 4116
3417 7391
3417 7463
3417 8688
3417 10347
3453 4589
3457 7985
3458 9292
3458 9975
3458 10052
3461 8626
3461 10202
3479 10278
3484 5305
3484 5577
3484 9379
3484 9610
3487 4309
3487 10383
3501 8416
3505 9158
3505 9888
3515 5041
3515 5949
3515 6801
3515 6816
3515 6917
3515 7213
3515 9915
3515 9942
3515 10416
3526 10052
3528 9152
3540 7007
3543 6413
3545 5487
3545 6232
3545 10476
3569 7892
3592 6916
3619 10352
3631 9130
3632 4731
3632 8272
3636 4092
3636 4507
3636 4702
3636 4949
3636 4957
3636 5616
3636 6189
3636 6413
3636 7034
3636 7690
3636 8067
3636 9136
3636 9168
3636 9553
3636 9596
3636 9629
3636 9801
3636 9951
3636 10040
3636 10244
3636 10440
3636 10531
3639 3787
3639 4092
3639 10059
3648 4031
3648 4481
3648 4523
3648 4783
3648 4841
3648 5141
3648 5468
3648 5550
3648 5828
3648 10087
3648 10342
3648 10379
3648 10533
3673 8131
3673 9628
3673 9787
3673 10487
3682 10347
3686 5471
3707 4179
3707 6548
3707 7329
3707 8409
3707 10484
3707 10521
3708 5065
3727 4110
3727 6429
3727 7391
3727 9407
3727 9851
3727 10201
3727 10202
3727 10320
3735 9152
3736 7391
3745 4949
3745 8935
3745 10261
3745 10362
3756 5501
3756 10206
3756 10211
3764 8373
3780 7336
3784 4949
3784 8974
3784 10094
3785 4234
3785 5468
3787 6108
3787 10059
3787 10063
3787 10152
3789 8752
3798 4536
3798 7391
3800 10068
3806 7329
3811 5649
3811 10312
3816 8015
3816 10059
3816 10283
3843 3967
3843 9724
3843 10203
3852 5616
3855 9938
3856 4488
3856 5065
3856 5720
3865 4771
3865 4910
3865 5272
3865 6434
3865 10366
3893 3984
3910 4092
3910 8197
3917 5831
3917 10040
3930 4117
3930 5672
3930 6779
3930 6889
3938 4904
3943 5220
3943 6505
3943 9264
3943 9972
3947 4242
3947 4746
3947 9615
3947 9937
3947 9968
3947 10069
3951 4820
3951 6108
3951 8164
3951 9610
3951 10088
3951 10358
3953 10040
3954 5616
3967 4746
3967 9997
3969 4917
3975 7097
3975 7659
3975 10371
3984 4117
3984 4242
3984 4271
3984 4280
3984 4831
3984 4839
3984 4990
3984 5021
3984 5065
3984 5468
3984 5487
3984 5616
3984 6505
3984 6709
3984 8173
3984 9446
3984 9465
3984 9596
3984 9851
3984 9936
3984 9985
3984 10004
3984 10040
3984 10321
3984 10382
3984 10506
3984 10537
4001 9848
4001 10459
4011 4746
4011 9948
4011 10150
4018 9147
4018 10040
4031 4305
4031 4523
4031 4632
4031 4783
4031 4910
4031 6128
4031 6498
4031 6942
4031 7027
4031 7208
4031 7391
4031 9469
4031 9809
4031 9970
4031 10196
4031 10206
4031 10266
4031 10313
4031 10339
4031 10379
4031 10395
4031 10399
4032 8881
4032 9722
4038 4358
4038 9687
4038 10358
4047 7119
4059 8093
4059 9152
4059 9246
4059 9285
4059 9841
4059 10039
4059 10040
4062 6032
4064 10049
4080 4731
4080 8472
4090 4544
4090 5272
4090 6463
4090 6505
4090 8477
4090 9757
4090 9989
4090 10040
4090 10112
4090 10263
4090 10290
4090 10298
4090 10390
4092 4382
4092 4488
4092 4507
4092 4866
4092 4924
4092 5065
4092 5362
4092 5655
4092 5706
4092 5956
4092 7690
4092 8015
4092 8096
4092 8807
4092 9045
4092 9629
4092 9653
4092 9925
4092 10018
4092 10040
4092 10052
4092 10059
4092 10136
4092 10188
4092 10224
4092 10236
4092 10258
4092 10276
4092 10303
4092 10374
4092 10440
4092 10531
4106 5494
4113 5949
4116 4397
4116 5065
4116 5362
4116 6945
4116 7924
4116 9875
4116 10403
4117 4783
4117 5065
4117 6117
4117 6801
4117 7329
4117 8172
4117 8179
4117 9158
4117 9309
4117 10259
4117 10288
4117 10396
4117 10421
4117 10481
4117 10500
4117 10516
4126 4749
4135 5065
4135 7391
4138 5487
4138 9789
4138 10321
4140 4839
4140 5859
4140 8682
4140 10146
4140 10224
4140 10226
4140 10536
4140 10539
4141 8043
4149 9789
4150 10040
4159 10017
4159 10031
4164 8272
4171 6202
4171 7942
4171 8197
4171 9308
4171 9776
4171 10293
4179 6817
4179 8093
4187 4352
4187 5272
4187 5616
4187 7133
4187 7846
4187 8179
4187 9710
4187 10040
4187 10110
4187 10370
4187 10374
4187 10393
4187 10404
4188 6015
4188 6627
4201 7074
4201 7391
4201 8945
4201 10355
4216 4358
4216 4632
4216 4746
4216 5065
4216 5493
4216 6413
4216 8197
4216 8272
4216 9446
4216 9620
4216 9781
4216 9874
4216 9929
4216 10459
4234 4783
4239 10040
4242 4746
4242 6082
4242 6100
4242 7329
4242 9615
4242 10108
4242 10126
4242 10137
4242 10210
4243 6867
4243 8519
4265 6160
4271 5065
4280 4746
4280 4910
4280 6413
4280 7074
4280 7208
4280 9285
4280 10206
4280 10300
4280 10363
4280 10368
4283 10474
4305 7190
4305 10198
4317 4397
4358 4994
4358 7391
4358 10272
4366 8887
4366 10185
4370 10155
4379 8569
4380 4924
4382 4746
4382 5065
4382 6530
4382 6593
4382 8974
4382 9483
4382 10193
4382 10216
4382 10477
4390 7041
4390 10402
4419 4632
4419 4771
4419 4997
4419 7339
4419 7658
4419 7699
4419 8182
4419 9158
4419 9924
4419 10026
4419 10176
4424 6498
4425 7391
4425 9323
4456 6175
4466 4731
4466 5699
4466 7743
4471 10229
4472 4731
4472 9633
4481 10366
4488 4605
4488 5427
4488 5621
4488 5935
4488 9292
4488 9960
4507 5125
4507 5362
4507 5862
4507 6779
4507 8008
4507 8466
4507 9446
4507 9801
4507 10090
4507 10292
4507 10347
4523 4771
4523 5926
4523 6162
4523 9323
4523 9625
4523 9924
4523 10087
4523 10227
4523 10342
4523 10373
4523 10471
4523 10498
4530 8197
4536 8043
4536 8939
4536 9633
4536 9928
4536 10138
4536 10154
4536 10265
4536 10354
4544 6203
4544 6505
4544 9168
4546 6051
4546 7127
4546 7391
4546 8272
4546 9152
4546 9963
4546 10431
4577 5468
4577 5616
4577 6885
4577 9945
4585 4731
4585 10121
4585 10245
4589 4746
4589 5065
4589 6301
4589 6506
4589 7213
4589 10040
4589 10434
4591 5550
4591 6916
4591 6945
4591 8346
4591 9469
4591 10264
4600 9168
4600 10523
4605 5949
4605 6319
4615 6467
4615 6498
4632 4910
4632 5305
4632 5672
4632 5812
4632 5981
4632 6280
4632 6498
4632 7208
4632 7290
4632 7961
4632 8093
4632 8383
4632 8512
4632 8569
4632 8947
4632 8956
4632 9169
4632 9446
4632 9596
4632 9874
4632 9885
4632 9911
4632 9937
4632 9962
4632 9985
4632 10011
4632 10026
4632 10034
4632 10053
4632 10154
4632 10206
4632 10223
4632 10256
4632 10257
4632 10311
4632 10338
4632 10416
4632 10435
4634 7335
4634 8688
4641 9158
4641 10074
4641 10338
4679 10455
4680 6319
4680 7090
4680 9309
4680 9962
4680 9992
4702 7391
4702 9303
4702 9652
4704 5065
4704 8067
4704 9168
4731 4783
4731 5065
4731 5174
4731 5220
4731 5305
4731 5616
4731 5649
4731 5672
4731 5703
4731 5812
4731 5862
4731 6313
4731 6448
4731 6619
4731 7433
4731 8061
4731 8282
4731 8519
4731 8768
4731 8819
4731 8950
4731 9169
4731 9257
4731 9323
4731 9625
4731 9826
4731 9848
4731 9874
4731 9920
4731 9933
4731 9948
4731 9974
4731 10022
4731 10090
4731 10184
4731 10193
4731 10202
4731 10206
4731 10253
4731 10359
4731 10384
4731 10395
4731 10454
4731 10501
4745 9649
4746 4771
4746 4931
4746 5220
4746 5672
4746 5966
4746 5981
4746 6692
4746 7093
4746 7119
4746 7194
4746 7391
4746 7942
4746 8099
4746 8131
4746 8197
4746 8472
4746 8519
4746 8887
4746 8926
4746 8969
4746 9216
4746 9245
4746 9352
4746 9446
4746 9558
4746 9627
4746 9863
4746 9925
4746 10019
4746 10040
4746 10090
4746 10211
4746 10253
4746 10261
4746 10354
4746 10357
4746 10360
4746 10487
4746 10491
4746 10498
4752 5065
4752 8272
4752 9929
4771 4924
4771 5468
4771 5616
4771 5822
4771 8121
4771 9323
4771 9522
4771 9874
4771 9924
4771 9927
4771 9928
4771 9947
4771 10036
4771 10247
4771 10265
4781 7155
4781 7391
4783 4879
4783 5065
4783 5606
4783 5812
4783 6448
4783 6569
4783 7208
4783 7290
4783 7391
4783 8202
4783 8297
4783 9787
4783 9809
4783 10036
4783 10040
4783 10094
4783 10201
4783 10222
4783 10323
4783 10348
4783 10395
4783 10416
4783 10439
4783 10444
4783 10475
4783 10476
4783 10508
4783 10516
4783 10533
4798 7391
4798 9962
4809 10407
4820 5577
4822 10181
4822 10361
4831 5065
4831 9469
4839 4924
4839 5862
4839 5900
4839 8197
4839 8512
4839 10144
4839 10270
4839 10341
4839 10437
4841 5468
4841 6467
4841 7290
4858 5720
4858 6548
4858 10134
4858 10405
4866 5956
4866 6224
4866 9940
4866 9951
4879 9974
4882 9610
4882 10207
4887 7547
4891 5102
4904 5493
4908 9368
4908 10048
4908 10134
4908 10283
4908 10338
4908 10466
4909 6917
4909 9829
4910 4956
4910 5243
4910 6498
4910 7290
4910 8897
4910 9469
4910 10036
4910 10174
4910 10342
4916 4964
4924 4949
4924 5616
4924 5682
4924 6203
4924 6373
4924 7109
4924 7329
4924 7487
4924 8093
4924 8140
4924 8816
4924 8824
4924 8947
4924 9807
4924 10094
4924 10166
4924 10187
4924 10193
4924 10294
4924 10345
4924 10347
4924 10359
4924 10374
4924 10407
4924 10445
4924 10463
4924 10468
4924 10491
4931 5065
4931 10040
4949 5065
4949 5720
4949 8566
4949 9323
4949 9929
4949 9994
4949 10066
4949 10146
4949 10282
4956 7391
4956 9323
4956 10366
4957 5065
4957 6413
4965 9880
4997 9977
5007 8197
5007 10046
5009 6178
5018 10286
5029 6708
5029 8796
5029 10450
5034 9158
5041 9147
5041 10174
5041 10304
5041 10342
5047 9956
5052 5862
5065 5106
5065 5125
5065 5267
5065 5550
5065 5599
5065 5720
5065 5822
5065 5966
5065 6108
5065 6162
5065 6413
5065 6624
5065 6801
5065 6916
5065 6945
5065 7034
5065 7074
5065 7119
5065 7208
5065 7290
5065 7329
5065 7336
5065 7382
5065 7391
5065 7433
5065 8067
5065 8173
5065 8197
5065 8466
5065 8467
5065 8569
5065 8671
5065 8796
5065 8816
5065 8939
5065 9008
5065 9078
5065 9152
5065 9158
5065 9169
5065 9323
5065 9411
5065 9446
5065 9459
5065 9469
5065 9596
5065 9757
5065 9776
5065 9972
5065 9986
5065 9998
5065 10001
5065 10035
5065 10036
5065 10040
5065 10042
5065 10053
5065 10063
5065 10064
5065 10066
5065 10069
5065 10075
5065 10083
5065 10085
5065 10110
5065 10112
5065 10164
5065 10166
5065 10184
5065 10190
5065 10219
5065 10224
5065 10236
5065 10244
5065 10265
5065 10276
5065 10314
5065 10325
5065 10332
5065 10342
5065 10345
5065 10346
5065 10350
5065 10362
5065 10363
5065 10374
5065 10375
5065 10377
5065 10383
5065 10384
5065 10385
5065 10391
5065 10396
5065 10423
5065 10433
5065 10471
5065 10493
5065 10529
5065 10536
5065 10537
5065 10545
5084 6294
5093 5272
5093 9958
5102 5129
5102 6885
5106 5822
5106 6779
5106 8939
5115 8364
5115 10145
5116 9888
5120 5966
5120 10242
5125 5366
5125 5440
5125 5455
5125 5935
5125 6779
5125 7382
5125 8272
5125 8416
5125 9507
5125 9591
5141 5193
5141 5606
5141 6498
5141 7208
5141 8202
5141 9158
5141 9424
5141 9906
5141 10240
5141 10379
5185 10249
5199 5308
5199 9446
5200 10420
5215 8197
5215 10162
5215 10402
5233 10427
5236 7743
5236 10164
5237 5362
5243 6916
5265 7093
5265 7443
5265 9152
5265 9330
5265 9425
5265 9877
5265 10081
5265 10520
5267 5812
5270 9000
5270 9993
5270 10338
5272 5616
5272 6463
5272 6885
5272 8477
5272 8939
5272 10112
5272 10164
5272 10346
5272 10491
5278 8565
5305 6429
5305 6448
5305 7391
5305 9978
5305 10254
5305 10268
5305 10335
5306 10049
5308 7857
5308 8184
5308 10457
5325 9841
5325 10215
5347 6593
5347 8364
5362 5493
5362 6189
5362 6779
5362 8522
5362 9321
5362 9951
5362 10013
5362 10158
5362 10321
5362 10415
5362 10440
5362 10479
5362 10484
5366 6889
5366 7290
5366 8596
5366 8901
5366 9697
5366 9722
5366 9874
5366 9900
5366 9973
5366 10476
5366 10479
5373 9939
5415 10239
5417 8980
5427 5912
5427 7290
5427 8567
5433 10084
5440 5699
5440 10137
5440 10454
5442 10364
5468 5550
5468 5828
5468 5981
5468 6162
5468 6467
5468 7208
5468 7658
5468 9449
5468 9620
5468 9924
5468 9965
5468 9970
5468 10085
5468 10206
5468 10227
5468 10238
5479 10532
5487 6051
5487 7433
5487 8438
5487 9330
5487 9483
5487 9829
5487 9851
5487 9900
5487 9945
5487 10321
5487 10445
5493 9929
5493 9971
5493 10040
5493 10440
5493 10484
5540 5831
5550 7391
5550 9152
5550 10087
5550 10206
5550 10266
5550 10330
5551 6203
5551 8272
5551 10236
5551 10440
5560 8190
5560 10231
5574 9781
5577 9000
5577 9625
5599 7391
5599 9308
5599 9988
5606 6373
5606 7391
5606 9323
5606 10206
5606 10366
5615 9483
5616 5649
5616 5935
5616 6009
5616 6885
5616 7801
5616 8272
5616 8596
5616 9469
5616 9629
5616 9771
5616 9869
5621 9390
5621 10106
5624 10073
5629 10416
5638 9789
5649 6945
5649 9321
5652 10164
5655 6991
5658 6467
5658 8282
5658 10055
5658 10342
5672 7119
5672 8148
5672 8433
5672 8721
5672 9937
5681 5929
5681 7434
5681 8519
5682 6373
5682 6624
5682 9708
5682 10333
5682 10449
5699 8596
5699 9993
5704 9934
5706 10178
5720 5862
5720 6413
5720 6917
5720 7186
5720 7434
5720 7987
5720 8093
5720 8732
5720 9204
5720 9330
5720 9408
5720 9596
5720 9757
5720 9888
5720 9921
5720 9957
5720 9978
5720 9980
5720 9983
5720 10013
5720 10116
5720 10134
5720 10158
5720 10276
5720 10279
5720 10316
5801 10338
5816 7071
5816 7336
5816 7924
5816 10040
5816 10079
5816 10154
5828 8197
5828 9246
5828 9978
5831 7433
5831 9832
5831 9963
5831 10445
5857 9942
5859 6548
5859 8915
5859 9158
5859 10536
5862 9929
5864 10139
5900 10540
5912 7290
5912 8515
5912 10018
5917 8121
5926 6557
5926 6708
5926 7127
5926 8297
5929 6319
5929 7213
5929 9246
5929 10195
5929 10225
5931 9359
5931 10166
5933 10384
5938 9809
5938 10368
5941 9789
5946 10400
5949 10134
5956 10145
5966 8634
5966 9246
5966 9458
5966 9628
5966 9836
5966 10039
5966 10166
5966 10184
5966 10235
5971 6498
6018 10105
6018 10277
6032 10145
6064 9786
6064 10237
6071 9323
6100 10139
6108 7391
6108 8099
6108 8297
6108 9323
6108 10280
6109 7751
6109 9962
6117 6942
6117 7290
6117 10184
6118 9257
6118 9469
6118 9826
6128 7658
6140 9841
6142 7239
6160 9169
6160 9459
6160 10011
6161 9962
6162 9152
6165 9309
6171 7658
6178 9781
6188 9475
6189 10062
6202 10293
6203 6505
6203 6582
6203 7487
6203 7690
6203 7816
6203 8197
6203 8561
6203 9446
6203 9522
6203 9629
6203 10004
6203 10050
6203 10083
6203 10090
6203 10127
6203 10164
6203 10219
6203 10225
6203 10294
6203 10390
6203 10416
6203 10536
6203 10540
6203 10541
6220 7924
6220 10353
6230 6505
6264 7391
6264 9439
6280 7391
6280 8297
6280 9962
6280 10122
6280 10525
6294 9323
6300 7525
6300 9715
6319 6817
6319 8682
6319 9962
6319 9992
6319 10050
6319 10134
6319 10285
6338 6593
6351 6494
6351 10139
6354 7987
6373 7325
6373 7391
6373 8634
6373 9152
6373 9285
6373 9322
6373 9336
6373 9439
6373 9469
6373 9708
6373 9958
6373 10031
6373 10041
6373 10185
6373 10203
6373 10204
6373 10206
6373 10218
6373 10318
6373 10537
6388 6619
6403 10170
6413 6467
6413 7290
6413 7801
6413 8364
6413 9841
6413 9929
6413 10013
6413 10177
6413 10255
6413 10259
6413 10276
6413 10312
6416 9627
6429 6448
6429 6692
6448 7433
6448 7463
6448 9789
6448 9920
6448 10454
6463 9152
6463 9789
6467 7290
6467 8484
6467 9309
6471 7208
6494 10232
6498 7336
6498 8364
6498 8887
6498 8897
6498 10223
6498 10416
6498 10421
6498 10533
6505 9657
6505 10123
6506 9954
6554 10043
6557 8137
6569 7391
6576 6582
6576 7924
6576 9152
6576 9871
6576 10178
6576 10265
6576 10480
6582 7034
6582 10265
6593 6789
6593 7093
6593 8184
6593 10374
6596 8197
6596 8383
6596 9869
6596 9937
6596 10154
6604 10126
6613 10040
6619 7290
6619 8945
6619 9610
6619 10109
6619 10206
6624 9469
6624 10206
6624 10449
6627 7382
6627 9323
6627 9949
6638 8093
6638 10157
6638 10347
6638 10500
6654 7391
6678 10304
6692 7329
6692 10530
6708 6867
6708 7391
6750 10297
6779 7290
6779 7461
6779 8197
6779 8596
6779 9152
6779 9168
6779 9458
6779 9591
6779 9629
6779 9874
6779 9898
6779 9988
6779 10053
6779 10090
6779 10156
6779 10236
6779 10303
6779 10415
6797 9111
6797 9871
6799 9999
6799 10428
6810 9859
6816 7391
6816 9562
6816 9915
6816 10048
6817 9915
6817 10006
6817 10466
6867 6942
6867 9809
6885 7007
6888 10159
6892 9789
6910 10090
6916 9408
6916 10395
6916 10407
6916 10449
6942 7391
6942 9469
6942 9809
6942 10103
6942 10206
6943 7855
6945 7382
6945 7433
6945 9152
6945 10355
7007 9536
7027 9848
7028 10440
7034 7329
7034 8969
7034 9553
7034 9875
7034 10166
7034 10294
7034 10430
7071 9709
7071 10054
7074 8816
7074 10234
7074 10343
7081 8433
7087 9789
7096 9620
7097 9939
7119 7816
7127 9152
7155 7391
7155 9596
7155 9855
7156 9871
7156 10050
7156 10386
7168 7391
7190 9008
7190 9152
7190 9625
7190 9972
7190 10399
7191 10132
7194 10164
7208 9152
7208 9432
7208 10196
7208 10198
7252 7391
7252 9469
7252 9952
7256 9798
7256 10040
7290 7391
7290 7474
7290 7924
7290 8190
7290 8549
7290 8569
7290 9323
7290 9431
7290 9620
7290 9695
7290 9781
7290 9871
7290 9915
7290 9928
7290 9985
7290 10020
7290 10061
7290 10068
7290 10125
7290 10149
7290 10164
7290 10197
7290 10376
7290 10414
7290 10544
7292 10261
7321 9469
7329 9168
7329 9851
7335 8190
7335 9687
7335 10176
7355 8015
7382 9195
7382 9323
7382 9352
7382 9786
7382 9898
7382 9974
7382 10341
7391 7947
7391 8015
7391 8297
7391 8613
7391 8901
7391 8981
7391 9152
7391 9158
7391 9238
7391 9246
7391 9285
7391 9303
7391 9322
7391 9323
7391 9459
7391 9469
7391 9502
7391 9633
7391 9781
7391 9898
7391 9948
7391 9970
7391 9998
7391 10001
7391 10045
7391 10131
7391 10206
7391 10272
7391 10302
7391 10314
7391 10399
7391 10409
7391 10471
7391 10476
7391 10513
7391 10537
7433 8043
7433 8467
7433 9596
7433 10407
7434 10154
7443 10347
7443 10520
7454 8197
7454 9469
7457 9965
7463 9483
7471 7857
7474 9620
7474 10354
7531 9939
7547 9323
7634 10338
7654 10112
7658 9366
7658 9896
7658 10202
7690 8172
7743 10164
7749 9994
7749 10407
7749 10494
7782 9628
7801 10332
7801 10425
7839 7924
7839 10215
7839 10347
7846 9483
7846 9851
7855 8908
7855 9786
7855 10053
7855 10114
7855 10410
7857 7901
7924 9152
7924 9342
7924 10184
7924 10446
7924 10447
7924 10451
7933 9704
7942 10046
7942 10054
7972 9789
7984 9152
7984 9958
7987 8446
7991 9425
8015 8969
8015 9874
8015 10040
8015 10507
8015 10527
8043 8197
8061 10090
8067 10040
8067 10147
8071 9916
8071 10067
8085 10038
8093 9147
8093 9708
8093 9915
8093 9962
8093 9995
8093 10285
8093 10416
8096 10166
8097 9970
8097 10301
8099 9831
8119 9483
8119 9851
8119 10187
8119 10247
8124 9874
8124 10407
8131 8472
8137 10157
8173 8197
8179 9408
8182 9939
8182 10024
8182 10335
8184 8351
8184 9757
8190 9152
8197 8272
8197 8338
8197 8383
8197 8484
8197 8881
8197 9246
8197 9465
8197 9620
8197 9781
8197 9937
8197 9939
8197 9950
8197 9954
8197 9955
8197 9975
8197 9998
8197 10053
8197 10063
8197 10064
8197 10154
8197 10156
8197 10158
8197 10159
8197 10163
8197 10257
8197 10314
8197 10353
8197 10389
8197 10477
8212 9981
8212 10040
8225 9956
8225 9962
8225 10135
8234 9871
8234 10051
8257 10040
8260 9939
8272 9896
8272 9939
8272 10186
8272 10219
8272 10261
8272 10304
8272 10371
8276 9939
8281 9352
8282 10055
8294 9946
8297 10036
8297 10471
8297 10476
8298 9168
8298 9323
8323 9939
8338 9816
8364 10171
8364 10180
8373 9152
8373 9851
8379 10133
8390 9841
8409 10288
8433 8947
8433 9321
8433 10136
8467 9152
8467 10069
8467 10221
8469 10211
8484 9368
8484 9697
8484 9801
8484 10107
8484 10157
8484 10160
8515 10075
8549 10061
8567 9962
8567 10202
8567 10526
8567 10527
8604 10040
8608 9848
8613 10119
8688 9896
8688 10407
8768 10111
8796 9939
8796 9993
8796 10389
8806 10401
8807 10181
8814 9469
8816 8824
8816 9152
8816 9789
8824 10187
8837 10412
8849 10252
8868 9942
8887 10060
8887 10130
8887 10329
8890 9781
8901 9592
8901 9655
8901 9781
8901 9935
8912 8939
8912 10363
8915 8935
8935 10165
8939 10042
8945 8969
8950 9469
8950 10202
8956 9948
8958 9789
8969 9948
8980 10035
9001 10317
9008 9152
9011 10191
9011 10417
9045 10161
9081 10283
9109 9152
9116 9323
9116 9787
9122 9708
9122 9939
9124 9874
9143 9317
9143 9600
9143 9801
9143 10347
9152 9352
9152 9425
9152 9469
9152 9522
9152 9596
9152 9787
9152 9841
9152 9851
9152 9924
9152 9972
9152 10057
9152 10080
9152 10144
9152 10189
9152 10215
9152 10235
9152 10353
9152 10358
9152 10407
9152 10431
9152 10443
9158 9323
9158 9915
9158 10519
9164 9874
9164 10044
9168 9709
9168 10040
9168 10224
9204 10158
9245 10021
9246 9938
9257 10049
9257 10061
9257 10233
9269 10040
9285 9809
9292 10283
9303 9469
9303 9746
9308 9874
9309 9323
9323 9368
9323 9431
9323 9459
9323 9522
9323 9917
9323 9948
9323 10223
9323 10373
9323 10375
9323 10384
9323 10407
9323 10499
9323 10515
9330 10053
9330 10183
9330 10347
9342 10399
9344 10215
9347 9929
9352 9979
9359 10166
9368 10000
9390 10106
9408 10040
9408 10231
9422 10090
9425 10049
9425 10443
9431 10544
9444 10342
9446 9801
9446 9871
9446 9948
9446 10294
9446 10416
9451 10040
9465 10453
9466 9939
9469 9836
9469 9898
9469 9927
9469 10036
9469 10203
9469 10333
9483 9710
9523 9610
9544 9947
9550 10181
9558 10040
9591 10172
9596 9789
9596 9871
9596 10040
9596 10173
9596 10232
9596 10353
9599 9943
9615 10014
9628 10037
9628 10054
9628 10076
9633 9816
9644 9851
9644 10347
9671 10309
9671 10310
9694 10419
9710 10040
9722 10347
9724 9991
9725 10070
9744 10169
9755 9851
9755 9939
9756 9956
9789 10040
9789 10321
9789 10381
9789 10456
9789 10519
9797 9926
9799 10347
9801 10465
9809 10220
9831 9869
9841 10039
9841 10235
9841 10399
9846 10139
9848 10030
9848 10154
9848 10262
9848 10515
9851 9936
9851 10003
9851 10221
9869 9978
9871 9939
9871 10116
9874 10479
9885 10096
9888 9985
9888 10085
9888 10086
9906 9921
9924 9927
9929 10062
9929 10312
9939 10017
9939 10189
9939 10387
9939 10389
9955 9957
9956 10006
9958 9959
9958 10218
9958 10444
9962 10347
9963 10366
9965 10002
9966 10465
9970 10097
9993 9994
10013 10177
10013 10312
10016 10029
10018 10040
10018 10164
10040 10065
10040 10071
10040 10085
10040 10120
10040 10123
10040 10126
10040 10147
10040 10164
10040 10179
10040 10261
10040 10263
10040 10349
10040 10370
10040 10402
10040 10484
10040 10485
10040 10491
10040 10511
10040 10536
10050 10075
10053 10054
10058 10168
10063 10096
10069 10077
10071 10072
10071 10304
10075 10193
10080 10081
10090 10319
10123 10124
10124 10261
10126 10137
10126 10143
10139 10265
10139 10460
10149 10305
10157 10158
10157 10160
10157 10193
10158 10195
10158 10265
10163 10178
10164 10197
10164 10220
10164 10262
10164 10337
10166 10345
10166 10462
10166 10497
10173 10456
10174 10181
10178 10188
10183 10284
10185 10187
10193 10205
10198 10366
10211 10212
10215 10221
10218 10318
10218 10334
10219 10271
10232 10245
10245 10321
10247 10251
10273 10331
10274 10275
10281 10351
10283 10307
10291 10292
10294 10366
10304 10380
10316 10322
10321 10538
10324 10325
10332 10473
10342 10366
10347 10386
10347 10411
10347 10456
10347 10468
10347 10477
10347 10520
10365 10367
10366 10489
10379 10388
10402 10477
10407 10411
10416 10510
10442 10443
10456 10470
10465 10493
10465 10495
10465 10545
10481 10482
10493 10495
10503 10504
10536 10539
