0 42
0 18263
0 19550
0 19874
1 19697
2 20054
3 31
3 95
7 29
7 839
7 904
7 4860
7 5215
7 6984
7 19644
12 10409
14 18865
17 1264
17 16306
25 4771
25 6984
26 84
26 412
26 968
26 1106
26 1392
26 1413
26 3158
26 7290
26 8567
26 11203
26 14709
26 17958
28 729
28 917
28 2767
28 4746
28 4783
28 7097
28 15113
28 16399
28 16984
28 18490
28 19513
28 19572
28 19906
28 20058
29 76
29 96
29 138
29 546
29 1563
29 4746
29 12885
29 13533
29 19350
29 19672
36 76
36 11066
36 11241
36 17420
41 9789
42 76
42 546
42 762
42 852
42 1002
42 1106
42 1359
42 1413
42 2027
42 2070
42 2333
42 2423
42 3204
42 4964
42 5362
42 5672
42 5720
42 6108
42 6203
42 6448
42 6779
42 6916
42 8433
42 9421
42 9444
42 10409
42 10818
42 11779
42 12760
42 13825
42 15113
42 15389
42 15453
42 15698
42 15875
42 16306
42 17072
42 17950
42 17995
42 18723
42 19157
42 19538
42 19704
42 19749
42 19782
42 19796
42 19842
42 19849
42 19927
42 19972
42 20037
43 96
43 412
43 823
43 839
43 1255
43 1281
43 1413
43 1792
43 2149
43 2287
43 2582
43 2650
43 2786
43 3224
43 3636
43 3882
43 4234
43 4242
43 5049
43 5681
43 6351
43 7097
43 8688
43 10040
43 11489
43 11718
43 13061
43 13082
43 13280
43 13533
43 14677
43 15039
43 15698
43 15729
43 15823
43 16001
43 16580
43 18831
43 19157
43 19434
43 19461
43 19539
43 19540
43 19591
43 19592
43 19664
43 19672
43 19681
43 19699
43 19713
43 19717
43 19736
43 19761
43 19829
43 19902
43 19940
43 20095
46 72
46 434
46 1255
46 6189
46 13061
46 17762
48 108
48 318
48 7398
48 10293
48 16099
59 2620
59 5119
61 18723
68 20067
70 904
70 13533
70 18627
73 88
73 226
73 2767
73 5935
75 2919
75 16993
75 18263
75 19795
76 118
76 370
76 573
76 621
76 836
76 852
76 881
76 904
76 1198
76 1413
76 1636
76 1972
76 2128
76 2158
76 2184
76 2406
76 2650
76 2762
76 3158
76 3592
76 4135
76 4523
76 5119
76 5141
76 5267
76 5550
76 5926
76 7097
76 7392
76 7944
76 8068
76 9152
76 11718
76 12358
76 13082
76 13760
76 14709
76 15113
76 15299
76 15557
76 16099
76 16349
76 16601
76 16904
76 18627
76 18723
76 19474
76 19518
76 19540
76 19547
76 19604
76 19607
76 19648
76 19670
77 1413
80 4866
84 857
84 4746
87 19748
88 621
88 712
88 3505
88 4234
88 5141
88 5243
88 5270
88 6498
88 8917
88 9888
88 10366
88 15269
88 19799
93 2603
95 659
95 1106
95 1144
95 2762
95 3157
95 19538
95 19787
95 19794
95 20072
96 190
96 1863
96 2111
96 2357
96 8151
97 1972
97 1995
97 15367
97 16601
97 18627
97 19733
100 2489
100 8197
103 14677
103 20054
108 2650
108 2786
108 10352
108 16206
108 18056
108 18627
109 6984
110 823
110 1002
110 1563
110 1971
110 2111
110 2149
110 2324
110 3158
110 8124
110 8363
110 8596
110 10846
110 11066
110 15675
110 15875
110 16984
110 17420
110 19551
110 19712
117 618
117 5065
119 18199
121 19533
122 10690
122 18122
122 19976
123 8974
129 138
132 948
136 19646
138 153
138 158
138 226
138 434
138 852
138 1012
138 1255
138 1359
138 1612
138 2529
138 2534
138 2650
138 2767
138 3107
138 3241
138 4866
138 5089
138 5119
138 7071
138 7097
138 7364
138 9152
138 9565
138 10061
138 10068
138 10293
138 13061
138 13280
138 13991
138 15372
138 15382
138 15982
138 16099
138 16399
138 17328
138 18490
138 18746
138 18825
138 19026
138 19080
138 19355
138 19422
138 19538
138 19583
138 19615
138 19660
138 19753
138 19778
138 19847
138 19917
138 19985
138 20032
138 20058
138 20091
140 19568
141 17587
147 8068
153 407
153 1256
153 1359
153 1365
153 1763
153 2529
153 2762
153 2767
153 4585
153 4746
153 4839
153 4924
153 6203
153 6435
153 8453
153 9153
153 11533
153 14767
153 16033
153 18383
153 18770
153 19803
158 196
158 455
158 1012
158 1115
158 1365
158 1972
158 2287
158 2399
158 3224
158 3856
158 4117
158 4157
158 4382
158 5065
158 5243
158 5265
158 6109
158 6332
158 7290
158 8453
158 8567
158 8712
158 9425
158 9565
158 9596
158 9789
158 9961
158 10520
158 11078
158 11418
158 12298
158 12882
158 13061
158 13280
158 15075
158 15299
158 15539
158 15837
158 15947
158 16057
158 16420
158 16541
158 16808
158 16843
158 16917
158 17316
158 17558
158 17714
158 18357
158 18644
158 18770
158 18920
158 19080
158 19303
158 19361
158 19553
158 19565
158 19612
158 19657
158 19659
158 19682
158 19795
158 19937
158 19989
162 2489
162 3505
162 3676
162 13280
162 18831
172 573
172 1971
172 3067
172 17353
172 18687
184 1831
184 2762
184 4460
184 4589
184 14640
184 19722
190 1917
190 11066
190 13590
192 1636
192 14906
196 1144
196 1763
196 3123
196 4059
196 4159
196 4918
196 5247
196 7749
196 8836
196 13082
196 15975
196 19537
196 19696
196 19769
196 19788
196 19838
196 19949
201 1200
201 1206
201 1255
201 2437
201 3624
201 5100
201 13061
201 19116
204 8604
204 15428
206 2324
206 2694
206 6784
206 12760
206 19968
218 1636
223 13533
226 1972
226 5658
226 6124
226 9888
226 16099
226 17135
226 19474
236 3381
236 4765
236 5119
239 436
240 4585
240 6448
240 18173
240 19377
253 2086
253 10198
253 17835
253 18696
253 19763
258 904
258 1687
258 2534
258 5455
258 6189
258 10068
258 11078
258 12527
258 18883
258 19852
258 19912
258 19943
271 14418
273 1011
279 334
279 1280
279 1636
280 3910
280 5690
284 4860
286 1922
287 12370
290 318
290 773
290 8298
290 16984
291 4117
297 6373
298 18739
302 15299
302 19958
303 6867
304 4234
304 4589
304 8961
304 19518
304 19673
304 20019
311 11061
315 610
315 5065
315 6650
315 12882
315 18794
315 19535
315 19686
318 5305
318 19564
330 2158
330 3515
338 14709
338 19603
345 1426
345 3984
345 5065
345 19839
348 11863
351 10068
356 19998
370 531
370 6448
370 11228
370 18056
370 19434
370 19461
372 618
377 13280
383 1012
383 1515
383 10690
383 10869
383 16233
383 17496
383 19560
383 19785
383 19874
383 19996
385 904
385 2100
385 3254
385 8197
385 19574
386 2762
391 1413
391 4702
391 5362
407 1413
407 2095
407 4187
407 4280
407 6373
410 11155
412 1333
412 1558
412 1606
412 1996
412 2095
412 3204
412 3226
412 3381
412 4242
412 5065
412 5616
412 6289
412 8298
412 8974
412 10068
412 10166
412 10911
412 13061
412 13735
412 14017
412 14621
412 15222
412 15324
412 15761
412 16658
412 17250
412 17886
412 18540
412 19095
412 19157
412 19561
412 19690
412 19705
412 19796
412 19835
412 19857
412 19940
412 19944
412 19960
412 19983
412 19996
412 20015
432 570
432 4585
434 1365
434 2868
434 4771
434 5720
434 14017
434 18190
434 18920
434 19537
434 19933
442 1636
442 5119
442 5616
442 15252
442 19704
444 531
444 1657
444 5065
444 5119
444 19659
444 19809
449 2324
449 18466
453 823
455 10869
455 19681
461 1256
461 1413
461 2095
461 2437
461 3158
461 9323
461 15505
461 17495
467 1917
467 1973
467 4822
467 6429
467 6596
467 8567
467 9818
467 12358
467 15240
467 19520
467 19522
467 20023
467 20045
467 20074
475 2767
475 19753
490 1413
490 4117
490 5366
490 15299
490 19609
502 15698
505 577
505 2156
506 6203
506 6984
506 14767
507 6984
510 1255
510 1539
510 3166
510 3624
510 5100
510 15982
510 17728
519 10911
524 2845
528 16236
528 19488
528 19649
528 19911
528 19950
531 1365
531 1996
531 2902
531 3224
531 3381
531 5065
531 5119
531 5469
531 5471
531 6203
531 12603
531 19619
531 19915
531 19979
531 19984
531 19989
531 19990
531 20000
531 20002
532 1917
532 12844
532 19753
532 19965
536 13061
536 19817
539 19893
546 729
546 857
546 1106
546 2287
546 2762
546 3405
546 3910
546 5144
546 5616
546 6779
546 7000
546 8712
546 15107
546 16297
546 18638
546 19940
546 19965
549 19547
549 20051
556 19495
568 17021
570 8272
572 3313
572 3856
572 13061
572 14017
572 15875
572 19989
573 762
573 917
573 2027
573 2111
573 2650
573 4116
573 4216
573 4866
573 5468
573 5471
573 7399
573 8224
573 9896
573 12685
573 13533
573 16099
573 18466
573 18922
573 19213
573 19447
573 19749
573 19964
573 19968
573 20049
577 1232
577 1278
577 1812
577 1972
577 2284
577 4798
577 4855
577 5157
577 6199
577 6429
577 10273
577 11343
577 12097
577 12182
577 12882
577 15384
577 18097
577 18492
577 19618
577 19640
577 19805
577 19950
586 1831
586 13061
608 3177
610 773
610 2256
610 9469
610 12435
610 14903
610 15384
610 18641
610 18727
610 19439
610 19686
610 19763
610 19766
610 20024
613 712
613 2762
613 9565
613 14017
613 15240
613 19080
613 19753
618 904
618 4879
618 5065
618 7208
618 10198
618 12182
618 15557
618 16665
618 19688
618 19756
621 712
621 1514
621 1972
621 2284
621 2406
621 4159
621 5550
621 5938
621 8068
621 8298
621 10186
621 11343
621 11750
621 12182
621 12878
621 13851
621 14030
621 15113
621 16206
621 16601
621 16743
621 16917
621 16992
621 17428
621 17945
621 18492
621 19447
621 19590
621 19645
621 19686
621 19714
621 19801
621 19849
621 19853
621 19931
621 19977
621 20021
621 20045
634 8453
641 4092
641 6596
641 11203
641 14906
641 19510
659 13316
659 15130
660 2900
682 4140
686 1206
686 1604
686 1944
686 2762
686 6203
686 15299
686 19991
690 2556
703 1636
708 16608
712 897
712 1232
712 5550
712 9565
712 11340
712 11343
712 13686
712 15384
712 19116
712 19784
712 19817
729 852
729 1268
729 1877
729 1996
729 2204
729 3692
729 4382
729 5144
729 6708
729 7000
729 7213
729 7399
729 8712
729 8915
729 8974
729 13735
729 15706
729 16463
729 19080
729 19965
736 1687
736 1917
736 19607
736 20007
736 20008
736 20037
741 14767
753 19548
753 20097
760 5366
762 823
762 3313
762 11347
762 12844
762 15698
762 15875
762 16601
762 16639
762 17958
762 18056
762 18190
762 19685
762 19727
762 19856
773 897
773 1144
773 1612
773 5468
773 13061
773 16298
773 18466
773 19686
773 20021
773 20083
774 4092
774 4866
774 6203
781 4305
789 19738
803 1359
803 3692
803 4149
803 13061
803 19115
803 19698
803 19718
803 20098
805 1990
805 9888
817 17558
823 2406
823 7399
823 19995
824 15196
836 1483
836 10168
837 886
837 1606
837 1831
837 2095
837 4092
837 4187
837 9905
837 11565
837 12065
837 12527
837 16515
837 16592
837 16984
837 17317
837 19295
837 19488
837 19563
837 19671
837 19701
837 19742
837 19780
837 19908
837 19926
837 20068
837 20077
839 1255
839 1917
839 2598
839 3541
839 4080
839 5812
839 8224
839 8494
839 15299
839 16306
839 19972
852 904
852 1177
852 1185
852 1206
852 1256
852 1365
852 1725
852 2095
852 2437
852 2583
852 2627
852 3313
852 3707
852 3947
852 3993
852 4117
852 4140
852 4382
852 5089
852 5690
852 5720
852 6435
852 6800
852 6947
852 7097
852 7822
852 8093
852 8298
852 9152
852 9309
852 13061
852 14002
852 14264
852 14323
852 14943
852 15388
852 16006
852 16099
852 16261
852 16592
852 16615
852 16907
852 17135
852 18190
852 18610
852 19080
852 19095
852 19115
852 19116
852 19432
852 19597
852 19739
852 19751
852 19777
852 19876
852 19888
852 19889
852 20058
881 1636
881 1831
881 2762
881 3177
881 4092
881 9245
881 9704
881 13590
881 15038
881 19561
881 19598
881 19774
881 19834
881 19850
886 6203
897 904
897 948
897 1661
897 1896
897 2357
897 4924
897 11587
897 14751
897 16743
898 4382
898 5816
898 7944
898 11078
898 18466
904 1091
904 1365
904 1393
904 1972
904 2284
904 3224
904 3313
904 3947
904 5690
904 6867
904 9152
904 9565
904 9985
904 10168
904 11953
904 12125
904 12882
904 13061
904 13688
904 14418
904 15875
904 17123
904 19115
904 19590
904 19681
904 19776
904 19778
904 19800
904 19814
904 19818
904 19823
904 19826
907 3910
917 1763
917 9152
917 16984
917 18745
917 19116
917 19607
928 19672
964 3624
968 1971
968 2357
968 10966
968 13451
968 15875
968 16639
968 18466
968 19422
968 19614
968 19736
969 19650
1002 1144
1002 1359
1002 1636
1002 1896
1002 2149
1002 2324
1002 2762
1002 3158
1002 4507
1002 4589
1002 5305
1002 5616
1002 6435
1002 8124
1002 8596
1002 9245
1002 10492
1002 10910
1002 12358
1002 12527
1002 14529
1002 15324
1002 15823
1002 15875
1002 16777
1002 17015
1002 17300
1002 17468
1002 17727
1002 17856
1002 18347
1002 18617
1002 18918
1002 19526
1002 19542
1002 19604
1002 19708
1002 19733
1002 19885
1002 19993
1002 20017
1002 20049
1002 20065
1005 1636
1005 2223
1005 19115
1006 2019
1006 11990
1006 18470
1006 19989
1011 15705
1012 10918
1012 14943
1012 18745
1012 19754
1031 1148
1044 2199
1057 1232
1057 2650
1057 2902
1057 6435
1057 9245
1057 9536
1057 11203
1057 15606
1057 16904
1057 17650
1057 19752
1058 4141
1069 6984
1091 1361
1091 2256
1091 19741
1094 13061
1106 1126
1106 1214
1106 1255
1106 1365
1106 1413
1106 1786
1106 4187
1106 6867
1106 8151
1106 12882
1106 13280
1106 14208
1106 15107
1106 16001
1106 16196
1106 16592
1106 19621
1106 19672
1106 19790
1106 19855
1106 20050
1115 1185
1115 1819
1115 2382
1115 2583
1115 5065
1115 5690
1115 6917
1115 7606
1115 11051
1115 11061
1115 11418
1115 14846
1115 16033
1115 16242
1115 19852
1126 2767
1126 6203
1126 8067
1126 15761
1144 1763
1144 2149
1144 3177
1144 4746
1144 6373
1144 7991
1144 9425
1144 10068
1144 13280
1144 17835
1144 18648
1144 18785
1144 19575
1144 19825
1144 19914
1148 3107
1148 5305
1148 13545
1148 15079
1148 15505
1170 15382
1170 15505
1177 4188
1185 1256
1185 2095
1185 2583
1185 2756
1185 3707
1185 5690
1185 5720
1185 8093
1185 9323
1185 13112
1185 19932
1198 4187
1198 16349
1200 1972
1200 3624
1200 3667
1200 5100
1200 7097
1200 11565
1200 15113
1200 16436
1200 19817
1206 1256
1206 1359
1206 1959
1206 2762
1206 2767
1206 2970
1206 3313
1206 3636
1206 3984
1206 4216
1206 4382
1206 4771
1206 5065
1206 5366
1206 10068
1206 10273
1206 10277
1206 13061
1206 14017
1206 16099
1206 16639
1206 18190
1206 19808
1206 19827
1206 19830
1206 19907
1206 20059
1214 1413
1214 2437
1214 3636
1214 3984
1214 4187
1214 8151
1214 8688
1214 18723
1223 7399
1223 9425
1232 2650
1232 19590
1232 19607
1243 5144
1252 19930
1255 1453
1255 1539
1255 2111
1255 2131
1255 2650
1255 2669
1255 3030
1255 3791
1255 3910
1255 4301
1255 4783
1255 6453
1255 6984
1255 7399
1255 8272
1255 8688
1255 12358
1255 13384
1255 15299
1255 15982
1255 16099
1255 16306
1255 16349
1255 17420
1255 17659
1255 17804
1255 19306
1255 19339
1255 19355
1255 19830
1255 19856
1256 1365
1256 2095
1256 2223
1256 3155
1256 4680
1256 5089
1256 5119
1256 5720
1256 9956
1256 12770
1256 14073
1256 16639
1256 17300
1256 18190
1256 19830
1264 8272
1264 14417
1264 16306
1264 19715
1265 12459
1265 13061
1265 20081
1278 17502
1278 19116
1310 6373
1312 12599
1312 15113
1319 4860
1321 17433
1321 19874
1333 1393
1333 3636
1333 4488
1333 8071
1333 9536
1333 19790
1335 15698
1335 15932
1349 6429
1359 1604
1359 4187
1359 4390
1359 5065
1359 5366
1359 5720
1359 9501
1359 11316
1359 13061
1359 13280
1359 14751
1359 15505
1359 15823
1359 16196
1359 17761
1359 18405
1359 18641
1359 18853
1359 19361
1359 19527
1359 19653
1359 19687
1359 19834
1359 19940
1361 1962
1361 2762
1361 6435
1361 12341
1361 12844
1361 13183
1361 15299
1361 15698
1361 17160
1361 17321
1361 17772
1361 19657
1361 19673
1361 19894
1361 19963
1365 1636
1365 1807
1365 2095
1365 2583
1365 2617
1365 3226
1365 3313
1365 3835
1365 3975
1365 4460
1365 4507
1365 5089
1365 5690
1365 5720
1365 6203
1365 6435
1365 7984
1365 8347
1365 9168
1365 9245
1365 9985
1365 11751
1365 12844
1365 13280
1365 14017
1365 15729
1365 16236
1365 16658
1365 17321
1365 19115
1365 19116
1365 19451
1365 19562
1365 19704
1365 19849
1365 19889
1365 19929
1365 19934
1365 19940
1365 19996
1365 20037
1365 20091
1366 1844
1369 2150
1369 2286
1369 11533
1369 13451
1369 15875
1369 19558
1369 19657
1369 20030
1375 12527
1379 2348
1379 19635
1379 19636
1392 1807
1392 2650
1392 3984
1392 4157
1392 7991
1392 8796
1392 13015
1392 13688
1392 15372
1392 17958
1392 19116
1392 19652
1392 19736
1392 19831
1393 6500
1393 13061
1393 15698
1393 18889
1402 19415
1413 1540
1413 1972
1413 2019
1413 3166
1413 3224
1413 3984
1413 4585
1413 4885
1413 5616
1413 5672
1413 7480
1413 9565
1413 9704
1413 11751
1413 15505
1413 17558
1413 17650
1413 18173
1413 19489
1413 19626
1413 19657
1413 19991
1426 6429
1451 19569
1479 4499
1483 5616
1483 5633
1510 18770
1510 19379
1514 5550
1514 16206
1514 16601
1514 17244
1531 16592
1532 2762
1539 19541
1540 7356
1540 8961
1540 18022
1551 8298
1551 15113
1551 17718
1558 2724
1558 6498
1558 15252
1562 4242
1563 2762
1563 11078
1576 19753
1604 2762
1604 9168
1604 15505
1606 1636
1610 3910
1612 1972
1612 2111
1612 2650
1612 3313
1612 5089
1612 5468
1612 8688
1612 16099
1636 2405
1636 2582
1636 2739
1636 2762
1636 2825
1636 2966
1636 3910
1636 4838
1636 4839
1636 5065
1636 5616
1636 5720
1636 5816
1636 7000
1636 8961
1636 9565
1636 11078
1636 11316
1636 11587
1636 12527
1636 13015
1636 13061
1636 13280
1636 13298
1636 13871
1636 14755
1636 14930
1636 15039
1636 15222
1636 16592
1636 16658
1636 16694
1636 17271
1636 18638
1636 19076
1636 19251
1636 19515
1636 19562
1636 19583
1636 19586
1636 19740
1636 19776
1636 19812
1636 19849
1636 19894
1636 19899
1636 19952
1636 19976
1636 19991
1636 20052
1640 7391
1640 7399
1640 10995
1640 19819
1644 13240
1657 2966
1657 3241
1657 11340
1657 11533
1657 11751
1657 17853
1657 19660
1657 19756
1664 19604
1664 19721
1687 5065
1687 19157
1709 1854
1709 1896
1709 2389
1709 3158
1709 3541
1709 9698
1709 16306
1709 17558
1709 19026
1709 19664
1709 19736
1709 19773
1717 3313
1725 2095
1725 16592
1737 2156
1742 2786
1763 1822
1763 3107
1763 3313
1763 3322
1763 4924
1763 6373
1763 9015
1763 11078
1763 13061
1763 13735
1763 13942
1763 14427
1763 15044
1763 15761
1763 17955
1763 18227
1763 18648
1763 18946
1763 19116
1763 19411
1763 19461
1763 19463
1763 19517
1763 19575
1763 19847
1763 19863
1763 19864
1763 20061
1763 20081
1774 2762
1774 5065
1774 18466
1777 10168
1786 13533
1786 19550
1787 8974
1787 11751
1787 13735
1788 18466
1792 2324
1792 2650
1792 3900
1792 14417
1792 16306
1792 18723
1804 8224
1804 17635
1804 19648
1807 2111
1807 6596
1807 12358
1807 13061
1807 18417
1807 19555
1812 15709
1818 2158
1818 19378
1818 19919
1819 2583
1819 12022
1819 16236
1819 17642
1819 19095
1819 19652
1819 19925
1824 13061
1825 3636
1825 6429
1825 7071
1825 15557
1831 2762
1831 3764
1831 3910
1831 10018
1831 15699
1831 16770
1831 19679
1831 19722
1836 11514
1844 20026
1854 15875
1863 6624
1863 11228
1868 6629
1877 3592
1877 8224
1877 8688
1877 12760
1877 13533
1877 13707
1879 12885
1896 5065
1896 5362
1896 18723
1917 2204
1917 2307
1917 2650
1917 4080
1917 5031
1917 5144
1917 6429
1917 6448
1917 7000
1917 7382
1917 7399
1917 8099
1917 8272
1917 8712
1917 9071
1917 10409
1917 11269
1917 11718
1917 13061
1917 13533
1917 13825
1917 14709
1917 15044
1917 16102
1917 17069
1917 17353
1917 17741
1917 18865
1917 18914
1917 19518
1917 19603
1917 19621
1917 19648
1917 19724
1917 19727
1917 19745
1917 19774
1917 19859
1917 19887
1917 19910
1917 19965
1917 19982
1917 19991
1917 20030
1917 20064
1917 20074
1917 20079
1922 17321
1958 13533
1959 6351
1962 4242
1962 6203
1971 3158
1971 5305
1971 5373
1971 8596
1971 11751
1971 18723
1971 19634
1972 2027
1972 2919
1972 3224
1972 3381
1972 4188
1972 5929
1972 6619
1972 7097
1972 7392
1972 9152
1972 9323
1972 11228
1972 13061
1972 14948
1972 15039
1972 16554
1972 16601
1972 17587
1972 19553
1972 19832
1972 19977
1973 6781
1973 10018
1973 12358
1973 19886
1973 19911
1985 14677
1990 4382
1990 4935
1990 5270
1990 10409
1995 2111
1996 4536
1996 16196
1996 17860
1996 19690
1996 19914
2019 4216
2019 7104
2019 8272
2019 17761
2019 18831
2019 19489
2019 19587
2019 19669
2019 19693
2019 20062
2027 2324
2027 3541
2027 3624
2027 8224
2027 15113
2027 15367
2027 15875
2027 17635
2027 19529
2027 19918
2057 12525
2057 13061
2057 19116
2081 5621
2081 10690
2081 11545
2081 12882
2086 4059
2086 12760
2086 13280
2086 16051
2086 16743
2086 18056
2086 19841
2089 19952
2095 2716
2095 2756
2095 2762
2095 2783
2095 3313
2095 3636
2095 3798
2095 4746
2095 5119
2095 5720
2095 5938
2095 6435
2095 6506
2095 8787
2095 9015
2095 9323
2095 9425
2095 12319
2095 12459
2095 13061
2095 13280
2095 13595
2095 15388
2095 16033
2095 17072
2095 17135
2095 17388
2095 19026
2095 19405
2095 19638
2095 19716
2095 19761
2095 19789
2095 19832
2095 19854
2095 19857
2095 19876
2095 19890
2095 19932
2095 19978
2095 20033
2102 17958
2102 19518
2107 15898
2111 2650
2111 4232
2111 5550
2111 5681
2111 6429
2111 7122
2111 8197
2111 13061
2111 15045
2111 15664
2111 16085
2114 19377
2124 19026
2128 17635
2149 6373
2149 8632
2149 13461
2149 16306
2156 9168
2156 19911
2156 20012
2156 20052
2158 2816
2158 8298
2158 16904
2188 20032
2192 19651
2192 19701
2197 11242
2197 13279
2197 13280
2197 15252
2199 5325
2204 3676
2204 5031
2204 16610
2204 18831
2204 19745
2204 20014
2223 2627
2223 3313
2223 3835
2223 4242
2223 5007
2223 10068
2223 11078
2223 13280
2223 15041
2223 15324
2223 16592
2223 18190
2223 18856
2223 19026
2223 19080
2223 19116
2223 19303
2223 19702
2223 19781
2223 19874
2223 19906
2223 20072
2223 20091
2234 2762
2234 3326
2234 5616
2234 11808
2234 16034
2234 19422
2234 19476
2243 6224
2254 13061
2256 2762
2256 6692
2256 10604
2256 10995
2256 12932
2256 13686
2256 18666
2256 19552
2256 19673
2256 19716
2256 19718
2256 19788
2256 20008
2256 20010
2265 12882
2272 5550
2280 5270
2284 2762
2284 5938
2284 12125
2286 8961
2286 17856
2286 19657
2286 19663
2287 11565
2287 16242
2292 6429
2292 7071
2307 2628
2307 6429
2313 4839
2313 5125
2313 5616
2313 6203
2313 13489
2313 17958
2324 4193
2324 8596
2324 11269
2324 15557
2324 15875
2324 17761
2324 18466
2324 18723
2324 18918
2324 19391
2324 19422
2324 19448
2324 19566
2324 19604
2324 19726
2324 19737
2324 19922
2324 19993
2324 20087
2333 7306
2333 12760
2333 15420
2333 19391
2333 19708
2333 20049
2333 20051
2340 4866
2357 5141
2389 3910
2389 16306
2389 19593
2390 19975
2399 15729
2406 2930
2406 16665
2406 17635
2418 17635
2422 3313
2422 9245
2428 2762
2434 2582
2434 7213
2437 2589
2437 2756
2437 3313
2437 3707
2437 3984
2437 4011
2437 5065
2437 5100
2437 5125
2437 6618
2437 8093
2437 11568
2437 15557
2437 16777
2437 19157
2437 19579
2437 19733
2437 19771
2437 19969
2450 6618
2450 13061
2453 6984
2455 20038
2488 3313
2488 4140
2488 16639
2488 19606
2489 4536
2489 18723
2489 19422
2493 3224
2493 8954
2519 5119
2519 19475
2529 2756
2529 3313
2529 5089
2529 6203
2529 11436
2529 13061
2529 13157
2529 14943
2529 16639
2529 18357
2529 19903
2533 19413
2534 13061
2581 19760
2582 2767
2582 3224
2582 9565
2582 14755
2582 19515
2582 19753
2583 4117
2583 5065
2583 5455
2583 5938
2583 8433
2583 11078
2583 13061
2583 14906
2583 17540
2589 3856
2589 5690
2589 15299
2589 18190
2598 15299
2599 18723
2599 18831
2617 17072
2617 19625
2617 19760
2617 19976
2620 5119
2627 3405
2627 5065
2627 5692
2627 16236
2627 19080
2627 19116
2627 19871
2650 2767
2650 3166
2650 3177
2650 3224
2650 3900
2650 3984
2650 5550
2650 6618
2650 6810
2650 6945
2650 8151
2650 8688
2650 11228
2650 12624
2650 13967
2650 14677
2650 15184
2650 18466
2650 19080
2650 19213
2650 19727
2650 19729
2650 19753
2650 20085
2656 19290
2658 8773
2663 19824
2668 5362
2668 15505
2669 4696
2669 5012
2669 6189
2669 15120
2669 20094
2674 15222
2692 5065
2694 12760
2704 17995
2704 19181
2705 5089
2705 16096
2715 13942
2724 14767
2724 18865
2739 15823
2739 19637
2756 2783
2756 5089
2756 5690
2756 12358
2756 19568
2756 19932
2756 19995
2762 2767
2762 3123
2762 3177
2762 3364
2762 3636
2762 3984
2762 4092
2762 4242
2762 5065
2762 5272
2762 5366
2762 5471
2762 5616
2762 6203
2762 6351
2762 6373
2762 6435
2762 6779
2762 8067
2762 8272
2762 8460
2762 9168
2762 9245
2762 10273
2762 11299
2762 13061
2762 13279
2762 13280
2762 14621
2762 14906
2762 15299
2762 15324
2762 15698
2762 15720
2762 16236
2762 17853
2762 18199
2762 18466
2762 18729
2762 18770
2762 18855
2762 19422
2762 19547
2762 19560
2762 19562
2762 19594
2762 19598
2762 19645
2762 19673
2762 19696
2762 19723
2762 19784
2762 19805
2762 19853
2762 20063
2767 2783
2767 3636
2767 3856
2767 4092
2767 4589
2767 5720
2767 5938
2767 6500
2767 7071
2767 9896
2767 10068
2767 11418
2767 13061
2767 13282
2767 15028
2767 15113
2767 15837
2767 16033
2767 16395
2767 16479
2767 16732
2767 17955
2767 18019
2767 18190
2767 18931
2767 19080
2767 19299
2767 19499
2767 19615
2767 19617
2767 19857
2767 19874
2767 19935
2771 11241
2771 17420
2771 19656
2771 19972
2783 3123
2783 4188
2783 13061
2783 17853
2785 10040
2785 12672
2786 9573
2786 10352
2786 16306
2786 17420
2786 19474
2786 19634
2786 19736
2786 20075
2816 5658
2816 16601
2823 16084
2825 6779
2825 7760
2839 13280
2845 7366
2868 3856
2885 3910
2885 15618
2887 13590
2902 8067
2919 19953
2930 10759
2930 15790
2930 18022
2930 20083
2934 15750
2957 4280
2966 4924
2970 3856
2970 6448
2970 19032
2970 19080
2970 19750
2970 19764
2970 19808
3004 4187
3004 16349
3013 4092
3013 16033
3013 20068
3023 4680
3023 16017
3030 15241
3041 8121
3041 19471
3065 8433
3065 8604
3065 19915
3072 19080
3072 20047
3083 18347
3088 15839
3107 4117
3107 5049
3107 5838
3107 6203
3107 6373
3107 6448
3107 6867
3107 9071
3107 15113
3107 16206
3107 19521
3107 19626
3107 19942
3123 16984
3157 19768
3158 4964
3158 5373
3158 12090
3158 16156
3158 16580
3158 17420
3158 17495
3158 17545
3158 17762
3158 18831
3158 18918
3158 19542
3158 19664
3166 3624
3166 8272
3166 11078
3166 11228
3166 17308
3166 17342
3166 17495
3166 20036
3177 5119
3177 7399
3177 13735
3177 17741
3224 3313
3224 4187
3224 6203
3224 9292
3224 9565
3224 11947
3224 18774
3224 19116
3224 19753
3224 19767
3226 8961
3239 5053
3239 8071
3239 19917
3241 4696
3307 5065
3307 19891
3313 3707
3313 4680
3313 4783
3313 5089
3313 5362
3313 5690
3313 5720
3313 6800
3313 8409
3313 9956
3313 9985
3313 12419
3313 12527
3313 13061
3313 14073
3313 14323
3313 15615
3313 16096
3313 16261
3313 16436
3313 16639
3313 18190
3313 19116
3313 19795
3313 19889
3313 19995
3313 20091
3322 7749
3326 10589
3364 10690
3378 16076
3380 11078
3380 17027
3380 17950
3381 5065
3381 6448
3381 13253
3381 19914
3381 19960
3388 9789
3401 20057
3405 4370
3405 5720
3405 12527
3405 13461
3405 15542
3405 15557
3405 16601
3405 16664
3405 17269
3405 17495
3405 17762
3405 19526
3405 19656
3405 19885
3405 19957
3405 19988
3405 20001
3405 20065
3405 20071
3456 15750
3457 15252
3477 9168
3477 19947
3484 5012
3484 5065
3484 8613
3484 11269
3484 12370
3484 16349
3484 19422
3484 19595
3487 15557
3501 3636
3501 3947
3501 5119
3501 5616
3501 17271
3501 17950
3501 17995
3505 8363
3505 18723
3505 18831
3509 13061
3515 19751
3515 19920
3516 15299
3541 18466
3545 17093
3545 18994
3545 19137
3545 19685
3545 19838
3545 19951
3573 19861
3578 12358
3592 8119
3592 19116
3613 18038
3624 5270
3624 5468
3624 9366
3624 10966
3624 17420
3624 17587
3636 3910
3636 4771
3636 4839
3636 5065
3636 6203
3636 8961
3636 10040
3636 12451
3636 13061
3636 14002
3636 14621
3636 14755
3636 14906
3636 14983
3636 15823
3636 17958
3636 17995
3636 18122
3636 19531
3636 19630
3636 19637
3636 19640
3636 19740
3636 19834
3636 20004
3648 11228
3648 15045
3648 19801
3657 19880
3673 10846
3673 19841
3690 13533
3692 17955
3692 19692
3693 19628
3707 3727
3707 5089
3707 5690
3707 5720
3707 6435
3707 6548
3707 12065
3707 12770
3707 14030
3707 14073
3707 14943
3707 15878
3707 16615
3707 17428
3707 17641
3707 18190
3707 19080
3707 19383
3707 19615
3707 19652
3707 20050
3707 20058
3727 6197
3727 14677
3727 17718
3727 19617
3727 19987
3816 10592
3816 11078
3823 19893
3835 4839
3843 19366
3856 4045
3856 5720
3856 19080
3882 4216
3882 11078
3882 13653
3882 17072
3882 19753
3893 4058
3893 19692
3910 5706
3910 8093
3910 12358
3910 14906
3910 15557
3910 17718
3910 19377
3910 19558
3910 19602
3910 19789
3910 19817
3947 4216
3947 17388
3947 19826
3950 19551
3963 19856
3975 11489
3984 4187
3984 5720
3984 8604
3984 9245
3984 9317
3984 9444
3984 11061
3984 11228
3984 15028
3984 15113
3984 15837
3984 16327
3984 17955
3984 18081
3984 19694
3984 19695
3984 19780
3984 19971
3984 19980
3984 20031
3986 19590
4011 4138
4011 4149
4011 5065
4011 6189
4011 8197
4011 9586
4011 10911
4011 11751
4011 12873
4011 16033
4011 16808
4011 19157
4031 16525
4031 19541
4031 19544
4048 4838
4048 9168
4048 17674
4059 5938
4059 13280
4059 15542
4059 19866
4080 6448
4092 4460
4092 5065
4092 5720
4092 7022
4092 8981
4092 13212
4092 14906
4092 15039
4092 15222
4092 15699
4092 16236
4092 16440
4092 16894
4092 17502
4092 19026
4092 19095
4092 19299
4092 19415
4092 19576
4092 19652
4092 19878
4092 19967
4092 19996
4092 20056
4092 20068
4097 19318
4106 19157
4110 19530
4110 19941
4117 5119
4117 5366
4117 6203
4117 8151
4117 8712
4117 16297
4117 19600
4117 19820
4117 19829
4117 19862
4117 19875
4117 19891
4126 5119
4126 19550
4135 4523
4135 13061
4136 17870
4138 4382
4138 4839
4138 5007
4138 6203
4138 8712
4138 9789
4138 10347
4138 14596
4138 17955
4138 19116
4140 5720
4140 11436
4140 18190
4141 5838
4149 13061
4149 15505
4157 5065
4157 5720
4157 15706
4159 6373
4159 9152
4171 17650
4171 19116
4171 19518
4171 19886
4187 5107
4187 5119
4187 9245
4187 9586
4187 9905
4187 11418
4187 11580
4187 12527
4187 12966
4187 13760
4187 15941
4187 16103
4187 16196
4187 16236
4187 16242
4187 16479
4187 17027
4187 19407
4187 19615
4187 19742
4187 19792
4187 19804
4187 19817
4187 19832
4187 19909
4187 19926
4187 20044
4187 20050
4187 20063
4187 20066
4188 6203
4188 11078
4188 18855
4193 5052
4193 15505
4216 6618
4216 9896
4216 11642
4216 13057
4216 13314
4216 13735
4216 14017
4216 14418
4216 15299
4216 15557
4216 15706
4216 19489
4216 19529
4216 19596
4216 19654
4216 19663
4231 8067
4234 9245
4234 13061
4234 14621
4234 16971
4234 19992
4234 20040
4242 6203
4242 6618
4242 8197
4242 8364
4242 11078
4242 11762
4242 17955
4242 19577
4242 19641
4248 18056
4280 8298
4280 19874
4298 16298
4305 19874
4332 19292
4332 19550
4359 4866
4366 17447
4370 8632
4370 10366
4370 13276
4370 15875
4370 16601
4382 6203
4382 9245
4382 10911
4382 13280
4382 15299
4382 16057
4382 16099
4382 16354
4382 17502
4382 18038
4382 18727
4382 19589
4382 19705
4382 20050
4382 20077
4384 19526
4390 19271
4390 19917
4397 19379
4419 8121
4419 19892
4456 8836
4460 5272
4460 5720
4460 19509
4481 10966
4507 9245
4507 10273
4507 14906
4507 15505
4507 15729
4507 15991
4507 19704
4519 19514
4523 9152
4523 9836
4523 11228
4523 19553
4536 5157
4536 5816
4536 6596
4536 7290
4536 13514
4536 15557
4536 17718
4536 18755
4536 19379
4536 19558
4536 19689
4536 19714
4536 19966
4536 20005
4562 19556
4585 5720
4585 15434
4585 19458
4589 4656
4589 7399
4589 8067
4589 15593
4589 19608
4589 19895
4632 7208
4680 5690
4680 6947
4680 9956
4680 16592
4702 9323
4731 18466
4746 11779
4746 17860
4746 18466
4746 19695
4746 19848
4749 8961
4749 17671
4749 19080
4771 5012
4771 5065
4771 6189
4771 19627
4771 19924
4783 6087
4783 8567
4783 9977
4783 10323
4783 15184
4783 16601
4783 19780
4798 5065
4798 6429
4838 19812
4839 5065
4839 6332
4839 6373
4839 8604
4839 9469
4839 11533
4839 11751
4839 13015
4839 14755
4839 15299
4839 15324
4839 17498
4839 18023
4839 18856
4839 19487
4839 19692
4839 19747
4839 19796
4839 19822
4839 19853
4839 19874
4839 19894
4839 19899
4839 19900
4839 19969
4839 20076
4839 20096
4846 15388
4855 6199
4855 8363
4858 5690
4860 14677
4860 19644
4866 5471
4866 5616
4866 8071
4866 13282
4866 19790
4866 19850
4879 7391
4879 13653
4885 15299
4918 11779
4924 5065
4924 9789
4924 13646
4924 15299
4924 18082
4924 18785
4924 18946
4924 19361
4924 19366
4924 19461
4924 19523
4924 19545
4924 19615
4924 19703
4924 19706
4924 19817
4924 19973
4949 5007
4949 19534
4964 6453
4964 18831
4964 19721
5012 11023
5031 6448
5031 13057
5049 7097
5049 8293
5049 11228
5049 15113
5049 19200
5065 5119
5065 5272
5065 5616
5065 6203
5065 6373
5065 6500
5065 6779
5065 7290
5065 7382
5065 7391
5065 8604
5065 9152
5065 9332
5065 9469
5065 9565
5065 9896
5065 10068
5065 10409
5065 10492
5065 11203
5065 11340
5065 11808
5065 12844
5065 15079
5065 15107
5065 15113
5065 15324
5065 15448
5065 15505
5065 15557
5065 15698
5065 16099
5065 16236
5065 16395
5065 17329
5065 17807
5065 17955
5065 18038
5065 18056
5065 18574
5065 18794
5065 18855
5065 19026
5065 19299
5065 19472
5065 19508
5065 19536
5065 19546
5065 19563
5065 19573
5065 19578
5065 19590
5065 19594
5065 19618
5065 19623
5065 19645
5065 19685
5065 19686
5065 19692
5065 19701
5065 19732
5065 19748
5065 19783
5065 19835
5065 19873
5065 19884
5065 19898
5065 19899
5065 19915
5065 19923
5065 20022
5065 20056
5065 20092
5084 7290
5084 9323
5084 15798
5084 17454
5089 8093
5089 9309
5089 10068
5089 12419
5089 14002
5089 14073
5089 15706
5089 16096
5089 16261
5089 17135
5089 18770
5089 19889
5089 19932
5100 5270
5100 15982
5100 17587
5107 18820
5107 20048
5119 5471
5119 6353
5119 7290
5119 9152
5119 9704
5119 11912
5119 12882
5119 12945
5119 13280
5119 13760
5119 13838
5119 14427
5119 15542
5119 16236
5119 16904
5119 18154
5119 18490
5119 18855
5119 19026
5119 19490
5119 19526
5119 19544
5119 19580
5119 19655
5119 19666
5119 19705
5119 19735
5119 19832
5119 19859
5119 19886
5119 19911
5119 20048
5125 5616
5125 8124
5141 5144
5141 5270
5141 16601
5141 16610
5141 18515
5143 6429
5143 10018
5143 10293
5144 7000
5144 16610
5157 6596
5157 10018
5157 12358
5157 15039
5157 19739
5215 13533
5230 18097
5265 11418
5265 19196
5267 5305
5270 7398
5270 10293
5270 17587
5270 19902
5272 5471
5272 5616
5272 7487
5272 8974
5272 8979
5272 13280
5272 13838
5272 15542
5272 16103
5272 17637
5272 17807
5272 19229
5272 19721
5272 19780
5305 5362
5305 8272
5305 13545
5305 15079
5305 15184
5305 19807
5306 5929
5309 9888
5345 17587
5348 17923
5348 19968
5353 17674
5362 5363
5362 6189
5362 8961
5362 11751
5362 12873
5362 15079
5362 15168
5362 15505
5362 16694
5362 17015
5362 17072
5362 17300
5362 17761
5362 17950
5362 19263
5362 19271
5362 19489
5362 19527
5362 19663
5362 19681
5362 19940
5362 19942
5362 20015
5362 20017
5362 20052
5362 20091
5363 17761
5366 6448
5366 6779
5366 11751
5366 13082
5366 15823
5366 16034
5366 17856
5366 18723
5366 19180
5366 19422
5366 19426
5366 19911
5455 8197
5455 12451
5468 6498
5468 7335
5468 8363
5468 9366
5468 10293
5468 15113
5468 15367
5468 15982
5468 17728
5468 18831
5468 18961
5468 19379
5468 19474
5468 19533
5468 19540
5468 19620
5468 19627
5468 19945
5468 20040
5468 20083
5471 8494
5471 13590
5471 16099
5476 14621
5478 11343
5487 9596
5501 18580
5521 15971
5521 17297
5521 19619
5550 10766
5550 11228
5550 15045
5550 15113
5550 16099
5550 19554
5550 19684
5551 12557
5551 18038
5560 9574
5560 11778
5560 12844
5560 13280
5560 17160
5560 18097
5560 19752
5615 19705
5616 5649
5616 5720
5616 6203
5616 7125
5616 8974
5616 10589
5616 11751
5616 12125
5616 12844
5616 14879
5616 16034
5616 16907
5616 17015
5616 17995
5616 18770
5616 19299
5616 19451
5616 19701
5616 19746
5616 19890
5616 20006
5616 20018
5621 19837
5626 19552
5637 19610
5649 8433
5649 9245
5649 18470
5652 8119
5652 17021
5658 9888
5658 19799
5672 6596
5672 11203
5672 13957
5672 19690
5681 6596
5690 5720
5690 5857
5690 6800
5690 6917
5690 9309
5690 10068
5690 13061
5690 14323
5690 16592
5690 20091
5692 7991
5692 19573
5692 19600
5692 19682
5692 19874
5702 7391
5720 5912
5720 7125
5720 11078
5720 11340
5720 11436
5720 11751
5720 12527
5720 12770
5720 13015
5720 13061
5720 14323
5720 14943
5720 15100
5720 15447
5720 15505
5720 15553
5720 15618
5720 15823
5720 16099
5720 16436
5720 16639
5720 17135
5720 17718
5720 17955
5720 18190
5720 18638
5720 18820
5720 19046
5720 19080
5720 19299
5720 19499
5720 19576
5720 19589
5720 19606
5720 19699
5720 19701
5720 19751
5720 19779
5720 19785
5720 19842
5720 19860
5720 19968
5720 20044
5720 20046
5720 20082
5724 8119
5816 8099
5816 12114
5816 19518
5816 19637
5816 19794
5831 5941
5831 19570
5831 19682
5831 19792
5831 19831
5838 18263
5849 17495
5849 17545
5857 11436
5857 19116
5912 6435
5912 16993
5912 17996
5929 14621
5929 17498
5938 12182
5938 12459
5938 13061
5938 13533
5938 16033
5938 16099
5938 19749
5966 10846
6002 19556
6015 17315
6086 6429
6086 12090
6086 19962
6087 9168
6087 17741
6109 9427
6124 15299
6189 10409
6189 15240
6199 15557
6203 6351
6203 6435
6203 6596
6203 7164
6203 8124
6203 8293
6203 8370
6203 8604
6203 8773
6203 9245
6203 9789
6203 11078
6203 11751
6203 11844
6203 12672
6203 13015
6203 13017
6203 13061
6203 13279
6203 13280
6203 14906
6203 15045
6203 15240
6203 15264
6203 15299
6203 16236
6203 16327
6203 16395
6203 16420
6203 17498
6203 17825
6203 17958
6203 18490
6203 18729
6203 19200
6203 19318
6203 19415
6203 19434
6203 19451
6203 19557
6203 19560
6203 19583
6203 19637
6203 19649
6203 19662
6203 19695
6203 19716
6203 19751
6203 19760
6203 19787
6203 19796
6203 19803
6203 19834
6203 19835
6203 19870
6203 19921
6203 20018
6203 20019
6203 20044
6203 20055
6203 20060
6203 20092
6224 19560
6332 19116
6351 14017
6351 18855
6373 6435
6373 6650
6373 8836
6373 10846
6373 11228
6373 11343
6373 11779
6373 13082
6373 13735
6373 14871
6373 15113
6373 16327
6373 16664
6373 16743
6373 17239
6373 18666
6373 19268
6373 19499
6373 19535
6373 19559
6373 19667
6373 19668
6373 19696
6373 19743
6373 19838
6373 19840
6373 19908
6389 10759
6429 6448
6429 6623
6429 7000
6429 7071
6429 7822
6429 8567
6429 12370
6429 13514
6429 15039
6429 15384
6429 15557
6429 15750
6429 16099
6429 17718
6429 17741
6429 18865
6429 19434
6429 19607
6429 19645
6429 19756
6429 19821
6429 19879
6429 19881
6429 19956
6429 20039
6429 20090
6433 19093
6435 11340
6435 17853
6435 18770
6435 19610
6448 6491
6448 7071
6448 7851
6448 8567
6448 9789
6448 9836
6448 12685
6448 15113
6448 16057
6448 16917
6448 17300
6448 17916
6448 18723
6448 19553
6448 19745
6453 17558
6459 16099
6500 6779
6500 9323
6500 15235
6506 17135
6506 17718
6548 12385
6548 17548
6570 19529
6594 8364
6594 14017
6596 8099
6596 10018
6596 11203
6596 12358
6596 13514
6596 19080
6596 19271
6596 19379
6596 19518
6596 19522
6596 19640
6596 20045
6596 20064
6618 6867
6618 10203
6618 11078
6618 11340
6618 15299
6618 17088
6618 19738
6618 19753
6619 9789
6619 10409
6619 12421
6619 19732
6623 18723
6624 11228
6624 16743
6624 17870
6624 18005
6624 18794
6624 19667
6624 19696
6624 19769
6629 17269
6629 17558
6629 19180
6629 19512
6629 19595
6629 19708
6629 19715
6640 11057
6640 19624
6640 19700
6640 19905
6648 9425
6648 11340
6648 18231
6648 19116
6692 19518
6708 12358
6708 19886
6779 7164
6779 8364
6779 10040
6779 10068
6779 11808
6779 12527
6779 13280
6779 14529
6779 16017
6779 16034
6779 17947
6779 18795
6779 19299
6779 19600
6779 19835
6779 19854
6779 20029
6785 16306
6797 6984
6800 17135
6800 18610
6800 19995
6810 11228
6810 19752
6810 19894
6817 12419
6855 16218
6867 7274
6867 10198
6867 10846
6867 11228
6867 15113
6867 17635
6867 18547
6867 19645
6867 19695
6867 19696
6867 19753
6867 19755
6867 19763
6867 19765
6916 10235
6916 19738
6916 19768
6917 11061
6917 11228
6917 13422
6917 15683
6917 15798
6917 18931
6917 19937
6917 20061
6918 18056
6945 16218
6945 19923
6947 8409
6947 14264
6947 18190
6947 18490
6991 9373
7000 7071
7000 9698
7000 11078
7000 11315
7000 11316
7000 11529
7000 13082
7000 13280
7000 15557
7000 16017
7000 16297
7000 17651
7000 17741
7000 19518
7000 19583
7000 19874
7000 20009
7041 16615
7071 10409
7074 18466
7097 15875
7097 18723
7107 10592
7107 19495
7119 17160
7119 17321
7122 18466
7122 18865
7125 11103
7125 20046
7186 13485
7230 12065
7290 8298
7290 12523
7290 13514
7290 15557
7290 16665
7290 16993
7290 17718
7290 17789
7290 18755
7290 19383
7290 19395
7290 19513
7290 19518
7290 19558
7290 19561
7290 19640
7290 19677
7290 19720
7302 15267
7302 18466
7326 12136
7335 19208
7356 20069
7364 8197
7382 10409
7382 19923
7391 7851
7391 15557
7391 17955
7391 20021
7398 19945
7399 8712
7399 9596
7399 10864
7399 11078
7399 19080
7399 19268
7399 19422
7399 19964
7433 9958
7480 8411
7487 15698
7516 11316
7516 14906
7516 16017
7516 20017
7541 11762
7647 13088
7647 17955
7647 19706
7681 19911
7749 9425
7779 19691
7822 9742
7822 12370
7822 19425
7839 19358
7851 11340
7851 17955
7851 19116
7851 19756
7851 19841
7901 15519
7944 19708
7984 19116
7991 9425
8061 15113
8067 9317
8067 9586
8067 10869
8067 11436
8067 11835
8067 12527
8067 13280
8067 15557
8067 16927
8067 17853
8067 17890
8067 18594
8067 18729
8067 19046
8067 19116
8067 19607
8067 19643
8067 19983
8067 19999
8068 16984
8093 9309
8093 10366
8093 11078
8093 14073
8093 17718
8093 19720
8093 19968
8093 19988
8097 20083
8099 13128
8119 11580
8119 11779
8119 19706
8121 10420
8124 9466
8124 18831
8124 19448
8124 19613
8151 8836
8151 15453
8159 14903
8197 11203
8197 13451
8197 16099
8197 19197
8197 19355
8197 19551
8197 19773
8197 19797
8225 15615
8272 18687
8272 19080
8272 19775
8281 17878
8293 12698
8293 19200
8297 15113
8298 11078
8298 15698
8298 17498
8298 18007
8298 18466
8298 19631
8298 19665
8298 19796
8347 19776
8347 19934
8363 8688
8363 15982
8363 19946
8364 18856
8364 20066
8433 9321
8433 15240
8433 15505
8453 11587
8484 14906
8484 19583
8494 11078
8567 9596
8567 17955
8596 15240
8600 19645
8604 10520
8604 11418
8604 17761
8613 18466
8613 19651
8632 19197
8666 14677
8686 19579
8688 18466
8688 18627
8688 19032
8703 11344
8712 9565
8712 13082
8712 15113
8712 16836
8712 19434
8712 19965
8752 12643
8780 19798
8787 13735
8882 15539
8882 17374
8887 19303
8887 19552
8912 19598
8917 16541
8961 15472
8961 16017
8961 17671
8974 15453
8974 19728
8979 12136
8981 13212
8993 9241
9011 19911
9036 14417
9057 16271
9064 10409
9071 11269
9152 10869
9152 13082
9152 15113
9152 15299
9152 16206
9152 16298
9152 16582
9152 17958
9152 18007
9152 18466
9152 19472
9152 19631
9152 19755
9152 19801
9152 20011
9158 17804
9158 18038
9168 13061
9168 13280
9168 15606
9168 15947
9168 17945
9168 18097
9168 19673
9168 19796
9241 9586
9241 12527
9241 14596
9241 14784
9241 15299
9241 16236
9241 16307
9241 16500
9241 17238
9241 17589
9241 18829
9241 19101
9241 19901
9241 19936
9241 19980
9245 10690
9245 10869
9245 15222
9245 15729
9245 16099
9245 16658
9245 16904
9245 18105
9245 19598
9245 19704
9245 19780
9257 9961
9280 13707
9285 19645
9290 15761
9299 13653
9309 12718
9317 19518
9323 9818
9323 13686
9323 15557
9323 19784
9352 19639
9421 13688
9425 11340
9425 12698
9425 15113
9425 16033
9425 16298
9425 16907
9425 18019
9425 18452
9425 19263
9425 19781
9425 19792
9444 10168
9444 15372
9444 17945
9444 18405
9444 19532
9444 19533
9444 19538
9444 19698
9444 19705
9449 19550
9466 10472
9469 15698
9536 19515
9536 19598
9543 19550
9565 11255
9565 13082
9565 19835
9616 19594
9789 11340
9789 13990
9789 17086
9789 17955
9789 18110
9789 18685
9789 19116
9789 19605
9809 19550
9818 16665
9888 15113
9888 18466
9888 19565
9888 19847
9888 19902
9888 19935
9896 11489
9896 16563
9958 11228
9958 16463
9961 19671
9985 20091
10018 13514
10018 14983
10018 15039
10018 19849
10040 11340
10040 11565
10040 12672
10040 13760
10040 16349
10040 17807
10040 17955
10040 18383
10040 18795
10040 18908
10040 20035
10040 20050
10068 11340
10068 15113
10068 15269
10068 16592
10068 17641
10166 19157
10166 19911
10168 16610
10186 15045
10198 19080
10216 10303
10217 19997
10235 17635
10273 12882
10293 11037
10293 11078
10293 19720
10293 19888
10293 20040
10305 14446
10312 19599
10314 19058
10342 19813
10347 13061
10347 15041
10347 15372
10347 16212
10347 17317
10347 19815
10366 11078
10366 15213
10366 16601
10366 19377
10366 19632
10366 19686
10366 19743
10409 10818
10409 15557
10409 18723
10409 18831
10409 19434
10409 19607
10409 19621
10409 19724
10409 20062
10456 19912
10482 18770
10492 17300
10520 18560
10520 19080
10520 19674
10520 19759
10520 20041
10558 17635
10589 15240
10589 19516
10592 16900
10592 19626
10636 19570
10690 19673
10690 20070
10704 15299
10704 19830
10705 19736
10730 12523
10766 13851
10766 15113
10766 16463
10766 19763
10789 16917
10789 18723
10789 19637
10846 17239
10846 17635
10846 19554
10846 19607
10846 20027
10854 19815
10858 18466
10869 15453
10869 15474
10869 16592
10869 17853
10869 19607
10869 19878
10911 13061
10911 15044
10911 19865
10911 19940
10918 17135
10930 14417
10952 11078
10966 16601
10966 17342
11001 17093
11051 19116
11053 19296
11061 11418
11078 11343
11078 11565
11078 12882
11078 12885
11078 14677
11078 15790
11078 16496
11078 16993
11078 17955
11078 18466
11078 19116
11078 19508
11078 19633
11078 19646
11078 20084
11080 19767
11103 16196
11184 18855
11203 11751
11203 14906
11203 15505
11203 15557
11203 17250
11203 17994
11203 17995
11203 19518
11203 19849
11203 20017
11228 15075
11228 15875
11228 16984
11228 18466
11228 19678
11228 19801
11242 18794
11242 19116
11269 18922
11340 12065
11340 12530
11340 16904
11340 16917
11340 17502
11340 17545
11340 17741
11340 17916
11340 19116
11340 19318
11340 19535
11340 19568
11340 19579
11340 19630
11340 19753
11340 19803
11340 19811
11340 19948
11340 20007
11340 20034
11343 19696
11344 16420
11344 18540
11344 19237
11347 19287
11409 19819
11418 12527
11418 13838
11418 18038
11529 17761
11565 19395
11587 18745
11629 19518
11641 19609
11698 20039
11751 14930
11751 15553
11751 19707
11758 18466
11762 20088
11778 19692
11779 14326
11779 14621
11779 15113
11779 16206
11779 19116
11779 19268
11779 19463
11779 19537
11779 19605
11779 19607
11779 19714
11779 19838
11808 12136
11808 19197
11835 19657
11853 15557
11863 16146
11863 17322
11912 17955
11912 18923
11920 18466
11933 19962
11943 14879
11943 19080
11943 19796
11951 19377
11953 12097
11953 19590
11963 17015
11990 15299
12022 15453
12022 19058
12065 13061
12090 15875
12125 12525
12125 19590
12125 20060
12136 19518
12182 17244
12186 17890
12245 18466
12253 12844
12253 15505
12253 17160
12358 14621
12358 19116
12358 19575
12358 19673
12358 19886
12358 19898
12358 19979
12358 20016
12358 20052
12372 13942
12421 13134
12434 19080
12451 17761
12459 13061
12459 19879
12494 17958
12523 13892
12525 19116
12525 19597
12527 18770
12530 17066
12530 17955
12530 19803
12599 15474
12643 17545
12643 17862
12675 19425
12760 18466
12770 13061
12770 16814
12770 16907
12844 19615
12882 13061
12882 18056
12882 18948
12945 18038
13015 13061
13017 17041
13017 19490
13061 14621
13061 14755
13061 14943
13061 15045
13061 15113
13061 15299
13061 15367
13061 15505
13061 15664
13061 16033
13061 16592
13061 16904
13061 16984
13061 17300
13061 17498
13061 17714
13061 18466
13061 18739
13061 19439
13061 19454
13061 19513
13061 19568
13061 19573
13061 19586
13061 19628
13061 19687
13061 19760
13061 19788
13061 19789
13061 19810
13061 19819
13061 19874
13061 19875
13061 19937
13061 19940
13061 19969
13061 19983
13061 19989
13061 19996
13061 20010
13061 20055
13088 17955
13112 16261
13157 16099
13253 15453
13279 15252
13280 14906
13280 16592
13280 18490
13280 19116
13280 19336
13280 19615
13280 20003
13280 20055
13280 20072
13282 19116
13461 15875
13486 19724
13578 15075
13590 19738
13646 17322
13646 17955
13653 15384
13676 16017
13735 16601
13735 17761
13735 18038
13735 18755
13735 18797
13735 19570
13735 19911
13735 19944
13838 19997
13871 19911
13990 15839
14002 19080
14002 19116
14002 19876
14002 20091
14017 14621
14017 15299
14017 17072
14017 17772
14017 18162
14017 18490
14017 19080
14017 19560
14017 19877
14017 19904
14017 19996
14017 20044
14017 20055
14030 16099
14030 16592
14042 15837
14166 15113
14208 19855
14326 16984
14326 18928
14417 19939
14418 14767
14606 19606
14621 15729
14621 19115
14621 19116
14621 19959
14657 17316
14677 16099
14677 17718
14677 20054
14714 14737
14737 17671
14753 20004
14755 15505
14755 17671
14755 17765
14767 19755
14771 19840
14771 19928
14879 15505
14903 19317
14906 15505
14906 15698
14906 16017
14906 16395
14906 17015
14906 17718
14906 17955
14906 19454
14906 19552
14906 19586
14906 19637
14906 19673
14906 19796
14906 19874
14906 19967
14906 19983
14906 19999
14906 20035
14906 20066
14906 20082
14930 15839
14930 18038
14930 20028
14943 19791
14948 19026
14976 19610
15038 18105
15041 15252
15045 15113
15045 15664
15045 16099
15045 16610
15045 19221
15075 17088
15075 17587
15075 17728
15075 19032
15113 15875
15113 16099
15113 16984
15113 17955
15113 19116
15113 19756
15113 19819
15125 19647
15148 15875
15184 16993
15240 16017
15240 16103
15240 17671
15240 18470
15240 19258
15240 19587
15240 19783
15252 19496
15252 19560
15252 19704
15299 16907
15299 18547
15299 19080
15299 19116
15299 19560
15299 19911
15309 18931
15367 17420
15382 15505
15384 19585
15453 17269
15453 19854
15453 19872
15453 19960
15453 20025
15474 16033
15474 19303
15505 15557
15505 15823
15505 17160
15505 17300
15505 17916
15505 17947
15505 17994
15505 19299
15505 19615
15505 19657
15505 19681
15505 20028
15535 20042
15542 19696
15553 19558
15557 16033
15557 17994
15557 18466
15557 19688
15577 19400
15606 15941
15618 19637
15631 19796
15664 15720
15664 18847
15670 17751
15670 19710
15672 19768
15683 19543
15698 15818
15698 16479
15698 18855
15698 19589
15698 19615
15698 19666
15699 16770
15706 19629
15720 19970
15720 20022
15729 19736
15729 19989
15753 19556
15761 18608
15761 19615
15761 19705
15761 20043
15823 16624
15823 18405
15837 19395
15839 18038
15839 18479
15839 19463
15875 16156
15875 17420
15875 17762
15875 18831
15875 18918
15875 19197
15875 19391
15875 19581
15875 19593
15875 19595
15875 19627
15875 19656
15875 19736
15875 19773
15875 19896
15875 19994
15878 19791
15883 19798
15898 20027
15941 18154
15975 16298
15975 19116
15982 17587
16006 16261
16017 17761
16017 17994
16017 19271
16033 16798
16033 17955
16033 19116
16033 19558
16033 20073
16057 17955
16057 19116
16057 19858
16090 19685
16096 16261
16099 16306
16099 17015
16099 17250
16099 17587
16099 19116
16099 19817
16099 19827
16099 19911
16103 18105
16156 19548
16196 16984
16206 18865
16206 19422
16206 19556
16217 19900
16218 19695
16236 19116
16236 19753
16242 16376
16242 19622
16250 19619
16261 19739
16281 17955
16281 18038
16293 19607
16297 19582
16298 18007
16349 17807
16349 19692
16373 16601
16395 17955
16395 18038
16399 18723
16420 18399
16420 19655
16423 16601
16463 18466
16500 19588
16554 16601
16554 18466
16554 19799
16582 19116
16592 19454
16592 20003
16601 17420
16601 18056
16601 18466
16610 19919
16610 19970
16639 16743
16639 18173
16639 18466
16639 19213
16639 19769
16664 18466
16665 19882
16753 19846
16792 19549
16798 20080
16904 19116
16917 17955
16984 17671
16984 18729
16984 19645
16984 19708
16984 19988
16984 20050
16984 20071
16984 20086
16993 19795
17036 20073
17072 19875
17115 18038
17123 19981
17244 17428
17244 19950
17300 19681
17308 19733
17316 17635
17316 19954
17327 18038
17345 19684
17353 20065
17388 19116
17389 17955
17390 19584
17420 18466
17420 19447
17420 19529
17420 19614
17420 19634
17428 17446
17454 19696
17465 17762
17465 20065
17468 19897
17498 19116
17511 19329
17545 17862
17545 19208
17545 19656
17548 19040
17558 17958
17635 19695
17635 19738
17652 19680
17761 17856
17761 19637
17761 19893
17761 19894
17764 18122
17796 19982
17825 18038
17853 18961
17853 19716
17853 19874
17856 18723
17856 19303
17860 19859
17916 19116
17945 19294
17955 18190
17955 18560
17955 18820
17955 19229
17955 19263
17955 19508
17955 19511
17955 19572
17955 19601
17955 19612
17955 19615
17955 19661
17955 19682
17955 19695
17955 19806
17955 19832
17955 19852
17955 19913
17955 19986
17958 19627
17958 20049
18019 19116
18019 19961
18022 19034
18038 19536
18055 19567
18082 19116
18105 19704
18110 18383
18132 19515
18173 18723
18197 19519
18242 19728
18383 19702
18383 19831
18383 19935
18466 18831
18466 19283
18466 19540
18466 19613
18466 19627
18466 19658
18466 19663
18466 19683
18466 19695
18466 19757
18466 19799
18466 19828
18560 19116
18641 19653
18652 19802
18723 18831
18723 19539
18723 19611
18723 19664
18723 19717
18723 19771
18736 19996
18745 19080
18745 19115
18745 19711
18745 19750
18745 19968
18748 19922
18794 19366
18820 19699
18820 19709
18820 19780
18831 19422
18831 19445
18831 20014
18865 19658
18865 19965
18883 19878
18920 20078
19025 19971
19058 20063
19076 19116
19080 19383
19080 19422
19080 19754
19080 19756
19080 19772
19080 19820
19099 19783
19114 19719
19115 19786
19115 19814
19115 19836
19116 19200
19116 19229
19116 19299
19116 19361
19116 19439
19116 19511
19116 19517
19116 19523
19116 19526
19116 19528
19116 19557
19116 19559
19116 19570
19116 19583
19116 19659
19116 19694
19116 19696
19116 19706
19116 19734
19116 19744
19116 19756
19116 19758
19116 19759
19116 19779
19116 19792
19116 19793
19116 19811
19116 19816
19116 19821
19116 19826
19116 19830
19116 19843
19116 19844
19116 19851
19116 19874
19116 19973
19116 20035
19116 20043
19116 20052
19116 20066
19116 20070
19116 20082
19135 19556
19221 19347
19230 19847
19292 19447
19303 19505
19318 19940
19395 19431
19422 19616
19422 19683
19422 19762
19422 20037
19430 19666
19434 19727
19487 19495
19505 19641
19507 19725
19518 19520
19520 20007
19524 19525
19531 19532
19541 19550
19547 19548
19552 19560
19558 19657
19558 19720
19565 19619
19571 19572
19607 20040
19634 19663
19641 19642
19659 19660
19675 19676
19694 19869
19730 19731
19738 19756
19742 20050
19745 19833
19750 19754
19754 19770
19755 19911
19796 19878
19810 19811
19819 19821
19844 19845
19867 19868
19874 19916
19881 19882
19883 19884
19886 19999
19888 20058
19934 19938
19954 19955
19955 20020
19960 19974
19965 19985
19989 19990
20012 20013
20050 20053
20058 20093
20088 20089
