0 3
0 347
0 1278
0 2255
0 2825
0 3072
0 4752
0 8272
0 18831
0 20481
2 1200
3 1152
7 28
7 29
7 76
7 97
7 730
7 1709
7 5468
7 6498
7 14677
7 16480
7 21051
14 618
14 6623
14 15709
14 21061
19 13061
25 16099
26 2027
26 2149
26 3541
26 5247
26 6940
26 11066
26 15453
26 15875
26 16099
26 16801
26 16971
26 18554
26 18811
26 21152
28 42
28 76
28 434
28 519
28 536
28 1235
28 1255
28 3123
28 3910
28 4031
28 4234
28 5065
28 5270
28 5305
28 6498
28 6503
28 7208
28 7792
28 9366
28 9896
28 10068
28 10293
28 10999
28 12748
28 13061
28 13280
28 15025
28 15113
28 15709
28 16592
28 16610
28 16907
28 17692
28 17718
28 18731
28 19211
28 20492
28 20758
28 20760
28 20778
28 20926
28 21029
28 21131
29 284
29 713
29 1235
29 1255
29 2243
29 5720
29 7583
29 8472
29 11762
29 16665
29 18056
29 19801
29 21004
37 42
37 4234
37 9896
40 2256
41 21131
42 93
42 110
42 370
42 434
42 509
42 839
42 898
42 1057
42 3081
42 3484
42 3653
42 3707
42 4589
42 5119
42 5362
42 5720
42 6503
42 10293
42 10304
42 10817
42 11751
42 11762
42 11797
42 12358
42 16907
42 17420
42 19116
42 19229
42 20151
42 20376
42 20681
42 20780
42 21023
42 21027
42 21030
43 76
43 762
43 1198
43 2158
43 2762
43 3166
43 3388
43 4589
43 5822
43 8983
43 10164
43 11340
43 12090
43 14937
43 15113
43 15553
43 17923
43 18274
43 20655
43 20750
43 20760
43 20788
43 20927
43 20935
46 72
48 76
48 88
48 97
48 621
48 5193
48 5468
48 7792
48 14988
48 19801
51 5720
64 11587
67 13061
69 15012
69 20653
70 904
70 4860
70 13533
70 20734
72 1164
73 96
73 138
73 157
73 390
73 1106
73 1392
73 1407
73 1990
73 3505
73 3707
73 4140
73 6506
73 9109
73 9888
73 21019
74 390
74 1302
74 3123
74 5270
74 16099
75 4382
75 6596
75 16258
76 138
76 158
76 401
76 532
76 559
76 618
76 729
76 762
76 904
76 917
76 1036
76 1057
76 1235
76 1255
76 1788
76 1818
76 2062
76 2158
76 2650
76 2762
76 3030
76 3158
76 4092
76 4783
76 5270
76 5272
76 5501
76 5550
76 5992
76 6102
76 6429
76 6596
76 7792
76 8363
76 10068
76 10203
76 10268
76 10939
76 11228
76 11269
76 11587
76 12252
76 12396
76 13016
76 15113
76 15453
76 15991
76 16099
76 17021
76 17094
76 17387
76 18005
76 18466
76 18617
76 18811
76 19301
76 19587
76 19801
76 19968
76 19970
76 20376
76 20656
76 20687
76 20695
76 20699
76 20748
76 20750
76 20769
76 20786
76 20793
76 20938
76 20948
76 21031
76 21049
76 21122
76 21134
79 2767
83 290
83 2762
83 8068
83 10304
83 12412
83 19970
83 20983
83 21005
83 21039
84 5471
87 16770
88 510
88 1904
88 2888
88 5270
88 5468
88 5658
88 9186
88 9809
88 20437
90 432
93 3158
95 5822
96 97
96 108
96 138
96 17420
97 823
97 897
97 1200
97 2118
97 5468
97 5550
97 6498
97 10186
97 13061
97 15100
97 16099
97 17420
97 17923
97 18831
97 19416
97 20594
97 20793
97 20920
97 21127
103 1636
103 14677
103 21037
105 13590
108 781
108 852
108 2357
108 3177
108 17923
108 19989
108 20824
109 13061
110 1854
110 2787
110 3071
110 3592
110 7097
110 8224
110 12090
110 13451
110 15557
110 15783
110 17120
110 17397
110 18831
110 20220
110 20284
110 20629
110 20768
110 21069
110 21095
117 122
117 4507
117 14017
120 1278
121 258
122 383
122 15557
122 18855
123 8974
123 20698
126 16099
128 2313
133 138
133 20750
134 2762
138 236
138 382
138 729
138 762
138 852
138 1012
138 1200
138 1235
138 1255
138 1413
138 1794
138 1844
138 1990
138 2191
138 2543
138 2589
138 2628
138 2663
138 2739
138 2775
138 3177
138 3707
138 3910
138 3963
138 4113
138 4171
138 4585
138 5270
138 5362
138 5616
138 5992
138 6429
138 6596
138 7607
138 8175
138 9257
138 10304
138 10817
138 10999
138 12770
138 13061
138 14062
138 14677
138 14930
138 15464
138 16099
138 17021
138 17027
138 17120
138 18811
138 19109
138 19301
138 19614
138 19857
138 20151
138 20349
138 20393
138 20492
138 20653
138 20679
138 20733
138 20743
138 20750
138 20757
138 20791
138 20883
138 21085
138 21096
138 21131
140 1636
140 6189
140 10304
140 18470
141 1206
141 3505
141 19301
147 3123
151 1106
151 5471
151 5992
153 412
153 730
153 1106
153 3910
153 3984
153 4339
153 4783
153 4930
153 5616
153 5831
153 6203
153 10061
153 13061
153 14272
153 15151
153 15311
153 15921
153 20694
153 20791
153 20837
153 20937
153 20965
153 20996
153 21045
154 5119
154 9466
157 21059
158 267
158 536
158 1115
158 1374
158 1413
158 1832
158 1996
158 2223
158 2934
158 3727
158 4113
158 4783
158 5366
158 5831
158 5912
158 6917
158 7652
158 8567
158 8974
158 9257
158 9427
158 9789
158 9967
158 10456
158 11048
158 11228
158 11912
158 12358
158 12396
158 13990
158 14597
158 14657
158 15113
158 15151
158 15168
158 16511
158 16632
158 17072
158 17535
158 17558
158 18669
158 18755
158 18811
158 19026
158 19047
158 19301
158 19317
158 19874
158 19989
158 20577
158 20653
158 20665
158 20668
158 20683
158 20696
158 20739
158 20783
158 20793
158 20824
158 20863
158 20923
158 20926
158 20928
158 20937
158 20972
158 20983
158 20996
158 21001
158 21149
162 1917
163 573
163 1917
163 5501
172 4370
172 11751
179 20750
184 641
184 852
184 1140
184 3364
184 3910
184 5621
184 8067
184 13566
184 14677
184 20687
184 21005
186 621
186 14017
186 16770
189 12525
189 20750
190 13240
191 12182
191 16988
196 258
196 1144
196 3893
196 3984
196 4159
196 4188
196 13444
196 14955
196 16364
196 18811
196 19472
196 19829
196 20664
196 20671
196 20732
196 20750
196 20918
196 20946
196 21091
204 659
204 10456
206 20508
218 1057
218 1409
218 3313
218 4761
218 5094
218 6189
218 12114
218 17027
218 20743
223 432
223 5247
226 5270
226 5658
226 6940
226 18167
226 21115
236 762
236 1002
236 1006
236 1365
236 4117
236 4783
236 9896
236 12358
236 19422
236 20284
236 20520
239 21038
246 1636
246 16349
247 5948
248 20938
253 634
253 5143
253 8121
253 13590
255 20750
258 794
258 1057
258 1612
258 1972
258 2739
258 4507
258 4585
258 5089
258 5533
258 5649
258 6189
258 7192
258 8197
258 10068
258 13653
258 15448
258 15504
258 16617
258 16894
258 18093
258 18731
258 19116
258 19320
258 20791
258 20910
258 20914
258 21124
267 1390
267 6917
267 15113
267 20756
267 20939
270 1990
280 2767
280 3984
280 16511
284 621
284 1359
284 2256
284 2650
284 5065
284 20819
286 11048
287 15525
290 1884
290 2650
290 3030
290 5305
290 6503
290 19970
302 1413
302 5471
302 12896
304 21055
304 21112
307 20964
315 2057
315 2437
315 4031
315 6940
315 12227
315 16601
315 19230
315 20679
315 20913
315 20938
315 20963
315 20991
318 16099
318 20802
330 9896
330 20481
348 2767
349 16770
351 5822
351 21127
351 21142
359 803
359 13032
359 15113
359 17955
367 19930
370 1144
370 3177
370 5822
370 11269
370 13280
370 14610
370 16654
370 18755
370 20376
370 20938
370 21050
372 837
372 1361
372 5119
372 11184
372 11340
372 13017
372 19116
372 20966
372 20978
372 20998
382 1200
383 423
383 1365
383 3653
383 3707
383 3910
383 4589
383 5938
383 10040
383 11943
383 13061
383 18729
383 18809
383 18888
383 19437
384 18936
405 18811
407 20460
407 20752
410 2095
410 5471
410 21053
412 573
412 1390
412 1393
412 2534
412 2650
412 2762
412 3364
412 5672
412 9168
412 10117
412 17728
412 20151
412 20679
419 2313
422 1831
422 4117
422 20820
423 2313
423 2762
423 15525
432 2533
432 8930
432 13240
433 2839
433 3123
434 1774
434 2158
434 6373
434 19989
434 20376
434 20716
434 20750
434 20808
434 20996
444 15753
444 17027
447 803
448 1058
449 6781
455 1959
455 7738
455 14934
455 16936
455 20501
455 21097
461 13082
461 19989
467 4536
467 5593
467 14677
467 15525
472 6429
472 20728
490 7208
502 6498
502 19449
505 6028
505 20596
505 20890
506 13735
506 15709
508 3313
508 8712
509 1361
509 3935
509 8067
509 9168
509 12252
510 1255
511 20800
519 2762
519 3195
519 6801
519 10911
519 13061
519 21131
524 1255
524 3624
528 4092
528 10018
528 15039
528 20374
528 20681
528 20722
528 20728
528 20747
528 20780
528 20899
531 881
531 9152
531 14017
531 20841
536 2767
536 5065
536 7097
536 7290
536 10409
536 15039
536 15505
536 15593
546 1392
546 3509
546 4589
556 2095
556 2223
556 6203
556 14492
556 20931
559 1521
559 2795
559 8472
562 21150
570 2786
570 12896
572 8272
573 823
573 1255
573 1877
573 3975
573 5468
573 9896
573 10941
573 12231
573 15875
573 16099
573 18120
573 18681
573 19515
573 19970
573 19989
573 20284
577 610
577 621
577 712
577 1917
577 6429
577 6945
577 7097
577 12125
577 12182
577 16145
577 19168
577 20679
577 20681
577 20924
577 21149
580 5181
589 20916
600 21048
608 7208
610 1604
610 2957
610 5065
610 7399
610 10817
610 11587
610 14955
610 20376
610 20594
610 20690
611 13088
611 16364
611 21089
611 21116
613 4507
613 4589
613 10911
613 12253
613 12770
613 19487
613 20706
613 20960
618 621
618 1255
618 5065
618 6429
618 6503
618 7290
618 9257
618 11228
618 14677
618 15557
618 16083
618 18768
618 18923
618 19317
618 20879
618 20940
618 20952
618 21149
621 1539
621 1884
621 2081
621 2627
621 2762
621 2821
621 5065
621 7593
621 9967
621 10203
621 10817
621 12356
621 15113
621 16083
621 16099
621 17724
621 18005
621 19801
621 19970
621 20671
621 20720
621 20769
621 20822
621 20913
621 21085
622 20775
633 11583
634 5143
641 1393
641 1818
641 5230
641 5616
641 10018
641 11090
641 13061
641 13990
641 16592
641 16774
641 17632
641 18945
641 20807
647 839
647 2389
647 4419
647 19595
659 2762
659 3065
659 3107
659 7674
659 9985
659 13735
659 15505
678 1990
682 5272
682 14688
682 16723
682 20794
687 15108
696 8298
712 2762
712 5065
712 6503
712 6945
712 11228
712 12182
712 15557
712 16145
712 20879
712 20952
726 5471
729 1152
729 9565
729 10780
729 11587
729 13240
729 15113
729 18005
729 18997
730 2057
730 16592
730 20824
736 20851
736 21021
760 20938
762 839
762 1200
762 1990
762 5179
762 6373
762 6429
762 16836
762 21054
762 21087
767 11214
773 6503
773 7738
773 17728
773 20606
773 20762
774 5272
774 5616
774 18945
774 20907
781 13061
781 15113
782 16984
794 19817
796 2762
796 3030
796 5065
796 8912
803 6332
803 9789
803 19109
803 19989
803 20836
803 20876
805 1792
805 2786
805 5270
805 5468
805 6498
809 6189
809 6448
809 11751
810 1390
823 839
823 1664
823 2027
823 3616
823 11228
823 15875
823 18466
823 20481
823 21003
836 2437
836 20097
837 1130
837 3865
837 5329
837 6431
837 10094
837 11340
837 15039
837 15113
837 15553
837 15839
837 16743
837 20580
837 20892
837 20928
837 21143
837 21151
839 1106
839 1247
839 1278
839 1702
839 1917
839 2027
839 3541
839 5031
839 5049
839 5593
839 6108
839 7944
839 8632
839 8784
839 8836
839 10040
839 10846
839 15875
839 17545
839 19301
839 19587
839 20376
839 20635
839 20641
839 20704
839 20802
839 20953
852 1256
852 1381
852 1390
852 1392
852 3010
852 3313
852 3388
852 3672
852 3910
852 4113
852 4585
852 5089
852 5690
852 5720
852 6548
852 6800
852 6947
852 7534
852 8197
852 8712
852 9470
852 10068
852 11587
852 12396
852 12718
852 12770
852 16096
852 16099
852 16261
852 16436
852 16615
852 19040
852 19989
852 20492
852 20740
852 20750
852 20782
852 20800
852 20825
852 20882
852 20922
852 21073
852 21138
852 21157
859 2158
859 9168
879 7399
881 1106
881 1604
881 3239
881 4113
881 4589
881 5065
881 7290
881 10866
881 11751
881 14677
881 17692
881 17867
881 17958
881 18470
881 18547
881 20767
881 21082
885 3505
891 12358
897 970
897 1788
897 6373
897 6467
897 6629
897 7792
898 4536
898 5094
904 1413
904 5471
904 17811
904 20264
907 8093
907 15113
914 20818
917 15709
920 5272
922 12125
922 20430
928 968
928 2027
928 3177
928 15547
950 1863
950 15299
968 2599
968 2787
968 5119
968 9896
968 11241
968 17742
968 17969
968 18681
968 18687
968 20944
1002 1413
1002 5616
1002 6596
1005 6431
1006 1413
1006 1917
1006 4092
1006 8613
1006 10018
1006 16639
1006 18470
1006 19476
1006 20508
1012 1749
1012 3313
1012 5720
1012 7230
1012 8363
1012 8974
1012 18470
1028 6867
1028 20972
1036 2118
1036 5550
1036 20938
1039 3764
1041 2762
1041 6376
1041 16617
1057 1058
1057 1413
1057 2158
1057 2256
1057 2694
1057 2762
1057 3910
1057 4187
1057 4589
1057 5362
1057 6376
1057 7516
1057 10117
1057 10409
1057 10558
1057 10869
1057 11020
1057 15453
1057 15709
1057 16099
1057 17027
1057 19857
1057 20679
1057 20715
1057 21011
1058 1244
1058 1422
1058 1917
1058 2204
1058 4731
1058 6448
1058 6619
1058 8272
1058 8948
1058 9257
1058 11340
1058 12885
1058 15282
1058 15503
1058 15553
1058 18831
1058 19026
1058 19116
1058 20749
1058 20750
1058 20953
1060 4397
1060 4761
1060 20785
1106 1390
1106 1604
1106 2583
1106 7290
1106 10186
1106 10409
1106 13061
1106 19229
1106 19857
1106 19989
1106 20151
1106 21080
1115 5720
1115 7364
1115 9147
1115 11048
1115 15151
1115 15311
1115 16033
1115 16212
1115 17112
1115 19047
1115 19720
1115 20766
1115 20783
1122 17427
1122 18856
1130 21158
1144 3865
1144 3984
1144 6373
1144 7991
1144 8131
1144 15970
1144 19046
1144 19472
1144 20442
1144 20651
1144 20960
1177 3010
1177 18997
1179 20446
1183 18547
1185 2095
1185 6947
1185 13485
1185 21096
1185 21097
1198 9245
1198 20681
1198 20721
1200 1235
1200 1275
1200 2095
1200 4314
1200 6940
1200 7924
1200 11587
1200 12580
1200 13061
1200 19568
1200 20417
1200 20972
1206 2529
1206 3065
1206 3388
1206 4117
1206 5089
1206 6203
1206 7607
1206 9896
1206 11587
1206 12770
1206 14062
1206 21045
1223 4419
1223 12760
1223 20334
1244 3799
1247 19517
1247 20936
1255 1794
1255 1990
1255 2100
1255 2650
1255 3727
1255 5468
1255 7290
1255 9381
1255 9396
1255 9888
1255 10061
1255 10293
1255 13240
1255 15025
1255 18811
1256 1390
1256 3388
1256 3707
1256 9888
1256 10347
1256 11587
1256 12770
1256 16907
1256 19109
1256 19989
1256 20782
1256 20849
1256 20976
1264 20855
1265 11533
1268 8363
1271 20737
1275 20417
1278 11340
1281 2158
1281 7855
1281 11779
1281 17420
1282 13061
1298 20664
1302 8363
1318 2256
1319 2650
1321 20709
1322 2598
1333 4092
1359 1390
1359 2739
1359 12358
1359 12770
1359 15970
1359 16206
1359 17890
1359 20435
1359 20653
1359 20983
1361 1365
1361 2095
1361 2627
1361 2762
1361 4488
1361 5119
1361 5900
1361 8654
1361 10866
1361 10911
1361 11228
1361 15709
1361 16290
1361 16568
1361 19449
1361 19515
1361 20151
1361 20501
1361 20680
1361 20717
1361 21002
1361 21018
1361 21025
1365 1390
1365 2527
1365 2529
1365 3313
1365 3707
1365 3910
1365 4488
1365 4839
1365 5065
1365 5089
1365 5294
1365 6596
1365 7230
1365 9152
1365 9185
1365 9896
1365 10203
1365 12396
1365 13280
1365 17027
1365 19989
1365 20151
1365 20220
1365 20653
1365 21140
1369 2150
1369 9896
1369 18831
1369 21163
1374 2223
1374 6429
1374 11340
1374 11863
1374 19116
1375 11514
1375 11751
1375 15557
1388 13485
1390 1510
1390 1604
1390 3153
1390 3166
1390 3313
1390 3707
1390 4727
1390 4839
1390 5720
1390 5822
1390 5859
1390 7097
1390 7266
1390 8974
1390 10293
1390 10304
1390 10722
1390 12358
1390 13061
1390 13653
1390 14002
1390 14906
1390 15545
1390 16041
1390 17323
1390 18681
1390 20687
1390 20767
1390 20798
1390 20817
1390 20862
1390 20939
1390 21086
1392 2256
1392 3910
1392 4140
1392 5099
1392 9309
1392 9789
1392 10068
1392 10636
1392 12748
1392 13810
1392 15039
1392 15113
1392 15557
1392 16971
1392 17867
1392 18470
1392 18669
1392 19271
1392 20594
1392 20681
1392 20750
1392 20751
1392 21101
1393 5616
1393 5720
1393 6189
1393 6779
1393 9466
1393 11080
1393 11943
1393 15324
1393 20151
1393 20771
1393 21023
1393 21084
1393 21146
1393 21149
1395 20773
1407 20756
1413 1819
1413 2825
1413 3166
1413 4113
1413 4987
1413 5822
1413 8974
1413 9257
1413 11762
1413 14165
1413 15252
1413 15970
1413 16076
1413 19857
1413 20746
1413 20848
1422 7399
1422 13061
1422 16099
1461 16592
1466 10939
1514 6503
1514 11269
1514 12396
1514 20812
1514 20821
1514 20961
1539 5179
1539 16093
1540 10061
1540 11751
1540 14165
1540 19241
1551 5141
1561 20850
1563 21112
1570 19606
1600 3984
1600 4187
1600 5065
1600 6203
1600 11344
1600 15252
1600 19411
1604 2767
1604 3313
1604 7290
1604 10911
1604 17302
1604 21114
1636 2739
1636 2762
1636 3051
1636 3501
1636 3910
1636 4231
1636 5362
1636 5471
1636 5616
1636 5822
1636 7290
1636 10409
1636 10866
1636 11340
1636 12114
1636 13061
1636 13280
1636 13298
1636 13658
1636 14930
1636 15553
1636 16041
1636 16144
1636 17027
1636 18087
1636 18547
1636 19320
1636 19940
1636 20115
1636 20501
1636 20648
1636 20750
1636 20817
1636 20929
1636 20972
1636 21006
1636 21108
1636 21124
1636 21136
1640 20721
1657 2102
1657 5247
1657 20602
1657 21040
1664 14937
1680 15278
1687 11197
1687 12090
1687 13489
1687 18853
1687 20935
1691 14606
1691 14738
1691 14943
1691 15252
1702 3125
1709 3541
1709 12090
1709 12643
1709 19595
1717 2756
1717 3505
1717 3707
1717 5089
1717 16615
1717 18997
1726 1917
1726 2204
1726 5159
1726 6596
1742 4855
1742 10780
1749 16592
1753 4493
1763 2256
1763 3984
1763 6373
1763 9967
1763 11347
1763 12319
1763 13735
1763 13773
1763 16936
1763 19101
1763 19299
1763 19395
1763 19817
1763 20706
1763 20921
1763 20991
1763 21058
1774 2762
1774 13061
1774 15557
1787 11587
1788 6109
1788 9851
1788 12319
1788 16349
1788 20926
1792 2095
1792 2534
1792 9958
1792 11779
1792 12252
1792 20906
1794 6596
1794 10068
1794 15545
1794 18811
1794 20750
1804 17635
1804 20755
1812 2762
1812 4536
1812 6429
1812 12358
1812 15505
1812 16099
1819 5119
1819 11617
1819 12498
1819 20672
1819 20898
1824 2912
1831 3364
1831 5616
1831 11943
1831 13061
1831 14906
1831 15299
1831 16933
1831 18633
1831 18945
1831 19865
1831 20704
1831 20767
1831 20933
1832 19989
1832 20668
1836 16076
1845 16099
1854 3405
1854 8752
1864 5965
1875 9466
1875 14597
1877 3071
1877 9896
1877 11228
1877 18681
1877 20689
1877 20897
1879 4493
1879 11269
1879 18865
1879 20999
1882 14062
1882 20577
1894 2845
1904 2786
1904 4855
1904 6498
1904 16554
1917 2619
1917 2650
1917 3541
1917 3638
1917 3951
1917 4493
1917 4523
1917 4536
1917 5031
1917 5415
1917 5471
1917 5501
1917 6199
1917 6596
1917 7000
1917 7071
1917 8061
1917 10164
1917 10268
1917 11103
1917 12090
1917 13486
1917 13735
1917 14677
1917 15668
1917 16236
1917 17379
1917 18401
1917 18466
1917 18617
1917 18865
1917 19968
1917 20085
1917 20149
1917 20284
1917 20489
1917 20641
1917 20682
1917 20721
1917 20793
1917 20804
1917 20810
1917 20857
1917 20942
1917 20991
1917 21050
1922 4589
1922 5362
1922 6203
1922 15264
1922 15505
1922 19026
1922 20881
1928 16261
1971 3950
1971 12760
1971 17495
1972 13082
1972 18811
1972 20846
1977 2389
1990 3624
1990 4113
1990 4544
1990 7534
1990 15025
1990 21019
2015 6429
2015 7290
2019 3799
2019 5965
2019 8272
2019 15350
2019 17374
2019 19017
2019 19669
2019 20338
2019 20700
2019 20839
2019 20911
2019 21136
2027 3592
2027 5031
2027 5181
2027 8784
2027 13590
2027 15875
2027 17958
2027 18918
2027 19416
2027 20635
2027 20832
2027 20994
2027 21011
2027 21142
2057 2583
2057 17955
2057 19116
2062 3624
2062 16099
2062 19801
2062 21122
2081 2493
2081 16984
2089 10911
2095 2534
2095 3313
2095 3910
2095 3984
2095 4589
2095 5859
2095 5900
2095 10268
2095 12770
2095 13061
2095 13280
2095 14677
2095 15264
2095 16461
2095 16936
2095 17123
2095 19546
2095 19753
2095 19989
2095 20680
2095 20691
2095 21088
2102 12090
2102 12319
2102 20641
2102 20839
2109 20673
2111 5938
2118 4031
2118 4783
2118 19970
2118 20777
2118 20938
2122 19885
2128 13590
2156 4585
2156 20822
2158 5498
2158 8093
2158 15113
2158 16617
2158 16984
2158 21105
2166 13282
2169 6429
2169 10409
2169 21086
2191 8567
2191 15464
2204 2762
2204 3501
2204 5159
2204 12090
2204 12358
2204 12685
2204 13061
2204 15505
2223 2974
2223 3381
2223 3592
2223 3636
2223 4092
2223 7652
2223 9789
2223 10596
2223 11057
2223 13226
2223 15113
2223 15196
2223 15474
2223 15709
2223 16808
2223 17112
2223 18038
2223 18086
2223 19026
2223 19047
2223 19303
2223 19487
2223 19989
2223 20080
2223 20670
2223 20751
2223 20841
2223 20877
2223 20937
2223 21046
2223 21083
2243 17072
2254 11751
2256 2437
2256 4839
2256 13312
2256 16045
2256 19145
2256 19866
2256 20676
2256 20684
2256 21013
2256 21145
2272 20719
2284 16145
2286 5616
2286 11762
2286 19476
2292 15557
2292 20746
2292 21149
2295 20455
2313 15823
2319 20750
2322 20917
2324 3950
2324 5822
2324 13451
2324 15494
2324 16795
2324 16984
2324 20824
2324 20872
2326 10293
2333 3984
2333 20657
2333 20862
2364 2582
2364 4866
2364 6779
2389 4419
2389 10420
2389 12070
2389 12643
2389 17692
2389 19529
2389 19595
2389 20906
2389 20934
2389 20968
2395 17692
2406 6817
2406 8093
2406 17955
2406 19116
2412 21100
2424 18466
2424 21052
2428 12579
2437 4493
2437 9161
2437 11269
2437 12748
2437 15151
2437 15875
2437 20888
2437 20938
2437 20958
2460 2934
2460 6917
2460 11061
2460 14677
2460 20985
2488 20665
2488 20800
2488 21157
2489 20284
2489 20667
2489 21139
2527 2583
2529 3707
2529 5089
2529 5720
2529 11762
2529 12770
2529 14068
2529 16894
2529 20983
2529 21123
2537 20987
2541 16099
2582 2767
2582 4866
2582 6376
2582 9152
2582 13312
2582 19051
2583 2767
2583 3313
2583 3707
2583 4924
2583 5720
2583 6640
2583 9599
2583 9789
2583 13061
2583 14677
2583 15952
2583 17886
2583 19874
2583 21075
2583 21096
2598 14767
2599 13298
2599 15557
2599 19669
2603 19429
2611 4746
2617 20729
2627 14017
2627 18863
2628 21044
2650 3690
2650 5831
2650 11103
2650 11340
2650 15045
2650 15311
2650 15709
2650 16610
2650 20695
2650 20772
2650 20788
2669 3484
2669 4370
2669 19529
2692 11565
2692 19229
2692 20675
2692 20722
2694 17958
2705 6817
2705 6947
2705 10203
2729 10930
2729 20697
2730 6175
2731 16099
2739 3065
2739 3226
2739 5272
2739 16907
2756 3578
2756 3707
2756 5720
2756 10939
2756 15255
2756 15388
2756 17172
2756 20825
2762 3501
2762 3636
2762 4188
2762 5119
2762 5143
2762 5272
2762 5471
2762 5560
2762 5616
2762 5822
2762 6203
2762 6373
2762 6779
2762 6882
2762 8363
2762 10117
2762 10347
2762 11184
2762 11340
2762 12358
2762 12844
2762 13280
2762 14535
2762 14677
2762 14906
2762 14930
2762 15252
2762 15505
2762 15709
2762 16236
2762 16243
2762 16984
2762 17632
2762 17724
2762 18729
2762 18809
2762 19116
2762 19145
2762 19617
2762 19922
2762 19989
2762 20376
2762 20393
2762 20580
2762 20653
2762 20675
2762 20681
2762 20723
2762 20806
2762 20822
2762 20972
2762 21025
2762 21036
2762 21112
2762 21129
2762 21162
2767 2974
2767 3865
2767 6640
2767 6781
2767 7593
2767 8712
2767 9041
2767 9789
2767 11078
2767 11228
2767 11533
2767 11762
2767 13773
2767 14165
2767 15113
2767 15553
2767 17112
2767 17601
2767 17955
2767 18729
2767 20151
2767 20393
2767 20435
2767 20501
2767 20612
2767 20685
2767 20691
2767 20703
2767 20794
2767 20851
2767 20923
2767 20949
2767 20984
2767 20991
2767 21036
2767 21092
2767 21097
2767 21126
2775 21010
2786 5992
2786 6498
2786 10243
2786 16480
2786 17420
2786 18811
2786 19533
2786 20215
2786 20745
2786 20793
2786 20847
2786 20896
2787 4137
2787 9896
2787 18466
2795 20859
2816 13016
2816 15136
2816 16171
2820 20648
2839 4783
2839 7093
2839 17923
2839 20241
2845 9366
2845 10203
2864 14955
2884 18547
2888 15875
2912 20801
2919 20793
2930 19303
2930 20594
2934 15113
2934 21016
2961 20861
2974 15474
2974 21159
2990 17427
3001 16993
3004 5119
3004 5900
3024 4031
3024 20532
3024 20991
3030 8912
3030 13016
3030 21003
3056 14955
3056 21000
3065 13735
3065 18997
3069 7822
3072 3984
3081 20957
3093 8197
3100 18997
3107 6373
3107 11241
3107 12090
3107 12685
3107 15242
3107 18669
3107 20873
3107 20902
3123 10780
3158 17923
3158 18831
3158 20858
3160 14535
3166 10061
3166 16099
3166 20489
3168 4187
3177 5119
3177 15010
3195 15075
3226 3245
3226 5089
3226 5616
3226 6779
3226 9466
3226 10939
3239 4234
3239 8179
3239 12114
3239 12835
3245 8682
3245 13735
3245 14903
3254 4507
3254 18997
3254 20843
3256 15970
3313 3707
3313 5089
3313 5690
3313 5720
3313 6947
3313 7652
3313 8974
3313 9309
3313 10203
3313 10347
3313 12718
3313 13485
3313 14002
3313 15255
3313 16261
3313 18997
3313 19109
3313 20684
3313 20691
3313 20730
3313 20750
3313 20782
3313 20822
3313 20940
3313 21073
3313 21123
3313 21138
3329 6373
3329 18811
3331 13240
3364 8067
3364 11943
3364 13061
3364 14906
3380 3811
3380 4507
3380 5125
3380 5616
3380 13735
3381 11020
3381 14948
3381 17027
3381 18669
3381 19303
3388 17027
3397 17671
3397 20829
3405 4234
3405 4419
3405 7480
3405 9896
3405 10304
3405 10846
3405 11343
3405 12770
3405 15875
3405 15970
3405 16041
3405 16695
3405 16984
3405 19720
3405 20423
3405 20831
3405 20858
3405 20912
3405 20950
3405 21022
3405 21030
3405 21069
3405 21149
3412 15252
3415 16258
3415 18547
3422 15875
3456 9427
3484 5822
3484 7097
3484 7399
3484 9466
3484 12090
3484 15113
3484 16099
3484 17495
3484 17958
3484 19968
3484 20809
3484 20824
3484 20855
3484 21148
3487 10068
3487 15557
3487 19317
3501 4187
3501 4585
3501 19229
3501 19940
3505 9309
3505 14906
3515 3910
3515 17718
3541 7245
3541 7897
3545 11057
3545 20640
3578 4585
3592 4839
3592 7136
3592 8281
3592 9152
3592 15474
3592 15875
3592 16984
3611 5468
3611 12760
3613 19827
3614 21056
3616 6189
3624 3785
3624 9109
3624 16099
3624 17587
3624 17923
3636 11340
3636 11762
3636 16309
3636 18855
3636 20151
3636 20933
3636 21006
3638 4536
3638 10293
3639 10866
3648 16099
3648 20802
3648 21039
3676 20284
3676 20481
3690 9004
3692 15991
3693 14677
3707 5690
3707 5720
3707 7607
3707 9309
3707 10304
3707 12770
3707 13061
3707 13485
3707 15113
3707 15483
3707 16436
3707 19885
3707 19989
3707 20740
3707 20796
3707 20823
3707 20841
3707 20989
3707 21046
3707 21085
3707 21096
3707 21123
3723 14906
3727 7290
3727 9851
3727 11863
3727 13061
3727 15151
3727 16505
3727 17323
3727 17718
3744 12114
3785 8472
3785 9809
3791 6503
3799 5822
3799 6596
3799 12685
3799 13067
3799 15324
3799 20338
3799 20758
3811 8654
3811 14272
3813 20681
3816 16094
3854 5560
3854 10273
3865 4382
3865 6189
3865 8784
3865 15970
3882 4589
3882 17890
3893 6373
3893 11762
3893 13061
3893 13312
3893 17302
3893 20321
3910 5065
3910 5621
3910 5720
3910 6429
3910 6917
3910 6947
3910 8093
3910 9896
3910 10068
3910 11943
3910 13061
3910 14906
3910 15025
3910 15557
3910 16099
3910 16592
3910 16984
3910 17682
3910 17761
3910 18855
3910 20492
3910 21086
3921 20751
3950 9896
3950 21022
3951 20149
3952 16099
3960 5938
3967 20800
3979 4926
3979 16610
3979 20376
3984 4117
3984 4187
3984 4456
3984 4589
3984 6373
3984 9466
3984 9789
3984 11565
3984 11863
3984 14030
3984 14930
3984 15039
3984 15113
3984 16364
3984 18383
3984 19116
3984 20442
3984 20668
3984 20712
3984 20798
3984 20817
3984 20862
3984 20868
3984 21058
4000 4783
4000 15668
4001 19116
4011 16905
4031 16171
4031 16610
4031 18007
4031 18260
4031 19970
4031 20720
4031 20763
4031 20777
4031 20778
4031 20802
4043 17671
4059 11347
4059 11961
4092 4187
4092 5272
4092 5430
4092 5621
4092 6431
4092 7097
4092 8974
4092 10866
4092 14906
4092 15039
4092 16753
4092 17955
4092 19271
4092 20442
4092 20687
4092 20722
4092 20816
4092 20907
4092 20908
4092 21018
4113 5270
4113 10068
4113 10999
4113 13061
4113 15044
4113 15252
4113 19989
4113 20653
4113 20665
4113 20767
4113 20869
4113 21088
4116 7290
4116 9245
4117 9309
4117 11762
4117 19989
4117 20671
4117 20794
4117 20806
4117 20810
4126 4589
4135 6503
4135 11961
4135 16083
4135 20594
4135 21093
4135 21102
4138 5119
4140 5720
4140 20867
4159 8119
4159 11779
4159 13735
4171 4761
4171 21164
4187 5372
4187 6779
4187 8428
4187 10061
4187 11061
4187 14017
4187 15242
4187 15252
4187 15970
4187 20151
4187 20630
4187 20814
4187 20865
4187 20969
4187 21072
4187 21088
4187 21130
4188 20345
4193 15505
4216 5471
4216 5965
4216 9896
4216 12287
4231 11103
4234 7738
4234 10186
4234 15113
4234 16695
4234 20851
4234 20915
4234 21127
4248 6373
4283 16836
4283 18173
4332 20776
4339 5616
4339 18775
4339 18997
4366 20493
4370 20940
4380 20565
4382 15196
4382 16236
4382 17890
4382 18035
4382 19989
4382 20668
4382 20672
4382 20856
4382 20970
4382 21048
4390 10718
4397 4761
4397 10268
4397 20627
4419 4964
4419 6534
4419 12760
4419 17545
4419 17742
4419 18529
4419 18831
4419 19529
4419 20380
4419 20635
4422 4585
4452 12770
4456 20663
4465 17420
4488 5065
4489 9152
4493 6429
4493 10409
4493 20284
4507 5366
4507 9896
4507 11078
4507 11751
4507 12358
4507 13298
4507 15553
4507 17867
4507 18855
4507 19515
4507 20717
4507 21135
4507 21141
4523 13578
4523 17923
4523 19273
4523 20695
4536 4761
4536 5272
4536 5593
4536 6596
4536 6779
4536 7000
4536 11203
4536 14677
4536 15525
4536 15557
4536 18768
4536 19271
4536 19317
4536 20232
4536 20590
4536 20655
4536 20683
4546 18529
4546 20938
4546 21153
4562 11779
4562 16984
4577 18997
4585 5119
4585 5471
4585 9565
4585 18490
4589 5065
4589 5272
4589 5616
4589 5720
4589 6203
4589 6779
4589 10040
4589 10911
4589 11344
4589 13061
4589 14017
4589 14906
4589 15240
4589 15282
4589 15761
4589 17250
4589 17867
4589 17955
4589 19430
4589 19888
4589 20653
4589 20853
4589 20909
4632 18466
4653 17955
4727 19116
4731 19117
4746 15252
4749 6779
4771 18424
4771 20713
4771 20836
4771 20951
4783 5267
4783 5550
4783 9152
4783 10718
4783 15113
4783 15753
4783 16836
4783 16984
4783 19301
4783 20656
4783 20695
4783 20839
4783 20876
4783 20878
4783 20911
4783 20968
4783 21121
4839 6203
4839 9586
4839 9789
4839 14903
4839 17708
4839 18888
4839 20419
4839 20956
4839 21055
4855 8363
4855 18609
4855 19041
4855 19533
4855 19970
4855 20437
4860 5215
4860 14677
4866 14492
4866 19229
4866 19857
4866 21018
4879 6429
4908 15174
4908 21085
4924 6203
4924 6640
4924 7533
4924 13646
4924 16364
4924 16989
4924 17932
4924 19857
4924 20649
4924 20840
4924 20889
4924 20914
4924 20984
4924 21033
4924 21060
4924 21101
4924 21133
4926 6596
4926 10638
4926 15453
4926 15921
4926 16723
4926 17027
4926 17761
4926 20758
4926 20940
4930 16592
4964 8784
4964 20832
4971 20997
5007 11863
5009 19116
5009 20596
5012 17692
5012 20760
5012 20792
5012 20954
5012 21090
5018 13312
5018 21040
5021 17867
5031 11269
5031 20284
5065 5119
5065 6429
5065 6779
5065 8752
5065 9483
5065 12227
5065 13280
5065 14492
5065 14906
5065 15557
5065 16145
5065 16802
5065 16984
5065 17761
5065 17890
5065 20376
5065 20539
5065 20648
5065 20671
5065 20680
5065 20681
5065 20769
5065 20780
5065 20787
5065 20789
5065 20814
5065 20837
5065 21045
5083 15494
5084 8956
5084 20650
5089 5690
5089 5720
5089 6779
5089 6947
5089 9309
5089 10068
5089 12718
5089 13061
5089 14323
5089 16261
5089 16436
5089 19040
5089 20458
5089 20684
5089 20825
5089 21073
5094 8067
5100 6506
5100 20756
5119 5334
5119 5471
5119 5822
5119 8197
5119 9158
5119 9789
5119 9896
5119 10061
5119 10304
5119 11565
5119 12624
5119 13280
5119 13735
5119 14906
5119 15113
5119 16236
5119 16592
5119 16743
5119 17713
5119 18038
5119 18669
5119 18997
5119 19026
5119 19116
5119 19859
5119 19989
5119 20151
5119 20376
5119 20427
5119 20580
5119 20653
5119 20666
5119 20706
5119 20724
5119 20789
5119 20835
5119 20879
5119 20895
5119 20940
5119 20977
5119 20991
5119 21012
5119 21151
5125 15505
5129 11103
5143 12358
5143 19617
5144 7391
5159 6596
5159 10268
5159 20590
5173 20688
5181 15875
5193 7399
5193 15941
5193 19801
5193 20971
5215 16099
5265 6429
5265 15113
5265 20923
5267 12090
5267 20508
5267 20911
5270 11587
5270 20437
5270 21029
5272 5616
5272 6429
5272 6708
5272 6917
5272 8119
5272 10866
5272 11779
5272 12358
5272 13486
5272 13735
5272 14677
5272 15525
5272 15709
5272 16236
5272 17632
5272 18855
5272 20296
5272 20641
5272 20724
5272 20771
5272 20838
5272 20839
5272 20862
5272 21035
5272 21087
5272 21161
5305 13656
5305 17923
5329 18908
5329 20865
5362 5822
5362 6189
5362 8124
5362 11762
5362 12358
5362 15505
5362 19320
5362 19857
5362 19940
5362 20689
5362 20743
5362 20902
5362 20910
5362 20935
5366 7480
5366 9466
5366 11751
5366 15557
5366 15991
5366 20508
5366 20824
5366 20888
5373 15875
5373 19968
5386 20653
5415 13735
5415 20763
5430 14017
5455 6779
5455 9599
5455 13735
5455 15113
5468 8363
5468 9366
5468 9809
5468 17558
5468 18167
5468 18811
5468 20437
5468 20679
5468 20745
5468 20762
5468 20896
5468 21001
5468 21127
5471 13061
5471 14767
5471 18696
5471 20810
5479 10203
5479 15113
5487 8272
5550 5966
5550 7391
5550 7792
5550 12252
5550 15113
5550 15875
5550 19801
5550 19970
5550 20948
5560 14492
5560 15709
5560 20836
5560 20983
5593 6596
5593 18865
5593 19587
5593 20721
5616 5649
5616 5720
5616 6779
5616 8197
5616 9466
5616 10293
5616 11340
5616 12114
5616 12358
5616 15324
5616 15557
5616 15823
5616 15875
5616 16717
5616 17761
5616 18116
5616 18768
5616 18945
5616 19558
5616 20685
5616 20910
5616 20977
5652 9425
5658 5938
5658 18167
5658 19202
5658 19533
5658 20437
5658 21039
5690 6947
5690 9309
5690 15388
5690 16261
5692 10068
5697 20959
5706 10866
5706 12253
5706 19110
5706 20848
5720 6708
5720 6800
5720 7290
5720 7607
5720 8969
5720 9309
5720 9470
5720 9475
5720 10068
5720 10293
5720 10304
5720 13061
5720 14677
5720 15311
5720 15324
5720 16695
5720 16894
5720 16907
5720 17950
5720 18087
5720 18093
5720 18190
5720 18863
5720 20791
5720 20796
5720 20823
5720 20825
5720 20922
5720 21081
5720 21103
5720 21132
5720 21146
5720 21157
5757 20294
5822 7839
5822 9245
5822 9708
5822 10988
5822 13178
5822 13735
5822 17671
5822 17761
5822 20765
5831 6917
5831 9789
5831 18007
5831 19273
5857 9309
5859 7607
5859 19989
5859 20852
5891 18470
5899 17932
5900 6203
5912 8428
5912 19989
5912 20647
5926 20748
5938 5966
5938 6373
5938 6503
5938 7399
5938 16236
5938 17724
5938 17811
5938 19084
5938 20720
5938 20748
5938 21068
5946 17635
5965 20700
5966 10846
5966 16173
5966 19720
5966 20732
5966 20938
5992 16099
5992 16145
5992 20745
5993 18470
6102 10846
6108 20776
6175 6505
6175 20693
6189 6448
6189 9245
6189 11587
6189 13735
6189 16099
6189 18470
6189 18731
6189 20338
6199 6429
6199 15557
6203 6503
6203 7156
6203 9425
6203 11340
6203 12624
6203 13646
6203 13810
6203 14930
6203 15039
6203 15151
6203 15168
6203 15242
6203 15264
6203 15505
6203 15557
6203 15709
6203 15991
6203 16094
6203 17955
6203 19229
6203 20151
6203 20707
6203 20713
6203 20803
6203 20827
6203 20889
6203 20973
6203 20990
6203 20991
6203 21017
6203 21045
6203 21047
6203 21118
6203 21155
6225 20828
6250 15239
6280 13162
6292 8099
6306 12685
6332 7399
6342 20738
6362 18470
6373 7399
6373 9423
6373 10766
6373 11255
6373 11347
6373 11921
6373 12090
6373 13735
6373 14610
6373 15113
6373 15168
6373 15668
6373 16099
6373 16614
6373 18005
6373 18795
6373 18811
6373 19838
6373 20376
6373 20671
6373 20701
6373 20938
6373 20946
6373 20999
6373 21071
6429 6940
6429 7290
6429 7391
6429 9257
6429 10293
6429 11797
6429 12385
6429 14417
6429 15151
6429 15525
6429 15545
6429 15557
6429 15668
6429 15875
6429 16617
6429 18466
6429 18731
6429 18750
6429 18768
6429 18890
6429 19317
6429 20724
6429 20728
6429 20746
6429 20774
6429 20785
6429 20794
6429 20862
6429 20879
6429 20924
6429 21042
6429 21149
6431 6706
6448 8061
6448 10203
6448 11340
6448 12643
6448 15505
6448 16905
6448 18429
6448 20739
6448 20749
6453 6779
6498 8093
6498 8175
6498 8363
6498 9341
6498 20674
6498 20896
6503 11580
6503 15282
6503 16830
6503 19970
6503 20229
6503 21020
6503 21031
6505 15970
6594 8784
6594 11241
6596 8099
6596 10164
6596 11565
6596 11853
6596 12358
6596 14062
6596 15557
6596 15709
6596 15921
6596 15991
6596 17867
6596 18401
6596 19116
6596 20489
6596 20653
6596 20655
6596 20682
6596 20683
6596 20721
6596 20725
6596 20727
6596 20838
6596 20857
6596 20872
6596 21104
6619 11228
6619 11340
6619 11779
6619 15039
6619 15113
6619 18470
6619 20665
6619 20679
6619 20774
6629 9896
6629 19595
6629 21119
6640 18768
6640 20442
6640 21075
6706 20974
6708 21094
6768 12358
6779 9466
6779 13082
6779 13735
6779 14906
6779 16033
6779 16364
6779 17867
6779 18173
6779 18429
6779 19229
6779 19271
6779 20888
6779 21045
6779 21098
6779 21105
6781 7716
6781 12125
6781 13653
6781 13735
6781 15875
6800 21132
6810 10061
6817 16907
6842 11587
6867 9423
6867 11921
6867 12356
6867 15113
6867 18005
6867 19472
6867 20539
6867 20664
6867 20802
6867 20833
6867 20938
6908 7522
6917 9094
6917 9427
6917 12525
6917 15113
6917 15311
6917 16531
6917 20756
6917 21012
6939 9257
6940 7391
6942 15875
6945 7399
6945 10203
6945 12125
6945 13590
6945 16364
6945 19719
6947 15388
6947 16096
6947 16261
6947 21046
6982 16099
6991 12579
7000 7071
7000 15113
7000 19439
7000 20655
7000 20804
7000 20888
7000 20999
7000 21050
7004 20901
7015 20741
7071 9896
7071 15041
7071 15875
7071 20284
7093 20747
7097 7792
7097 7822
7097 11751
7097 14937
7097 15783
7097 19422
7097 20284
7097 20950
7128 10164
7136 15875
7208 16099
7230 11340
7230 20760
7290 7944
7290 8682
7290 10061
7290 10068
7290 12358
7290 14677
7290 15557
7290 18811
7290 19989
7290 20836
7290 21034
7290 21120
7290 21149
7327 15113
7335 15113
7335 17120
7336 9896
7391 9152
7391 11961
7391 20179
7391 20724
7391 20774
7391 20963
7391 20975
7397 14272
7399 8061
7399 9958
7399 11340
7399 11779
7399 13735
7399 16984
7399 19301
7399 19970
7399 21153
7433 16298
7464 21027
7516 19989
7534 10061
7589 20641
7593 11778
7607 14906
7616 20853
7658 10966
7674 14767
7674 19989
7674 20653
7674 20972
7681 8784
7690 14948
7690 15636
7738 12525
7738 16695
7749 16601
7792 17923
7792 20750
7792 20947
7822 10939
7822 12070
7822 20657
7822 20950
7839 12624
7855 18470
7855 20508
7944 20641
7985 20711
7991 21000
8061 11580
8061 19116
8061 20793
8067 9245
8067 11797
8067 14906
8067 15709
8067 18945
8067 20220
8067 20862
8071 12253
8093 10068
8093 12525
8093 15113
8093 17718
8093 19597
8093 19989
8093 20883
8093 20905
8097 18070
8097 20748
8099 20916
8119 8824
8119 17814
8119 18082
8119 20781
8124 11762
8159 17322
8175 20674
8179 20591
8179 21047
8197 9466
8197 11340
8197 11912
8197 12356
8197 14165
8197 15113
8197 15252
8197 16753
8197 16795
8197 18681
8197 20770
8197 20988
8197 20994
8208 16096
8281 10592
8281 11418
8281 12306
8281 17072
8281 19303
8281 20875
8298 10186
8298 15039
8298 17724
8298 20376
8298 20983
8363 13016
8363 14937
8363 17923
8363 20437
8409 15255
8433 9245
8433 15505
8453 21012
8472 20138
8484 17027
8484 19320
8494 16971
8494 18811
8494 20658
8501 20811
8529 15299
8567 11779
8567 11912
8567 16984
8596 17761
8601 18856
8613 17692
8671 13061
8671 20726
8682 15184
8682 16099
8688 11587
8688 21051
8703 11344
8712 10273
8712 13735
8712 13810
8712 19989
8712 21098
8752 12643
8752 19529
8784 17635
8784 18617
8784 19968
8824 20442
8887 17477
8912 10117
8918 18470
8969 16349
8974 11565
8974 18470
8974 19116
8974 20686
8974 21086
8979 12136
9004 16218
9010 9985
9122 20349
9147 10068
9152 16364
9152 16658
9152 18007
9152 18154
9152 20376
9152 20435
9152 20501
9152 20815
9152 20860
9158 16099
9161 20897
9168 21057
9185 13061
9241 21160
9245 11078
9245 11912
9245 17027
9245 20681
9245 20817
9257 15557
9257 20857
9299 20956
9309 12718
9309 12770
9309 20714
9322 9444
9323 15557
9359 19275
9423 19116
9425 10068
9425 13097
9425 13272
9425 16967
9425 17713
9425 19874
9425 20735
9425 20863
9425 20866
9425 21057
9427 16349
9444 16099
9466 9804
9466 10268
9466 11751
9466 14597
9466 18274
9466 18424
9466 20151
9466 20220
9466 20831
9466 21045
9466 21105
9472 16936
9472 19495
9472 20841
9475 20665
9483 11335
9536 16145
9536 20838
9559 14597
9562 20442
9565 11241
9565 20824
9573 13722
9573 19801
9573 21121
9586 14948
9586 19546
9596 19989
9722 13298
9789 12624
9789 19109
9789 20229
9789 20442
9789 20685
9789 20747
9789 20780
9789 20781
9809 13082
9809 19550
9836 11580
9836 11751
9851 14657
9865 20872
9888 10999
9888 11762
9888 20743
9896 10068
9896 12685
9896 15875
9896 17495
9896 18588
9896 18681
9896 19885
9896 20750
9896 20831
9896 20940
9903 20799
9958 10760
9958 18005
9958 18725
9958 20376
9958 20938
9967 19116
9985 20572
9994 10846
9994 12760
10018 16243
10018 18750
10018 20374
10018 20836
10027 19994
10040 16770
10061 10277
10061 13366
10061 15553
10068 13061
10068 14197
10068 15113
10068 15311
10068 16753
10068 19317
10068 20750
10068 20767
10068 21026
10068 21049
10094 10846
10094 21010
10117 19873
10117 19922
10117 20813
10164 19745
10164 20627
10164 20945
10186 16984
10195 16099
10203 11269
10203 11751
10203 15875
10203 16984
10216 20981
10258 20723
10261 15299
10268 10725
10268 12358
10268 14165
10268 18681
10268 20848
10268 21046
10269 16770
10273 20467
10273 20653
10273 20739
10293 15367
10293 16907
10293 18681
10293 20594
10293 20785
10293 21004
10304 18470
10321 19109
10347 15372
10347 16099
10347 20845
10347 20976
10347 21016
10347 21024
10366 20606
10409 11751
10409 15557
10409 18681
10409 20975
10409 21042
10420 12070
10420 15875
10420 17420
10456 19116
10558 15875
10558 17545
10558 20635
10558 20794
10592 16798
10592 20761
10596 17955
10636 20866
10718 15875
10718 20284
10760 11779
10766 20938
10789 13735
10789 16695
10789 19720
10789 20921
10789 20983
10818 11228
10818 17420
10818 20770
10818 21022
10846 13910
10846 15729
10846 15875
10846 20938
10846 20995
10846 21027
10866 12253
10866 13061
10911 12253
10911 13061
10930 18466
10939 14002
10939 16592
10939 20740
10939 20996
10952 15240
10966 21122
11017 19101
11048 15113
11048 20229
11061 20783
11078 11565
11078 13061
11078 15252
11078 15309
11078 15505
11080 20696
11080 20879
11103 16801
11103 19681
11103 20653
11163 15372
11184 11565
11184 18501
11184 20839
11184 20869
11184 20965
11184 20969
11214 11548
11228 12372
11228 13061
11228 17587
11228 19874
11241 19422
11241 19892
11241 20938
11255 20539
11269 12760
11269 13444
11269 15875
11269 16601
11269 20539
11269 20793
11269 20804
11269 20932
11269 21015
11335 11580
11335 20980
11339 15372
11340 12253
11340 13061
11340 13280
11340 13990
11340 15753
11340 19026
11340 19989
11340 20653
11340 20687
11340 20747
11340 20806
11340 20851
11340 20876
11340 20889
11340 20977
11340 21025
11344 16743
11344 19064
11344 20440
11418 17955
11529 13735
11565 16984
11565 20577
11565 20706
11580 13312
11580 13735
11580 16642
11580 19951
11587 14906
11587 17587
11644 11751
11683 20872
11751 15557
11751 15921
11751 16049
11751 16076
11751 17495
11751 17891
11751 18429
11751 20702
11762 20977
11779 15113
11779 15252
11779 20938
11779 20959
11779 21101
11779 21133
11786 18831
11797 20220
11803 12341
11808 20492
11816 20943
11863 13990
11863 17814
11863 20594
11912 15151
11912 19817
11921 13280
11921 15753
11943 12253
11943 14906
11943 16984
11943 17477
11943 20413
11962 13533
11993 14240
12070 13707
12070 15041
12070 17120
12070 17692
12070 19994
12070 20958
12070 20967
12070 20968
12090 15503
12090 21094
12114 14906
12114 15553
12114 15593
12136 20655
12182 13325
12182 16984
12227 15875
12233 17145
12252 16695
12252 20501
12252 20938
12253 16592
12253 18470
12253 19515
12253 20822
12253 20831
12253 21034
12253 21104
12253 21140
12319 20654
12342 18681
12342 20938
12356 16984
12358 13773
12358 14492
12358 15557
12358 15823
12358 16179
12358 17671
12358 20785
12358 20831
12358 20879
12358 20880
12358 20911
12358 20914
12358 20983
12358 20990
12358 21010
12358 21046
12358 21070
12358 21130
12385 21117
12396 20653
12421 16236
12460 16258
12482 18617
12525 19720
12624 17955
12643 15875
12643 17545
12643 18617
12643 19208
12672 20856
12698 15067
12713 20705
12718 15151
12722 20842
12748 14461
12748 15137
12760 12882
12760 20284
12770 16461
12770 16814
12770 16907
12770 18190
12770 18581
12807 18617
12835 20979
12885 21128
13016 16610
13016 19970
13017 19026
13032 13061
13032 19116
13032 20931
13061 13280
13061 13566
13061 14677
13061 14906
13061 15113
13061 15151
13061 16774
13061 17027
13061 17632
13061 17718
13061 17891
13061 17955
13061 18755
13061 19116
13061 19320
13061 19515
13061 20113
13061 20684
13061 20696
13061 20717
13061 20750
13061 20753
13061 20778
13061 20806
13061 21093
13061 21131
13061 21162
13067 20747
13082 20376
13088 20435
13097 20886
13210 19116
13240 15121
13240 16554
13272 17955
13276 15875
13276 16984
13276 17545
13276 18070
13276 19197
13280 14062
13280 14906
13280 15753
13280 17432
13280 17724
13280 20723
13280 20869
13298 14017
13312 15113
13312 16297
13312 17955
13312 19145
13312 20151
13312 21098
13325 13361
13341 21074
13361 19719
13444 16984
13485 21097
13489 15505
13533 20734
13566 14677
13566 19753
13578 20138
13590 17635
13653 21149
13707 18918
13735 14062
13735 16617
13735 18681
13735 19229
13735 19439
13735 19989
13735 20706
13735 20940
13773 20393
13865 19313
13910 19116
13955 21009
13981 18466
13990 19116
14017 17890
14017 18888
14017 20393
14017 20717
14017 20852
14017 20861
14017 20972
14017 21002
14017 21088
14030 14903
14036 15875
14040 20903
14165 20220
14165 20284
14165 20919
14408 20894
14492 14903
14492 17027
14677 14906
14677 19753
14709 18617
14767 19989
14870 20718
14903 17772
14903 20722
14903 20754
14906 15299
14906 15553
14906 17891
14906 19229
14906 19515
14906 21045
14906 21074
14906 21104
14930 19857
14930 20678
14948 15636
14948 19026
14948 19303
14948 20744
14948 20751
14988 18496
14988 20138
15016 20872
15025 15151
15025 15970
15039 15041
15039 16984
15039 17955
15039 20462
15041 15875
15041 21118
15044 20819
15108 17302
15108 17713
15108 20689
15113 16984
15113 19211
15113 19874
15113 20442
15113 20721
15113 20736
15124 20962
15143 20854
15151 15299
15151 16984
15151 18865
15151 20996
15168 18795
15168 19116
15168 20955
15168 21101
15184 19970
15252 17661
15252 18007
15252 18887
15252 19026
15252 19989
15252 20454
15252 20716
15252 20764
15252 20814
15252 20822
15252 20891
15252 20893
15252 20941
15278 15875
15282 15503
15282 21082
15428 16905
15448 19116
15448 20442
15453 16984
15468 21144
15472 20965
15474 17302
15474 17890
15474 20151
15474 20779
15494 18470
15505 19857
15505 20653
15545 20798
15553 20758
15557 17761
15557 17890
15557 18466
15557 18768
15557 18811
15557 18855
15557 20220
15557 20284
15557 20772
15557 20795
15557 21034
15557 21068
15593 17958
15593 21045
15709 17027
15709 20681
15709 20861
15823 16717
15823 19989
15823 20922
15832 18082
15875 16099
15875 16639
15875 17495
15875 17692
15875 18681
15875 18920
15875 19197
15875 19211
15875 19273
15875 19614
15875 19968
15875 20085
15875 20284
15875 20376
15875 20380
15875 20508
15875 20641
15875 20682
15875 20768
15875 20784
15875 20912
15875 20932
15875 20968
15875 20995
15875 21041
15875 21044
15875 21076
15875 21161
15970 16099
15982 20578
16001 16099
16033 19495
16057 21062
16076 20792
16083 16984
16099 16436
16099 20138
16099 20694
16099 20767
16099 20887
16099 20921
16099 20951
16099 20999
16099 21045
16099 21054
16099 21130
16144 19258
16171 19533
16206 20692
16217 20766
16236 20874
16243 16770
16243 20374
16290 16984
16298 18082
16298 19109
16298 20345
16298 20708
16322 17692
16349 20115
16349 20454
16349 20652
16349 20794
16349 20926
16364 19116
16364 21057
16364 21077
16410 20762
16414 20881
16461 19252
16471 17708
16484 20852
16525 18811
16526 21125
16540 20863
16554 17923
16592 16984
16592 17632
16592 20836
16592 21097
16596 19129
16601 20797
16610 16992
16610 19970
16610 20484
16610 20762
16610 20763
16629 20577
16639 20338
16642 20989
16665 16802
16665 19317
16665 20924
16717 18274
16723 17761
16724 19487
16724 20986
16724 21007
16770 17890
16830 20662
16830 21031
16836 17710
16836 20229
16836 20766
16836 20866
16888 17427
16904 20376
16904 20612
16904 20881
16907 16984
16907 20653
16907 20982
16907 21064
16933 20462
16933 20742
16936 20940
16971 18681
16984 16992
16984 17545
16984 17950
16984 18005
16984 18681
16984 18809
16984 18811
16984 19109
16984 19197
16984 19595
16984 19817
16984 19970
16984 20376
16984 20427
16984 20455
16984 20662
16984 20691
16984 20713
16984 20748
16984 20752
16984 20768
16984 20769
16984 20770
16984 20780
16984 20783
16984 20794
16984 20803
16984 20822
16984 20831
16984 20860
16984 20891
16984 20932
16984 20992
16984 20993
16984 21028
16984 21054
16984 21080
16984 21091
16984 21095
16984 21102
16984 21149
16984 21152
16984 21162
17027 17955
17027 19116
17072 17955
17172 21014
17196 21113
17302 20151
17302 20750
17302 21070
17322 20345
17322 20442
17420 18811
17420 20912
17420 20947
17420 20988
17432 19546
17432 20718
17502 20876
17535 20926
17545 19197
17545 20635
17545 21119
17558 20658
17587 21134
17635 20755
17671 20831
17685 20200
17713 19116
17728 20750
17761 20791
17761 20975
17761 21136
17867 21045
17890 20733
17923 20349
17923 20376
17923 20660
17955 18821
17955 19026
17955 20359
17955 20501
17955 20659
17955 20747
17955 20751
17955 20789
17955 20826
17955 20845
17955 20882
17955 21111
17968 20501
18038 20427
18038 20542
18038 20685
18038 21124
18093 20790
18109 20661
18126 21137
18190 19040
18190 20740
18190 20867
18190 21070
18260 19970
18260 20695
18383 20256
18383 20706
18383 20871
18383 20949
18429 19515
18429 21104
18466 19970
18466 20338
18466 20419
18466 20598
18466 20824
18466 20832
18466 20951
18466 20972
18466 20975
18466 21003
18466 21028
18466 21049
18466 21054
18470 18768
18470 20743
18470 20872
18496 20138
18516 19596
18516 20284
18617 18681
18617 20750
18695 21032
18731 20492
18731 20864
18795 20435
18811 20565
18831 19962
18831 20284
18855 20761
18887 19258
18887 20972
18997 20794
19026 21079
19114 20991
19116 20345
19116 20435
19116 20648
19116 20685
19116 20717
19116 20773
19116 20778
19116 20789
19116 20794
19116 20806
19116 20834
19116 20842
19116 20844
19116 20883
19116 20895
19116 20902
19116 20904
19116 20940
19116 20998
19116 21006
19116 21065
19116 21088
19116 21089
19116 21138
19116 21155
19116 21159
19116 21162
19197 21076
19211 21093
19301 20229
19320 19377
19320 20721
19380 21062
19422 19989
19422 20508
19422 20667
19429 19989
19439 20668
19445 19669
19476 20872
19487 19495
19587 21139
19664 20284
19670 20734
19719 20475
19720 20334
19753 19989
19801 21122
19829 21092
19852 20442
19878 21125
19885 20284
19945 19970
19952 20430
19968 20284
20080 20229
20138 21038
20220 20492
20220 20731
20220 20859
20229 21154
20241 20484
20284 20492
20284 20508
20284 20667
20284 20746
20284 20792
20284 20798
20284 20872
20284 20900
20284 20902
20358 20925
20376 20565
20383 20891
20413 21078
20442 20702
20442 20708
20442 20766
20442 20930
20442 21033
20492 20817
20492 20864
20492 21156
20508 20872
20508 21094
20531 20943
20584 20676
20594 20805
20604 20610
20630 20870
20653 20669
20653 20677
20671 20710
20692 20946
20724 20734
20755 20759
20780 20830
20786 20788
20824 20872
20863 20884
20869 20873
20885 20886
20937 20941
20938 21043
20977 21010
21005 21008
21027 21030
21030 21095
21038 21054
21051 21063
21066 21067
21097 21099
21106 21107
21108 21109
21108 21110
21143 21147
