0 1633
0 2787
0 16076
2 837
2 14688
2 16246
3 21209
7 76
7 5550
8 15709
12 19587
14 108
14 1604
14 4187
14 8197
14 18105
14 21442
14 21482
16 21710
20 4117
20 11344
20 14906
25 2284
25 3692
25 18610
26 42
26 153
26 162
26 338
26 839
26 1009
26 2582
26 2919
26 5144
26 14158
26 17896
26 21315
26 21432
26 21769
28 73
28 76
28 852
28 917
28 1185
28 1200
28 1206
28 1255
28 1364
28 1390
28 1604
28 1612
28 1990
28 2307
28 2650
28 2868
28 2943
28 3648
28 3910
28 5270
28 5430
28 7738
28 8197
28 8298
28 8688
28 10068
28 10293
28 11851
28 13061
28 15168
28 15388
28 17853
28 17958
28 19301
28 20130
28 20862
28 20968
28 21194
28 21232
28 21297
28 21676
29 48
29 76
29 88
29 2650
29 4783
29 5981
29 7399
29 8197
29 11214
30 3158
30 15994
33 2158
34 138
36 6429
37 4058
42 76
42 258
42 499
42 546
42 1058
42 1144
42 1256
42 1604
42 1636
42 1792
42 2284
42 2582
42 3638
42 4116
42 4507
42 4917
42 5065
42 5237
42 5455
42 5493
42 6373
42 7006
42 7071
42 7391
42 8197
42 14158
42 15039
42 16904
42 17692
42 17867
42 17891
42 18847
42 20380
42 21292
42 21440
42 21456
42 21542
42 21768
43 1255
43 1369
43 16639
43 21206
46 662
46 1255
46 1365
46 4187
46 6171
46 7443
46 9896
46 18809
46 20912
48 138
48 1990
48 3707
48 8363
48 9366
48 16099
48 18154
56 4589
70 621
70 16937
70 21457
73 76
73 97
73 138
73 1200
73 2437
73 2845
73 3405
73 5935
73 7364
73 8688
73 9425
73 10068
73 11912
73 13061
73 15012
73 15875
73 20058
73 21339
74 3123
74 5141
74 5270
74 8363
74 20591
75 577
76 108
76 158
76 221
76 284
76 509
76 510
76 548
76 577
76 762
76 881
76 897
76 968
76 1200
76 1206
76 1255
76 1256
76 1612
76 1792
76 1917
76 2062
76 2111
76 2149
76 2156
76 2256
76 2650
76 2762
76 2816
76 3030
76 3676
76 3693
76 4679
76 5270
76 6429
76 6779
76 7290
76 8131
76 8298
76 8363
76 8688
76 8901
76 9257
76 9407
76 10409
76 11066
76 12245
76 12435
76 13533
76 15039
76 15168
76 16813
76 17761
76 17860
76 17867
76 17958
76 18681
76 18865
76 19859
76 20442
76 20926
76 20938
76 21134
76 21144
76 21217
76 21232
76 21361
76 21384
76 21417
76 21449
76 21462
76 21474
76 21508
76 21547
76 21566
76 21609
77 21644
80 2158
83 1633
83 4031
83 5550
83 6189
83 7186
83 8494
83 13686
83 13735
83 15039
83 16813
83 18847
83 18997
83 19970
83 20388
83 20972
83 21221
84 1709
84 2333
84 2868
84 14158
84 18687
87 153
87 565
87 8197
88 158
88 762
88 1255
88 1481
88 1742
88 2786
88 3024
88 5658
88 9152
88 9924
88 19041
88 20437
88 21382
88 21462
95 1002
95 12644
95 20927
96 897
96 3785
97 897
97 1255
97 2062
97 2118
97 3123
97 13578
97 19763
97 20437
97 20988
97 21753
100 17969
103 14677
108 762
108 1144
108 2786
108 17420
108 19945
110 2324
110 2472
110 3049
110 3484
110 3935
110 5065
110 5432
110 6277
110 8197
110 11066
110 13361
110 15041
110 15783
110 16601
110 17397
110 17635
110 18617
110 18831
110 19627
110 20388
110 20508
110 20576
110 20862
110 20938
110 21177
110 21268
110 21342
110 21464
110 21527
110 21569
110 21584
110 21648
110 21764
117 280
117 16632
117 21622
122 6789
122 12923
123 17427
124 10061
128 2582
128 10068
133 4135
133 20762
133 21206
133 21382
134 1369
134 14017
134 15921
135 12008
138 140
138 436
138 572
138 659
138 1255
138 1413
138 1604
138 1636
138 1845
138 1990
138 2062
138 2582
138 2739
138 2762
138 2783
138 2868
138 3749
138 3836
138 3910
138 3975
138 4188
138 4949
138 5119
138 5237
138 5362
138 5720
138 6189
138 7335
138 8411
138 8494
138 8712
138 10068
138 11352
138 11587
138 12358
138 12421
138 12434
138 12770
138 13061
138 13157
138 13990
138 14062
138 14677
138 15168
138 15388
138 15709
138 16099
138 16184
138 16436
138 16712
138 17728
138 17891
138 18681
138 19157
138 19269
138 19379
138 20058
138 20151
138 20388
138 21138
138 21173
138 21195
138 21231
138 21232
138 21291
138 21373
138 21376
138 21382
138 21398
138 21400
138 21413
138 21419
138 21440
138 21452
138 21466
138 21484
138 21493
138 21506
138 21554
138 21556
138 21594
138 21604
138 21609
138 21610
138 21650
138 21676
140 7097
151 5581
151 7398
151 16327
151 17640
151 20393
151 21497
153 340
153 1060
153 1242
153 2627
153 2783
153 3226
153 3910
153 4589
153 5362
153 5366
153 6203
153 6618
153 10258
153 10641
153 12770
153 14017
153 17937
153 20130
153 20927
153 20994
153 21257
153 21299
153 21398
153 21404
153 21470
153 21555
153 21563
154 17891
158 196
158 434
158 1255
158 1687
158 1990
158 2762
158 2930
158 3456
158 3856
158 4382
158 4585
158 4589
158 5215
158 6332
158 6917
158 7290
158 8712
158 9147
158 9789
158 9851
158 9888
158 9897
158 9924
158 10268
158 11048
158 11214
158 11228
158 11779
158 12421
158 14303
158 14677
158 14767
158 14879
158 15039
158 15168
158 15973
158 16731
158 17172
158 17268
158 18643
158 19189
158 20994
158 21144
158 21187
158 21216
158 21271
158 21330
158 21394
158 21406
158 21437
158 21493
158 21538
158 21556
158 21563
158 21602
158 21607
158 21625
158 21688
158 21693
158 21724
158 21725
158 21730
162 762
162 7398
162 8099
162 10293
162 18355
162 21613
162 21717
172 2324
172 2472
172 8197
172 17437
172 20862
172 21599
174 837
174 9153
174 17302
174 19809
174 21358
178 3484
178 8197
184 3749
184 13061
184 20430
186 1200
186 12125
196 455
196 1058
196 1144
196 1278
196 2223
196 2762
196 3405
196 4924
196 5471
196 7399
196 7749
196 10846
196 14042
196 15168
196 15474
196 16988
196 19189
196 19251
196 20407
196 20750
196 20938
196 21058
196 21150
196 21242
196 21537
196 21639
201 2582
201 7792
201 10268
201 17728
204 5362
206 3049
213 781
214 218
214 2868
214 14610
218 258
218 5493
218 5816
218 10641
218 12358
218 19116
218 19983
218 20910
218 21330
218 21357
221 1214
226 1742
226 17135
226 19533
226 20988
226 21204
236 7097
253 2256
253 2979
253 6867
253 7749
253 11228
253 11961
253 14062
258 1255
258 4589
258 5065
258 5125
258 5362
258 5493
258 7281
258 9152
258 10641
258 12358
258 12770
258 15505
258 16770
258 17891
258 17955
258 18038
258 18473
258 20101
258 21183
259 6852
267 1256
267 3313
267 5720
267 6817
267 20968
280 839
280 1604
280 2529
280 3692
280 4866
280 5089
280 14677
280 16153
280 16770
280 21622
284 5270
290 21652
298 4589
298 10869
298 11164
298 15067
298 19026
300 2582
302 21248
304 5065
312 19753
315 610
315 1390
315 2111
315 4234
315 6429
315 9152
315 21382
318 2062
318 2118
318 3648
318 4783
318 13578
318 20988
318 21382
318 21502
338 7006
338 21527
340 4117
340 5362
340 14906
345 881
348 2583
351 16032
354 6624
354 18466
354 18687
370 3177
370 6373
370 7399
370 7749
370 8131
370 8914
370 11961
370 13590
370 16664
370 20376
370 20938
370 20959
370 21558
374 1255
382 21440
383 1604
383 1831
383 2095
383 2582
383 4092
383 5065
383 5128
383 8963
383 9168
383 14158
383 17949
385 3749
386 21188
393 616
397 1365
401 21344
403 21700
407 1636
407 5471
410 2582
410 21203
410 21531
412 881
412 5065
412 5256
412 5258
412 5272
412 5363
412 6199
412 7186
412 8484
412 9245
412 9653
412 10186
412 11103
412 13555
412 14677
412 15962
412 17172
412 18122
412 19026
412 19189
412 20925
412 21211
412 21330
412 21606
412 21750
412 21751
413 852
413 6947
413 10068
418 4419
423 2868
423 20321
424 12760
432 1880
432 6623
432 10461
433 1788
434 762
434 2529
434 10273
444 21532
446 1636
446 7873
455 19847
461 839
461 1106
461 3799
461 8124
461 16770
461 21229
461 21328
467 1369
467 5159
467 6801
467 9245
467 15525
467 21338
477 19911
490 3501
490 9147
499 839
499 2786
499 16554
502 5065
502 21575
503 14354
503 15168
507 2762
507 21421
508 12435
508 20494
508 21656
509 881
509 5550
510 21382
510 21440
511 539
519 2762
519 3313
519 5089
519 5720
519 21310
528 641
528 5616
528 15039
528 15549
528 20430
531 2762
531 15472
531 21440
532 2762
532 5272
532 21432
536 1361
536 2158
536 2361
536 4507
536 14906
539 2582
546 1012
546 1144
546 2582
546 4187
546 6460
546 10641
546 12770
546 17891
546 20228
546 21230
548 4589
548 14906
548 15505
548 17761
550 1872
556 17871
570 2062
570 21578
571 15709
572 573
572 2437
572 3799
572 6867
572 7397
572 7792
572 8712
572 16099
572 21553
573 1017
573 1057
573 1106
573 1333
573 2437
573 2762
573 4822
573 9896
573 21633
577 762
577 2156
577 2543
577 3727
577 5065
577 6781
577 8608
577 11248
577 11343
577 13686
577 15557
577 16988
577 18564
577 19950
577 20305
577 20344
577 21612
577 21621
602 14948
602 21227
608 1612
608 2839
608 4031
610 879
610 5065
610 5581
610 6373
610 11580
610 14955
610 19189
610 20393
610 20676
610 21273
610 21286
610 21643
611 21322
613 1255
613 1370
613 2256
613 2762
613 4949
613 5065
613 5119
613 6199
613 9245
613 10186
613 10724
613 11751
613 15039
613 21220
613 21425
613 21445
613 21567
613 21575
613 21689
613 21728
613 21747
617 21293
618 712
618 5065
618 6429
618 7097
618 7290
618 8608
618 10941
618 12125
618 15557
618 16099
618 18319
618 19720
618 21221
618 21279
618 21414
618 21422
618 21554
618 21698
621 1232
621 2885
621 3727
621 5089
621 9586
621 11591
621 12074
621 12245
621 12620
621 16327
621 16525
621 16937
621 17172
621 18021
621 18564
621 19026
621 19970
621 21173
621 21305
621 21326
621 21327
621 21398
621 21439
621 21486
621 21502
621 21565
621 21581
621 21656
621 21677
634 2048
634 20927
641 1057
641 3639
641 3910
641 4536
641 5272
641 11545
641 12358
641 15039
641 19600
641 20938
647 21704
659 2762
659 3072
659 4126
659 11214
659 14903
659 16933
659 17682
659 17874
659 18745
659 20446
659 21405
660 852
660 2488
660 5720
660 12770
673 21676
678 4855
682 14062
686 2756
686 5065
686 6962
686 15823
686 16592
691 1365
691 1636
691 1831
691 4783
691 5616
691 20442
712 2284
712 2762
712 4135
712 5065
712 5581
712 6071
712 6429
712 6503
712 9168
712 11340
712 15163
712 16373
712 16937
712 18564
712 19189
712 21453
712 21486
712 21602
712 21687
729 852
729 3030
729 3177
729 3405
729 17873
729 21440
736 3422
736 10006
736 10068
736 12298
736 13061
736 16665
736 21174
746 16099
753 1422
762 1255
762 1413
762 1990
762 2062
762 2256
762 4117
762 5215
762 5478
762 6373
762 7852
762 8688
762 10219
762 11048
762 11340
762 15994
762 20938
762 21387
762 21417
762 21445
762 21462
762 21587
762 21652
762 21698
773 2111
773 13240
773 21382
773 21486
781 11048
781 17354
794 886
803 1813
803 4839
803 5018
803 9789
803 11013
803 21247
803 21597
810 7792
821 839
821 21638
823 3910
823 9896
823 13061
823 17635
823 18847
837 4144
837 5471
837 6199
837 10641
837 10724
837 18023
837 21198
837 21199
837 21220
837 21406
837 21498
837 21580
839 1232
839 1786
839 1879
839 2437
839 8061
839 9742
839 12643
839 14709
839 14937
839 15113
839 15302
839 15675
839 17545
839 17958
839 19627
839 19859
839 20912
839 20938
839 21218
839 21297
839 21440
839 21538
852 1115
852 1206
852 1390
852 1392
852 2057
852 2223
852 2762
852 3023
852 3313
852 3707
852 3910
852 4390
852 4930
852 5089
852 5362
852 5430
852 5616
852 5720
852 6817
852 6947
852 8093
852 8688
852 9309
852 10068
852 11851
852 12770
852 12876
852 14002
852 14158
852 14677
852 15706
852 15709
852 16436
852 16592
852 16615
852 16770
852 17629
852 17718
852 18199
852 18797
852 20229
852 20442
852 20938
852 20972
852 21085
852 21221
852 21247
852 21296
852 21304
852 21369
852 21459
852 21512
852 21642
857 17420
857 21527
866 1115
879 7399
879 18948
881 1763
881 2095
881 2582
881 2583
881 2762
881 3910
881 4727
881 4949
881 5065
881 5125
881 5272
881 5615
881 6503
881 6728
881 8484
881 14677
881 15039
881 15549
881 15823
881 16770
881 20151
881 21333
881 21334
881 21516
881 21523
881 21541
881 21657
881 21738
886 1144
886 1657
891 1369
891 5159
891 21524
897 1271
897 2191
897 2762
897 3123
897 4783
897 5141
897 5658
897 6503
897 7335
897 7646
897 8363
897 11340
897 13533
897 14767
897 18831
897 20988
897 21326
898 11203
898 18470
903 15299
904 1390
904 7186
904 11340
904 21270
907 11214
907 21642
917 2223
917 6203
917 9152
917 14903
917 17955
919 2582
948 17692
950 4382
950 13061
952 2428
963 19294
968 1012
968 1990
968 2437
968 2771
968 2786
968 3624
968 4135
968 15875
968 18470
968 20227
971 9147
1002 1097
1002 2582
1002 4727
1002 6189
1002 18888
1002 20403
1002 21568
1002 21601
1006 2122
1006 3093
1006 3171
1006 4117
1006 8197
1006 17753
1006 19627
1006 20935
1006 21653
1007 1106
1012 1390
1012 2762
1012 2783
1012 5089
1012 6041
1012 8712
1012 17172
1012 19157
1012 21244
1012 21316
1012 21413
1013 6867
1028 2582
1028 2783
1028 12686
1028 20972
1028 21358
1036 18466
1041 3224
1041 5366
1041 5822
1041 21740
1045 21378
1048 11214
1057 3910
1057 7396
1057 8197
1057 12070
1057 12358
1057 15698
1057 15709
1057 16099
1057 16770
1058 1106
1058 1369
1058 1917
1058 2919
1058 5159
1058 5816
1058 6203
1058 6596
1058 9789
1058 14213
1058 20481
1058 20953
1065 1185
1065 2529
1065 3313
1065 8093
1097 11514
1097 15875
1099 19627
1106 1390
1106 1604
1106 1985
1106 2582
1106 3381
1106 3638
1106 4589
1106 5215
1106 6429
1106 9653
1106 11103
1106 11214
1106 11228
1106 11340
1106 14677
1106 16592
1106 20151
1106 20508
1106 21235
1115 1636
1115 1990
1115 2767
1115 2783
1115 3910
1115 4589
1115 6203
1115 8281
1115 10040
1115 11048
1115 12434
1115 13061
1115 16242
1115 16349
1115 21330
1115 21352
1115 21483
1125 2095
1125 16428
1143 4397
1144 1235
1144 2715
1144 2762
1144 7399
1144 7991
1144 8119
1144 11340
1144 13061
1144 13735
1144 14631
1144 16541
1144 19970
1144 20376
1144 20407
1144 21151
1144 21382
1144 21481
1144 21549
1144 21770
1170 1687
1177 1322
1177 11587
1177 21631
1179 16500
1185 2095
1185 8093
1185 8197
1185 12419
1185 13485
1185 21167
1185 21576
1193 2086
1198 1359
1198 1392
1198 1413
1198 1636
1198 3226
1198 4011
1198 5362
1198 6448
1198 10035
1198 11751
1198 14046
1198 15299
1198 15505
1198 19546
1198 21630
1199 2650
1199 21756
1200 1206
1200 1255
1200 2149
1200 3100
1200 3707
1200 4140
1200 7607
1200 13533
1200 17891
1200 21134
1200 21232
1200 21240
1200 21301
1200 21413
1200 21544
1200 21604
1200 21740
1206 1255
1206 2529
1206 3910
1206 5100
1206 5430
1206 6041
1206 7607
1206 12525
1214 2489
1222 19301
1223 5966
1223 6171
1223 11066
1232 1779
1235 4187
1235 5119
1244 5159
1255 1256
1255 1321
1255 1392
1255 1413
1255 1539
1255 2062
1255 2529
1255 2786
1255 2816
1255 3484
1255 4113
1255 5270
1255 5468
1255 5933
1255 5988
1255 7290
1255 9396
1255 10999
1255 13240
1255 16099
1255 16984
1255 19301
1255 20058
1255 21288
1255 21428
1256 1779
1256 2783
1256 3313
1256 5720
1256 6817
1256 7230
1256 14002
1256 16099
1256 21278
1265 2762
1268 8272
1278 1636
1278 2762
1283 1413
1295 21564
1298 12358
1298 18466
1298 21608
1319 21649
1331 4589
1334 2529
1350 2062
1359 5362
1359 18641
1359 21339
1359 21577
1361 1636
1361 2256
1361 2582
1361 2583
1361 2762
1361 2767
1361 4589
1361 4771
1361 5065
1361 5672
1361 6189
1361 6203
1361 6503
1361 6810
1361 7487
1361 7769
1361 8119
1361 8197
1361 9245
1361 10383
1361 13574
1361 13922
1361 14373
1361 14416
1361 14906
1361 15557
1361 16120
1361 16770
1361 17891
1361 17968
1361 18512
1361 19026
1361 21182
1361 21402
1361 21470
1361 21485
1361 21521
1361 21575
1361 21705
1361 21721
1361 21734
1364 5468
1364 16984
1365 1390
1365 1812
1365 2529
1365 2705
1365 2868
1365 2919
1365 3226
1365 3313
1365 4930
1365 5720
1365 6596
1365 6852
1365 10911
1365 16120
1365 16623
1365 19333
1365 21099
1365 21214
1365 21230
1365 21437
1365 21440
1369 1836
1369 1917
1369 1971
1369 2437
1369 5159
1369 7230
1369 16127
1369 16287
1369 19715
1369 21690
1370 4135
1370 5938
1379 5720
1390 1393
1390 1831
1390 2762
1390 4106
1390 4507
1390 4727
1390 5362
1390 5720
1390 6189
1390 6817
1390 7073
1390 7186
1390 8093
1390 8974
1390 9245
1390 14677
1390 14906
1390 18251
1390 19983
1390 21552
1392 3446
1392 5215
1392 5530
1392 6203
1392 9888
1392 13032
1392 15113
1392 15800
1392 20388
1392 21173
1393 1812
1393 2583
1393 2762
1393 3307
1393 3893
1393 4589
1393 5362
1393 6728
1393 13157
1393 14062
1393 14677
1393 14906
1393 16075
1393 17432
1393 20130
1393 21182
1393 21201
1393 21333
1393 21334
1393 21336
1393 21505
1393 21516
1393 21642
1413 1996
1413 2437
1413 2885
1413 3049
1413 5125
1413 5215
1413 5493
1413 6503
1413 7006
1413 7822
1413 8197
1413 13844
1413 13990
1413 14062
1413 14213
1413 15168
1413 15505
1413 15656
1413 15935
1413 17150
1413 17891
1413 20576
1413 20935
1413 21086
1413 21291
1413 21390
1413 21522
1413 21530
1418 2934
1421 17867
1422 2062
1422 2256
1422 2582
1422 12760
1422 16099
1422 17867
1510 5493
1510 21510
1514 5065
1514 12097
1514 16525
1514 16988
1514 20388
1514 20938
1517 10061
1521 14653
1539 2816
1539 4031
1540 21262
1543 16298
1600 4187
1600 18484
1604 2762
1604 3313
1604 8197
1604 14219
1604 15505
1604 17955
1604 21254
1606 6817
1606 10061
1606 12358
1607 5616
1607 19970
1612 4031
1612 15113
1622 15557
1625 2323
1625 15921
1633 1917
1633 2783
1633 6429
1633 21086
1636 1831
1636 2156
1636 2158
1636 2256
1636 2529
1636 2582
1636 2583
1636 2762
1636 2868
1636 3910
1636 4117
1636 4589
1636 4679
1636 4727
1636 5141
1636 5362
1636 5616
1636 5649
1636 8067
1636 8453
1636 8484
1636 8625
1636 8630
1636 9245
1636 9897
1636 10186
1636 11629
1636 12358
1636 13708
1636 13922
1636 14062
1636 14597
1636 14906
1636 15168
1636 15823
1636 16099
1636 16614
1636 16750
1636 17853
1636 17891
1636 18607
1636 19229
1636 19568
1636 20130
1636 20151
1636 20927
1636 21230
1636 21391
1636 21397
1636 21447
1636 21486
1636 21510
1636 21542
1636 21594
1636 21610
1636 21709
1636 21752
1644 3447
1657 6203
1657 17891
1657 21389
1661 18547
1661 20800
1664 2324
1664 2437
1664 14937
1664 19627
1664 21694
1687 4117
1687 5362
1687 17761
1687 21671
1709 8197
1709 15558
1709 15875
1709 17397
1709 18862
1709 20508
1709 20912
1709 21736
1717 5089
1717 8409
1717 13284
1742 1788
1742 3785
1742 4783
1742 8363
1742 13016
1742 21382
1763 1959
1763 2583
1763 5267
1763 5366
1763 10846
1763 11912
1763 13990
1763 14677
1763 14946
1763 15168
1763 15705
1763 17853
1763 17891
1763 17955
1763 19109
1763 19116
1763 20376
1763 21314
1763 21370
1763 21472
1763 21549
1763 21583
1763 21765
1763 21768
1763 21770
1776 21222
1779 3447
1779 3910
1779 16510
1786 4860
1788 4783
1788 12488
1788 16349
1792 7290
1794 15557
1794 21414
1804 11066
1804 17635
1807 2204
1807 8712
1807 11376
1807 15709
1807 15720
1807 21725
1812 3727
1812 6596
1812 21359
1812 21622
1813 5084
1813 9323
1813 21368
1818 2081
1818 4783
1818 13578
1818 18681
1818 20340
1818 20938
1818 21382
1818 21462
1819 7898
1819 21513
1824 3545
1824 7749
1824 9280
1824 15675
1824 21069
1825 5125
1825 7186
1831 2762
1831 3910
1831 5706
1831 9168
1831 10596
1831 10690
1831 14017
1831 14621
1831 15039
1831 17682
1831 19164
1831 21318
1831 21337
1831 21437
1831 21606
1831 21636
1836 2437
1836 20481
1836 21419
1845 3313
1845 3515
1845 5935
1857 21619
1877 8836
1877 17420
1877 17618
1877 20938
1877 21177
1877 21239
1877 21289
1877 21315
1877 21599
1877 21706
1877 21759
1879 1917
1879 2599
1879 3405
1879 3484
1879 3727
1879 4783
1879 5362
1879 6199
1879 6429
1879 8124
1879 9896
1879 19422
1879 21514
1880 2256
1896 16472
1908 7944
1908 15921
1917 3422
1917 4822
1917 5144
1917 5334
1917 5501
1917 6596
1917 7399
1917 8061
1917 8099
1917 9071
1917 11269
1917 11876
1917 11925
1917 12760
1917 16327
1917 17001
1917 17212
1917 17629
1917 17958
1917 19079
1917 19595
1917 20230
1917 20749
1917 21013
1917 21086
1917 21170
1917 21172
1917 21176
1917 21193
1917 21338
1917 21449
1917 21504
1917 21686
1917 21711
1922 12253
1922 13298
1922 14906
1922 15973
1922 16252
1922 18038
1922 18888
1922 21285
1922 21460
1929 21269
1939 21302
1941 3624
1941 21134
1959 11779
1971 2158
1971 21412
1972 12372
1972 12421
1972 14677
1972 16099
1972 20067
1972 21038
1972 21086
1972 21294
1973 5366
1973 20800
1977 17692
1985 5621
1985 16592
1990 2062
1990 2786
1990 5270
1990 5935
1990 6203
1990 8197
1990 13533
1990 21424
1995 17692
1996 21510
2006 2256
2015 10461
2019 3171
2019 21264
2019 21475
2025 2256
2027 2583
2027 2786
2027 3484
2027 3592
2027 5948
2027 6784
2027 8061
2027 9896
2027 11066
2027 11228
2027 13276
2027 15113
2027 15558
2027 15875
2027 16258
2027 16580
2027 17397
2027 20912
2027 20995
2027 21448
2027 21546
2027 21586
2031 10040
2057 3313
2057 5720
2057 18797
2062 2158
2062 6945
2062 13578
2062 19587
2062 21382
2064 15322
2081 2111
2081 16984
2089 3910
2095 2223
2095 2762
2095 2767
2095 3065
2095 3707
2095 3910
2095 4187
2095 5125
2095 6189
2095 7230
2095 8423
2095 9896
2095 10268
2095 10869
2095 12770
2095 13061
2095 15762
2095 16907
2095 21381
2095 21461
2095 21463
2095 21488
2095 21496
2095 21572
2095 21727
2102 3676
2102 20376
2102 20388
2102 21099
2102 21236
2102 21669
2111 7399
2111 12245
2122 17937
2122 19595
2122 19871
2122 21729
2140 21713
2148 3636
2148 6817
2149 2650
2149 7947
2156 2582
2156 21233
2158 2428
2158 2582
2158 2669
2158 3195
2158 3484
2158 3984
2158 8197
2158 17891
2158 19871
2158 20938
2158 21289
2191 2783
2191 6189
2191 16639
2191 19258
2191 20914
2197 21495
2204 15282
2204 15720
2204 20576
2223 3856
2223 3984
2223 4839
2223 5065
2223 5119
2223 5725
2223 6332
2223 7107
2223 8654
2223 8887
2223 9653
2223 10636
2223 11340
2223 12770
2223 13760
2223 14062
2223 15018
2223 17302
2223 17867
2223 17891
2223 18007
2223 19026
2223 20687
2223 20938
2223 20994
2223 21174
2223 21216
2223 21253
2223 21255
2223 21329
2223 21364
2223 21496
2223 21520
2223 21556
2223 21611
2223 21669
2223 21677
2223 21683
2223 21708
2223 21727
2238 15305
2240 16500
2256 2541
2256 2582
2256 2762
2256 2767
2256 2783
2256 3882
2256 3910
2256 5065
2256 5366
2256 5720
2256 6373
2256 8197
2256 8298
2256 10040
2256 12932
2256 19189
2256 19827
2256 20494
2256 20804
2256 21216
2256 21382
2256 21447
2256 21471
2256 21498
2256 21682
2256 21772
2280 17420
2284 4188
2284 6071
2284 21687
2286 4688
2286 21187
2286 21256
2307 21328
2313 2324
2313 2598
2313 5616
2313 21291
2316 16770
2319 4188
2319 21341
2324 2762
2324 4589
2324 4752
2324 5125
2324 13990
2324 14213
2324 15557
2324 15875
2324 16281
2324 17635
2324 18831
2324 20248
2324 20912
2326 21434
2333 4419
2333 21251
2333 21452
2333 21586
2333 21739
2355 21512
2361 2428
2389 3041
2389 4419
2389 8197
2389 9896
2389 11514
2389 12643
2389 14937
2389 15211
2389 16580
2389 17545
2389 18918
2389 19595
2389 19627
2389 20380
2389 20862
2389 20958
2389 21177
2389 21201
2389 21692
2404 4860
2406 18115
2428 2582
2428 2816
2428 14677
2428 19164
2428 19437
2428 21709
2434 5362
2437 4546
2437 4670
2437 5468
2437 6810
2437 7947
2437 11351
2437 11514
2437 11779
2437 13061
2437 13844
2437 14653
2437 15675
2437 17545
2437 19627
2437 20437
2437 20938
2437 21180
2437 21225
2437 21229
2437 21242
2437 21452
2437 21601
2472 5065
2488 12770
2489 2787
2489 19627
2489 20508
2489 20862
2522 15505
2522 21261
2527 5021
2527 19229
2529 2582
2529 2810
2529 3313
2529 4585
2529 5720
2529 6852
2529 8197
2529 10068
2529 12419
2529 12525
2529 14062
2529 14677
2529 15166
2529 16436
2529 18190
2529 18199
2529 18811
2529 19600
2529 21196
2529 21528
2529 21740
2534 9168
2541 2762
2541 20376
2543 3447
2543 18847
2545 5119
2545 5581
2562 20938
2562 21546
2567 14303
2582 2762
2582 2783
2582 3520
2582 4234
2582 4707
2582 4752
2582 4822
2582 4949
2582 5127
2582 5362
2582 5363
2582 5616
2582 6810
2582 8067
2582 8099
2582 9168
2582 9245
2582 13913
2582 14017
2582 14158
2582 14597
2582 16099
2582 19983
2582 20207
2582 21489
2582 21592
2582 21641
2583 3245
2583 3707
2583 3910
2583 3984
2583 4390
2583 4536
2583 4589
2583 5272
2583 5616
2583 5816
2583 6596
2583 10293
2583 10383
2583 10596
2583 11529
2583 13298
2583 13312
2583 13838
2583 13929
2583 14017
2583 14597
2583 14906
2583 14930
2583 15067
2583 15168
2583 15593
2583 15671
2583 17196
2583 17867
2583 19116
2583 21075
2583 21129
2583 21141
2583 21197
2583 21216
2583 21223
2583 21229
2583 21271
2583 21297
2583 21479
2583 21627
2583 21669
2589 5089
2589 20806
2589 21467
2599 15525
2599 19972
2603 12676
2607 6189
2612 8494
2617 15883
2617 18512
2617 19298
2617 19395
2627 4117
2627 4839
2627 5272
2627 6203
2627 6624
2627 14677
2627 15671
2627 16436
2627 18473
2627 19395
2627 21740
2640 21577
2650 4860
2650 9888
2650 14610
2650 21547
2663 6984
2663 13533
2663 21195
2669 2787
2669 11514
2669 19627
2669 21291
2692 6203
2692 16327
2692 17811
2692 20557
2692 21429
2692 21691
2694 21440
2704 13578
2705 3313
2705 6817
2724 6373
2724 8197
2739 5362
2739 5493
2739 19229
2739 21233
2739 21328
2756 3910
2756 10068
2756 21231
2762 2767
2762 3226
2762 3412
2762 3515
2762 3727
2762 3749
2762 3910
2762 4117
2762 4188
2762 4532
2762 4589
2762 5065
2762 5119
2762 5220
2762 5270
2762 5362
2762 5366
2762 5471
2762 5550
2762 5560
2762 5616
2762 5720
2762 5938
2762 6203
2762 6373
2762 6429
2762 6596
2762 6618
2762 6779
2762 6817
2762 7230
2762 7699
2762 7801
2762 8197
2762 8494
2762 8712
2762 9168
2762 9536
2762 10018
2762 10690
2762 10911
2762 11103
2762 12358
2762 13061
2762 14062
2762 14373
2762 14767
2762 14865
2762 14903
2762 14906
2762 15505
2762 15671
2762 15709
2762 16099
2762 16236
2762 17172
2762 17302
2762 17761
2762 17853
2762 17891
2762 18774
2762 19630
2762 19983
2762 20130
2762 20321
2762 20437
2762 20494
2762 20915
2762 21162
2762 21179
2762 21273
2762 21307
2762 21331
2762 21354
2762 21376
2762 21388
2762 21429
2762 21447
2762 21493
2762 21503
2762 21505
2762 21516
2762 21540
2762 21771
2767 2868
2767 4634
2767 6789
2767 8093
2767 8298
2767 9789
2767 13061
2767 14621
2767 15113
2767 15168
2767 15671
2767 20199
2767 21313
2767 21325
2767 21430
2767 21493
2767 21597
2767 21677
2767 21733
2771 9317
2771 13276
2783 3882
2783 4589
2783 4839
2783 6852
2783 9888
2783 12434
2783 13017
2783 16984
2783 17877
2783 20199
2783 21445
2783 21625
2783 21695
2783 21697
2783 21748
2786 2839
2786 3785
2786 5270
2786 5373
2786 9341
2786 9366
2786 11066
2786 16554
2786 17159
2786 17874
2786 20437
2786 21474
2786 21547
2787 3484
2787 19422
2787 20284
2795 5012
2816 5988
2816 13578
2816 18922
2816 21280
2825 8197
2825 17761
2839 4783
2839 5468
2839 10966
2839 13016
2839 13082
2845 10203
2845 21547
2862 9257
2868 3313
2868 3799
2868 5100
2868 5366
2868 7290
2868 13735
2868 18190
2868 19251
2868 21177
2868 21219
2868 21407
2882 21344
2885 3799
2885 12125
2885 15168
2885 21664
2888 11066
2888 21206
2912 8272
2917 21646
2919 11335
2919 17836
2930 20995
2934 14677
2934 17354
2943 4585
2943 6429
2943 8197
2956 8272
2958 18508
2966 5119
3023 6817
3023 15168
3023 17891
3023 21272
3030 5065
3030 6503
3030 6810
3030 14044
3030 16184
3030 20994
3030 21501
3030 21731
3041 3592
3041 6107
3041 21546
3041 21707
3041 21764
3044 19294
3059 21663
3065 4193
3065 5363
3065 15505
3065 19989
3072 12760
3072 16322
3072 17867
3072 19989
3072 21182
3093 21163
3107 4746
3123 13016
3134 18547
3152 6548
3154 21441
3155 21272
3158 3405
3158 5065
3158 20508
3166 5988
3166 11066
3166 19533
3168 15168
3171 6429
3171 20305
3177 7186
3177 21013
3183 10372
3195 18918
3203 18607
3224 4117
3224 5119
3224 8197
3224 10258
3224 17196
3226 19258
3226 20750
3239 4092
3239 5581
3239 6769
3239 7290
3239 16750
3239 21610
3245 10186
3245 16750
3307 3707
3307 16099
3313 3707
3313 3910
3313 4771
3313 5089
3313 6817
3313 6947
3313 8688
3313 10068
3313 11851
3313 12770
3313 13425
3313 14062
3313 14264
3313 14677
3313 16261
3313 16436
3313 16615
3313 18199
3313 20972
3313 21085
3313 21301
3313 21304
3313 21726
3318 3727
3322 21427
3336 16099
3356 6810
3361 4895
3361 19911
3361 21758
3368 11066
3368 20284
3372 12940
3372 19439
3380 9321
3380 13735
3380 21220
3381 10596
3381 15474
3381 16836
3381 17414
3381 17708
3381 19859
3381 20938
3381 21445
3381 21590
3401 5366
3405 5272
3405 6810
3405 7290
3405 7399
3405 8124
3405 15675
3405 15875
3405 16472
3405 16580
3405 17397
3405 17437
3405 18363
3405 19627
3405 19720
3405 20421
3405 21368
3405 21448
3405 21661
3405 21669
3405 21692
3447 10766
3447 17239
3447 21247
3447 21282
3456 11048
3461 10966
3476 10592
3484 6429
3484 6708
3484 9896
3484 15875
3484 17095
3484 17397
3484 18862
3484 19595
3484 20862
3484 21252
3484 21508
3487 15557
3501 4117
3501 9326
3501 19229
3509 15039
3515 6817
3515 15706
3528 3624
3528 17420
3541 21193
3545 9649
3545 9737
3545 12932
3545 21682
3592 6867
3616 13276
3624 7006
3624 8712
3624 9573
3624 15875
3624 17420
3624 18748
3636 7186
3636 10186
3636 21380
3636 21629
3636 21657
3638 7290
3638 17860
3639 5272
3639 18807
3639 20430
3648 18681
3648 19970
3648 21462
3648 21502
3648 21652
3673 12435
3673 20333
3676 20284
3692 4688
3692 5720
3693 21263
3707 3910
3707 4783
3707 5430
3707 5720
3707 7607
3707 10293
3707 12513
3707 12770
3707 13485
3707 13578
3707 15706
3707 17891
3707 20229
3707 21196
3707 21301
3707 21309
3707 21378
3727 4536
3727 11048
3727 13892
3727 15557
3727 17718
3749 4486
3749 5720
3749 17837
3785 5468
3787 12760
3787 17629
3787 21279
3791 10409
3791 12097
3799 4981
3799 14062
3799 16017
3799 19157
3799 21256
3799 21406
3799 21552
3799 21559
3814 20067
3843 21357
3865 6160
3865 16724
3865 16984
3882 7107
3882 7364
3882 10596
3882 11340
3882 18125
3882 19189
3882 21255
3882 21276
3882 21556
3882 21682
3882 21683
3893 5362
3900 11066
3900 17958
3910 4234
3910 5089
3910 5270
3910 5621
3910 5706
3910 5816
3910 6503
3910 6810
3910 6817
3910 6852
3910 6917
3910 6947
3910 7738
3910 8093
3910 9888
3910 9896
3910 10018
3910 10068
3910 10293
3910 10347
3910 11943
3910 12525
3910 13061
3910 15886
3910 16592
3910 17853
3910 18190
3910 18607
3910 18847
3910 20481
3910 21240
3910 21451
3910 21477
3910 21493
3935 15675
3935 20798
3947 5362
3947 19303
3947 21575
3947 21747
3950 5616
3950 9698
3950 21730
3973 7107
3984 4187
3984 6203
3984 6373
3984 7399
3984 7947
3984 10219
3984 15127
3984 18038
3984 18547
3984 21262
3984 21372
3993 13137
4000 13016
4011 5362
4011 11013
4011 15039
4011 17903
4011 21206
4011 21418
4011 21597
4031 4783
4031 7000
4031 15678
4031 19763
4031 20494
4048 15973
4059 7399
4059 9586
4059 14906
4092 5065
4092 6596
4092 6789
4092 8423
4092 14430
4092 15039
4092 17825
4092 19164
4092 21250
4092 21266
4092 21498
4092 21722
4092 21743
4106 5468
4106 15987
4110 7522
4113 5089
4113 7290
4113 13990
4113 17640
4113 21416
4117 5362
4117 6810
4117 10641
4117 11340
4117 13735
4117 15553
4117 16322
4117 16904
4117 17874
4117 17891
4117 18643
4117 20938
4117 21201
4117 21426
4117 21713
4126 10969
4126 21737
4131 7398
4135 5938
4135 12125
4135 12421
4135 14677
4135 15875
4135 16469
4135 20938
4135 21242
4140 20577
4141 21635
4144 21716
4157 5089
4157 15706
4181 18383
4187 4746
4187 5065
4187 5329
4187 5362
4187 7487
4187 9245
4187 14879
4187 15039
4187 15973
4187 17072
4187 17196
4187 17254
4187 18023
4187 18075
4187 19229
4187 20393
4187 21254
4187 21273
4187 21277
4187 21367
4187 21406
4187 21551
4187 21575
4187 21684
4187 21747
4188 5471
4188 11340
4188 14535
4188 15100
4193 17814
4193 17891
4193 21245
4216 5965
4216 20575
4231 21362
4234 5720
4234 11863
4234 13061
4234 14062
4234 16099
4234 19891
4234 19992
4234 20750
4234 21444
4248 21389
4280 21581
4366 5215
4368 5128
4370 7947
4370 21584
4382 17891
4382 18105
4382 20150
4382 21322
4382 21438
4382 21695
4382 21703
4390 6596
4390 15039
4390 17196
4397 14677
4419 16580
4419 17495
4419 20421
4419 20958
4419 21003
4419 21440
4488 5272
4488 14906
4507 10641
4507 18251
4507 20427
4507 21141
4532 10911
4532 14906
4536 5065
4536 5816
4536 6429
4536 7336
4536 10383
4536 12358
4536 14407
4536 15525
4536 17008
4536 18768
4536 19189
4536 19445
4536 20305
4536 20590
4536 21099
4536 21226
4536 21279
4536 21400
4536 21589
4536 21668
4536 21687
4536 21711
4539 6984
4545 6817
4546 5966
4546 8752
4546 21153
4546 21692
4585 5935
4585 9323
4589 4924
4589 4931
4589 5065
4589 5119
4589 5366
4589 5616
4589 13574
4589 14906
4589 15987
4589 16770
4589 16843
4589 17671
4589 17761
4589 21397
4589 21440
4589 21542
4589 21594
4589 21696
4589 21709
4634 17891
4670 7000
4670 13844
4679 14906
4679 15823
4679 18617
4688 5065
4702 21321
4707 14906
4707 16099
4727 5089
4727 5366
4727 5616
4727 7516
4727 20721
4744 20067
4752 5362
4765 6392
4765 16106
4771 6623
4771 6947
4771 11066
4771 12513
4771 20151
4771 21246
4783 4855
4783 5658
4783 5816
4783 6203
4783 6503
4783 9977
4783 10641
4783 14281
4783 15039
4783 15113
4783 15706
4783 19057
4783 19970
4783 20938
4783 20988
4783 21389
4783 21426
4783 21756
4822 5272
4822 5362
4822 15168
4822 21086
4839 5065
4839 5362
4839 7822
4839 14576
4839 14948
4839 15039
4839 16246
4839 17072
4839 18125
4839 19430
4839 19983
4839 20388
4839 21229
4839 21247
4839 21333
4839 21496
4839 21557
4855 13578
4855 17874
4855 21511
4858 21231
4860 14677
4860 16106
4866 21592
4924 6332
4924 9897
4924 13032
4924 14042
4924 15168
4924 15661
4924 16364
4924 20994
4924 21394
4924 21529
4924 21562
4924 21598
4924 21603
4924 21741
4924 21755
4930 10061
4931 5272
4931 14017
4931 15039
4949 5272
4949 8067
4949 14906
4949 15168
4949 16770
4949 19294
4968 6945
4997 9396
5007 6203
5007 17891
5012 6429
5012 15168
5012 15875
5018 16146
5018 21247
5021 21633
5031 10409
5038 21761
5049 21350
5049 21609
5049 21633
5065 5125
5065 5272
5065 5581
5065 5616
5065 5929
5065 6203
5065 6429
5065 6596
5065 6619
5065 6781
5065 7487
5065 7801
5065 7822
5065 7851
5065 8093
5065 8097
5065 9323
5065 9466
5065 9649
5065 10347
5065 10718
5065 10846
5065 10941
5065 11016
5065 11343
5065 12125
5065 13574
5065 13922
5065 14304
5065 14930
5065 14948
5065 15039
5065 15113
5065 15163
5065 15282
5065 15472
5065 15505
5065 15549
5065 15823
5065 15973
5065 16083
5065 16236
5065 16327
5065 16723
5065 16937
5065 17145
5065 17558
5065 17891
5065 17903
5065 18574
5065 18637
5065 18749
5065 19116
5065 19197
5065 19874
5065 19970
5065 20138
5065 20199
5065 20351
5065 20388
5065 20403
5065 20508
5065 20927
5065 20938
5065 21149
5065 21220
5065 21277
5065 21292
5065 21321
5065 21368
5065 21374
5065 21401
5065 21445
5065 21452
5065 21453
5065 21454
5065 21485
5065 21565
5065 21575
5065 21579
5065 21587
5065 21589
5065 21614
5065 21616
5065 21617
5065 21628
5065 21638
5065 21645
5065 21689
5065 21709
5065 21714
5065 21738
5065 21746
5065 21759
5065 21763
5084 10366
5089 5119
5089 5270
5089 5430
5089 5690
5089 5935
5089 6947
5089 7230
5089 8409
5089 9309
5089 10068
5089 11587
5089 11928
5089 12419
5089 12876
5089 14017
5089 15706
5089 16261
5089 16436
5089 16461
5089 16907
5089 17874
5089 17955
5089 20740
5089 20938
5089 21272
5089 21457
5089 21467
5089 21726
5100 7327
5100 13533
5100 17135
5100 21319
5107 14879
5107 21454
5119 5362
5119 8364
5119 9321
5119 10036
5119 10869
5119 14677
5119 15234
5119 17268
5119 17284
5119 17814
5119 17891
5119 19229
5119 20938
5119 21151
5119 21199
5119 21314
5119 21320
5119 21392
5119 21420
5119 21425
5119 21455
5119 21481
5119 21549
5119 21557
5119 21594
5119 21658
5125 5237
5125 5366
5125 5720
5125 5849
5125 8197
5125 10268
5125 13656
5125 14903
5125 15168
5125 15921
5125 16984
5125 17671
5125 20972
5125 21208
5141 13578
5141 14771
5141 17728
5141 18681
5141 21121
5144 6429
5144 7000
5159 5334
5159 15503
5159 21099
5159 21170
5215 11080
5215 11340
5215 16592
5215 16904
5215 21484
5220 5272
5220 8197
5233 8225
5233 21278
5265 11061
5265 11851
5265 13760
5265 17890
5267 19970
5267 20888
5267 21105
5270 8363
5270 8688
5270 9888
5270 20058
5270 20437
5270 21419
5270 21424
5270 21701
5272 5616
5272 5706
5272 6189
5272 6199
5272 6422
5272 6801
5272 7186
5272 8197
5272 8666
5272 9653
5272 10186
5272 10911
5272 12358
5272 13137
5272 13312
5272 13990
5272 14281
5272 15039
5272 15525
5272 16099
5272 16236
5272 18274
5272 19189
5272 19437
5272 20393
5272 21041
5272 21207
5272 21330
5272 21331
5272 21413
5272 21429
5272 21490
5272 21492
5272 21530
5272 21534
5272 21559
5272 21591
5272 21594
5272 21602
5272 21735
5272 21745
5272 21766
5305 15168
5306 19116
5329 6203
5329 20865
5329 21367
5331 21505
5353 20938
5362 5366
5362 5649
5362 5720
5362 6189
5362 7186
5362 8197
5362 10641
5362 13061
5362 14906
5362 15108
5362 15168
5362 15505
5362 15823
5362 16632
5362 17015
5362 17761
5362 18173
5362 18274
5362 18681
5362 19229
5362 20935
5362 20938
5362 21418
5362 21674
5362 21681
5363 21659
5366 5386
5366 6323
5366 7674
5366 8197
5366 13990
5366 15299
5366 15505
5366 16904
5366 17635
5366 17891
5366 18173
5366 18190
5366 18319
5366 20442
5366 21519
5366 21526
5366 21530
5366 21599
5366 21672
5366 21752
5373 17159
5373 17545
5373 20284
5373 20995
5373 21468
5373 21649
5373 21718
5386 6779
5386 8197
5415 9245
5430 6947
5430 7170
5430 7607
5430 11762
5430 15706
5430 16798
5430 21085
5468 11066
5468 16511
5468 17874
5468 18681
5468 21217
5468 21280
5468 21382
5468 21544
5468 21652
5468 21756
5471 21610
5479 18821
5479 19720
5479 20151
5479 21632
5493 7516
5493 12358
5493 15505
5493 17015
5493 17843
5493 21262
5493 21641
5501 7290
5501 19439
5550 6373
5550 12245
5550 15113
5550 16813
5550 21445
5550 21450
5581 6429
5615 15039
5615 21540
5616 5720
5616 11644
5616 11751
5616 14903
5616 15987
5616 17172
5616 17692
5616 19970
5616 20248
5616 21197
5616 21466
5616 21601
5621 17746
5621 21362
5658 8688
5658 19533
5658 19801
5658 21382
5672 6596
5672 7290
5672 14017
5672 16254
5672 17968
5672 19322
5672 21181
5692 18821
5692 21491
5694 20516
5702 17866
5702 17955
5720 6810
5720 7170
5720 7364
5720 7769
5720 8712
5720 9309
5720 9888
5720 10808
5720 11589
5720 12358
5720 13061
5720 14930
5720 15039
5720 15388
5720 15706
5720 15709
5720 15987
5720 16075
5720 16904
5720 17682
5720 18118
5720 18190
5720 18607
5720 19455
5720 20740
5720 21146
5720 21307
5720 21369
5720 21379
5720 21413
5720 21414
5720 21466
5720 21512
5720 21534
5720 21542
5720 21670
5720 21675
5782 21635
5792 21685
5816 14191
5816 17761
5816 19445
5816 21497
5822 8124
5822 11214
5822 13735
5822 17469
5831 9789
5831 19420
5831 19911
5831 21625
5831 21651
5838 19911
5838 21635
5859 18190
5929 21715
5935 8197
5935 10273
5935 17148
5935 20359
5935 21232
5935 21391
5935 21629
5938 7782
5938 12125
5938 16937
5938 16984
5938 17437
5938 17465
5938 17542
5938 18916
5938 19084
5938 21315
5938 21327
5938 21391
5938 21560
5938 21581
5948 17420
5948 21408
5948 21739
5949 19874
5981 8197
6009 14158
6041 12358
6107 19627
6109 7327
6160 17542
6164 19301
6171 20284
6189 6448
6189 6782
6189 8197
6189 9152
6189 11587
6189 13533
6189 15168
6189 16099
6189 19568
6189 20338
6189 21290
6189 21533
6189 21622
6199 21423
6203 6789
6203 7769
6203 9152
6203 10219
6203 11340
6203 15067
6203 17866
6203 17877
6203 17903
6203 18023
6203 18282
6203 18637
6203 19983
6203 20029
6203 20199
6203 20359
6203 20577
6203 21294
6203 21389
6203 21463
6203 21535
6203 21572
6203 21576
6203 21625
6203 21712
6203 21741
6205 20885
6332 14303
6332 20229
6332 20442
6373 6945
6373 7325
6373 7399
6373 8508
6373 9958
6373 11961
6373 12435
6373 14610
6373 16327
6373 16472
6373 16560
6373 16664
6373 16971
6373 17866
6373 18363
6373 19116
6373 20376
6373 20676
6373 20927
6373 20938
6373 21165
6373 21365
6373 21465
6373 21532
6373 21706
6373 21719
6382 12760
6429 7071
6429 8124
6429 8272
6429 8608
6429 9896
6429 11048
6429 11214
6429 11863
6429 12070
6429 12090
6429 12770
6429 15039
6429 15388
6429 15557
6429 16099
6429 16349
6429 16665
6429 18564
6429 18768
6429 19189
6429 20388
6429 20785
6429 20924
6429 20968
6429 21013
6429 21193
6429 21221
6429 21263
6429 21282
6429 21291
6429 21338
6429 21400
6429 21414
6429 21422
6429 21449
6429 21509
6429 21545
6429 21554
6429 21604
6429 21655
6429 21687
6429 21693
6429 21698
6429 21723
6448 14639
6448 17414
6448 20972
6448 21671
6460 13735
6498 9341
6498 13061
6498 21258
6503 18847
6503 21382
6548 8409
6548 9147
6583 16665
6596 8197
6596 9257
6596 12299
6596 12358
6596 14677
6596 15039
6596 15557
6596 16327
6596 16614
6596 19229
6596 19333
6596 20029
6596 20508
6596 20938
6596 21086
6596 21226
6596 21277
6596 21291
6596 21333
6596 21338
6596 21359
6596 21363
6596 21574
6596 21589
6596 21711
6618 14767
6618 16099
6619 7852
6619 15039
6619 15113
6619 15549
6619 21688
6619 21724
6624 6867
6624 8197
6624 11276
6624 11779
6624 15113
6624 20388
6624 20938
6624 21122
6629 19595
6629 21225
6629 21295
6640 17449
6640 19109
6708 17545
6767 20938
6779 9897
6779 11048
6779 15039
6779 15698
6779 16364
6779 17761
6779 20508
6779 21177
6779 21263
6779 21277
6779 21524
6779 21526
6779 21709
6779 21738
6784 15558
6784 16580
6800 15706
6801 13312
6810 8197
6810 14373
6810 15709
6810 16099
6810 20151
6810 21015
6810 21250
6810 21626
6810 21656
6817 6947
6817 10068
6817 10219
6817 12419
6817 13157
6817 15709
6817 16075
6817 16230
6817 16615
6817 20229
6817 20481
6817 21085
6817 21166
6817 21231
6817 21297
6817 21307
6817 21318
6839 17268
6852 7119
6852 20989
6867 10198
6867 11580
6867 20376
6867 20407
6867 20938
6867 21067
6867 21340
6885 14677
6916 13533
6917 8093
6945 7122
6945 7851
6945 9317
6945 11580
6945 20138
6947 11544
6965 16984
6984 13889
6984 14748
7000 8061
7000 18961
7000 19268
7000 21221
7000 21504
7000 21509
7000 21585
7006 8061
7006 12090
7006 14158
7006 14709
7006 15282
7006 17420
7006 17969
7006 21202
7006 21538
7006 21694
7071 17655
7071 18466
7073 7290
7097 8197
7097 14213
7097 16984
7097 21417
7107 16298
7109 19301
7119 18888
7170 16592
7186 7290
7186 11863
7186 13061
7186 14906
7186 17955
7186 18547
7186 19507
7186 21577
7190 7399
7230 14062
7230 14338
7290 13061
7290 14677
7290 15039
7290 15354
7290 15398
7290 15557
7290 16099
7290 16904
7290 17891
7290 20305
7290 21184
7290 21221
7290 21545
7290 21548
7290 21591
7327 7522
7336 12358
7336 21168
7364 7399
7364 10347
7364 18581
7364 21339
7378 20328
7391 18166
7391 20344
7391 21389
7398 8472
7398 11876
7398 16027
7399 8061
7399 9152
7399 9285
7399 10366
7399 11779
7399 13965
7399 16639
7399 19116
7399 19292
7399 20284
7399 21596
7399 21623
7399 21640
7487 17008
7516 14597
7522 11340
7547 17427
7652 10304
7659 16099
7674 21575
7690 15636
7749 7826
7749 19116
7749 20284
7749 20376
7749 20938
7749 21122
7749 21224
7760 9470
7769 8197
7792 8567
7801 9317
7801 19333
7801 21394
7852 16099
7855 20912
7947 15875
7953 10636
7955 21200
7991 16327
7991 21340
8061 9737
8061 10235
8061 12298
8061 19859
8061 20135
8061 21415
8067 11943
8067 21447
8067 21691
8093 10068
8093 11051
8093 11078
8093 12525
8093 17853
8093 21588
8093 21642
8119 9152
8119 11335
8119 11580
8119 11961
8119 21294
8124 9897
8124 15706
8124 20388
8159 19301
8179 21335
8197 8632
8197 9466
8197 10641
8197 11066
8197 11214
8197 11943
8197 12435
8197 12525
8197 12643
8197 13844
8197 14906
8197 15168
8197 15282
8197 15675
8197 15968
8197 15994
8197 16580
8197 16937
8197 17618
8197 17867
8197 17958
8197 18251
8197 18512
8197 18681
8197 19229
8197 19422
8197 19595
8197 19627
8197 19664
8197 19715
8197 19972
8197 20248
8197 20284
8197 20388
8197 20421
8197 21041
8197 21177
8197 21193
8197 21256
8197 21342
8197 21393
8197 21473
8197 21474
8197 21524
8197 21527
8197 21609
8197 21649
8197 21666
8225 21278
8272 15921
8272 21291
8272 21530
8297 11383
8298 16099
8333 21429
8347 21522
8363 8472
8363 13533
8363 16554
8363 17420
8363 21134
8363 21638
8364 12923
8364 17284
8364 18512
8364 21402
8364 21587
8409 16615
8409 21309
8411 21604
8411 21609
8423 15067
8433 15505
8484 9897
8484 14906
8484 17891
8484 21429
8484 21550
8494 9010
8494 14767
8494 17640
8494 21312
8494 21399
8508 10273
8565 17542
8567 10347
8567 11214
8567 14677
8596 11529
8608 13653
8613 12090
8613 17692
8688 21462
8688 21544
8712 15299
8712 16327
8712 19753
8712 20376
8712 21144
8712 21532
8752 17545
8752 21177
8798 21411
8835 21431
8836 9071
8953 18885
8963 17949
8963 21169
8979 12136
9071 10235
9122 16554
9122 20437
9147 10268
9147 21086
9152 9649
9152 10869
9152 11580
9152 15705
9152 18811
9152 19116
9152 19989
9152 20199
9152 20273
9152 20577
9152 20619
9152 20994
9152 21330
9152 21450
9152 21494
9152 21525
9152 21637
9152 21765
9168 10040
9168 14017
9168 14906
9168 18122
9214 18038
9241 21160
9241 21667
9245 13735
9245 14677
9245 14906
9245 15709
9245 20130
9245 21104
9245 21371
9257 20430
9309 12525
9309 16261
9321 15168
9321 16984
9323 11016
9323 19874
9323 21453
9379 9469
9422 15823
9425 11779
9425 15168
9425 15800
9425 17072
9425 17710
9425 20080
9425 21154
9425 21355
9427 9888
9427 21352
9444 10416
9453 17449
9466 14597
9466 15557
9466 17761
9466 20403
9466 21728
9469 9985
9472 17449
9472 17708
9504 16984
9510 20206
9529 15354
9529 21440
9586 21227
9586 21343
9649 11779
9649 16601
9649 21532
9649 21652
9789 10347
9789 16298
9789 16364
9789 21189
9829 21443
9851 10520
9874 16723
9888 11061
9888 13533
9888 14653
9888 15113
9888 18470
9888 21615
9888 21682
9896 10068
9896 12358
9896 17095
9896 17545
9896 17761
9896 18470
9896 19587
9896 20151
9896 20284
9896 20912
9896 21349
9896 21406
9958 12435
9958 20938
9977 20988
9994 20934
10006 21167
10006 21606
10018 16592
10018 19189
10018 21086
10027 21205
10040 11344
10040 14903
10040 18866
10040 21441
10061 15398
10061 17853
10068 11051
10068 11078
10068 11436
10068 13061
10068 17718
10068 17853
10068 18336
10068 20989
10068 21650
10068 21751
10070 10520
10070 14930
10186 16830
10191 21294
10198 10366
10203 21086
10206 12444
10216 16246
10268 15038
10268 16099
10268 21319
10273 21452
10293 11066
10293 11214
10293 14354
10293 14677
10293 21184
10293 21609
10293 21729
10347 12421
10347 14677
10347 16937
10347 18547
10347 19229
10347 20446
10347 21445
10366 12097
10383 21134
10409 21149
10409 21171
10409 21172
10409 21263
10416 20442
10513 21435
10636 21654
10641 15108
10641 15299
10641 15505
10641 18429
10641 19116
10690 21636
10713 18687
10724 11340
10766 13361
10766 21013
10766 21365
10766 21382
10789 15388
10789 19292
10789 21314
10789 21532
10789 21712
10818 15875
10818 20284
10818 21419
10818 21739
10846 15196
10846 21206
10846 21300
10860 17692
10869 14017
10869 14903
10869 15067
10869 16907
10889 19292
10911 13061
10911 14970
10911 15774
10911 19116
10911 21457
10939 11851
11016 16083
11023 13061
11023 16332
11037 16099
11037 18721
11048 14309
11048 15113
11048 17955
11048 21086
11051 18821
11061 15557
11061 15683
11061 15852
11066 16554
11066 17420
11066 17896
11066 18466
11066 18617
11066 20284
11066 20926
11066 21474
11078 13061
11078 14906
11103 21440
11146 15947
11164 15067
11184 12620
11203 14597
11214 16099
11214 20284
11214 20388
11214 21493
11214 21563
11214 21638
11214 21655
11228 11779
11228 14677
11228 20481
11241 20138
11269 21086
11269 21504
11335 21445
11340 14062
11340 14767
11340 15168
11340 16322
11340 16373
11340 16472
11340 17866
11340 17877
11340 17891
11340 17955
11340 19157
11340 19630
11340 20393
11340 21189
11340 21279
11340 21287
11340 21294
11340 21389
11340 21394
11340 21445
11340 21485
11340 21605
11340 21765
11344 14771
11344 16327
11344 19229
11344 21536
11351 21180
11514 17420
11514 20284
11514 21205
11529 15472
11545 15886
11545 19600
11549 18547
11580 18473
11580 19116
11580 21169
11586 20284
11589 21241
11592 15174
11644 21519
11660 21013
11751 15505
11751 15656
11751 15675
11751 15823
11751 17495
11751 20248
11751 20494
11751 21206
11779 13279
11779 13990
11779 17414
11779 18809
11779 18821
11779 19109
11779 20199
11779 20229
11779 20938
11779 21191
11779 21199
11779 21282
11779 21313
11779 21340
11779 21370
11779 21491
11779 21502
11779 21616
11797 17955
11836 12770
11851 17955
11863 14677
11863 15168
11863 16984
11912 15553
11912 19817
11943 18855
11943 20399
11943 21104
11943 21237
11943 21318
11943 21334
11961 15168
11961 21445
11998 15108
12070 21161
12070 21561
12090 20220
12097 16984
12114 21311
12122 18282
12125 16937
12125 21570
12125 21581
12125 21698
12136 16750
12233 16242
12233 18081
12245 20777
12252 21637
12356 21013
12358 15709
12358 16907
12358 18271
12358 19983
12358 20508
12358 21099
12358 21289
12358 21352
12419 19040
12421 14677
12434 13061
12435 16206
12435 20938
12435 21340
12488 16349
12525 13061
12525 19720
12599 21089
12637 21294
12643 17420
12643 17545
12698 15067
12713 13032
12718 13425
12734 20938
12760 14767
12760 17669
12770 14002
12770 14617
12835 21210
12876 16261
12876 17853
12885 16017
12885 16770
12885 17891
12923 17254
13017 16364
13032 21243
13046 19715
13061 13298
13061 15113
13061 16582
13061 17302
13061 17867
13061 18821
13061 20058
13061 21131
13061 21218
13061 21220
13061 21273
13061 21297
13061 21330
13061 21477
13061 21500
13074 17949
13088 19109
13088 21058
13157 14906
13170 16364
13183 15018
13227 21289
13279 17955
13280 14621
13280 20430
13280 21347
13284 21309
13312 16246
13361 16937
13425 21749
13463 21478
13566 19753
13574 16349
13578 17728
13578 18260
13578 21462
13590 17635
13653 16254
13656 20388
13686 21086
13735 13929
13735 14304
13735 15505
13735 16322
13735 17746
13735 19911
13735 21177
13735 21326
13735 21340
13735 21357
13760 21313
13838 14576
13887 17449
13903 21357
13959 15921
13967 21762
13981 18961
13990 15108
13990 15168
13990 15823
13990 15921
13990 17891
13990 18383
13990 18774
13990 19157
13996 21192
14002 15553
14017 16750
14017 17968
14017 21264
14017 21391
14017 21402
14042 20442
14042 21058
14042 21755
14062 14767
14062 15067
14062 19157
14062 21595
14158 16732
14158 16750
14158 18809
14158 21334
14158 21747
14213 15921
14264 21304
14272 15709
14281 18466
14326 17955
14326 21294
14333 20121
14418 21231
14492 15398
14597 14903
14597 15553
14597 15698
14597 16984
14597 17015
14597 17853
14597 19258
14597 21223
14631 21086
14653 18466
14657 21319
14677 14906
14677 14948
14677 15474
14677 15823
14677 16349
14677 16904
14677 16984
14677 19019
14687 21190
14767 15875
14767 16099
14767 19157
14865 15067
14903 15039
14903 16515
14903 17558
14903 20029
14903 20351
14903 20430
14903 21057
14903 21536
14903 21691
14903 21714
14906 15039
14906 15593
14906 16099
14906 17432
14906 17955
14906 19229
14906 19568
14906 19983
14906 20130
14906 20915
14906 21208
14906 21215
14906 21221
14906 21297
14906 21379
14906 21397
14906 21398
14906 21498
14906 21512
14906 21642
14906 21657
14918 15921
14930 21592
14948 15018
14948 21364
14948 21614
15012 17891
15012 21398
15018 17477
15039 15549
15039 16984
15039 20462
15039 21086
15039 21178
15056 16580
15067 17811
15067 19395
15067 20000
15067 20273
15067 21487
15067 21493
15075 20938
15079 15448
15079 21294
15113 15875
15113 16984
15113 17853
15113 18062
15127 21294
15166 21086
15168 15494
15168 15505
15168 15700
15168 15823
15168 16988
15168 17322
15168 17692
15168 17866
15168 17891
15168 17955
15168 18038
15168 18681
15168 19116
15168 20220
15168 20435
15168 20994
15168 21220
15168 21313
15168 21321
15168 21340
15168 21394
15168 21445
15168 21519
15168 21532
15168 21539
15168 21639
15168 21656
15168 21660
15168 21677
15168 21681
15196 20481
15204 21687
15211 15875
15234 20618
15240 21300
15282 15503
15282 20248
15282 20972
15293 21444
15309 18821
15309 21518
15388 16099
15388 19629
15398 21545
15398 21548
15453 21351
15468 21212
15472 20927
15474 16007
15474 16822
15474 21227
15474 21364
15505 17300
15505 17432
15505 17891
15505 18473
15505 19520
15505 20935
15505 21233
15505 21313
15505 21356
15505 21530
15505 21630
15525 15823
15539 17692
15553 21244
15557 16984
15557 20442
15558 15875
15656 18470
15661 21227
15675 15875
15683 21330
15687 16322
15687 21687
15698 20151
15706 21206
15706 21231
15709 19983
15720 19241
15753 20955
15764 21411
15819 21733
15823 17432
15823 17955
15839 21116
15852 21735
15875 17095
15875 17437
15875 17465
15875 17545
15875 19627
15875 19970
15875 20376
15875 20380
15875 20421
15875 20862
15875 20912
15875 20938
15875 21190
15875 21225
15875 21228
15875 21239
15875 21259
15875 21300
15875 21315
15875 21348
15875 21417
15875 21449
15875 21546
15875 21702
15875 21736
15875 21767
15875 21774
15886 19345
15891 21395
15921 17761
15921 21693
15929 21213
15929 21573
15941 20225
15973 16984
16007 21355
16017 16770
16076 20284
16090 20938
16090 21744
16099 16723
16099 18681
16099 19294
16099 19753
16099 20815
16099 20988
16099 21086
16099 21106
16099 21307
16099 21511
16099 21566
16099 21655
16120 16349
16184 21501
16233 21402
16233 21521
16236 16984
16236 20109
16261 17853
16261 21726
16276 19292
16294 21373
16298 17322
16298 21174
16298 21242
16298 21678
16322 19911
16322 20862
16327 16349
16327 18282
16327 19116
16327 21677
16349 20029
16349 21284
16364 19116
16364 20127
16410 20762
16420 21716
16428 16471
16472 21622
16511 21194
16541 18470
16554 17420
16554 17728
16554 18137
16554 21462
16554 21474
16554 21656
16554 21760
16582 21323
16592 18199
16592 19600
16592 20151
16592 20229
16592 21201
16592 21576
16592 21721
16596 21620
16603 21436
16610 17316
16615 21309
16632 21622
16639 19213
16731 21524
16753 18821
16803 20490
16813 18466
16830 21275
16849 16904
16849 18865
16888 20523
16904 20376
16904 20938
16904 21086
16904 21333
16933 20430
16967 20333
16984 19395
16984 20359
16984 20460
16984 20762
16984 20938
16984 21168
16984 21201
16984 21252
16984 21260
16984 21280
16984 21298
16984 21317
16984 21331
16984 21357
16984 21365
16984 21382
16984 21456
16984 21466
16984 21505
16984 21532
16984 21546
16984 21602
16984 21604
16984 21638
16984 21657
16992 19688
17041 17955
17041 21431
17047 20241
17047 21038
17151 21413
17172 21425
17222 21345
17316 17692
17321 18888
17322 21116
17322 21294
17418 21330
17420 20494
17420 21177
17420 21186
17420 21417
17420 21474
17436 19229
17437 17465
17449 17708
17449 21227
17477 20687
17501 21593
17545 20958
17545 21177
17556 21175
17628 21238
17661 18319
17661 21411
17669 21679
17671 21674
17692 19093
17692 19970
17692 21561
17692 21740
17708 21634
17710 21446
17718 19026
17728 21280
17761 21349
17811 21122
17814 17891
17825 21383
17853 21576
17853 21657
17853 21748
17867 21245
17871 21247
17891 17955
17891 19422
17891 20481
17891 21245
17891 21550
17891 21576
17903 21567
17923 21280
17937 19871
17955 18142
17955 18473
17955 19116
17955 20000
17955 20273
17955 20927
17955 21033
17955 21223
17955 21247
17955 21249
17955 21277
17955 21294
17955 21330
17955 21387
17955 21394
17955 21409
17955 21446
17955 21520
17955 21532
17955 21563
17955 21592
17955 21618
17955 21637
17955 21658
17958 20995
17958 21346
17958 21473
18007 20442
18038 20927
18038 21535
18105 18855
18110 18484
18146 21227
18260 20988
18354 21575
18451 21294
18466 18862
18466 19293
18466 19763
18466 20333
18466 20862
18466 20938
18466 21038
18466 21324
18466 21385
18466 21417
18466 21624
18470 21136
18470 21221
18470 21300
18472 21086
18473 21425
18593 21469
18607 21662
18617 21757
18681 19258
18681 19983
18681 21223
18681 21229
18681 21287
18735 21169
18745 21279
18748 21382
18774 21353
18794 19951
18811 21533
18831 20284
18831 21193
18843 20442
18855 18888
18887 20940
18908 19229
18948 19951
19040 21231
19080 20989
19116 19189
19116 21176
19116 21179
19116 21273
19116 21274
19116 21329
19116 21330
19116 21332
19116 21338
19116 21344
19116 21493
19116 21530
19116 21623
19116 21681
19116 21691
19116 21696
19116 21720
19116 21744
19147 19292
19189 19229
19189 21086
19189 21543
19189 21607
19193 21206
19229 19760
19229 21557
19258 21283
19258 21391
19268 21086
19333 21230
19382 21429
19395 20442
19395 21198
19420 21227
19422 19595
19422 20912
19455 21214
19587 21417
19664 20284
19681 21376
19715 21408
19720 19945
19723 21330
19945 21236
19945 21398
19945 21578
19951 21558
19962 20508
19962 21690
19970 21265
19970 21665
19989 21254
20130 21388
20130 21503
20150 20442
20150 20676
20151 21626
20178 21281
20219 21149
20219 21687
20220 20862
20220 20968
20220 21694
20273 21536
20284 20376
20284 20508
20284 21193
20284 21300
20284 21419
20284 21426
20284 21433
20284 21468
20284 21578
20284 21599
20305 21221
20305 21422
20370 21476
20399 21662
20430 20557
20440 21673
20442 20619
20442 21174
20442 21308
20442 21394
20442 21396
20442 21503
20442 21678
20442 21680
20460 21020
20494 21656
20494 21738
20508 21086
20508 21569
20508 21666
20565 20938
20573 21343
20583 21294
20594 21169
20596 21574
20721 21510
20750 21499
20815 21294
20849 21681
20927 21223
20930 21366
20934 21274
20934 21386
20968 21086
20995 21094
20995 21408
21063 21339
21085 21231
21086 21172
21086 21193
21086 21202
21086 21229
21086 21232
21086 21255
21086 21258
21086 21414
21086 21515
21086 21554
21121 21760
21126 21575
21139 21360
21174 21507
21177 21440
21185 21186
21214 21234
21227 21267
21227 21364
21235 21299
21294 21375
21294 21389
21294 21517
21294 21529
21294 21535
21294 21537
21294 21571
21294 21637
21294 21647
21300 21306
21302 21303
21306 21582
21337 21429
21343 21403
21359 21363
21364 21410
21377 21378
21381 21699
21382 21495
21441 21458
21470 21555
21475 21506
21479 21480
21490 21599
21491 21495
21493 21563
21493 21637
21518 21732
21532 21622
21575 21600
21618 21754
21622 21750
21666 21718
21666 21729
21695 21696
21741 21742
21767 21773
