0 2284
0 22005
2 19606
2 22216
3 2158
3 21885
7 29
7 73
7 95
7 577
7 2902
7 14677
7 16729
8 9444
12 1058
12 1792
12 3368
12 8197
12 21666
14 7399
14 13061
17 1264
17 1868
17 5373
17 9896
19 762
19 4031
26 1402
26 1413
26 2307
26 2412
26 3107
26 5581
26 16667
26 20250
26 21038
26 22035
26 22248
28 29
28 73
28 201
28 318
28 736
28 852
28 917
28 968
28 1640
28 1742
28 1990
28 2292
28 2412
28 3381
28 3910
28 4031
28 5270
28 5362
28 6429
28 6503
28 7334
28 8567
28 12444
28 12876
28 13016
28 13061
28 15474
28 15557
28 17414
28 17923
28 17955
28 19041
28 21291
28 21326
28 21706
28 22008
28 22011
28 22014
28 22081
28 22202
28 22225
28 22300
29 73
29 76
29 762
29 839
29 1792
29 2650
29 4116
29 4234
29 5215
29 5270
29 6160
29 6373
29 8363
29 11779
29 13016
29 14240
29 15474
29 16099
29 22280
37 47
37 21805
40 21833
41 15067
42 76
42 83
42 857
42 1198
42 1359
42 1365
42 1393
42 3392
42 3405
42 3910
42 4117
42 4187
42 4193
42 4536
42 4589
42 4839
42 5362
42 5366
42 6189
42 6203
42 6373
42 6429
42 7443
42 8197
42 8411
42 8955
42 9245
42 9649
42 10068
42 10198
42 11103
42 12358
42 14906
42 15453
42 15675
42 18551
42 22015
42 22035
42 22075
42 22104
42 22204
42 22240
46 88
46 903
46 2528
47 22098
48 76
48 1774
48 4234
48 5468
48 5658
48 12525
56 13162
59 1235
60 903
60 4135
60 22121
60 22131
70 6498
70 12644
70 17730
73 839
73 1235
73 1540
73 1792
73 2529
73 2845
73 5468
73 5658
73 6124
73 8298
73 10429
73 11340
73 13240
73 15875
73 15982
73 16984
73 17587
73 19116
73 21821
74 76
74 3030
74 8363
75 1636
76 95
76 138
76 158
76 372
76 432
76 467
76 577
76 621
76 730
76 762
76 963
76 1065
76 1365
76 1413
76 1726
76 1787
76 1877
76 1990
76 2399
76 2412
76 3030
76 3158
76 3313
76 3785
76 4117
76 4216
76 4234
76 5141
76 6373
76 6429
76 6434
76 6503
76 6596
76 7334
76 8197
76 8363
76 9323
76 9427
76 9809
76 10040
76 11061
76 11066
76 12245
76 12252
76 12444
76 13280
76 13514
76 13686
76 15299
76 15302
76 15557
76 16099
76 16182
76 16554
76 16729
76 16770
76 16830
76 17923
76 18271
76 18809
76 20674
76 20750
76 20873
76 21221
76 21291
76 21497
76 21502
76 21604
76 21622
76 21666
76 21798
76 21811
76 21834
76 21837
76 21846
76 21877
76 21895
76 21914
76 21936
76 21979
76 22015
79 1600
80 1058
80 21893
83 2762
83 2816
83 5065
83 5874
83 9444
83 14677
83 17244
83 18109
83 22045
84 1792
88 97
88 678
88 968
88 1302
88 3984
88 5270
88 10706
88 16232
88 18862
88 20437
95 383
95 621
95 641
95 2930
95 11943
95 15039
95 15906
97 857
97 1481
97 1742
97 2062
97 4392
97 4783
97 6498
97 6503
97 8298
97 11066
97 14856
97 17969
97 18862
97 18949
97 19363
97 19533
97 19972
97 20988
97 21511
97 21753
100 3315
100 16329
103 1972
108 190
108 253
108 1012
108 9122
108 10918
110 172
110 509
110 839
110 968
110 1264
110 1868
110 2324
110 3158
110 3592
110 4193
110 5373
110 6107
110 6503
110 9412
110 9676
110 11066
110 11751
110 12090
110 12643
110 13707
110 13922
110 15675
110 16206
110 17239
110 17958
110 18554
110 18862
110 18918
110 19121
110 19595
110 19627
110 19962
110 19970
110 20635
110 20912
110 21268
110 21408
110 21473
110 21718
110 21774
110 21800
110 21801
110 21811
110 21814
110 21876
110 21997
110 22064
110 22085
110 22107
110 22108
110 22214
110 22219
110 22250
110 22320
110 22329
115 383
115 4117
115 16017
115 22159
117 4193
118 16560
119 6984
122 4507
128 6984
128 19849
132 20036
133 5430
133 21382
133 21604
136 1973
138 762
138 1058
138 1256
138 1300
138 1640
138 1972
138 3329
138 3910
138 4193
138 4585
138 4589
138 4783
138 4838
138 5935
138 6124
138 6503
138 9323
138 10918
138 13280
138 14856
138 16034
138 17088
138 18190
138 18628
138 19606
138 21319
138 21726
138 21782
138 21801
138 21895
138 21923
138 21927
138 22161
138 22202
138 22217
138 22235
138 22325
141 22114
149 1633
151 13328
151 15549
151 16984
153 536
153 963
153 1185
153 1374
153 2111
153 2169
153 2762
153 2868
153 3910
153 5041
153 5362
153 6203
153 7839
153 9423
153 11078
153 11587
153 15311
153 16017
153 20388
153 21092
153 21825
153 21832
153 21956
154 536
154 1359
156 1058
156 1917
158 531
158 736
158 886
158 917
158 1065
158 1144
158 1413
158 1515
158 2650
158 2762
158 2934
158 5215
158 5329
158 5430
158 6189
158 8666
158 9462
158 9851
158 9888
158 10513
158 11214
158 11228
158 11779
158 14657
158 14677
158 15837
158 16327
158 16617
158 16716
158 17866
158 18109
158 18602
158 19849
158 20357
158 20753
158 20972
158 21604
158 21622
158 21799
158 21808
158 21837
158 21845
158 21849
158 21874
158 21894
158 21936
158 22147
158 22171
158 22292
162 163
162 2118
162 3799
162 6596
162 7071
163 1917
163 5501
168 1636
172 3592
172 4216
172 8197
172 15453
172 15804
172 20994
172 22023
184 5478
184 10314
184 21902
186 762
186 2045
186 15299
186 19041
190 21967
196 618
196 634
196 1640
196 1763
196 1972
196 3984
196 6203
196 6434
196 7443
196 11347
196 13280
196 13465
196 14955
196 15067
196 15474
196 16716
196 20435
196 20437
196 22324
199 15299
201 1794
201 3030
201 4234
201 5690
201 6429
201 11587
201 21280
204 12358
206 20994
218 6203
218 11203
218 20151
226 17923
246 19153
249 15315
253 11961
253 15113
258 383
258 839
258 1198
258 1606
258 1763
258 2583
258 3984
258 4507
258 5119
258 5362
258 6203
258 6429
258 8197
258 8750
258 9152
258 10068
258 10641
258 10869
258 11051
258 14906
258 14983
258 15067
258 15549
258 16327
258 17955
258 18908
258 19113
258 20151
258 21262
258 21782
258 21831
258 21845
258 21848
258 21856
258 21891
258 22084
259 2762
259 7708
280 4382
280 8409
280 10061
280 16327
280 16770
280 19720
284 2902
284 4860
286 2284
290 963
290 17730
295 16099
298 15039
298 21878
302 411
304 4507
304 5366
304 5616
304 6429
304 8197
304 8752
304 11751
304 18122
304 20220
304 20346
304 21604
304 21808
304 21826
304 21846
304 21872
304 21952
311 15683
315 5652
315 6429
315 9425
315 11340
315 14903
315 19720
315 20437
315 20991
315 21797
315 21914
315 22009
318 1514
318 15113
318 20921
318 21121
318 21382
354 16220
370 5394
370 11273
370 16327
370 22282
372 3787
372 5816
372 19116
374 16716
374 19189
383 2582
383 2762
383 6503
383 10068
383 11062
383 14906
383 15324
383 21262
383 21864
383 22226
383 22262
385 762
385 4092
385 21852
405 573
405 2600
405 15875
408 762
410 21843
411 1868
411 2319
412 531
412 1002
412 1333
412 2124
412 3239
412 3461
412 3910
412 4746
412 4949
412 5366
412 10117
412 11103
412 19241
412 20151
412 20413
412 20807
412 21816
412 21832
412 22048
412 22198
412 22204
412 22237
412 22259
412 22270
412 22280
412 22288
413 18779
432 1206
432 15299
432 21895
433 21676
434 2762
434 8567
436 577
439 3453
440 5065
442 2739
442 22117
444 1657
444 18135
444 21389
451 20565
453 4390
455 1115
455 2256
455 15067
455 17322
455 18109
455 22116
460 13240
461 839
461 2582
461 3368
461 5935
461 21328
467 12358
467 15557
467 22211
490 2694
502 1365
503 4179
505 3030
505 12358
505 17435
505 22122
506 2868
506 8478
509 8197
515 1185
519 730
519 1361
519 2284
519 2762
519 9158
524 1990
524 5468
524 16099
526 11544
528 1058
528 2583
528 6351
528 11062
531 613
531 881
531 2919
531 5119
531 7093
531 8197
531 9789
531 12531
531 14900
531 14948
531 17196
531 20332
531 21879
531 22303
536 1812
536 2284
536 4117
536 6160
536 6224
536 11103
536 15505
536 19241
536 21112
536 22041
539 1255
539 1359
539 3239
546 647
546 2762
546 5172
546 11214
546 13686
546 17969
546 20873
546 21745
546 22198
549 2366
549 7855
549 19422
556 21810
572 6448
572 21993
573 839
573 968
573 11299
573 22320
577 618
577 730
577 762
577 1854
577 2284
577 2724
577 2762
577 3986
577 8197
577 8608
577 10273
577 15720
577 18749
577 19873
577 21661
577 21906
577 21983
577 22027
577 22127
602 3381
602 4242
610 821
610 1058
610 4059
610 7399
610 10273
610 11347
610 20663
610 21914
610 21966
611 17498
613 2762
613 3910
613 5900
613 16103
613 22274
618 730
618 1774
618 1825
618 2284
618 5065
618 7391
618 10336
618 12358
618 19873
618 21545
618 21832
618 21892
618 22021
618 22231
618 22266
620 17682
621 699
621 963
621 2284
621 3648
621 6503
621 8298
621 9587
621 10040
621 14677
621 15906
621 18949
621 20972
621 21318
634 1792
634 2839
634 5119
634 16560
636 686
641 3910
641 4092
641 4507
641 14677
641 16716
641 20462
641 21868
641 22228
641 22288
644 17866
647 881
647 1058
647 22108
659 1122
659 1972
659 14970
659 16592
659 18607
659 19546
659 21921
659 22042
669 19849
671 7133
682 960
682 11214
682 16206
686 2522
686 2956
686 6189
686 14753
686 14906
698 762
699 2583
712 9323
726 1125
729 963
729 1540
729 16770
729 18681
729 20685
729 20873
729 21802
729 21819
729 22012
729 22194
730 5272
730 7290
730 7391
730 8197
730 11821
730 14906
730 15720
730 20989
730 21938
736 1144
736 1917
736 3910
736 6189
736 11779
736 17866
736 17955
736 21604
736 22033
736 22245
736 22299
736 22305
760 9483
762 852
762 897
762 1198
762 1256
762 1636
762 1640
762 2111
762 2762
762 3313
762 3368
762 3380
762 3910
762 3984
762 4838
762 5270
762 5692
762 5720
762 5935
762 6498
762 6596
762 6947
762 7290
762 7991
762 9309
762 9428
762 9888
762 10040
762 10918
762 12444
762 14677
762 14903
762 17427
762 17923
762 17929
762 18779
762 19292
762 20058
762 20388
762 21364
762 21726
762 21800
762 21815
762 21895
762 21992
762 22079
762 22103
762 22264
762 22266
762 22297
773 3030
773 19874
773 21865
774 3910
774 4048
774 4092
774 6779
774 11103
774 17216
781 18995
796 22202
801 19356
823 10789
836 1854
836 15184
837 5929
837 9152
837 21845
837 21953
837 22125
837 22137
837 22171
837 22178
837 22283
837 22307
837 22309
839 968
839 1057
839 1413
839 2307
839 2650
839 2770
839 3541
839 5021
839 5929
839 8197
839 10198
839 15453
839 16664
839 16984
839 18687
839 18865
839 20376
839 21795
839 22231
839 22320
852 1185
852 1256
852 1365
852 1392
852 1990
852 2177
852 2488
852 2529
852 2670
852 2756
852 2783
852 2868
852 3313
852 3707
852 3910
852 4846
852 5089
852 5690
852 5720
852 5935
852 6947
852 9309
852 11679
852 12962
852 13157
852 17955
852 18190
852 20442
852 20740
852 20750
852 20989
852 21073
852 21221
852 21642
852 21820
852 21830
852 21840
852 21854
852 21944
852 21965
852 22067
852 22216
852 22218
852 22257
852 22265
879 8119
879 10399
879 14955
881 2762
881 5362
881 10068
881 11103
881 11214
881 13686
881 14477
881 14906
881 15557
881 16099
881 16120
881 17730
881 18274
881 19518
881 21855
881 22089
881 22119
881 22170
881 22326
882 2650
882 13735
882 16770
891 2437
891 3799
891 16943
891 20159
897 1572
897 2284
897 6434
897 6498
897 6503
897 12462
897 16716
897 16770
897 21260
897 21897
904 3764
904 12844
904 21895
904 22278
917 6448
917 11779
917 20510
921 968
921 18539
948 3041
948 7790
954 9423
960 2388
960 6429
960 10966
963 2868
963 8567
963 20250
963 21265
963 21895
968 1742
968 5270
968 6498
968 8197
968 9671
968 10293
968 15804
968 16220
968 22063
968 22213
1002 3984
1002 6988
1002 21319
1002 21968
1005 16894
1006 2019
1006 2956
1006 6779
1006 16946
1006 19587
1015 5935
1023 16099
1039 22184
1041 5065
1041 12222
1041 15108
1057 1365
1057 5021
1057 8197
1057 11214
1057 12444
1057 18038
1057 20807
1057 22027
1058 1198
1058 1200
1058 1252
1058 1365
1058 1422
1058 1929
1058 2545
1058 10520
1058 11779
1058 16364
1058 17172
1058 17867
1058 20151
1058 21262
1058 22108
1058 22186
1058 22217
1060 11575
1060 22108
1060 22227
1065 3910
1065 4536
1065 4858
1065 5065
1065 5272
1065 5935
1065 6429
1065 8197
1065 12876
1065 15987
1065 16592
1065 21642
1070 6817
1075 3177
1091 21857
1106 1144
1106 1333
1106 2943
1106 4746
1106 6009
1106 11103
1106 14677
1106 15299
1106 19621
1106 20807
1106 21701
1106 22087
1106 22204
1115 15067
1115 15309
1115 15683
1115 16212
1115 16327
1115 19420
1115 20442
1115 20753
1115 21732
1115 21870
1115 22116
1126 22189
1141 22110
1144 1365
1144 1745
1144 1972
1144 3381
1144 5100
1144 5386
1144 8472
1144 9152
1144 11844
1144 13735
1144 13825
1144 14610
1144 15241
1144 15981
1144 16364
1144 17322
1144 20159
1144 20435
1144 20707
1144 21472
1144 21502
1144 21770
1144 21859
1144 21917
1144 21980
1144 22022
1144 22163
1144 22217
1144 22237
1144 22247
1144 22298
1144 22322
1148 15505
1169 16511
1185 1256
1185 2529
1185 3023
1185 3313
1185 3910
1185 5089
1185 5690
1185 6947
1185 7839
1185 9257
1185 11544
1185 11679
1185 16753
1185 17853
1185 19507
1185 20976
1185 21748
1185 22061
1198 1657
1198 2111
1198 2284
1198 2313
1198 2512
1198 2783
1198 3799
1198 4011
1198 4234
1198 5065
1198 5362
1198 6448
1198 6619
1198 9152
1198 9168
1198 9299
1198 12245
1198 13825
1198 14631
1198 17955
1200 21796
1206 15483
1206 20976
1206 22062
1232 21863
1255 2158
1255 2816
1255 17151
1255 18539
1255 21909
1256 1365
1256 3313
1256 3707
1256 5935
1256 6947
1256 9168
1256 12379
1256 12672
1256 21889
1256 22153
1264 2324
1268 3110
1269 19126
1278 2762
1278 7391
1278 8119
1278 16586
1302 8363
1333 1365
1333 2770
1359 1636
1359 3329
1359 5430
1359 7516
1359 9888
1359 17027
1359 17730
1359 21879
1359 21889
1359 21986
1359 22066
1359 22117
1361 2095
1361 2762
1361 3910
1361 4589
1361 8981
1361 9158
1361 12059
1361 13280
1361 15067
1361 16297
1361 17624
1361 18198
1361 20346
1361 20912
1361 21262
1361 21521
1361 21808
1361 21810
1361 21879
1361 21895
1361 21990
1361 22175
1361 22280
1365 1636
1365 1917
1365 1972
1365 2670
1365 2770
1365 3253
1365 4771
1365 6779
1365 8124
1365 10117
1365 12962
1365 18109
1365 20740
1365 21895
1365 21948
1365 22168
1365 22231
1365 22280
1369 3368
1369 15783
1369 18466
1369 22055
1370 5065
1370 5366
1370 8446
1370 11344
1370 18413
1375 8197
1390 7290
1390 8093
1390 9313
1390 10068
1390 17853
1392 2095
1392 3910
1392 4382
1392 4822
1392 6503
1392 7792
1392 11078
1392 11214
1392 12620
1392 15302
1392 15311
1392 15557
1392 18602
1392 18750
1392 20435
1392 20446
1392 21800
1392 21832
1392 22035
1392 22137
1392 22217
1392 22262
1392 22280
1392 22292
1392 22325
1393 1640
1393 1883
1393 2762
1393 4117
1393 4589
1393 4949
1393 5125
1393 7534
1393 12358
1393 14906
1393 15505
1393 15557
1393 16716
1393 16770
1393 17427
1393 17432
1393 18122
1393 18637
1393 18908
1393 19681
1393 20151
1393 21831
1393 21943
1393 22075
1393 22161
1393 22217
1395 16033
1407 9888
1413 2582
1413 2868
1413 2912
1413 4188
1413 4589
1413 5065
1413 5215
1413 5267
1413 5430
1413 5649
1413 5822
1413 7290
1413 10068
1413 10420
1413 11078
1413 13943
1413 14165
1413 15494
1413 17867
1413 18038
1413 18109
1413 21800
1413 21926
1413 22033
1413 22040
1413 22097
1413 22188
1422 4809
1422 15299
1451 16099
1476 22241
1514 8119
1514 20921
1514 21862
1515 5265
1521 18961
1539 12444
1539 21808
1540 2434
1540 3171
1540 14165
1540 15505
1540 22045
1540 22097
1540 22117
1551 21850
1565 22302
1593 5935
1604 5938
1604 17955
1606 3984
1612 2762
1612 22153
1622 9423
1625 12008
1625 12358
1628 1922
1632 3764
1633 2845
1633 5270
1636 1640
1636 1883
1636 1923
1636 2669
1636 3239
1636 3896
1636 4193
1636 5119
1636 5179
1636 5430
1636 5846
1636 8124
1636 8451
1636 10273
1636 12358
1636 15113
1636 15240
1636 16327
1636 16904
1636 17027
1636 18109
1636 18736
1636 19271
1636 19307
1636 19681
1636 19860
1636 20151
1636 20346
1636 21092
1636 21815
1636 21831
1636 21873
1636 21959
1636 21971
1636 22145
1636 22191
1636 22204
1636 22207
1636 22265
1636 22268
1636 22279
1636 22280
1640 2102
1640 2650
1640 2762
1640 3405
1640 4117
1640 5966
1640 6373
1640 9152
1640 11184
1640 21967
1655 2598
1657 2783
1657 5065
1657 5362
1657 7851
1657 9323
1657 11340
1657 18344
1657 21389
1657 21946
1657 22157
1687 5362
1687 19893
1691 10918
1691 14677
1691 19607
1709 14677
1709 18862
1717 3707
1726 1917
1726 2204
1726 6596
1726 18865
1732 1737
1737 21806
1742 3648
1742 4031
1742 8363
1742 9809
1742 9851
1742 19970
1742 21121
1749 16099
1751 19116
1763 2762
1763 3984
1763 14677
1763 18794
1763 21364
1763 21472
1763 21797
1763 22096
1763 22146
1763 22163
1774 2284
1774 5065
1774 9323
1774 21996
1779 14613
1779 15557
1786 16099
1787 2128
1787 13294
1788 3166
1788 6503
1788 8688
1788 16904
1792 6498
1792 22111
1794 4822
1794 6429
1794 15557
1794 19189
1794 21025
1794 21964
1798 4493
1798 6429
1798 6619
1804 3592
1807 15720
1818 1972
1818 6503
1818 15875
1818 21462
1819 11943
1819 14903
1819 14906
1824 15474
1824 21811
1825 6429
1825 6503
1831 5362
1831 15709
1831 16770
1831 22017
1836 20481
1857 22011
1861 6448
1868 1971
1868 5373
1868 21774
1869 4092
1875 13514
1877 5143
1877 11587
1877 15211
1877 15557
1877 20958
1877 22030
1877 22101
1877 22236
1879 2437
1879 3158
1879 5009
1879 6596
1879 8411
1879 8567
1879 16327
1879 17629
1879 20912
1879 22030
1883 13061
1883 14906
1917 2102
1917 3107
1917 3405
1917 3787
1917 5215
1917 6373
1917 6429
1917 6619
1917 7006
1917 8712
1917 9152
1917 13128
1917 16102
1917 16223
1917 17185
1917 17656
1917 20487
1917 21038
1917 21837
1917 22198
1917 22224
1917 22273
1917 22291
1922 4589
1922 5720
1922 6896
1922 10869
1922 19915
1922 21777
1922 21788
1923 2957
1923 3239
1928 6817
1941 6124
1968 15929
1971 2406
1971 19962
1971 22023
1972 2762
1972 3799
1972 3984
1972 4187
1972 5272
1972 6503
1972 6594
1972 7290
1972 12009
1972 13280
1972 17420
1972 19116
1972 21809
1972 21979
1972 22028
1972 22037
1972 22156
1973 3799
1973 15039
1985 3910
1990 2321
1990 2529
1990 5141
1990 5270
1990 6429
1990 8272
1990 9309
1990 20750
1990 21221
1990 21830
1995 5012
1995 5468
1995 17692
1996 5009
2012 22169
2019 2770
2019 2956
2019 7741
2019 17969
2019 21981
2019 22191
2027 10206
2027 11299
2027 15453
2027 20994
2027 21604
2057 3313
2057 16984
2057 22133
2062 5468
2062 21961
2064 4860
2081 21913
2086 10203
2095 2762
2095 2957
2095 2974
2095 3707
2095 3893
2095 3910
2095 4141
2095 5430
2095 6429
2095 6548
2095 8197
2095 11214
2095 12070
2095 12876
2095 13280
2095 14906
2095 14948
2095 15472
2095 17955
2095 20159
2095 20989
2095 21221
2095 21727
2095 22051
2102 7311
2102 21291
2102 22209
2107 21858
2111 2118
2111 2650
2118 4135
2118 9412
2118 19962
2118 19970
2122 5012
2122 10420
2122 19121
2122 21666
2122 22055
2150 21968
2156 2762
2156 3947
2158 2783
2158 12885
2158 13465
2158 21676
2169 17718
2169 19874
2192 2770
2192 8613
2197 22335
2199 21376
2199 22104
2204 15503
2204 21995
2223 2974
2223 3485
2223 3882
2223 3910
2223 5725
2223 8093
2223 8119
2223 9423
2223 10068
2223 10520
2223 11078
2223 13990
2223 16753
2223 17036
2223 18602
2223 19420
2223 19606
2223 20687
2223 21654
2223 21839
2223 21848
2223 21875
2223 21958
2223 22019
2223 22026
2223 22048
2223 22082
2223 22116
2223 22145
2223 22158
2223 22177
2223 22202
2223 22204
2223 22208
2223 22215
2223 22244
2223 22256
2254 2770
2256 2284
2256 2762
2256 2775
2256 2930
2256 4839
2256 5215
2256 11335
2256 13280
2256 17955
2256 21536
2256 21622
2256 21675
2256 21803
2256 21878
2256 21972
2256 22002
2256 22174
2256 22331
2268 15113
2284 2399
2284 2406
2284 2762
2284 3329
2284 3620
2284 4187
2284 4248
2284 4589
2284 6429
2284 6503
2284 7391
2284 8197
2284 9158
2284 9279
2284 9323
2284 10186
2284 10780
2284 13061
2284 14142
2284 14903
2284 15906
2284 16099
2284 16525
2284 18717
2284 19676
2284 19874
2284 19970
2284 21389
2284 21614
2284 21828
2284 21906
2284 21915
2286 3910
2286 6596
2286 12836
2286 21672
2286 21822
2292 2783
2292 3072
2292 4783
2292 10068
2292 15557
2307 4187
2307 6429
2307 7006
2307 8298
2307 21328
2313 12059
2313 15494
2313 21968
2313 22013
2324 3405
2324 8124
2324 14755
2324 15547
2324 15947
2324 21473
2324 21710
2324 21951
2324 22000
2324 22066
2324 22250
2324 22329
2333 2694
2336 3239
2336 18038
2369 21451
2374 21356
2389 4419
2389 6708
2389 17958
2389 21464
2390 21987
2399 2995
2399 5468
2412 2816
2412 5141
2412 6779
2412 8912
2412 15045
2412 15720
2412 16830
2428 3453
2428 4605
2437 6429
2437 6503
2437 10420
2451 3756
2455 2620
2472 3405
2488 21364
2488 21854
2489 11066
2489 21928
2492 13533
2522 3910
2522 11779
2522 15720
2522 21381
2529 2762
2529 3910
2529 5065
2529 5720
2529 6817
2529 8525
2529 9309
2529 19606
2529 22009
2529 22216
2534 3166
2534 3910
2534 5049
2534 5935
2534 6498
2534 11234
2534 13578
2534 19944
2534 21941
2581 16471
2582 4188
2582 5362
2582 13943
2582 19970
2582 21836
2583 5065
2583 5366
2583 5616
2583 8197
2583 10198
2583 11062
2583 11103
2583 12222
2583 13686
2583 15837
2583 16017
2583 17891
2583 18681
2583 19676
2583 20151
2583 21086
2583 22051
2583 22172
2583 22237
2583 22268
2617 10869
2617 15632
2617 21939
2617 22262
2646 16984
2650 3528
2650 5215
2650 5246
2650 5430
2650 5831
2650 11587
2650 14030
2650 14677
2650 18589
2650 18602
2650 18681
2650 18862
2650 20058
2650 22078
2650 22210
2650 22224
2669 2762
2669 3346
2669 4839
2669 22250
2670 6817
2670 17427
2670 22217
2692 3588
2692 15252
2692 21498
2692 22086
2692 22310
2694 3405
2694 4419
2694 5374
2694 16206
2694 22101
2705 10068
2724 2762
2729 20376
2730 3910
2730 7050
2730 14610
2730 17625
2739 7534
2739 21328
2748 3910
2748 3953
2748 10600
2748 21868
2756 3707
2756 6947
2756 8409
2756 9428
2756 11214
2756 18190
2762 3239
2762 3545
2762 3636
2762 3843
2762 3882
2762 3910
2762 3984
2762 4048
2762 4092
2762 4117
2762 4839
2762 5043
2762 5065
2762 5100
2762 5119
2762 6160
2762 6203
2762 6779
2762 7003
2762 7690
2762 8712
2762 8981
2762 9168
2762 9256
2762 10273
2762 10314
2762 11017
2762 11103
2762 11184
2762 11344
2762 12672
2762 13280
2762 13294
2762 14631
2762 14906
2762 15474
2762 15505
2762 16770
2762 17682
2762 17853
2762 18484
2762 18736
2762 20411
2762 20676
2762 20807
2762 20921
2762 20932
2762 20972
2762 21162
2762 21262
2762 21614
2762 21642
2762 21710
2762 21808
2762 21812
2762 21815
2762 21824
2762 21836
2762 21852
2762 21902
2762 22150
2762 22153
2762 22164
2762 22193
2762 22226
2762 22252
2762 22311
2767 13851
2767 20388
2767 20912
2770 5362
2770 11203
2770 11214
2770 12876
2770 15453
2771 9317
2771 22197
2775 9299
2783 2957
2783 5089
2783 6429
2783 6650
2783 9168
2783 14983
2783 15302
2783 15618
2783 21567
2783 21797
2783 21799
2783 21853
2783 21856
2783 21860
2783 22332
2784 4589
2786 11066
2786 12444
2786 19533
2786 21967
2795 4964
2795 16322
2795 21800
2795 21876
2809 6984
2816 4573
2816 12444
2816 16132
2816 21462
2825 3799
2825 5065
2845 5270
2845 9565
2845 10429
2845 15982
2845 22235
2868 5119
2882 4822
2882 21964
2912 3791
2919 21895
2930 3984
2930 6429
2930 9948
2930 15156
2930 15906
2934 10596
2950 21879
2956 8197
2956 19893
2956 21376
2957 4949
2957 10036
2957 12287
2957 14906
2957 21666
2974 9472
2974 15474
2995 20724
3030 5270
3030 5374
3030 8363
3030 15113
3030 19970
3030 20724
3030 21389
3030 21642
3041 9010
3041 17692
3041 21876
3065 15448
3072 18551
3072 21521
3072 22125
3100 4117
3107 6373
3107 6429
3107 17656
3107 20435
3107 20938
3123 15875
3125 7006
3154 18908
3158 3405
3158 11299
3158 16220
3158 20508
3158 21666
3158 21718
3158 22093
3166 5246
3166 6498
3166 17923
3166 21676
3166 21795
3166 21979
3166 22081
3166 22142
3166 22231
3169 8752
3171 15240
3171 20067
3177 22286
3183 3984
3183 17322
3195 17923
3226 5616
3226 15706
3226 20685
3234 3896
3239 3501
3239 4092
3239 4589
3239 5616
3239 5822
3239 6203
3239 8197
3239 12059
3239 12672
3239 12836
3239 14906
3239 15003
3239 17853
3239 17955
3239 19271
3239 20151
3239 20807
3239 21318
3239 21933
3239 21970
3239 22004
3239 22136
3239 22149
3253 5119
3313 4846
3313 5089
3313 5270
3313 5690
3313 6729
3313 6817
3313 6947
3313 7839
3313 8298
3313 8409
3313 9309
3313 9956
3313 11679
3313 16261
3313 17929
3313 20976
3313 21309
3313 21642
3313 21895
3313 21943
3313 22223
3315 21319
3322 14076
3328 5493
3329 5065
3329 13061
3329 14767
3346 3935
3346 6594
3346 11776
3361 10789
3368 15720
3368 20508
3368 22047
3380 5616
3380 13735
3380 15067
3381 5119
3381 11779
3381 14677
3381 17414
3381 21638
3392 6203
3405 4761
3405 6503
3405 9486
3405 14621
3405 15675
3405 16206
3405 16327
3405 17545
3405 17891
3405 18809
3405 19595
3405 21473
3405 21967
3405 21989
3405 22250
3405 22325
3441 21622
3447 6429
3447 16665
3456 4860
3461 16770
3474 21960
3484 9896
3484 12370
3484 20508
3484 21291
3484 21666
3484 21800
3484 22010
3487 6503
3487 15557
3487 22034
3501 22304
3515 6680
3528 5143
3528 18554
3528 18589
3545 6339
3545 7190
3545 10399
3545 22096
3587 22318
3592 4370
3592 8124
3592 9444
3592 15453
3592 17545
3605 18038
3608 21810
3624 5270
3636 15114
3636 16943
3636 17730
3636 21614
3636 22205
3636 22217
3643 9168
3648 8363
3648 16554
3648 22029
3692 6429
3692 18219
3693 14677
3707 3910
3707 4179
3707 4589
3707 5089
3707 5720
3707 6947
3707 7760
3707 11679
3707 12358
3707 13154
3707 13157
3707 15255
3707 18109
3707 21309
3707 21604
3707 21797
3707 21815
3707 22265
3727 12358
3727 14677
3727 16182
3727 21545
3744 16969
3744 21937
3748 16560
3749 22226
3756 6332
3764 3910
3764 6680
3764 7534
3764 21836
3787 5009
3787 22139
3799 4188
3799 4193
3799 4589
3799 4746
3799 5065
3799 6189
3799 13280
3799 15039
3799 15547
3799 16716
3799 17199
3799 19121
3799 19157
3799 19681
3799 20338
3799 20912
3799 21480
3799 21604
3799 21877
3799 21995
3799 22048
3799 22192
3799 22195
3843 19685
3843 21986
3865 11340
3867 14184
3882 4188
3882 9423
3882 9562
3882 10596
3882 19116
3882 21255
3882 21813
3882 21977
3882 22234
3882 22295
3896 5362
3910 4117
3910 4839
3910 5065
3910 5270
3910 5362
3910 5616
3910 5720
3910 6429
3910 6503
3910 6810
3910 6817
3910 7516
3910 7534
3910 8093
3910 8298
3910 9233
3910 9245
3910 9888
3910 10068
3910 10293
3910 11544
3910 11943
3910 12358
3910 12513
3910 12718
3910 12876
3910 13061
3910 14323
3910 14903
3910 15398
3910 15505
3910 16592
3910 16753
3910 16830
3910 17671
3910 17836
3910 18779
3910 21265
3910 21642
3910 21965
3910 22025
3935 21260
3951 20149
3963 5270
3984 4117
3984 4397
3984 7991
3984 10592
3984 13590
3984 14677
3984 15067
3984 15156
3984 15557
3984 16298
3984 16327
3984 16560
3984 18085
3984 20388
3984 21162
3984 21874
3984 21903
3984 21962
4000 4392
4011 14983
4011 15448
4011 17527
4011 22033
4031 4234
4031 5065
4031 8272
4031 9851
4031 10789
4031 15718
4031 16554
4031 17728
4031 19609
4031 19970
4031 21121
4031 21862
4031 22242
4059 7399
4092 4460
4092 4589
4092 8197
4092 9536
4092 10258
4092 13967
4092 14906
4092 15039
4092 17876
4092 19865
4092 19967
4092 20807
4092 21451
4092 21852
4092 21956
4092 22217
4092 22238
4092 22259
4092 22262
4092 22280
4113 7186
4117 5362
4117 5430
4117 6203
4117 6429
4117 6680
4117 7534
4117 14677
4117 15324
4117 18190
4117 20972
4117 21796
4117 21806
4117 21832
4135 6503
4135 15720
4135 16525
4135 20685
4138 14948
4140 19606
4157 10420
4159 12922
4171 8043
4177 21546
4179 5065
4187 5065
4187 5119
4187 5329
4187 6779
4187 7839
4187 12059
4187 13838
4187 15003
4187 15067
4187 15252
4187 15453
4187 15852
4187 16632
4187 17955
4187 20151
4187 21782
4187 21910
4187 21953
4187 21988
4187 22035
4187 22283
4188 4536
4193 4727
4193 5125
4193 5362
4193 7516
4193 8197
4193 15505
4193 17814
4193 18466
4193 21838
4200 21745
4216 5272
4216 21221
4216 21291
4231 8197
4234 5141
4234 5468
4234 6650
4234 11779
4234 11912
4234 12525
4234 19422
4234 19970
4234 21833
4234 21835
4234 21963
4242 22178
4248 21370
4248 21986
4339 5615
4339 6203
4339 22133
4368 5720
4368 18190
4370 13276
4382 10869
4382 16033
4382 16333
4382 17891
4382 20442
4382 21445
4382 21614
4384 5065
4384 6429
4384 22095
4390 11779
4392 6503
4392 10780
4392 13016
4392 16825
4392 22038
4397 4746
4397 4822
4397 14677
4397 21711
4397 22154
4419 6708
4419 11066
4419 19595
4448 10293
4460 14906
4465 5373
4469 21947
4488 21381
4499 6431
4507 12059
4507 16770
4507 20427
4507 21104
4507 21298
4523 5652
4536 4822
4536 6429
4536 8068
4536 8608
4536 9444
4536 14677
4536 14906
4536 15720
4536 19189
4536 19518
4536 19849
4536 19886
4536 20016
4536 20558
4536 21221
4536 21318
4536 21545
4536 21832
4536 21888
4536 21934
4536 21964
4536 22044
4536 22227
4536 22249
4536 22266
4536 22296
4546 14007
4546 20938
4577 13280
4589 4839
4589 5430
4589 6203
4589 6351
4589 6429
4589 6779
4589 11340
4589 11751
4589 12672
4589 13061
4589 13967
4589 15240
4589 22200
4650 22196
4652 10117
4702 21899
4727 7516
4727 21770
4729 13061
4731 17866
4734 21801
4741 6779
4746 6596
4749 18708
4749 21879
4765 17958
4765 22203
4771 20151
4771 20750
4783 4822
4783 6503
4783 9412
4783 20988
4783 21778
4783 21894
4783 21923
4783 22053
4822 6429
4822 8411
4822 8608
4822 20134
4838 22280
4839 5929
4839 7534
4839 9586
4839 11017
4839 13686
4839 14303
4839 14948
4839 15240
4839 18551
4839 18717
4839 20151
4839 21788
4839 21810
4839 21896
4839 21977
4839 22052
4839 22217
4839 22226
4839 22280
4846 5089
4846 5430
4855 21760
4860 5215
4860 8068
4860 13967
4860 14677
4860 15039
4866 22188
4866 22288
4878 6984
4924 14621
4924 15156
4924 17713
4924 19968
4924 20509
4924 21780
4924 21781
4924 21861
4924 21954
4924 22007
4924 22080
4924 22212
4924 22244
4942 21758
4949 5366
4949 5822
4949 6189
4949 11103
4949 17322
4949 21622
4956 6945
4964 21876
4981 19445
4981 22289
5007 7107
5007 10258
5007 22051
5009 6429
5009 14677
5009 17718
5009 18768
5012 17692
5012 19962
5012 20220
5012 22153
5012 22204
5018 9152
5021 6189
5021 12444
5021 22025
5049 14381
5065 5366
5065 6429
5065 6448
5065 6779
5065 7399
5065 8068
5065 8124
5065 8197
5065 9323
5065 10268
5065 11017
5065 11963
5065 12125
5065 15003
5065 15675
5065 16099
5065 18056
5065 18274
5065 18413
5065 19873
5065 20351
5065 20388
5065 20788
5065 21086
5065 21318
5065 21498
5065 21614
5065 21661
5065 21836
5065 21845
5065 21878
5065 21879
5065 21880
5065 21886
5065 21906
5065 21920
5065 21950
5065 21953
5065 21975
5065 21999
5065 22072
5065 22092
5065 22162
5089 5690
5089 6429
5089 6947
5089 14323
5089 16436
5089 16615
5089 21726
5089 22099
5089 22118
5100 5430
5100 9888
5100 13280
5100 17135
5100 19116
5107 7534
5107 13162
5119 5215
5119 5550
5119 5929
5119 6063
5119 6332
5119 6448
5119 9321
5119 11340
5119 11529
5119 12644
5119 14030
5119 14631
5119 14677
5119 15549
5119 16327
5119 17177
5119 17427
5119 17890
5119 17955
5119 19229
5119 19292
5119 20159
5119 20604
5119 20971
5119 21770
5119 21782
5119 21845
5119 21853
5119 21895
5119 21956
5119 21984
5119 22143
5119 22151
5119 22164
5119 22192
5119 22280
5119 22298
5119 22313
5119 22325
5119 22330
5125 5362
5125 6429
5125 13298
5125 15553
5125 16332
5125 21951
5141 5270
5141 12620
5141 19970
5141 21760
5143 12342
5143 13922
5144 21265
5159 7006
5159 16513
5159 20576
5159 21170
5172 11214
5215 9565
5215 11340
5215 14677
5215 16099
5215 16729
5215 17542
5215 19518
5215 20971
5261 17955
5265 9789
5265 21973
5267 15675
5267 22108
5270 5720
5270 6124
5270 8298
5270 9888
5270 17929
5270 18862
5270 19533
5270 20382
5270 20437
5270 20674
5270 21280
5270 21382
5270 21511
5270 21786
5270 21834
5270 21923
5270 22300
5270 22301
5272 13686
5272 20576
5272 21038
5272 21604
5272 21814
5272 21943
5272 22253
5308 21779
5329 10347
5329 16349
5329 22284
5362 5649
5362 6189
5362 6448
5362 6596
5362 6862
5362 7839
5362 8197
5362 9789
5362 11203
5362 11214
5362 11751
5362 12836
5362 13298
5362 13825
5362 13943
5362 14753
5362 15067
5362 15287
5362 15453
5362 15494
5362 15505
5362 15553
5362 15557
5362 16017
5362 16894
5362 17015
5362 17955
5362 18122
5362 18551
5362 18602
5362 18908
5362 19121
5362 19271
5362 20151
5362 20411
5362 21376
5362 21782
5362 21877
5362 22001
5362 22040
5362 22069
5362 22150
5362 22161
5362 22230
5362 22254
5362 22280
5366 5929
5366 6224
5366 7534
5366 9896
5366 13825
5366 14753
5366 16034
5366 17027
5366 20151
5366 20765
5366 21822
5366 22095
5366 22204
5373 22101
5374 12245
5374 16984
5382 7302
5386 11779
5386 19116
5394 16560
5430 8712
5430 9888
5430 17955
5430 18038
5433 9948
5441 22321
5468 6503
5468 7290
5468 9809
5468 9977
5468 11066
5468 12444
5468 13061
5468 15720
5468 18809
5468 19533
5468 20058
5468 21511
5468 21900
5468 21963
5468 21967
5468 22045
5468 22081
5471 11963
5471 21905
5471 22261
5479 11779
5493 7534
5501 8472
5501 11779
5501 20338
5550 6503
5550 8043
5550 14653
5550 18498
5550 18725
5550 21895
5550 21929
5550 22124
5554 21062
5560 5593
5560 8124
5581 9299
5596 8752
5615 22161
5615 22312
5615 22328
5616 5649
5616 6429
5616 17027
5616 19241
5616 20151
5616 21790
5616 22136
5616 22230
5637 22126
5649 6779
5649 11779
5649 22144
5649 22230
5652 6373
5652 14610
5652 14955
5652 16586
5652 16700
5652 18539
5652 20808
5652 21844
5672 21779
5672 22211
5690 11544
5690 12876
5692 9423
5692 16327
5706 17682
5706 22207
5720 6817
5720 7540
5720 11214
5720 14906
5720 17007
5720 17929
5720 18109
5720 18190
5720 19606
5720 19681
5720 20740
5720 20912
5720 21854
5720 21952
5720 22174
5739 6984
5773 16694
5816 7071
5816 21867
5816 22072
5822 9245
5822 15720
5822 21568
5822 21818
5831 6680
5831 8974
5831 21933
5831 22036
5833 21824
5838 22246
5846 10258
5846 15505
5846 21951
5859 8093
5859 14677
5929 17955
5929 21062
5929 22096
5935 20058
5935 21945
5935 22117
5938 17244
5938 21906
5938 21915
5938 21983
5938 22065
5938 22325
5966 16270
6009 8099
6009 17378
6034 8752
6034 13686
6034 16120
6124 9122
6124 17587
6124 19116
6160 6503
6189 6448
6189 15016
6189 15079
6189 18470
6189 20151
6203 6434
6203 6779
6203 8974
6203 9168
6203 10520
6203 10869
6203 11340
6203 11844
6203 14903
6203 14906
6203 15039
6203 15549
6203 16327
6203 16471
6203 16700
6203 17713
6203 17890
6203 17955
6203 19271
6203 20151
6203 20159
6203 20199
6203 20663
6203 20848
6203 21092
6203 21318
6203 21675
6203 21782
6203 21845
6203 21848
6203 21879
6203 21881
6203 21883
6203 21896
6203 21942
6203 21949
6203 21950
6203 21953
6203 21959
6203 21970
6203 22048
6203 22072
6203 22086
6203 22105
6203 22153
6203 22161
6203 22172
6203 22204
6203 22309
6225 11103
6225 20472
6225 20853
6332 6429
6332 14906
6332 19116
6332 22285
6339 7190
6339 16051
6339 20921
6351 6817
6351 22155
6373 10198
6373 13361
6373 15113
6373 16327
6373 16445
6373 16560
6373 17730
6373 18484
6373 19685
6373 20376
6373 20435
6373 20663
6373 21744
6373 21783
6373 21787
6373 21901
6373 21992
6373 22054
6373 22078
6373 22109
6373 22211
6392 18606
6429 6503
6429 6596
6429 6680
6429 7391
6429 7399
6429 8068
6429 8197
6429 8567
6429 8608
6429 8712
6429 9152
6429 10036
6429 10293
6429 10596
6429 10966
6429 11214
6429 11343
6429 11575
6429 12070
6429 12358
6429 13514
6429 14677
6429 15557
6429 15675
6429 15720
6429 15906
6429 16182
6429 16327
6429 16665
6429 17629
6429 18219
6429 19189
6429 19292
6429 19518
6429 19873
6429 19972
6429 20016
6429 20388
6429 20724
6429 20921
6429 20968
6429 21086
6429 21221
6429 21291
6429 21545
6429 21604
6429 21790
6429 21828
6429 21892
6429 21931
6429 21936
6429 22025
6429 22100
6429 22120
6429 22134
6429 22140
6429 22161
6429 22173
6429 22202
6429 22258
6429 22266
6434 7947
6434 9168
6434 9323
6434 15698
6434 16843
6434 17635
6448 7792
6448 8712
6448 10789
6448 11299
6448 11779
6448 13590
6448 15302
6448 15553
6448 16716
6448 17177
6448 19893
6448 20338
6448 20697
6448 20808
6448 21797
6448 21886
6448 21888
6448 21962
6448 22116
6448 22248
6448 22255
6448 22271
6448 22276
6498 16511
6498 21963
6500 22157
6503 7290
6503 8197
6503 9407
6503 9444
6503 10293
6503 10336
6503 12125
6503 12245
6503 15720
6503 16753
6503 16993
6503 17923
6503 21382
6576 20750
6596 8043
6596 8068
6596 11214
6596 11575
6596 12836
6596 13514
6596 14753
6596 15557
6596 17867
6596 19518
6596 21038
6596 21832
6596 21867
6596 21970
6596 22044
6596 22227
6619 16716
6624 21859
6629 6779
6629 19595
6629 20994
6678 21862
6698 21953
6729 8409
6768 14165
6779 6950
6779 8197
6779 9152
6779 10789
6779 11504
6779 11751
6779 12424
6779 14165
6779 14789
6779 15067
6779 15553
6779 16103
6779 17027
6779 20151
6779 21025
6779 21376
6779 21480
6779 22048
6779 22074
6779 22102
6779 22117
6779 22162
6779 22219
6784 19627
6784 20994
6800 17929
6810 18551
6810 20151
6810 22204
6817 8473
6817 18736
6817 20229
6817 21085
6817 22009
6817 22153
6817 22158
6817 22202
6817 22257
6860 22211
6867 15113
6867 22151
6867 22165
6917 16212
6917 16327
6945 8298
6945 18681
6945 20707
6947 10068
6947 21854
6950 20411
6978 21604
6984 15299
6988 15875
7000 15547
7000 19292
7000 22105
7003 9168
7043 9475
7071 18466
7097 18862
7107 17955
7109 13735
7147 21642
7156 21776
7186 19629
7226 15549
7230 17929
7266 8608
7266 19849
7290 9985
7290 14631
7290 14906
7290 15108
7290 19292
7290 21221
7290 21545
7290 21996
7290 22305
7327 11048
7327 14030
7329 16770
7391 7826
7399 10347
7399 18589
7399 20921
7399 21169
7399 21884
7443 17955
7487 8197
7516 17891
7516 22117
7526 17322
7534 9629
7534 12873
7534 13514
7534 18190
7534 21836
7540 18190
7540 21952
7647 15839
7647 20676
7647 20955
7647 21916
7658 19970
7674 21970
7690 14948
7690 22174
7741 15720
7741 21822
7749 21502
7749 21770
7749 22054
7784 17955
7801 20411
7839 7953
7839 17955
7839 18928
7839 20976
7839 21782
7855 21672
7855 22222
7867 22202
7947 13276
7947 13686
7991 17378
7991 21502
7991 22057
8043 21038
8055 12643
8061 8119
8067 17891
8068 14677
8068 15941
8093 16753
8093 21642
8093 22099
8119 11184
8119 11580
8119 20702
8124 9896
8124 11751
8124 17027
8124 21666
8124 22023
8124 22250
8124 22319
8137 14709
8197 8712
8197 10869
8197 11912
8197 12125
8197 12319
8197 12953
8197 13465
8197 13943
8197 14653
8197 15875
8197 15921
8197 16563
8197 16717
8197 17955
8197 17958
8197 18190
8197 18551
8197 18554
8197 20151
8197 20220
8197 20988
8197 21262
8197 21522
8197 21666
8197 21672
8197 21782
8197 21886
8197 22237
8197 22239
8197 22240
8197 22250
8197 22280
8197 22281
8197 22291
8197 22319
8208 10068
8281 19298
8298 9818
8298 14699
8298 15618
8298 18260
8298 21382
8370 22167
8409 16261
8409 16615
8409 21309
8411 21706
8411 22308
8413 19970
8446 22117
8451 12358
8472 20228
8494 22176
8515 16993
8567 9152
8567 9888
8567 11214
8567 11779
8608 9368
8608 10293
8608 12358
8608 16592
8608 19189
8608 19849
8613 19962
8688 21121
8691 11214
8712 11078
8712 16513
8712 19970
8712 20638
8712 21890
8712 22046
8729 13578
8735 22187
8912 19598
8981 17145
8981 22267
8981 22309
9010 19849
9041 22002
9071 21837
9122 9896
9122 20138
9122 20674
9152 10040
9152 13061
9152 15557
9152 15705
9152 16716
9152 21086
9152 21445
9152 21810
9152 21811
9152 21842
9152 21848
9152 21861
9152 21874
9152 21911
9152 21958
9152 22013
9152 22022
9152 22024
9152 22080
9168 9605
9168 11242
9168 11751
9168 11943
9168 14906
9168 15039
9168 17682
9168 17955
9168 18888
9168 19058
9168 21162
9168 21614
9168 21675
9168 21847
9168 21978
9168 21986
9168 22048
9168 22153
9186 15372
9241 16500
9241 17871
9241 22091
9245 10040
9245 16099
9245 19676
9245 20912
9245 21638
9245 21841
9291 15505
9291 22115
9299 15910
9323 9444
9323 12459
9323 15557
9323 22056
9323 22157
9326 12136
9326 20346
9423 15474
9423 16298
9423 17955
9425 13851
9425 16327
9425 20808
9425 20853
9425 21255
9425 21502
9425 22135
9425 22276
9444 14677
9444 21923
9444 22081
9444 22243
9466 17027
9466 21836
9469 19685
9536 21852
9565 11335
9565 19607
9565 19622
9565 21661
9565 21895
9565 21955
9586 12672
9649 20231
9649 21739
9649 21783
9649 22018
9666 21807
9676 21666
9775 21364
9786 11096
9789 18470
9789 19116
9789 21758
9789 22183
9789 22204
9809 12245
9809 17923
9829 13240
9888 13318
9888 14677
9888 16907
9888 20388
9888 20976
9896 15205
9896 18466
9905 22287
9958 22112
9977 10420
9994 15675
9994 16463
9994 20934
9994 21774
10018 15557
10027 12075
10027 21205
10040 10789
10040 11214
10040 13061
10040 13686
10040 19116
10040 21930
10068 14477
10068 15113
10068 15398
10117 21750
10117 21812
10198 16560
10258 18681
10258 21614
10273 11340
10273 21996
10273 22049
10273 22188
10277 21879
10293 12157
10293 21706
10293 21806
10293 22140
10293 22141
10347 13425
10347 14244
10347 16212
10347 20976
10409 16717
10409 18551
10409 22211
10420 16322
10420 17692
10440 11751
10473 13735
10473 21917
10520 15252
10520 16327
10592 17322
10592 20388
10592 20968
10596 16540
10600 12882
10690 21849
10713 16322
10789 12252
10789 15113
10789 19008
10789 20388
10789 20912
10789 21930
10789 22269
10818 21799
10846 17635
10869 17955
10869 21829
10918 13578
10918 21280
10925 18038
11017 14948
11017 20941
11048 18643
11061 21732
11066 21622
11078 11779
11078 21926
11103 17185
11103 19261
11103 19850
11103 21808
11103 21812
11103 22025
11164 14948
11164 17955
11184 16297
11184 22204
11184 22217
11184 22280
11203 11568
11203 12358
11214 13514
11214 15549
11214 15557
11214 17378
11214 17955
11214 21221
11214 21535
11214 22165
11214 22263
11214 22292
11218 21795
11228 11779
11242 21507
11299 15453
11340 14677
11340 15557
11340 17866
11340 18135
11340 18551
11340 19258
11340 20448
11340 21765
11340 21789
11340 21894
11340 22088
11340 22163
11343 11779
11343 15720
11344 21959
11347 13735
11381 19593
11383 12245
11418 21775
11437 15545
11565 13162
11580 22285
11587 21894
11641 13313
11656 21872
11697 21280
11751 14213
11751 15553
11751 15921
11751 18617
11751 18681
11779 12126
11779 12252
11779 12620
11779 14709
11779 14955
11779 15113
11779 15705
11779 15832
11779 15906
11779 16327
11779 16700
11779 17112
11779 17656
11779 18681
11779 18809
11779 18961
11779 19622
11779 19970
11779 20199
11779 20437
11779 20959
11779 21502
11779 21638
11779 21796
11779 22043
11779 22211
11779 22217
11884 21642
11912 18551
11943 17145
11943 21104
11943 21642
11943 21847
11943 21849
11943 22288
11961 21445
12059 18038
12070 15453
12070 15505
12070 21464
12070 21561
12070 21764
12075 22273
12126 18354
12136 15883
12136 16750
12136 20346
12157 19962
12233 15240
12245 17923
12245 19041
12245 19945
12245 21121
12298 18038
12300 22316
12319 17955
12319 22164
12319 22166
12358 12876
12358 13514
12358 15299
12358 15557
12358 15709
12358 16716
12358 17671
12358 17761
12358 19165
12358 19518
12358 20151
12358 21869
12358 21888
12358 22161
12358 22204
12358 22227
12358 22292
12370 19962
12370 21666
12372 21918
12424 15720
12424 18173
12525 13422
12531 22294
12643 19962
12643 21967
12672 15039
12672 15549
12672 22334
12698 21939
12718 21642
12836 14753
12836 21262
12876 13061
12885 16716
12923 21851
12940 21614
12953 22280
12985 21994
12985 21998
12985 22020
13016 21760
13017 16586
13017 21883
13061 14677
13061 14906
13061 16753
13061 19970
13061 21604
13061 21932
13061 21968
13061 21990
13061 22123
13061 22164
13121 19607
13121 22018
13124 16904
13240 13694
13240 20674
13280 15823
13280 16560
13280 20776
13280 21162
13280 21642
13280 22153
13280 22164
13280 22311
13533 17625
13578 14856
13653 19849
13686 15453
13686 18681
13686 19518
13686 21622
13735 15448
13735 21815
13735 21837
13735 21917
13735 22030
13735 22146
13825 15921
13838 15067
13844 15448
13864 14076
13887 14948
13910 19116
13965 21784
13967 14958
13967 15472
13990 22006
14002 21642
14017 15709
14017 22045
14017 22262
14030 17955
14030 22144
14030 22261
14076 14303
14076 20442
14076 21924
14165 17761
14165 21836
14272 22079
14513 19229
14588 16354
14595 22153
14621 21622
14621 21856
14621 21891
14631 15453
14631 18038
14653 17353
14677 16349
14688 20653
14694 16770
14694 22277
14709 15875
14753 16770
14753 21262
14753 21937
14753 21950
14856 21923
14871 21887
14903 16298
14903 18219
14903 19058
14903 21141
14903 21445
14903 21883
14903 22086
14903 22183
14903 22229
14903 22283
14903 22311
14906 15453
14906 15557
14906 16017
14906 18093
14906 18190
14906 18274
14906 18551
14906 18908
14906 20151
14906 21604
14906 21614
14906 21808
14906 21894
14906 21921
14906 21927
14906 22105
14906 22161
14906 22168
14906 22169
14906 22188
14906 22228
14906 22265
14906 22288
14906 22325
14930 22164
14948 15067
14948 18038
14948 18923
14948 20393
14948 21791
14948 22180
14948 22256
14976 22292
14995 21856
15039 17955
15039 21086
15050 21969
15064 21970
15067 15557
15067 18038
15067 19062
15067 20411
15067 21810
15067 22126
15067 22144
15067 22160
15067 22270
15108 15156
15108 22151
15113 17635
15113 17836
15113 20565
15113 21502
15113 21949
15156 18038
15168 20676
15168 21801
15205 18862
15240 19241
15240 21489
15240 22021
15240 22052
15240 22195
15240 22304
15252 18605
15282 20576
15282 21831
15309 18551
15309 20753
15311 22285
15453 17420
15453 21473
15453 21933
15453 21997
15453 22035
15453 22181
15453 22217
15472 21877
15472 22185
15474 16099
15474 16822
15474 17036
15474 20750
15474 22019
15494 16723
15505 15921
15505 17432
15505 17853
15505 19462
15505 19681
15505 21779
15505 22001
15505 22035
15505 22190
15557 16984
15557 18038
15557 19886
15593 22267
15594 22225
15632 21939
15675 15875
15675 18617
15687 21832
15698 22168
15705 19116
15705 20565
15706 21099
15706 21944
15709 21832
15720 19292
15753 17322
15761 22274
15804 15875
15824 15878
15832 22285
15837 20442
15839 18479
15839 21916
15875 16206
15875 17353
15875 18687
15875 18969
15875 19962
15875 19970
15875 20250
15875 20635
15875 20912
15875 20994
15875 21774
15875 21800
15875 21876
15875 22014
15875 22035
15875 22068
15875 22090
15875 22101
15875 22211
15921 17761
15921 18109
15921 19568
15921 20220
15921 21945
15941 22232
15973 22270
15987 19157
15987 22104
15994 22281
16017 20857
16096 21785
16099 18470
16099 21381
16099 21382
16099 21923
16103 21177
16220 19962
16223 21086
16236 21827
16298 18007
16298 20435
16322 21291
16322 21800
16322 22325
16327 17378
16327 22285
16332 18012
16349 20976
16349 21621
16349 22274
16354 21169
16364 16984
16364 22150
16463 21027
16471 17955
16525 21906
16525 22127
16554 17958
16554 19533
16554 21967
16554 22029
16556 22262
16560 18749
16560 19622
16560 21071
16560 21744
16580 16963
16592 20586
16592 22195
16610 18466
16658 17866
16694 17432
16716 17761
16716 17955
16729 19422
16753 18546
16753 19507
16753 20388
16753 21792
16753 22123
16753 22220
16754 18589
16770 17216
16830 20735
16830 21739
16904 20912
16904 22045
16907 22265
16946 20014
16963 20958
16969 21937
16984 17027
16984 18135
16984 20735
16984 21676
16984 21845
16984 21867
16984 21871
16984 21882
16984 21888
16984 21894
16984 21979
16984 22048
16984 22069
16984 22167
16984 22209
16984 22232
16984 22236
16984 22264
16984 22293
16988 21817
17011 22015
17027 17761
17027 20765
17027 22130
17072 22206
17088 18602
17088 22144
17145 20462
17145 21086
17177 17955
17196 19121
17196 20895
17244 21852
17244 21906
17321 18888
17322 21364
17322 22065
17378 20808
17414 17955
17420 19970
17420 21604
17427 21889
17427 22062
17435 22122
17511 19329
17545 17955
17545 19595
17545 21774
17545 21997
17587 21834
17625 19422
17629 21666
17635 19156
17635 20169
17635 21770
17635 22059
17671 22066
17671 22161
17682 19865
17682 21437
17682 21908
17692 19962
17692 21561
17713 18484
17713 22201
17718 21940
17728 17923
17751 21925
17761 19271
17761 20403
17761 20770
17761 22075
17761 22306
17772 19505
17811 18551
17836 22026
17860 22176
17866 17955
17866 20848
17866 22325
17867 22188
17876 21941
17891 20721
17891 22136
17923 18539
17923 22275
17955 18190
17955 18219
17955 20357
17955 20509
17955 20848
17955 21033
17955 21221
17955 21445
17955 21675
17955 21782
17955 21804
17955 21816
17955 21874
17955 21875
17955 21896
17955 21950
17955 21958
17955 21962
17955 21972
17955 21990
17955 21998
17955 22016
17955 22059
17955 22103
17955 22116
17955 22158
17955 22255
17955 22263
17955 22271
17955 22272
17955 22276
17955 22298
17958 21837
17958 21940
17965 22073
17968 18198
17968 21990
17969 20338
17969 21086
17980 22094
18022 21666
18031 22031
18038 21922
18038 22150
18038 22188
18038 22204
18056 18749
18109 19422
18122 19258
18190 19681
18190 21245
18190 21945
18344 20413
18463 22155
18466 18862
18466 20912
18466 21604
18466 21823
18484 20663
18484 21162
18484 22317
18498 21929
18539 22275
18551 22315
18554 21666
18602 22144
18617 19595
18630 21786
18681 21923
18717 21824
18750 20374
18764 22137
18779 21866
18855 21912
18855 22003
18862 19533
18862 20912
18862 21718
18862 21904
18865 20376
18908 22323
18969 21876
19026 22290
19109 20521
19116 20435
19116 21621
19116 21784
19116 21797
19116 21820
19116 22024
19116 22083
19116 22153
19116 22255
19116 22271
19189 21086
19197 21774
19229 20747
19292 20288
19301 20750
19318 21939
19422 21672
19422 22023
19422 22033
19457 22113
19472 20288
19507 21952
19546 22013
19587 20014
19593 21473
19607 22179
19622 21661
19627 20220
19627 21876
19627 21957
19681 21915
19849 21086
19911 22147
19915 21587
19944 22280
19945 19970
19962 22250
20075 21967
20097 22204
20151 21622
20220 21982
20229 22285
20231 20793
20332 21939
20370 22315
20388 21062
20393 21824
20411 21621
20430 21779
20442 21820
20481 20912
20481 22021
20481 22210
20508 21666
20512 22237
20513 21903
20565 20938
20576 21666
20588 21935
20654 22150
20663 22084
20674 21985
20676 21169
20687 21939
20869 22182
20873 22298
20988 21666
21000 22333
21027 22000
21037 21092
21062 21657
21071 22024
21086 21779
21086 21931
21086 22139
21121 22038
21169 22009
21238 22132
21260 21265
21262 21824
21265 21811
21382 21495
21417 22104
21417 22186
21445 21732
21451 21852
21507 21896
21550 22129
21614 21824
21622 21832
21638 21841
21642 22036
21642 22138
21642 22149
21642 22311
21666 21800
21666 21808
21666 21846
21666 22066
21666 22152
21666 22214
21666 22273
21666 22327
21697 22285
21706 21806
21708 22285
21718 21846
21726 22099
21770 22058
21780 21816
21793 21794
21836 22199
21846 22327
21852 21983
21879 21898
21907 21908
21918 21919
21939 21991
21940 21976
21943 21944
21944 21974
21967 22107
21967 22297
21991 22032
22002 22039
22030 22076
22032 22180
22035 22050
22035 22077
22055 22060
22070 22071
22096 22293
22105 22106
22106 22117
22128 22129
22147 22148
22164 22175
22173 22175
22177 22285
22193 22233
22201 22251
22207 22221
22243 22244
22255 22324
22257 22260
22313 22314
