0 10068
0 16639
0 21169
1 6779
2 76
2 22431
2 22510
4 17741
7 4860
7 8068
7 22543
14 1002
14 5935
19 11587
25 730
25 8197
25 19911
26 28
26 138
26 382
26 762
26 821
26 1792
26 3158
26 6429
26 6779
26 7097
26 7127
26 7772
26 8197
26 10718
26 11066
26 13128
26 16327
26 16667
26 18638
26 19627
26 21846
26 22211
26 22539
26 22805
28 29
28 42
28 48
28 138
28 145
28 158
28 461
28 852
28 1106
28 1206
28 1256
28 1774
28 2095
28 2350
28 2650
28 3166
28 3707
28 3910
28 3984
28 4589
28 5065
28 6817
28 7792
28 9425
28 9668
28 9888
28 10068
28 10999
28 11228
28 11436
28 12876
28 15593
28 16349
28 16463
28 16511
28 18539
28 18551
28 19041
28 19121
28 19292
28 19629
28 20762
28 21800
28 21836
28 22357
28 22389
28 22396
28 22411
28 22436
28 22446
28 22495
28 22508
28 22521
28 22527
28 22644
28 22679
28 22735
29 76
29 510
29 713
29 2718
29 2845
29 4465
29 5468
29 9122
29 11066
29 12119
29 16099
29 16511
29 16610
29 16639
29 16984
29 17587
29 18539
29 20058
29 20976
29 22440
29 22544
29 22811
30 1742
30 2111
30 16639
30 21967
37 153
37 16129
41 3707
42 79
42 110
42 258
42 280
42 444
42 613
42 881
42 898
42 1198
42 1365
42 1402
42 1792
42 2583
42 2650
42 2868
42 3592
42 3727
42 4187
42 4589
42 4931
42 5362
42 5672
42 5749
42 6339
42 6456
42 9668
42 9888
42 10293
42 11203
42 11529
42 12065
42 15113
42 15557
42 18865
42 19520
42 19865
42 20673
42 21473
42 21510
42 21666
42 22211
42 22273
42 22280
42 22404
42 22412
42 22421
42 22454
42 22478
42 22511
42 22512
42 22581
42 22652
42 22765
43 73
43 762
43 3528
43 7097
43 8197
43 14006
43 15113
43 16099
43 17923
43 18918
43 19121
43 21247
43 22211
43 22350
43 22582
43 22657
43 22691
43 22707
43 22767
43 22874
46 15151
46 18811
48 1255
48 1302
48 2650
48 3910
48 5468
48 16327
48 16511
48 21462
59 6373
73 76
73 138
73 762
73 1206
73 1407
73 1787
73 3078
73 3505
73 6129
73 9888
73 13318
73 16099
75 1917
75 4106
75 8601
75 10336
75 12319
76 370
76 762
76 781
76 1106
76 1135
76 1445
76 1636
76 1792
76 2762
76 3368
76 3910
76 5065
76 6062
76 6506
76 6596
76 6779
76 8666
76 9309
76 9649
76 10925
76 11066
76 11587
76 12119
76 12330
76 13533
76 15775
76 16511
76 16614
76 17374
76 17923
76 18383
76 18638
76 19041
76 19292
76 20138
76 20762
76 20777
76 21280
76 21419
76 21758
76 22241
76 22411
76 22487
76 22510
76 22652
76 22658
76 22760
76 22800
76 22813
79 3636
79 15474
79 22364
83 1206
83 1390
83 4280
83 7097
83 7708
83 8567
83 11340
83 14930
83 15129
83 15240
83 22435
83 22550
84 1792
84 15127
88 805
88 1302
88 16511
88 20750
88 20938
88 21121
88 22407
88 22419
90 21128
95 2583
95 3910
95 5550
95 8197
95 20430
95 22360
95 22559
96 2357
96 12070
97 151
97 1742
97 2357
97 5029
97 5334
97 12330
97 22436
97 22534
103 4860
103 7194
103 9888
103 10186
108 3177
110 821
110 1106
110 1123
110 1879
110 1971
110 2292
110 2860
110 2930
110 3158
110 3346
110 3405
110 3592
110 4031
110 4171
110 4193
110 4370
110 5009
110 5065
110 5616
110 5917
110 6062
110 6429
110 6629
110 6779
110 7127
110 8197
110 8613
110 10293
110 10966
110 11203
110 12005
110 13185
110 13811
110 14067
110 14165
110 14937
110 15675
110 16182
110 16373
110 17635
110 18287
110 18589
110 18873
110 19056
110 19627
110 19970
110 20169
110 20590
110 20673
110 21119
110 21289
110 21510
110 21718
110 21811
110 22023
110 22340
110 22355
110 22360
110 22398
110 22401
110 22412
110 22444
110 22454
110 22487
110 22528
110 22557
110 22560
110 22574
110 22584
110 22604
110 22607
110 22608
110 22620
110 22650
110 22673
110 22703
110 22706
110 22707
110 22729
110 22742
110 22767
110 22779
110 22807
110 22842
115 4589
115 16017
115 22412
117 5065
118 4860
118 20971
122 4589
122 11242
122 15039
122 21614
122 22769
124 3791
133 1792
133 7607
133 12330
133 19116
133 22514
134 12070
138 762
138 852
138 922
138 1255
138 1745
138 2783
138 2845
138 2957
138 3856
138 3910
138 4026
138 4605
138 6160
138 6434
138 6984
138 7708
138 9668
138 9888
138 10934
138 11214
138 12119
138 12125
138 13829
138 14338
138 15113
138 16639
138 18622
138 18713
138 20924
138 21830
138 22357
138 22392
138 22440
138 22450
138 22478
138 22487
138 22702
138 22710
138 22713
138 22744
141 6189
151 1255
151 5021
151 5468
151 7071
151 18847
151 19676
151 22548
153 686
153 852
153 4585
153 5366
153 6203
153 8119
153 9562
153 11340
153 12319
153 13280
153 15038
153 15557
153 15618
153 16099
153 19292
153 21545
153 22280
153 22833
156 9010
156 22033
158 267
158 1065
158 1972
158 1996
158 2223
158 2868
158 5009
158 5065
158 5652
158 6189
158 7399
158 7792
158 8197
158 11228
158 11779
158 12620
158 12672
158 17741
158 17969
158 19292
158 19874
158 20446
158 22316
158 22350
158 22356
158 22390
158 22456
158 22457
158 22469
158 22494
158 22509
158 22517
158 22550
158 22572
158 22624
158 22702
158 22762
158 22776
158 22862
159 4771
162 7335
162 21919
162 22364
163 11214
172 2333
172 3405
172 8197
184 4589
184 9168
184 14621
189 22640
191 577
191 4280
191 5938
191 13361
191 21473
196 1763
196 2730
196 6332
196 7399
196 9425
196 11242
196 11276
196 15113
196 19116
196 19700
196 20150
196 20435
196 22396
196 22587
196 22671
201 8298
201 22471
204 15428
214 3636
218 3516
226 20724
226 22629
233 565
235 3764
235 5119
235 15252
236 730
236 5119
236 7839
236 10347
239 15045
244 20413
246 5935
252 22712
253 10198
253 20673
253 22406
258 2762
258 3910
258 3973
258 4092
258 5065
258 5362
258 5455
258 5493
258 8197
258 10321
258 14030
258 15067
258 15505
258 16099
258 17713
258 17891
258 19116
258 20167
258 21642
258 22280
258 22437
258 22465
258 22485
258 22614
258 22634
258 22641
258 22660
258 22832
258 22862
267 2350
267 9010
267 13063
270 12119
276 6429
276 16182
280 3984
280 5009
280 5471
280 6781
280 9649
280 14677
280 15252
280 22382
289 2321
289 3764
298 1057
298 2287
298 12966
298 22747
302 837
304 383
304 837
304 2223
304 2583
304 3910
304 4507
304 4589
304 5065
304 6332
304 19600
304 20291
304 21836
304 21846
304 22315
304 22376
304 22404
304 22510
304 22584
304 22626
304 22659
304 22660
304 22688
304 22818
312 20750
315 3707
315 5065
315 7399
315 21169
315 21666
315 22365
315 22628
318 13578
318 19041
338 5917
338 7006
338 22487
338 22663
345 22126
351 15032
370 729
370 762
370 3107
370 6624
370 7293
370 7399
370 8119
370 11214
370 16327
370 18417
370 22338
370 22547
370 22575
370 22733
370 22737
374 839
374 14017
374 14030
374 22338
383 2583
383 4092
383 4589
383 5616
391 2122
412 659
412 881
412 1057
412 1812
412 2582
412 3910
412 3984
412 6506
412 6779
412 8197
412 9168
412 9529
412 11103
412 12119
412 15525
412 18670
412 19116
412 20291
412 20558
412 21751
412 22280
412 22370
412 22451
412 22548
412 22622
412 22837
412 22863
413 3313
413 16615
432 20750
434 444
434 6203
434 17891
434 22385
434 22401
442 22614
444 1185
444 2650
444 3086
444 11340
444 17891
444 20413
444 20808
444 22749
446 15549
449 22460
455 4048
455 22390
461 7397
461 18183
461 22364
467 762
467 1917
467 1965
467 5065
467 6596
467 7097
467 14067
467 19520
477 16556
482 1165
490 762
490 12358
503 3516
503 21967
505 1198
506 22413
506 22550
509 22561
510 22544
511 4187
511 5366
511 22376
519 993
519 3893
524 2845
524 8124
528 1256
528 11844
528 22609
528 22793
528 22797
531 5065
531 12358
531 15593
531 15959
531 21321
531 22513
536 1393
536 2313
536 3226
536 5616
536 19294
539 21666
544 7792
546 5468
546 9529
546 10718
546 15113
546 17969
546 22639
552 6247
556 11340
568 22344
570 9565
570 16511
572 1743
573 5558
573 8197
573 9809
573 16667
573 21718
577 1198
577 2930
577 4280
577 7097
577 8197
577 13515
577 15299
577 16665
577 18056
577 21906
577 22342
577 22591
595 22601
608 3799
608 17969
610 736
610 796
610 1278
610 2583
610 2627
610 2762
610 3030
610 6373
610 7399
610 9168
610 10198
610 10333
610 11242
610 13280
610 16665
610 18121
610 18470
610 18821
610 19676
610 19879
610 20388
610 20676
610 22417
610 22477
610 22690
610 22771
613 11340
613 15593
613 20807
613 21933
613 22562
613 22664
616 22507
618 712
618 6429
618 7097
618 8608
618 16665
618 19116
618 20924
618 21545
618 22346
618 22701
618 22727
621 2762
621 3030
621 5550
621 6160
621 7607
621 14955
621 16327
621 16936
621 18749
621 21121
621 22360
621 22594
621 22671
621 22751
634 22627
635 21758
636 17866
641 730
641 2583
641 2728
641 3005
641 3799
641 3910
641 4589
641 12008
641 14906
641 18116
641 20374
641 21642
641 22353
641 22363
641 22492
641 22811
659 762
659 881
659 1106
659 1636
659 2526
659 2583
659 2598
659 2762
659 3239
659 3313
659 3953
659 4187
659 5471
659 5637
659 5672
659 8093
659 8981
659 11090
659 11103
659 11214
659 14753
659 14955
659 15698
659 16099
659 16770
659 17867
659 18581
659 19294
659 20462
659 22815
659 22852
674 22012
678 5270
712 11242
712 16128
712 16665
712 21318
712 22538
713 762
729 2650
729 4234
729 7398
729 7607
729 8298
729 19849
729 22436
730 5119
730 5672
730 11103
730 13735
730 22392
730 22739
736 3910
736 6429
736 7399
736 8119
736 22350
762 821
762 852
762 1256
762 1365
762 1523
762 1539
762 2095
762 2529
762 3166
762 4536
762 5065
762 5089
762 5272
762 8175
762 8197
762 8567
762 9888
762 10068
762 10999
762 11340
762 11587
762 12119
762 14906
762 16327
762 16351
762 16511
762 16639
762 16936
762 17402
762 17427
762 22280
762 22362
762 22363
762 22396
762 22416
762 22433
762 22436
762 22440
762 22526
762 22595
762 22648
762 22649
762 22696
762 22707
762 22738
762 22760
762 22762
762 22824
762 22862
762 22865
773 4031
773 15113
773 19950
775 13240
781 9529
794 13686
794 16120
803 1657
805 6498
814 22678
821 1206
821 1792
821 12119
821 21586
823 16099
837 1012
837 1322
837 1392
837 1657
837 2326
837 3380
837 4187
837 4589
837 7772
837 8981
837 10461
837 12672
837 13061
837 15698
837 17741
837 18183
837 18274
837 20494
837 21853
837 22309
837 22408
837 22688
837 22713
837 22728
837 22731
837 22748
837 22857
839 5329
839 19627
839 21030
852 1065
852 1185
852 1365
852 1657
852 2529
852 2621
852 2670
852 2756
852 2868
852 3023
852 3313
852 3707
852 3910
852 4280
852 5089
852 5690
852 6223
852 6448
852 6817
852 6947
852 8119
852 8409
852 8421
852 9309
852 9888
852 10068
852 11587
852 11679
852 12876
852 13061
852 13485
852 14002
852 15174
852 15240
852 15388
852 16592
852 18190
852 18949
852 19116
852 19201
852 21231
852 21642
852 21860
852 22380
852 22441
852 22499
852 22862
852 22864
857 881
859 3405
875 18811
879 2197
879 15113
881 2583
881 2868
881 3239
881 4589
881 5521
881 6885
881 9529
881 14677
881 18122
881 18183
881 22370
881 22404
881 22869
883 2357
883 18949
891 1917
891 5493
891 15557
891 22487
897 1106
897 2197
897 4783
897 9649
897 17866
897 22362
897 22533
904 22417
904 22459
922 22332
922 22366
928 18617
928 19962
928 20036
948 1281
948 8197
963 5935
963 22805
964 10999
968 1539
968 6498
968 17969
993 2868
993 3893
993 11203
1002 5065
1002 5125
1002 5822
1002 16946
1002 22394
1002 22412
1002 22658
1002 22801
1005 22634
1006 9614
1006 22362
1011 1365
1012 21280
1017 2860
1041 21280
1048 8197
1057 2762
1057 3239
1057 4092
1057 4839
1057 5616
1057 16770
1057 20924
1057 22493
1058 1917
1058 2126
1058 2599
1058 3799
1058 13061
1058 18453
1058 20494
1058 22487
1060 2762
1060 22483
1065 1185
1065 2207
1065 3910
1065 5100
1065 6817
1065 10416
1065 17153
1065 19507
1100 2529
1106 1206
1106 1985
1106 2582
1106 2741
1106 2762
1106 3953
1106 3984
1106 5021
1106 7290
1106 7607
1106 7626
1106 9529
1106 11697
1106 12119
1106 13061
1106 13328
1106 15354
1106 16099
1106 19056
1106 19058
1106 19116
1106 19600
1106 19970
1106 20151
1106 22337
1106 22404
1106 22405
1106 22446
1106 22448
1106 22459
1106 22685
1106 22834
1115 1632
1115 7364
1115 9427
1115 9587
1115 15113
1115 15683
1115 16033
1115 22177
1115 22577
1115 22588
1115 22610
1129 22496
1135 16182
1141 4589
1144 1877
1144 2223
1144 5119
1144 6203
1144 11335
1144 11580
1144 15085
1144 15472
1144 17558
1144 18081
1144 20938
1144 21472
1144 22007
1144 22418
1144 22542
1144 22546
1144 22569
1144 22584
1144 22641
1144 22653
1170 1563
1170 5362
1170 6448
1170 16549
1177 22506
1179 22870
1185 1636
1185 2223
1185 2756
1185 3313
1185 3984
1185 5089
1185 5690
1185 5706
1185 6947
1185 10068
1185 16436
1185 16615
1185 17853
1185 21642
1185 22441
1193 2111
1193 6643
1198 1636
1198 2313
1198 2956
1198 5065
1198 5362
1198 5366
1198 5493
1198 6429
1198 6576
1198 6596
1198 9152
1198 9257
1198 9323
1198 9958
1198 11751
1198 17718
1198 18470
1198 22364
1198 22833
1206 1393
1206 1407
1206 1787
1206 2670
1206 3910
1206 8451
1206 12119
1206 22487
1206 22523
1206 22526
1231 22663
1232 8298
1242 1744
1255 2845
1255 3405
1255 5100
1255 6498
1255 8688
1255 11037
1255 19121
1255 20750
1255 21786
1255 22651
1256 3910
1256 19121
1256 21642
1256 22830
1258 20750
1264 18918
1269 1922
1278 2128
1278 5938
1278 15113
1300 7583
1300 20413
1300 22648
1302 4783
1302 22544
1321 5100
1321 20989
1322 4536
1359 1393
1359 1640
1359 2692
1359 5362
1359 17366
1359 22144
1359 22247
1359 22380
1359 22780
1361 3239
1361 15394
1361 17853
1361 18121
1361 18142
1361 20374
1361 22581
1361 22769
1361 22771
1365 1636
1365 2527
1365 2868
1365 6429
1365 8197
1365 10911
1365 12962
1365 15868
1365 20494
1365 20762
1365 22382
1365 22441
1365 22526
1365 22622
1365 22771
1365 22831
1366 5334
1369 10203
1375 22740
1379 3727
1390 1436
1390 3239
1390 6576
1390 10347
1390 16182
1390 22527
1392 2762
1392 9309
1392 20446
1392 22212
1392 22357
1392 22382
1392 22469
1392 22519
1392 22624
1393 1636
1393 1819
1393 2762
1393 2868
1393 3239
1393 3910
1393 4048
1393 5065
1393 5125
1393 5616
1393 10068
1393 10347
1393 10925
1393 13298
1393 14906
1393 15453
1393 15525
1393 15593
1393 16349
1393 17056
1393 18093
1393 19681
1393 20374
1393 22051
1393 22144
1393 22382
1393 22465
1393 22526
1393 22636
1402 4187
1402 13829
1406 22428
1413 1636
1413 1877
1413 3799
1413 3893
1413 5065
1413 5125
1413 11203
1413 15557
1413 16500
1413 20750
1413 21729
1413 22362
1413 22374
1413 22382
1413 22444
1413 22773
1413 22790
1413 22811
1422 11051
1422 21758
1436 2670
1436 19058
1453 3516
1510 20673
1514 4031
1514 4280
1514 5065
1514 5938
1514 18789
1514 19109
1514 21419
1514 21439
1514 21473
1514 21906
1523 2583
1523 3984
1539 8175
1539 16511
1539 22691
1540 11779
1540 22612
1561 14631
1563 22280
1612 19041
1632 6917
1633 22338
1636 2762
1636 2868
1636 3239
1636 3707
1636 3893
1636 3910
1636 4507
1636 5009
1636 5362
1636 5471
1636 5607
1636 8197
1636 8601
1636 9323
1636 10911
1636 12319
1636 14165
1636 15525
1636 18470
1636 19320
1636 19514
1636 20291
1636 22144
1636 22382
1636 22412
1636 22510
1636 22526
1636 22541
1636 22550
1636 22557
1636 22576
1636 22584
1636 22609
1636 22612
1636 22636
1636 22673
1636 22706
1636 22722
1636 22724
1636 22838
1636 22843
1640 4839
1640 8197
1640 15720
1640 22430
1657 1787
1657 2915
1657 3086
1657 3910
1657 5119
1657 5366
1657 5386
1657 11340
1657 12940
1657 17891
1657 22780
1657 22808
1663 4048
1680 3592
1680 18847
1687 5065
1687 9789
1687 22510
1709 1877
1709 15968
1717 9309
1737 19874
1742 5270
1742 9573
1742 9649
1742 15045
1742 21121
1742 22283
1742 22544
1745 5471
1745 5935
1745 18038
1745 22144
1763 11335
1763 17511
1763 18844
1763 22324
1763 22336
1774 6429
1774 22684
1779 8197
1779 22743
1787 3882
1787 13694
1787 21617
1787 22316
1788 13578
1792 15929
1792 19261
1792 21666
1792 22655
1792 22709
1794 2762
1794 7186
1794 11234
1794 13515
1794 16592
1794 16993
1794 22392
1794 22487
1797 16511
1804 15129
1812 11103
1812 16099
1812 17867
1813 2783
1813 5084
1814 19653
1818 2526
1818 9152
1818 22563
1818 22737
1819 2692
1819 3453
1819 4839
1819 15240
1824 17891
1825 15557
1831 18190
1832 3764
1836 22608
1844 22393
1864 5366
1877 7399
1877 8197
1877 11203
1877 15968
1877 21800
1877 22364
1877 22387
1877 22398
1877 22560
1877 22877
1879 1917
1879 2930
1879 8197
1879 16182
1879 22486
1879 22743
1879 22813
1917 2102
1917 3107
1917 3756
1917 4080
1917 5334
1917 5501
1917 5917
1917 6429
1917 6596
1917 7897
1917 10409
1917 10816
1917 11066
1917 11452
1917 11642
1917 16513
1917 18287
1917 18417
1917 22211
1917 22291
1917 22367
1917 22429
1917 22487
1917 22541
1917 22561
1917 22756
1917 22767
1922 4507
1922 5362
1922 5455
1922 11042
1922 15505
1922 22664
1922 22843
1959 15941
1959 19116
1965 3787
1965 5366
1965 6596
1965 11203
1966 16993
1971 15675
1971 21666
1971 22537
1972 2762
1972 6448
1972 11844
1972 15113
1972 20169
1972 20938
1972 22550
1972 22628
1972 22702
1990 8175
1990 13922
1990 21830
1990 22392
1996 3356
1996 11066
1996 13515
1996 17867
1996 22291
1996 22413
1996 22467
2019 3799
2019 22454
2019 22510
2057 2529
2057 3707
2057 9985
2057 17955
2057 22565
2057 22573
2062 6498
2065 22704
2086 16206
2086 22419
2095 2529
2095 2885
2095 3973
2095 19753
2102 2526
2111 3405
2111 4031
2111 7097
2111 8197
2118 20777
2122 4216
2122 21666
2128 15941
2132 2333
2140 11203
2148 3614
2156 4589
2158 2943
2158 5119
2158 12760
2158 13735
2158 22280
2178 19609
2197 22518
2197 22628
2197 22810
2204 22362
2222 22642
2223 2974
2223 3910
2223 4839
2223 7107
2223 8119
2223 10068
2223 11762
2223 12620
2223 15952
2223 16033
2223 16298
2223 17112
2223 19753
2223 20435
2223 21458
2223 22177
2223 22315
2223 22388
2223 22395
2223 22396
2223 22422
2223 22472
2223 22500
2223 22550
2223 22613
2223 22773
2223 22776
2245 5567
2256 3973
2256 15593
2284 2583
2284 3516
2284 6498
2284 11242
2284 22360
2284 22808
2286 22399
2287 4187
2292 6429
2292 8099
2292 16182
2313 8451
2313 13280
2313 15505
2313 21968
2313 22412
2313 22545
2313 22567
2316 22379
2321 12940
2324 21666
2326 22211
2333 2694
2333 13707
2333 17958
2333 22560
2350 3166
2355 6596
2357 12119
2388 3420
2389 4419
2389 10420
2389 15675
2389 21666
2389 22403
2399 5366
2399 6596
2437 4384
2437 5366
2437 21316
2437 22398
2460 19874
2468 21009
2472 3158
2472 5616
2472 22364
2472 22607
2488 2670
2488 22862
2499 2583
2499 22624
2511 16099
2511 22632
2512 21758
2512 22396
2522 19753
2527 3239
2527 3811
2527 8197
2527 18638
2528 9562
2528 21660
2529 2670
2529 2756
2529 3707
2529 3910
2529 4382
2529 4605
2529 9309
2529 9985
2529 10068
2529 10420
2529 11912
2529 12770
2529 15868
2529 16182
2529 18122
2529 20938
2529 21642
2529 21860
2529 22241
2529 22357
2529 22359
2529 22433
2529 22611
2529 22744
2529 22773
2529 22862
2534 3313
2534 11116
2534 16665
2582 4589
2582 19320
2582 22788
2583 3639
2583 3727
2583 3893
2583 3984
2583 4382
2583 4589
2583 4839
2583 5065
2583 5455
2583 5493
2583 5616
2583 5917
2583 6189
2583 6373
2583 8625
2583 9245
2583 11203
2583 14165
2583 15067
2583 15299
2583 15505
2583 16120
2583 16302
2583 17912
2583 18470
2583 18484
2583 18581
2583 18681
2583 20807
2583 21836
2583 21990
2583 22051
2583 22337
2583 22390
2583 22452
2583 22453
2583 22510
2583 22685
2583 22747
2583 22830
2583 22852
2593 11751
2593 21206
2598 5099
2598 8712
2598 10409
2598 11214
2598 16513
2598 18632
2598 19676
2598 20179
2598 22487
2621 22862
2627 3313
2627 4589
2627 5362
2627 21321
2650 4234
2650 5021
2650 6434
2650 11727
2650 17891
2669 20673
2669 22846
2670 4140
2670 5720
2670 22470
2674 18470
2691 16614
2692 16120
2692 19753
2692 22361
2692 22473
2692 22474
2692 22494
2692 22668
2694 3405
2694 19911
2694 22478
2694 22607
2716 16904
2718 3785
2728 16770
2730 2762
2730 5119
2730 13686
2730 15113
2730 15865
2739 5125
2739 6203
2739 8197
2756 3155
2756 3707
2756 6947
2756 8119
2756 9309
2756 9985
2756 15388
2756 22380
2762 3107
2762 3226
2762 3935
2762 4092
2762 4589
2762 4839
2762 5065
2762 5521
2762 6373
2762 6596
2762 6945
2762 8197
2762 8712
2762 8912
2762 9323
2762 9565
2762 10911
2762 11242
2762 11529
2762 11912
2762 12125
2762 13280
2762 14621
2762 14631
2762 14955
2762 15505
2762 15525
2762 15593
2762 16327
2762 16830
2762 17912
2762 18190
2762 18637
2762 18729
2762 18865
2762 19320
2762 20648
2762 21321
2762 21898
2762 22339
2762 22378
2762 22397
2762 22410
2762 22434
2762 22442
2762 22516
2762 22590
2762 22681
2762 22771
2762 22873
2767 5471
2767 16668
2767 16696
2775 9562
2785 11912
2787 6453
2816 4234
2816 4429
2816 5658
2816 12444
2816 21687
2821 4280
2821 20921
2822 22696
2845 5468
2845 18995
2860 5065
2860 8197
2860 15875
2860 22844
2868 3636
2868 4092
2868 6203
2868 9425
2868 11762
2868 11779
2868 13485
2868 19116
2868 21614
2868 21642
2868 22400
2882 22483
2885 14002
2885 22862
2888 22023
2912 10206
2915 11340
2915 20413
2930 4397
2930 6373
2930 18589
2934 11228
2934 14677
2934 22624
2943 22238
2956 8197
2956 18470
2957 5461
2957 8567
2957 15557
2957 18470
2974 22032
2974 22315
2995 16511
3005 5065
3013 22431
3024 3791
3024 20488
3029 4536
3029 6596
3030 9412
3030 9425
3030 14281
3030 16373
3030 18122
3030 19109
3030 21811
3030 22371
3030 22490
3030 22533
3030 22657
3030 22828
3041 17468
3041 21119
3041 22355
3041 22364
3041 22603
3041 22658
3041 22673
3062 22479
3065 5362
3065 22545
3065 22606
3065 22790
3067 18862
3072 21336
3072 22811
3086 6373
3093 17969
3107 6373
3113 11214
3155 3313
3155 16615
3158 8197
3158 16963
3158 17958
3158 22316
3158 22715
3161 20494
3166 4000
3166 6498
3166 8363
3166 9446
3166 20762
3166 20777
3166 22436
3166 22649
3226 6779
3226 10911
3226 22862
3239 3893
3239 4589
3239 5938
3239 8197
3239 11080
3239 11203
3239 11214
3239 15823
3239 18093
3239 19600
3239 22172
3239 22426
3239 22685
3239 22706
3239 22798
3239 22812
3239 22847
3290 18183
3307 22688
3313 5649
3313 6817
3313 6947
3313 7107
3313 8093
3313 9309
3313 9888
3313 11587
3313 11679
3313 12718
3313 15252
3313 16615
3313 18190
3313 19019
3313 22359
3313 22508
3313 22862
3313 22869
3315 22347
3322 19700
3326 11751
3333 4382
3345 16182
3356 4839
3361 12319
3361 22737
3368 16549
3368 21666
3368 22463
3368 22509
3377 8632
3380 13735
3405 3910
3405 4117
3405 8197
3405 9312
3405 9466
3405 18789
3405 21119
3405 22478
3405 22635
3405 22794
3414 5521
3414 15875
3477 15765
3484 4419
3484 10818
3485 21939
3501 4585
3501 15240
3501 21751
3505 22738
3515 3910
3515 21642
3528 16182
3528 16511
3540 12720
3545 3865
3545 11580
3545 15618
3545 20150
3545 22280
3545 22339
3545 22365
3545 22613
3551 9309
3592 15875
3614 5065
3624 9565
3624 16511
3636 10293
3636 17145
3636 19600
3636 22280
3636 22818
3639 22830
3673 10203
3693 22487
3707 3973
3707 6429
3707 6576
3707 6947
3707 9309
3707 11228
3707 15113
3707 15444
3707 15525
3707 16592
3707 22380
3707 22550
3707 22565
3707 22864
3712 19600
3727 3984
3727 15505
3727 22701
3745 22535
3756 22429
3756 22670
3764 3910
3764 5119
3764 20494
3764 22241
3791 6160
3791 12807
3791 13269
3799 3823
3799 5021
3799 6779
3799 12672
3799 14753
3799 16017
3799 17741
3799 17969
3799 18116
3799 19320
3799 20494
3799 21021
3799 22230
3799 22320
3799 22357
3799 22694
3799 22811
3838 17867
3843 4589
3855 15525
3856 5530
3861 15941
3865 9671
3882 4839
3882 7107
3882 22388
3887 22392
3893 7534
3893 9562
3893 10461
3893 17867
3910 4117
3910 4234
3910 4839
3910 5362
3910 5366
3910 5493
3910 5616
3910 5720
3910 5816
3910 6429
3910 6498
3910 6817
3910 7534
3910 8093
3910 8197
3910 10068
3910 11203
3910 11587
3910 11943
3910 12358
3910 12876
3910 14631
3910 14995
3910 15113
3910 15240
3910 15875
3910 16099
3910 16182
3910 16592
3910 16917
3910 16984
3910 17761
3910 19116
3910 20494
3910 20750
3910 21642
3910 21800
3910 22392
3910 22471
3910 22605
3910 22788
3945 18883
3953 4187
3953 19600
3953 22834
3973 6203
3973 7107
3973 8277
3973 10293
3975 16946
3984 4317
3984 11751
3984 15196
3984 15839
3984 17761
3984 18274
3984 20494
3984 22211
3984 22373
3984 22487
3984 22669
4011 15345
4011 22412
4011 22437
4011 22515
4011 22619
4031 5468
4031 6373
4031 13016
4031 19109
4031 20724
4031 21121
4031 21169
4031 21811
4031 22387
4031 22514
4031 22709
4031 22821
4048 8197
4048 8955
4048 11080
4048 17741
4048 22361
4048 22732
4059 22474
4080 17958
4090 5761
4090 10370
4092 4390
4092 4589
4092 4771
4092 5065
4092 5119
4092 8197
4092 14906
4092 15593
4092 17867
4092 18142
4092 19229
4092 19600
4092 22150
4092 22315
4092 22338
4092 22363
4092 22431
4092 22492
4092 22582
4092 22665
4092 22667
4092 22722
4092 22723
4092 22806
4106 5065
4106 22454
4110 20413
4117 6189
4117 8567
4117 9312
4117 17056
4117 17741
4117 19201
4117 22550
4117 22849
4126 11912
4135 4232
4135 5065
4135 11340
4135 19109
4135 21121
4135 22658
4140 5720
4140 18190
4171 4397
4171 19041
4187 4530
4187 6373
4187 9394
4187 11242
4187 12008
4187 12672
4187 15085
4187 15549
4187 15593
4187 16349
4187 18908
4187 19753
4187 20928
4187 21498
4187 21853
4187 22283
4187 22384
4187 22476
4187 22584
4187 22641
4187 22646
4187 22697
4187 22791
4187 22832
4187 22841
4190 19109
4216 5119
4216 6429
4216 8197
4216 22753
4231 9985
4232 4390
4232 5468
4232 6429
4234 17923
4234 22280
4280 9112
4280 11203
4280 13014
4280 19211
4280 20735
4280 20921
4280 21906
4280 22416
4370 6779
4382 7399
4382 11580
4382 15067
4382 20435
4382 22564
4390 11242
4397 5009
4397 5305
4397 12641
4397 15039
4397 22483
4419 7399
4419 22316
4419 22349
4419 22403
4419 22560
4419 22766
4493 21666
4493 22469
4507 9257
4507 20151
4507 22354
4507 22390
4518 19874
4523 22238
4530 4839
4530 22315
4536 5009
4536 5065
4536 5272
4536 5917
4536 6596
4536 7097
4536 8608
4536 11452
4536 19886
4536 21832
4536 22431
4536 22439
4536 22483
4536 22487
4536 22526
4536 22705
4546 22620
4589 4771
4589 5065
4589 5119
4589 5128
4589 5362
4589 5615
4589 5616
4589 5621
4589 5938
4589 6779
4589 7147
4589 8608
4589 11103
4589 11943
4589 15240
4589 15593
4589 17671
4589 18681
4589 21836
4589 22144
4600 21751
4632 4879
4641 22393
4652 8298
4761 21832
4765 13346
4771 6373
4771 7000
4771 14930
4774 9292
4783 5065
4783 5270
4783 16511
4783 20988
4783 21121
4783 22512
4783 22527
4832 6189
4832 9985
4838 8298
4838 22150
4838 22611
4839 4931
4839 5065
4839 5125
4839 6071
4839 7107
4839 7534
4839 9562
4839 9668
4839 11061
4839 12065
4839 15067
4839 15240
4839 15345
4839 15474
4839 15709
4839 16349
4839 18122
4839 20507
4839 21751
4839 22280
4839 22341
4839 22423
4839 22515
4839 22598
4839 22855
4839 22861
4839 22863
4839 22871
4839 22875
4855 16511
4855 20777
4858 22499
4860 7726
4860 14677
4860 22446
4860 22543
4882 8752
4895 9010
4908 22820
4924 6373
4924 11242
4924 15836
4924 17713
4924 22530
4926 7028
4931 6373
4931 16182
4949 16665
4964 5699
4964 21666
4964 22657
4964 22658
4981 17761
4981 22230
5007 8603
5009 6596
5009 17718
5009 22340
5009 22487
5012 14262
5012 17958
5018 11778
5018 19116
5018 22360
5021 11241
5021 22755
5021 22869
5049 6434
5049 15994
5065 5366
5065 5616
5065 5720
5065 6429
5065 6852
5065 7399
5065 7534
5065 8197
5065 8567
5065 9323
5065 9425
5065 9789
5065 9888
5065 10198
5065 11203
5065 11750
5065 11751
5065 13280
5065 13328
5065 14017
5065 14030
5065 15113
5065 15299
5065 15505
5065 15557
5065 15593
5065 16099
5065 16638
5065 16830
5065 16988
5065 17671
5065 17761
5065 17955
5065 18116
5065 18121
5065 18512
5065 18632
5065 18637
5065 18847
5065 18949
5065 19229
5065 19514
5065 19600
5065 19676
5065 20218
5065 20291
5065 20430
5065 20724
5065 20915
5065 21419
5065 21642
5065 21933
5065 22106
5065 22211
5065 22230
5065 22338
5065 22353
5065 22356
5065 22381
5065 22382
5065 22383
5065 22397
5065 22412
5065 22421
5065 22424
5065 22437
5065 22454
5065 22477
5065 22487
5065 22556
5065 22568
5065 22584
5065 22599
5065 22609
5065 22614
5065 22625
5065 22662
5065 22665
5065 22677
5065 22701
5065 22705
5065 22751
5065 22752
5065 22825
5065 22845
5084 18183
5089 9470
5089 10939
5089 11679
5089 13425
5089 14323
5089 15706
5089 16261
5089 16615
5089 19502
5089 22441
5100 16099
5102 8121
5102 16628
5107 19292
5119 5334
5119 8197
5119 8421
5119 12319
5119 13511
5119 18577
5119 19058
5119 19753
5119 19973
5119 20092
5119 21853
5119 22003
5119 22019
5119 22280
5119 22309
5119 22362
5119 22363
5119 22455
5119 22547
5119 22563
5119 22569
5119 22827
5119 22856
5119 22859
5125 5362
5125 5366
5125 5493
5125 5616
5125 6189
5125 8067
5125 8197
5125 9466
5125 13298
5125 13708
5125 17994
5125 18617
5125 18681
5125 19364
5125 22412
5125 22567
5125 22589
5125 22834
5172 11340
5172 16639
5174 8197
5174 16549
5215 18417
5247 10277
5267 18539
5267 19121
5267 22811
5270 5658
5270 6129
5270 6498
5270 9037
5270 9888
5270 10918
5270 10999
5270 11066
5270 11587
5270 12119
5270 12770
5270 15440
5270 16511
5270 18539
5270 20437
5270 21676
5270 22544
5272 22811
5305 6448
5305 11299
5305 11340
5329 16349
5329 17955
5362 5366
5362 5493
5362 6189
5362 6448
5362 10177
5362 15505
5362 16120
5362 17015
5362 17056
5362 18190
5362 18470
5362 19326
5362 22144
5362 22424
5362 22510
5362 22521
5362 22545
5362 22790
5362 22805
5363 19911
5366 5616
5366 5720
5366 7772
5366 11340
5366 14165
5366 15557
5366 15823
5366 17765
5366 18632
5366 19292
5366 20151
5366 21836
5366 22364
5366 22372
5366 22487
5366 22512
5366 22618
5366 22643
5366 22697
5366 22706
5366 22811
5373 15968
5373 15994
5386 11340
5386 18551
5386 22382
5429 22761
5430 20210
5441 17298
5455 16099
5455 22706
5468 9573
5468 10293
5468 12119
5468 12644
5468 16399
5468 18539
5468 19041
5468 20215
5468 20762
5468 22707
5468 22738
5468 22821
5468 22839
5469 22536
5471 11214
5471 12941
5471 16665
5471 18038
5479 16327
5479 22822
5488 9122
5488 9573
5493 7516
5493 11751
5493 20915
5501 6429
5501 7000
5501 10409
5506 16373
5521 9168
5521 11340
5521 13020
5521 21642
5530 14677
5550 6202
5550 11255
5550 20673
5550 20762
5550 22602
5550 22637
5593 22685
5615 22835
5616 11203
5616 11751
5616 16549
5616 16665
5616 16984
5616 17216
5616 17761
5616 18617
5616 21621
5616 22616
5616 22790
5616 22803
5652 11340
5652 22360
5652 22469
5658 16639
5690 6817
5690 22862
5699 22607
5706 17853
5706 22051
5706 22622
5720 13280
5720 17056
5720 19460
5720 22359
5720 22464
5720 22771
5720 22782
5720 22808
5720 22860
5750 22700
5797 15968
5816 11214
5822 6779
5822 11529
5822 17761
5822 22414
5831 15832
5831 17891
5831 22567
5857 12760
5917 6596
5917 10293
5929 20435
5935 6817
5935 11203
5935 18093
5935 20058
5935 22487
5935 22655
5938 6160
5938 9649
5938 11228
5938 13361
5938 13578
5938 16373
5938 19901
5938 21439
5938 21906
5938 22369
5938 22411
5938 22494
5966 6064
5966 6779
5966 10846
5992 9683
6071 6429
6102 15113
6107 17885
6109 12620
6109 22624
6129 6498
6160 18681
6160 21687
6161 22593
6189 15875
6189 17285
6189 17741
6189 18470
6189 19258
6189 20750
6189 22230
6189 22545
6189 22726
6202 16182
6203 6332
6203 6779
6203 10293
6203 12008
6203 13328
6203 16078
6203 16120
6203 16349
6203 17713
6203 17867
6203 18344
6203 18844
6203 19600
6203 20291
6203 22177
6203 22211
6203 22280
6203 22292
6203 22341
6203 22343
6203 22354
6203 22397
6203 22413
6203 22461
6203 22584
6203 22682
6203 22735
6203 22736
6223 22676
6280 19849
6332 6373
6332 9444
6332 19318
6332 22716
6339 6373
6339 7399
6339 9152
6339 14903
6339 15113
6339 16298
6373 6650
6373 6779
6373 7399
6373 8197
6373 11242
6373 11276
6373 11443
6373 15113
6373 15929
6373 16664
6373 18005
6373 18417
6373 18589
6373 20376
6373 20388
6373 20590
6373 20663
6373 20938
6373 22434
6373 22466
6373 22482
6373 22497
6373 22498
6373 22529
6373 22721
6373 22771
6373 22832
6373 22858
6429 7097
6429 7897
6429 10730
6429 11443
6429 11452
6429 16033
6429 16665
6429 17718
6429 18821
6429 21666
6429 21687
6429 21832
6429 22211
6429 22350
6429 22472
6429 22487
6429 22505
6429 22514
6429 22538
6429 22559
6429 22652
6429 22759
6431 22392
6448 8119
6448 8197
6448 8974
6448 11779
6448 12319
6448 17955
6448 18470
6448 18577
6448 20338
6448 21316
6448 22285
6448 22315
6448 22510
6448 22532
6448 22550
6448 22714
6448 22762
6448 22811
6498 11066
6498 13144
6498 16511
6498 16639
6498 16809
6498 17587
6498 18539
6498 20437
6498 22509
6498 22738
6498 22804
6498 22816
6569 15503
6576 8197
6576 15959
6576 18142
6576 22280
6576 22771
6596 7097
6596 7194
6596 7741
6596 9257
6596 11529
6596 16182
6596 18122
6596 18183
6596 22211
6596 22280
6596 22340
6596 22487
6596 22706
6619 8567
6619 22350
6624 10198
6624 15113
6624 18844
6624 20388
6624 22360
6629 15875
6629 20994
6629 21119
6629 22537
6640 15113
6640 19700
6640 22575
6640 22718
6648 9789
6692 22706
6767 22348
6779 8197
6779 8625
6779 10911
6779 15525
6779 16777
6779 17761
6779 18539
6779 21280
6779 22051
6779 22144
6779 22357
6779 22487
6779 22529
6779 22560
6779 22673
6779 22790
6779 22837
6779 22843
6784 22539
6784 22608
6817 10068
6817 10347
6817 12770
6817 17718
6817 22468
6842 11587
6867 11276
6867 18687
6917 7792
6917 9427
6917 11228
6917 15113
6917 15309
6917 22350
6917 22717
6940 19116
6942 22360
6945 11340
6947 8225
6947 9309
6947 11679
6947 12718
6947 13485
6947 16261
6947 22819
6947 22862
6984 12709
6988 7119
7000 8712
7000 16099
7000 16327
7000 18865
7097 8197
7097 15875
7107 10068
7119 19056
7147 20393
7156 22588
7194 14677
7213 19116
7213 21751
7266 19849
7290 7534
7290 11203
7290 13063
7290 16182
7290 16349
7290 22357
7290 22436
7290 22457
7290 22652
7290 22816
7293 22248
7311 22851
7327 9851
7327 20446
7379 22865
7397 15299
7398 10293
7399 9152
7399 9425
7399 11267
7399 11340
7399 12672
7399 16984
7399 19116
7399 22396
7399 22482
7487 12923
7491 22609
7516 18681
7516 22634
7534 10061
7534 13929
7534 16349
7534 21990
7548 22865
7577 16099
7607 9888
7607 22396
7647 17322
7714 11066
7738 18121
7738 22686
7738 22760
7741 12008
7741 13298
7741 15557
7749 16936
7749 18385
7772 20291
7784 11692
7784 17955
7784 19116
7792 9888
7792 10068
7792 12372
7792 13313
7792 22396
7855 22608
7897 21666
7955 8197
7955 21200
7974 15718
7989 22795
7991 22447
8043 21621
8055 22846
8061 16250
8067 8603
8067 8981
8067 17912
8067 22680
8067 22843
8068 12644
8068 20971
8093 19294
8099 19970
8119 8712
8119 8824
8119 9888
8119 22396
8119 22613
8121 20220
8137 20494
8137 22360
8137 22647
8175 22475
8179 18274
8197 11103
8197 11203
8197 12672
8197 13686
8197 15557
8197 15675
8197 15875
8197 15959
8197 16017
8197 16099
8197 16667
8197 16777
8197 17468
8197 18183
8197 19116
8197 19514
8197 20762
8197 20988
8197 21003
8197 21119
8197 21417
8197 21666
8197 21718
8197 21786
8197 22051
8197 22320
8197 22342
8197 22354
8197 22363
8197 22364
8197 22371
8197 22372
8197 22381
8197 22443
8197 22444
8197 22487
8197 22520
8197 22571
8197 22579
8197 22580
8197 22660
8197 22673
8197 22707
8197 22752
8197 22753
8197 22839
8281 14017
8281 20807
8298 8688
8298 18847
8298 19753
8298 22628
8298 22866
8390 22096
8392 21617
8451 12876
8472 22348
8472 22358
8484 22829
8494 22176
8567 11103
8567 11340
8567 12885
8567 14930
8567 19116
8600 18789
8603 15709
8608 10589
8608 12523
8608 22487
8613 21666
8666 9573
8688 10918
8688 21280
8688 22487
8712 11912
8712 15240
8712 16327
8712 17730
8712 22789
8712 22875
8752 22403
8796 10293
8824 22352
8887 15959
8887 16471
8912 16830
8912 19165
8974 22285
8981 10018
8981 22280
8981 22431
8981 22708
8981 22793
9010 22392
9036 13515
9037 12678
9122 9888
9122 11727
9122 16511
9122 18630
9122 21967
9122 22389
9122 22509
9152 15113
9152 22799
9158 17761
9168 9257
9168 10685
9168 17741
9168 22825
9214 19753
9214 22350
9241 11580
9241 17804
9241 22578
9241 22833
9245 16099
9245 22559
9257 16120
9257 20924
9309 17929
9309 22862
9323 10461
9323 17836
9323 21687
9323 22487
9323 22638
9326 12136
9326 22431
9394 18908
9412 16830
9421 16099
9425 9958
9425 11340
9425 20435
9425 22717
9425 22814
9427 22396
9444 21811
9444 22144
9446 13280
9466 20151
9469 15428
9469 21370
9469 22241
9529 14900
9529 19251
9529 19970
9550 22449
9562 10461
9562 12713
9562 13735
9562 15144
9562 15472
9565 14955
9565 17741
9565 22359
9565 22786
9573 11066
9573 20437
9614 22230
9649 12644
9649 20376
9649 20762
9649 21811
9649 22480
9649 22539
9649 22735
9737 12672
9737 14948
9737 16984
9737 21939
9737 22732
9789 22553
9809 22804
9848 11853
9888 9924
9888 11228
9888 12876
9888 15113
9888 16099
9888 16511
9888 18630
9888 20508
9888 21280
9888 21676
9888 22509
9888 22526
9888 22652
9888 22658
9888 22702
9925 22708
9958 18005
9985 15444
9985 17741
9985 22359
9985 22392
9985 22734
9985 22862
10027 13686
10061 22392
10068 12525
10068 15124
10068 15240
10068 15618
10068 22392
10068 22396
10068 22471
10068 22495
10068 22523
10068 22744
10168 22583
10177 15557
10177 17761
10186 16984
10198 18617
10198 20673
10198 22382
10198 22406
10198 22529
10203 15022
10203 16322
10203 22371
10273 11203
10273 20291
10277 22798
10293 11037
10293 16777
10293 17718
10293 17923
10293 18453
10293 19041
10293 20724
10293 21642
10293 21963
10293 22140
10293 22429
10293 22696
10293 22742
10293 22754
10321 21758
10347 11214
10347 12372
10347 12620
10347 12770
10347 14470
10347 15113
10347 19472
10347 22292
10347 22468
10347 22469
10347 22572
10347 22584
10347 22624
10347 22689
10347 22702
10347 22788
10347 22799
10409 21021
10409 21666
10420 16099
10461 17811
10461 22338
10461 22524
10544 15398
10690 22280
10690 22491
10704 12008
10730 16099
10789 15113
10789 18551
10816 22211
10818 22364
10818 22371
10818 22454
10822 21758
10846 11214
10846 14597
10846 21758
10866 17923
10869 22285
10911 22790
10918 22487
10918 22854
10934 18470
10966 21666
11017 19292
11037 12839
11048 15113
11051 14184
11053 11203
11061 16033
11066 15045
11078 15113
11103 15868
11103 19600
11103 21440
11103 22569
11103 22635
11103 22673
11184 19116
11184 22606
11203 11644
11203 15557
11203 16099
11203 19058
11203 21510
11203 21990
11203 22412
11203 22685
11203 22797
11214 15113
11214 18632
11214 18681
11214 19973
11214 21666
11214 22241
11214 22280
11214 22557
11214 22646
11214 22697
11214 22710
11228 12372
11228 14657
11228 16984
11242 13017
11242 16182
11242 20462
11251 22402
11335 17511
11340 14205
11340 14955
11340 15618
11340 17765
11340 18038
11340 18729
11340 18844
11340 19116
11340 19676
11340 21336
11340 21751
11340 22339
11340 22395
11340 22517
11340 22518
11340 22677
11340 22682
11340 22749
11340 22762
11340 22769
11340 22780
11340 22809
11340 22833
11340 22872
11344 16327
11344 22024
11344 22584
11443 22623
11529 12358
11529 15505
11529 22439
11573 19514
11580 21294
11580 22285
11580 22396
11587 22544
11642 14384
11644 16777
11644 21510
11644 22412
11697 21280
11727 16830
11751 15167
11751 15557
11751 15823
11751 20248
11751 22674
11760 14469
11779 22362
11779 22494
11865 22238
11912 15440
11912 18844
11943 14621
11943 15038
11943 16120
11943 16809
11943 22392
11943 22504
11943 22622
12008 12885
12008 17741
12008 22695
12008 22711
12008 22719
12119 13533
12119 17427
12119 21666
12119 22448
12125 13361
12125 21906
12125 22663
12125 22802
12136 20346
12253 19251
12281 19901
12319 12672
12358 15593
12358 16327
12358 16549
12358 17015
12358 19201
12358 21933
12358 22280
12358 22354
12358 22394
12358 22483
12358 22847
12372 19874
12381 17196
12523 17427
12523 22392
12644 20971
12672 15970
12672 17741
12672 22341
12672 22361
12672 22692
12720 14417
12760 21758
12770 15174
12770 16099
12770 22392
12804 19911
12876 16614
12885 14067
12885 16614
12885 19320
12940 17932
12953 20494
13016 20138
13016 20777
13016 21121
13017 15113
13017 17145
13017 22382
13017 22702
13017 22716
13017 22783
13061 15181
13061 17741
13061 22530
13061 22728
13061 22730
13061 22750
13061 22763
13111 22848
13154 22771
13276 15875
13276 21633
13280 22051
13280 22562
13298 14906
13298 15240
13298 15505
13298 18190
13346 16099
13485 22819
13492 15067
13511 22338
13515 15557
13521 14930
13539 22566
13566 19860
13578 21382
13578 22760
13686 16665
13735 15872
13735 22382
13752 17741
13752 22698
13773 14524
13773 20435
13844 15299
13844 21800
13965 22280
13981 15775
14002 22862
14017 17284
14017 22338
14044 17047
14067 22483
14165 17671
14205 18484
14215 17482
14281 16610
14303 19676
14328 22824
14340 15952
14340 22716
14342 22446
14417 16946
14417 21800
14417 22607
14470 22292
14524 17751
14597 22106
14621 15709
14621 22559
14631 20376
14631 22584
14657 22292
14657 22624
14677 15252
14771 22211
14903 14955
14903 19308
14903 22283
14903 22397
14903 22587
14903 22680
14906 15593
14906 18093
14906 22363
14906 22390
14906 22392
14948 15067
14948 18883
14948 20507
14948 22580
14948 22661
14955 19116
14955 20806
14955 22758
15022 22371
15025 15113
15032 19974
15039 18908
15039 20462
15045 18789
15045 22533
15045 22534
15045 22669
15067 18484
15067 20411
15067 22270
15067 22500
15113 19116
15113 21247
15113 22434
15113 22658
15144 22672
15174 22380
15185 17420
15236 22570
15240 22392
15252 19911
15252 21933
15252 22716
15291 20179
15299 20921
15345 22315
15345 22836
15366 22685
15398 19320
15453 16349
15453 18183
15472 22161
15472 22641
15505 17015
15505 19229
15505 19320
15505 22390
15505 22510
15505 22612
15505 22634
15505 22817
15539 22527
15547 18183
15553 22612
15553 22706
15557 15921
15557 16182
15557 17867
15557 17994
15557 18539
15557 22230
15557 22674
15557 22768
15569 17429
15593 15868
15671 20928
15675 15875
15675 21265
15675 21666
15683 22683
15698 17015
15698 22662
15709 22609
15823 16349
15823 17718
15839 17322
15872 19546
15875 18918
15875 19320
15875 19627
15875 21510
15875 21800
15875 21906
15875 22211
15875 22358
15875 22537
15875 22540
15875 22853
15941 16743
15941 21472
15941 22360
15959 22338
15970 19973
15973 22369
16017 16349
16026 22443
16099 17867
16099 18122
16099 18470
16099 20873
16099 20988
16099 22509
16099 22778
16128 21687
16154 22656
16182 16614
16182 21462
16182 22392
16182 22487
16182 22655
16182 22727
16182 22759
16242 21614
16252 22843
16298 21853
16298 22324
16298 22345
16298 22669
16298 22784
16306 22484
16322 21800
16327 19116
16349 22747
16351 22443
16373 20777
16373 21811
16390 16830
16390 16984
16390 21473
16417 22436
16461 19058
16511 18539
16511 21194
16511 22396
16511 22407
16525 18789
16549 17468
16549 22551
16592 22782
16610 20138
16610 20656
16610 20724
16610 20735
16610 20777
16610 21121
16610 21666
16610 22503
16610 22557
16610 22854
16614 22803
16617 17718
16617 22483
16639 22362
16658 21293
16665 20924
16665 21687
16665 22525
16668 17955
16668 22585
16753 19507
16758 22571
16828 19676
16830 19627
16830 22555
16904 22487
16946 22790
16963 22674
16984 18122
16984 19973
16984 21473
16984 22382
16984 22403
16984 22432
16984 22471
16984 22478
16984 22510
16984 22517
16984 22542
16984 22550
16984 22618
16984 22781
16984 22823
16984 22845
17008 22487
17015 22106
17047 20241
17056 17761
17059 21215
17196 20895
17322 22633
17378 22418
17414 22315
17427 21840
17427 21889
17427 22359
17427 22441
17461 22338
17482 20941
17671 19320
17692 22557
17713 19116
17713 22315
17718 22392
17741 17804
17741 20474
17741 20494
17741 22687
17741 22688
17741 22693
17741 22699
17761 18470
17761 22354
17765 19116
17804 20494
17811 22338
17853 18121
17865 18470
17867 18344
17867 21846
17867 22150
17867 22374
17867 22384
17903 22774
17923 18539
17955 18081
17955 18577
17955 18844
17955 19116
17955 19318
17955 19472
17955 20435
17955 22292
17955 22341
17955 22409
17955 22500
17955 22549
17955 22582
17955 22697
17955 22776
17955 22868
17968 18198
17968 19505
17968 22237
17969 20338
17994 20151
17994 21836
17994 22792
18056 20724
18056 22521
18056 22600
18105 19860
18142 22425
18179 22609
18190 20458
18190 22612
18202 22716
18260 21121
18260 22534
18260 22739
18268 22531
18274 21507
18287 22551
18328 21906
18337 22862
18365 22360
18383 20435
18434 19116
18466 22362
18470 20673
18470 21853
18470 22144
18470 22280
18470 22541
18484 21249
18512 22381
18536 22481
18539 19041
18539 22389
18539 22534
18551 22396
18577 22532
18603 22392
18681 21836
18681 21990
18748 22839
18789 22558
18789 22751
18844 19116
18847 20494
18873 19911
18908 22476
18918 21666
18949 21687
19002 21575
19025 22345
19041 21121
19058 19600
19058 22211
19058 22392
19109 21758
19116 19258
19116 19878
19116 20089
19116 20388
19116 20494
19116 21472
19116 22351
19116 22409
19116 22417
19116 22422
19116 22438
19116 22447
19116 22462
19116 22473
19116 22487
19116 22497
19116 22501
19116 22518
19116 22770
19116 22772
19118 22841
19292 22396
19320 19520
19326 22790
19389 20494
19420 19901
19463 21294
19481 22577
19507 20179
19600 22624
19629 22380
19655 19901
19655 22315
19676 22633
19700 22396
19753 22541
19753 22548
19753 22550
19753 22551
19843 22716
19857 22646
19874 22350
19879 21169
19911 22811
19962 22392
19962 22795
19968 21622
19970 20777
20089 21169
20089 22472
20092 22592
20138 20777
20169 20334
20179 22850
20215 22213
20291 22434
20291 22576
20388 20921
20393 22434
20411 22144
20435 22315
20450 22715
20462 22431
20462 22492
20494 20687
20494 22363
20494 22545
20494 22725
20508 20596
20508 22775
20510 20955
20510 22501
20558 22150
20565 22764
20604 22338
20670 22315
20673 21666
20673 22374
20673 22560
20673 22602
20673 22792
20676 21169
20740 21840
20777 21760
20807 22337
20857 22837
20873 22019
20873 22315
20915 22682
20955 22458
20955 22587
20955 22675
20971 22558
20971 22643
20984 22546
21033 22480
21038 22594
21062 22474
21086 22350
21086 22609
21119 22364
21121 22533
21169 22826
21177 22855
21231 22380
21280 21666
21294 22716
21321 21898
21370 22382
21458 22315
21498 22615
21581 22654
21597 22377
21614 21939
21614 22315
21614 22867
21622 22502
21622 22782
21622 22849
21642 22350
21666 21800
21666 22033
21666 22273
21666 22347
21666 22374
21666 22436
21666 22445
21666 22454
21666 22486
21666 22520
21666 22528
21666 22608
21666 22657
21666 22743
21666 22757
21666 22765
21666 22767
21666 22794
21687 22280
21751 22129
21751 22280
21751 22645
21800 22557
21836 22404
21836 22790
21840 22820
21939 22274
21939 22427
21967 22766
22019 22840
22051 22522
22106 22798
22106 22876
22126 22338
22130 22161
22177 22396
22212 22519
22245 22409
22273 22608
22280 22618
22285 22375
22285 22396
22314 22385
22315 22368
22315 22438
22315 22458
22315 22587
22315 22667
22315 22669
22315 22675
22315 22713
22315 22741
22316 22350
22338 22361
22338 22586
22338 22617
22338 22621
22338 22741
22341 22343
22350 22439
22362 22364
22363 22386
22364 22478
22364 22541
22364 22807
22374 22553
22382 22415
22384 22391
22392 22471
22392 22659
22419 22420
22434 22637
22487 22654
22488 22489
22551 22552
22551 22554
22551 22646
22571 22607
22577 22588
22596 22597
22624 22777
22630 22631
22661 22666
22684 22686
22688 22692
22688 22720
22707 22715
22716 22783
22716 22810
22732 22861
22741 22777
22745 22746
22781 22785
22782 22808
22786 22787
22794 22796
22818 22843
22820 22825
