0 15
0 41
0 88
0 100
0 153
0 249
0 729
0 762
0 823
0 928
0 948
0 968
0 1012
0 1255
0 1268
0 1470
0 1561
0 1636
0 1985
0 2095
0 2255
0 2389
0 2529
0 2694
0 2756
0 2767
0 2930
0 3515
0 3543
0 4419
0 4525
0 4605
0 4618
0 4887
0 4891
1 42
1 43
1 127
1 158
1 948
1 1255
1 1268
1 1366
1 1636
1 1779
1 2149
1 2307
1 2919
1 3713
1 4891
2 103
2 370
2 621
2 710
2 1786
2 2868
2 3579
2 4280
2 4811
2 4890
2 4932
3 97
3 621
3 2319
3 3850
4 729
4 2095
4 2583
4 3613
4 4171
4 4187
7 26
7 43
7 48
7 103
7 315
7 402
7 431
7 539
7 712
7 794
7 1135
7 1268
7 1361
7 1561
7 1622
7 2024
7 2028
7 2650
7 3745
7 4113
7 4171
7 4280
7 4678
7 4893
8 1322
12 2027
12 3030
12 3405
13 240
13 570
13 859
13 1255
13 1753
13 4314
13 4600
14 29
14 30
14 43
14 73
14 83
14 117
14 138
14 153
14 249
14 258
14 290
14 312
14 406
14 431
14 434
14 461
14 508
14 570
14 577
14 610
14 613
14 618
14 621
14 634
14 708
14 712
14 729
14 820
14 824
14 839
14 852
14 859
14 1005
14 1057
14 1145
14 1242
14 1255
14 1268
14 1413
14 1418
14 1539
14 1561
14 1622
14 1691
14 1753
14 1763
14 1774
14 1877
14 1915
14 1917
14 1985
14 2089
14 2095
14 2158
14 2223
14 2248
14 2284
14 2307
14 2399
14 2412
14 2465
14 2499
14 2529
14 2583
14 2603
14 2627
14 2687
14 2762
14 2821
14 2919
14 2930
14 2943
14 2989
14 3265
14 3329
14 3355
14 3453
14 3484
14 3617
14 3649
14 3690
14 3875
14 3930
14 3984
14 4168
14 4187
14 4280
14 4305
14 4318
14 4340
14 4419
14 4421
14 4444
14 4493
14 4503
14 4506
14 4507
14 4535
14 4539
14 4632
14 4667
14 4671
14 4697
14 4771
15 771
17 826
19 42
19 43
19 46
19 74
19 84
19 138
19 226
19 286
19 312
19 374
19 446
19 521
19 539
19 570
19 621
19 729
19 762
19 773
19 817
19 1012
19 1057
19 1255
19 1561
19 1608
19 1763
19 2052
19 2062
19 2095
19 2132
19 2455
19 2529
19 2589
19 2650
19 2762
19 2767
19 3052
19 3107
19 3329
19 3368
19 3453
19 3658
19 3688
19 3727
19 3791
19 3958
19 4015
19 4031
19 4150
19 4191
19 4280
19 4305
19 4361
19 4383
19 4388
19 4399
19 4489
19 4532
19 4600
19 4653
19 4689
19 4779
19 4811
19 4937
19 4942
25 43
25 410
25 503
25 891
25 1732
25 2052
25 2149
25 2694
25 2919
25 3811
25 4509
25 4528
25 4577
25 4652
25 4783
26 43
26 56
26 76
26 83
26 90
26 100
26 113
26 158
26 295
26 302
26 431
26 461
26 509
26 570
26 729
26 824
26 839
26 948
26 1002
26 1012
26 1135
26 1278
26 1298
26 1366
26 1539
26 1623
26 1680
26 1702
26 1753
26 1763
26 1786
26 1917
26 1996
26 2024
26 2027
26 2149
26 2188
26 2204
26 2255
26 2598
26 2603
26 2739
26 2762
26 2774
26 2845
26 2919
26 3026
26 3111
26 3125
26 3265
26 3745
26 3791
26 3830
26 3900
26 3928
26 4031
26 4080
26 4150
26 4280
26 4286
26 4288
26 4338
26 4386
26 4612
26 4678
26 4690
26 4731
26 4801
26 4853
26 4891
26 4893
26 4923
26 4979
28 74
28 1115
28 3727
28 4611
29 30
29 43
29 48
29 76
29 83
29 84
29 114
29 127
29 138
29 162
29 236
29 255
29 370
29 406
29 461
29 570
29 621
29 729
29 762
29 821
29 836
29 839
29 901
29 921
29 928
29 948
29 1135
29 1243
29 1255
29 1268
29 1413
29 1561
29 1593
29 1636
29 1753
29 1793
29 1804
29 1831
29 1911
29 1917
29 1941
29 1971
29 2024
29 2062
29 2158
29 2214
29 2272
29 2369
29 2627
29 2692
29 2739
29 2762
29 2938
29 3030
29 3221
29 3265
29 3329
29 3453
29 3488
29 3624
29 3627
29 3710
29 3716
29 3727
29 3745
29 3865
29 3882
29 3930
29 4015
29 4116
29 4158
29 4171
29 4191
29 4280
29 4330
29 4332
29 4360
29 4396
29 4399
29 4427
29 4493
29 4503
29 4548
29 4577
29 4640
29 4679
29 4891
30 43
30 46
30 73
30 74
30 88
30 351
30 370
30 499
30 570
30 573
30 621
30 810
30 883
30 928
30 948
30 1242
30 1298
30 1384
30 1742
30 1824
30 1877
30 1971
30 1990
30 2027
30 2028
30 2603
30 2694
30 2696
30 2718
30 3030
30 3107
30 3405
30 3453
30 3543
30 4302
30 4332
30 4419
30 4456
30 4477
30 4495
30 4523
30 4640
30 4668
30 4871
30 4951
33 153
33 2756
33 4753
37 138
37 179
37 1994
37 3727
37 4171
37 4652
37 4937
38 461
38 4673
41 138
41 153
41 156
41 762
41 823
41 852
41 1031
41 1115
41 1395
41 1454
41 1470
41 1473
41 1768
41 2223
41 2455
41 2529
41 2583
41 2691
41 2692
41 2762
41 3158
41 3945
41 4050
41 4366
41 4501
41 4521
41 4646
41 4677
41 4710
41 4849
41 4879
41 4999
42 43
42 77
42 84
42 109
42 120
42 123
42 153
42 156
42 240
42 304
42 339
42 410
42 461
42 539
42 620
42 636
42 659
42 712
42 820
42 839
42 891
42 921
42 1002
42 1006
42 1198
42 1206
42 1255
42 1295
42 1322
42 1333
42 1375
42 1422
42 1540
42 1709
42 1779
42 1824
42 1929
42 1998
42 2089
42 2132
42 2158
42 2245
42 2437
42 2523
42 2534
42 2598
42 2660
42 2739
42 2756
42 2764
42 2915
42 2997
42 3023
42 3043
42 3171
42 3180
42 3415
42 3636
42 3823
42 3980
42 3984
42 4157
42 4167
42 4187
42 4231
42 4238
42 4314
42 4318
42 4351
42 4365
42 4403
42 4419
42 4444
42 4469
42 4481
42 4517
42 4530
42 4533
42 4582
42 4585
42 4667
42 4716
42 4779
42 4885
42 4903
42 4904
43 46
43 79
43 80
43 83
43 100
43 113
43 118
43 123
43 138
43 206
43 236
43 280
43 312
43 318
43 335
43 460
43 461
43 536
43 559
43 570
43 571
43 572
43 577
43 686
43 820
43 826
43 836
43 893
43 1053
43 1177
43 1209
43 1242
43 1278
43 1295
43 1298
43 1369
43 1521
43 1539
43 1561
43 1612
43 1622
43 1680
43 1732
43 1818
43 1822
43 1831
43 1835
43 2019
43 2052
43 2105
43 2255
43 2319
43 2350
43 2366
43 2412
43 2434
43 2540
43 2603
43 2724
43 2728
43 2756
43 2762
43 2905
43 2919
43 2956
43 3023
43 3062
43 3091
43 3166
43 3265
43 3368
43 3453
43 3578
43 3613
43 3688
43 3710
43 3791
43 3865
43 3930
43 3975
43 3997
43 4031
43 4157
43 4158
43 4171
43 4199
43 4305
43 4309
43 4314
43 4322
43 4332
43 4333
43 4340
43 4353
43 4356
43 4373
43 4375
43 4399
43 4416
43 4422
43 4440
43 4444
43 4466
43 4475
43 4519
43 4528
43 4585
43 4600
43 4615
43 4647
43 4653
43 4656
43 4668
43 4684
43 4691
43 4759
43 4765
43 4807
43 4822
43 4829
43 4861
43 4896
43 4903
43 4961
43 4978
43 4993
45 3745
45 4359
46 76
46 88
46 96
46 226
46 634
46 729
46 753
46 762
46 826
46 837
46 895
46 1145
46 1255
46 1268
46 1359
46 1365
46 1510
46 1636
46 1753
46 1877
46 1917
46 1942
46 1990
46 2158
46 2340
46 2389
46 2406
46 2437
46 2529
46 2687
46 2694
46 2828
46 2868
46 2919
46 3030
46 3125
46 3158
46 3166
46 3368
46 3377
46 3484
46 3900
46 3945
46 3984
46 4015
46 4167
46 4187
46 4332
46 4373
46 4558
46 4641
46 4762
46 4771
46 4783
46 4826
46 4842
46 4853
47 4435
48 73
48 138
48 255
48 290
48 570
48 904
48 1255
48 2062
48 2628
48 2650
48 3843
48 4523
49 190
56 1013
56 1763
56 2240
56 2583
56 2970
56 3453
56 3613
56 4018
56 4187
59 374
59 1115
59 1959
59 2081
59 2095
59 2223
59 2691
59 2762
59 2767
59 3477
59 3712
59 3928
60 124
60 2583
61 1793
61 2324
61 3473
61 4781
64 1255
64 1517
64 1877
64 2694
65 138
65 1170
65 1242
65 1793
65 1948
65 2956
68 410
68 1990
68 2149
68 2453
68 3062
68 3874
68 4592
68 4600
68 4655
68 4893
69 356
70 762
70 1012
70 1232
70 1742
70 2062
70 3707
70 4150
70 4383
72 1017
72 1255
72 2694
73 74
73 138
73 255
73 385
73 691
73 729
73 762
73 852
73 904
73 921
73 1012
73 1039
73 1206
73 1255
73 1593
73 1941
73 2062
73 2529
73 2627
73 2756
73 2845
73 3578
73 3783
73 4113
73 4187
73 4768
74 83
74 97
74 621
74 1804
74 3030
74 3166
74 3453
74 3823
74 3843
74 4429
74 4503
74 4783
75 134
75 240
75 539
75 997
75 1006
75 1375
75 1422
75 1563
75 1598
75 1636
75 1732
75 1753
75 2278
75 2574
75 2692
75 2720
75 3171
75 3417
75 4171
75 4215
75 4475
75 4600
75 4667
75 4967
76 138
76 186
76 280
76 304
76 335
76 382
76 417
76 434
76 460
76 461
76 536
76 573
76 613
76 682
76 729
76 852
76 859
76 881
76 923
76 1002
76 1051
76 1106
76 1140
76 1145
76 1206
76 1255
76 1256
76 1258
76 1298
76 1322
76 1365
76 1375
76 1418
76 1422
76 1561
76 1612
76 1622
76 1636
76 1687
76 1763
76 1774
76 1794
76 1835
76 1972
76 2019
76 2035
76 2046
76 2062
76 2089
76 2111
76 2131
76 2149
76 2158
76 2169
76 2208
76 2223
76 2307
76 2428
76 2434
76 2526
76 2534
76 2540
76 2583
76 2589
76 2603
76 2668
76 2720
76 2739
76 2756
76 2762
76 2767
76 2775
76 2786
76 2839
76 2868
76 2919
76 3062
76 3166
76 3181
76 3313
76 3329
76 3368
76 3405
76 3416
76 3417
76 3545
76 3613
76 3657
76 3688
76 3791
76 3928
76 3984
76 4007
76 4028
76 4067
76 4136
76 4151
76 4187
76 4191
76 4231
76 4280
76 4323
76 4366
76 4382
76 4403
76 4410
76 4422
76 4427
76 4460
76 4462
76 4493
76 4495
76 4507
76 4509
76 4548
76 4580
76 4581
76 4582
76 4585
76 4611
76 4675
76 4690
76 4729
76 4771
76 4776
76 4793
76 4798
76 4800
76 4836
76 4838
76 4870
76 4885
76 4891
76 4893
76 4935
76 4964
76 4991
76 4994
77 95
77 839
77 1002
77 1036
77 1198
77 1232
77 1268
77 1369
77 1763
77 2255
77 2389
77 2821
77 2970
77 3031
77 3183
77 3405
77 3613
77 3984
77 4419
77 4661
79 280
79 434
79 1106
79 1625
79 1763
79 2621
79 3417
79 3453
79 3613
79 3861
79 4289
79 4517
79 4832
79 4885
80 83
80 477
80 634
80 852
80 881
80 1333
80 1561
80 1812
80 2132
80 2321
80 2603
80 2739
80 2969
80 3030
80 3453
80 3543
80 3573
80 3636
80 4171
80 4238
80 4318
80 4403
80 4469
80 4471
80 4502
80 4574
80 4582
80 4589
80 4707
83 123
83 133
83 138
83 226
83 297
83 315
83 406
83 410
83 446
83 461
83 563
83 570
83 572
83 577
83 712
83 826
83 1623
83 1636
83 1724
83 1793
83 1818
83 1825
83 1831
83 1917
83 2079
83 2215
83 2598
83 2724
83 2989
83 3062
83 3107
83 3177
83 3329
83 3355
83 3378
83 3693
83 3745
83 3928
83 3975
83 4171
83 4187
83 4280
83 4419
83 4440
83 4472
83 4525
83 4563
83 4690
83 4731
83 4744
83 4941
83 4993
84 153
84 196
84 258
84 315
84 461
84 539
84 573
84 821
84 881
84 1057
84 1106
84 1298
84 1321
84 1413
84 1470
84 1612
84 1742
84 1917
84 2132
84 2158
84 2199
84 2307
84 2403
84 2598
84 2694
84 2767
84 2868
84 2948
84 2997
84 3062
84 3613
84 3745
84 3874
84 3984
84 4018
84 4171
84 4188
84 4199
84 4238
84 4276
84 4289
84 4336
84 4396
84 4451
84 4480
84 4690
84 4714
88 114
88 179
88 390
88 434
88 539
88 712
88 746
88 762
88 1012
88 1145
88 1298
88 1365
88 1660
88 2052
88 2223
88 2307
88 2529
88 2691
88 2868
88 2919
88 3484
88 4523
88 4670
88 4895
88 4909
89 97
89 729
89 762
89 1793
89 1995
89 2718
89 3177
89 4632
89 4761
90 138
90 370
90 656
90 1255
90 1298
90 1917
90 2089
90 2919
90 3122
90 3417
90 3989
90 4113
90 4518
90 4954
93 460
93 1990
94 1298
94 1539
94 2423
94 3760
94 4171
94 4523
94 4775
95 105
95 153
95 206
95 349
95 486
95 556
95 659
95 734
95 1005
95 1198
95 1298
95 1732
95 1774
95 1812
95 1818
95 1831
95 1835
95 1985
95 2250
95 2455
95 2762
95 2764
95 2840
95 3160
95 3416
95 3457
95 3477
95 3745
95 3799
95 3928
95 3967
95 4028
95 4031
95 4110
95 4181
95 4275
95 4280
95 4291
95 4327
95 4348
95 4360
95 4421
95 4484
95 4508
95 4527
95 4691
95 4794
95 4814
95 4825
95 4906
96 206
96 240
96 839
96 1223
96 1268
96 1753
96 2223
96 2389
96 2728
97 339
97 433
97 509
97 570
97 928
97 968
97 1255
97 1612
97 1726
97 1793
97 1804
97 3030
97 3166
97 3505
97 3727
97 3785
97 4332
97 4783
98 762
98 883
98 928
98 1539
98 2816
100 1255
100 1753
100 1958
100 4419
101 978
101 2423
101 4080
103 434
103 2650
103 2919
108 1036
108 1481
108 1658
108 1818
108 2062
108 3177
108 4523
108 4668
108 4671
109 162
109 259
109 280
109 286
109 312
109 356
109 662
109 682
109 837
109 859
109 881
109 1005
109 1114
109 1365
109 1479
109 1510
109 1636
109 1742
109 1763
109 1831
109 1972
109 2254
109 2694
109 2739
109 2845
109 3249
109 3453
109 3477
109 3745
109 3811
109 4110
109 4190
109 4280
109 4419
109 4422
109 4790
109 4810
109 4878
111 2158
113 286
113 1917
113 4187
113 4481
114 4392
115 304
115 461
115 1413
117 1031
117 1636
117 4946
118 712
118 1036
118 1793
118 2019
118 2052
118 2254
118 3453
119 196
119 3322
119 3329
119 3984
119 4308
120 559
120 837
120 2603
120 2997
120 4421
121 2845
122 2081
122 4836
123 206
123 300
123 621
123 1366
123 1831
123 2081
123 2234
123 2762
123 4694
123 4882
124 186
124 318
124 3030
126 968
126 2319
126 4407
127 948
127 1742
127 2696
127 4419
128 621
128 1115
128 1763
128 4305
129 948
130 3791
131 1640
131 1680
131 2243
131 4417
131 4532
131 4588
132 2526
133 259
133 563
133 857
133 1370
133 1786
133 2297
133 3171
133 3928
133 4474
133 4581
134 258
134 539
134 571
134 762
134 1413
134 1422
134 1511
134 1540
134 1561
134 1703
134 1753
134 1786
134 2158
134 2319
134 2412
134 2599
134 3171
134 3326
134 3355
134 3930
134 4116
134 4171
134 4366
134 4422
134 4731
134 4920
135 1170
135 2640
136 2460
137 875
137 1365
137 1753
137 1877
137 3984
138 158
138 174
138 226
138 240
138 280
138 283
138 385
138 434
138 442
138 460
138 461
138 563
138 570
138 608
138 618
138 691
138 712
138 729
138 762
138 788
138 789
138 817
138 852
138 1005
138 1039
138 1145
138 1164
138 1206
138 1243
138 1255
138 1256
138 1268
138 1298
138 1381
138 1413
138 1540
138 1593
138 1622
138 1636
138 1717
138 1745
138 1763
138 1774
138 1845
138 1985
138 1994
138 2062
138 2208
138 2307
138 2340
138 2428
138 2529
138 2534
138 2603
138 2627
138 2660
138 2668
138 2741
138 2845
138 2916
138 2919
138 2930
138 2961
138 2969
138 2997
138 3026
138 3030
138 3062
138 3171
138 3177
138 3329
138 3417
138 3446
138 3453
138 3582
138 3613
138 3850
138 3928
138 3983
138 4031
138 4113
138 4150
138 4187
138 4280
138 4297
138 4317
138 4323
138 4329
138 4332
138 4419
138 4486
138 4495
138 4497
138 4498
138 4536
138 4544
138 4597
138 4600
138 4605
138 4611
138 4641
138 4679
138 4744
138 4779
138 4811
138 4879
138 4885
138 4888
138 4895
138 4935
138 4960
138 4968
138 5001
138 5004
140 253
140 336
140 1198
140 1242
140 1268
140 2191
140 3329
140 4150
141 524
141 904
141 4171
145 4314
149 1255
151 901
151 1333
151 3160
151 4297
151 4640
151 4761
151 4971
153 158
153 240
153 311
153 682
153 686
153 729
153 762
153 852
153 907
153 1005
153 1057
153 1115
153 1122
153 1140
153 1206
153 1255
153 1321
153 1359
153 1413
153 1418
153 1470
153 1636
153 1763
153 1899
153 1992
153 2095
153 2122
153 2131
153 2223
153 2488
153 2512
153 2562
153 2583
153 2598
153 2627
153 2756
153 2762
153 2767
153 2868
153 3023
153 3221
153 3368
153 3453
153 3515
153 3579
153 3613
153 3636
153 3745
153 3791
153 3984
153 4061
153 4067
153 4080
153 4100
153 4113
153 4126
153 4187
153 4305
153 4320
153 4391
153 4433
153 4441
153 4468
153 4493
153 4546
153 4563
153 4585
153 4655
153 4678
153 4702
153 4709
153 4760
153 4922
153 4941
154 297
154 3446
154 3787
156 289
156 431
156 686
156 729
156 730
156 852
156 859
156 1135
156 1929
156 2158
156 2215
156 3329
156 3417
156 3453
156 3727
156 4305
156 4375
156 4523
156 4557
156 4679
156 4710
156 4881
156 4912
157 1732
157 2412
157 2958
157 3329
157 3368
157 3716
157 3843
158 240
158 280
158 286
158 461
158 488
158 571
158 577
158 682
158 762
158 1106
158 1115
158 1198
158 1268
158 1298
158 1322
158 1426
158 1540
158 1561
158 1604
158 1636
158 1751
158 1822
158 1835
158 1959
158 1972
158 2089
158 2208
158 2223
158 2287
158 2382
158 2412
158 2460
158 2583
158 2592
158 2593
158 2603
158 2627
158 2674
158 2845
158 2919
158 3026
158 3030
158 3062
158 3091
158 3107
158 3160
158 3183
158 3328
158 3329
158 3368
158 3476
158 3627
158 3727
158 3781
158 3853
158 3865
158 3967
158 3982
158 3984
158 4015
158 4032
158 4113
158 4157
158 4171
158 4187
158 4232
158 4305
158 4317
158 4318
158 4319
158 4320
158 4326
158 4328
158 4346
158 4350
158 4367
158 4371
158 4381
158 4382
158 4442
158 4446
158 4475
158 4484
158 4493
158 4504
158 4505
158 4585
158 4592
158 4597
158 4629
158 4679
158 4714
158 4730
158 4759
158 4791
158 4793
158 4794
158 4798
158 4816
158 4829
158 4831
158 4861
158 4869
158 4886
158 4887
158 4895
158 4903
158 4904
158 4941
158 4946
158 4958
158 4978
158 4980
159 390
159 570
159 729
159 897
159 2255
159 4445
162 1135
162 1667
162 1779
162 1917
162 2694
162 4509
170 1561
172 4419
174 442
174 461
174 621
174 634
174 912
174 1255
174 1527
174 2150
174 2319
174 2696
174 2739
174 2961
174 3377
174 3453
174 3613
174 3646
175 206
175 2319
175 2350
175 3676
175 3930
175 4351
179 258
179 297
179 433
179 634
179 672
179 881
179 1233
179 1413
179 1844
179 1929
179 2070
179 2158
179 3377
179 3453
179 3613
179 3727
179 4065
179 4190
179 4582
179 4637
184 356
184 446
184 852
184 1636
184 2762
184 3441
184 3707
184 3791
184 3945
184 4365
184 4395
184 4573
184 4577
184 4832
186 620
186 1322
186 3649
186 3841
186 4468
188 4390
190 4668
195 1255
195 1753
195 1793
195 2255
195 2715
195 2888
195 4491
195 4546
195 4962
195 4972
196 206
196 258
196 280
196 374
196 570
196 610
196 613
196 634
196 821
196 886
196 1193
196 1258
196 1359
196 1365
196 1540
196 1543
196 1561
196 1612
196 1763
196 1985
196 2158
196 2583
196 2598
196 2762
196 2767
196 2868
196 3030
196 3177
196 3329
196 3422
196 3477
196 3627
196 3745
196 3967
196 3984
196 4110
196 4191
196 4275
196 4348
196 4375
196 4408
196 4418
196 4423
196 4482
196 4520
196 4546
196 4572
196 4584
196 4678
196 4702
196 4783
196 4825
196 4937
196 4942
198 1753
198 3484
201 1255
206 275
206 486
206 708
206 1268
206 2297
206 2319
206 2472
206 2694
206 2825
206 3484
206 3900
206 4015
206 4157
206 4419
206 4640
218 2158
218 2606
221 2694
225 3850
226 318
226 390
226 509
226 570
226 729
226 1255
226 1612
226 1724
226 1742
226 1894
226 2062
226 2529
226 2845
226 4523
226 4635
226 4638
226 4640
233 2694
235 1413
235 1990
235 2184
235 4187
235 4390
236 948
236 1034
236 1268
236 1561
236 2158
236 2820
236 2919
236 4171
238 1258
238 1416
238 4031
240 275
240 280
240 390
240 460
240 565
240 572
240 659
240 691
240 729
240 762
240 817
240 897
240 1255
240 1258
240 1298
240 1322
240 1804
240 2223
240 2589
240 2777
240 3030
240 3458
240 3828
240 4080
240 4167
240 4171
240 4187
240 4314
240 4372
240 4592
240 4664
247 1035
247 3130
247 3528
247 4826
248 3874
249 370
249 1145
249 1255
249 1581
249 2603
249 2694
249 2696
249 2970
249 4305
249 4352
249 4734
253 634
253 1179
253 1911
253 1972
253 2741
253 3446
253 3967
253 4532
253 4654
253 4731
255 1941
255 2845
257 2756
258 280
258 475
258 536
258 565
258 577
258 729
258 846
258 852
258 1002
258 1085
258 1122
258 1268
258 1321
258 1349
258 1361
258 1527
258 1636
258 1763
258 1812
258 1929
258 1994
258 2158
258 2255
258 2529
258 2756
258 2762
258 2930
258 2970
258 3258
258 3368
258 3417
258 3453
258 3617
258 3636
258 3688
258 3727
258 3745
258 3984
258 4113
258 4187
258 4353
258 4507
258 4696
258 4781
258 4821
258 4920
259 1763
259 2504
267 461
267 2389
271 1470
271 2287
271 4307
275 2694
275 3453
275 3543
276 1900
280 312
280 348
280 383
280 434
280 442
280 505
280 539
280 565
280 570
280 613
280 621
280 636
280 680
280 682
280 689
280 785
280 852
280 859
280 881
280 893
280 904
280 922
280 948
280 1005
280 1057
280 1255
280 1268
280 1322
280 1365
280 1413
280 1418
280 1426
280 1470
280 1539
280 1636
280 1818
280 1831
280 2081
280 2223
280 2266
280 2284
280 2460
280 2465
280 2534
280 2583
280 2627
280 2694
280 2756
280 2762
280 2821
280 3162
280 3166
280 3176
280 3249
280 3322
280 3329
280 3368
280 3388
280 3417
280 3453
280 3458
280 3473
280 3484
280 3573
280 3584
280 3613
280 3636
280 3712
280 3745
280 3830
280 3928
280 3945
280 3984
280 4028
280 4065
280 4110
280 4171
280 4316
280 4317
280 4369
280 4507
280 4557
280 4614
280 4629
280 4630
280 4639
280 4684
280 4744
282 788
282 1996
282 4528
283 573
283 904
283 1774
283 3171
283 4116
283 4150
283 4234
283 4885
286 442
286 641
286 729
286 1017
286 1106
286 1732
286 1917
286 2052
286 2089
286 2223
286 2307
286 2382
286 2428
286 2592
286 2687
286 2767
286 2919
286 2930
286 3304
286 3456
286 3688
286 3984
286 4171
286 4232
286 4318
286 4356
286 4382
286 4388
286 4831
287 570
287 839
287 948
287 1527
287 4684
287 4704
287 4891
287 4961
289 730
289 839
289 852
289 1774
289 1808
289 2223
289 2254
289 2287
289 2434
289 2589
289 2668
289 2687
289 3329
289 3416
289 3477
289 4440
289 4557
289 4563
289 4637
289 4641
289 4646
289 4816
289 4825
289 4845
290 318
290 433
290 4523
295 577
297 302
297 834
297 852
297 1223
297 1300
297 1763
297 1929
297 3026
297 4113
297 4709
298 442
298 881
298 2529
298 2767
298 3322
298 3984
300 539
300 4694
301 1959
301 4624
302 307
302 1164
302 1268
302 1359
302 1636
302 1664
302 1753
302 1794
302 2149
302 2694
302 3052
302 4187
302 4366
302 4419
302 4983
303 1540
303 4822
304 599
304 729
304 734
304 852
304 1106
304 1877
304 2307
304 2434
304 2472
304 2756
304 2919
304 3023
304 3185
304 3268
304 3417
304 3580
304 3745
304 4187
304 4737
304 4776
304 4783
307 460
307 966
307 1198
307 1258
307 1732
307 2070
307 2845
307 2868
307 4901
307 4909
307 4968
307 4981
311 571
311 1115
311 2767
311 4382
312 410
312 434
312 449
312 670
312 682
312 881
312 1106
312 1242
312 1470
312 1636
312 2583
312 2650
312 2868
312 3329
312 3657
312 4495
312 4926
315 348
315 536
315 610
315 879
315 1361
315 1623
315 1724
315 1763
315 1774
315 2687
315 3329
315 3488
315 3727
315 4150
315 4188
315 4289
315 4423
315 4523
315 4879
315 4893
318 659
318 682
318 1877
318 1894
318 3166
318 4031
318 4150
318 4523
324 2739
326 4530
330 634
330 729
330 1242
330 1826
330 4407
330 4470
335 531
335 1106
335 1322
335 1636
335 2158
335 2223
335 2868
335 3171
335 3453
335 4582
338 968
338 2149
339 1145
339 1298
339 3405
339 4332
339 4890
345 1763
345 3984
348 563
348 577
348 610
348 618
348 712
348 1359
348 1807
348 1980
348 1985
348 2149
348 2297
348 2762
348 3171
348 3447
348 3535
348 3791
348 4110
348 4248
348 4588
348 4599
348 4943
356 1470
356 3062
356 3636
358 410
358 1140
358 3171
367 1561
367 1612
370 456
370 570
370 613
370 708
370 753
370 839
370 852
370 893
370 969
370 1135
370 1177
370 1179
370 1198
370 1298
370 1623
370 1763
370 1818
370 1911
370 1917
370 2132
370 2158
370 2574
370 2589
370 2741
370 2756
370 2762
370 2997
370 3026
370 3122
370 3171
370 3191
370 3209
370 3329
370 3446
370 3453
370 3488
370 3528
370 3613
370 3945
370 4015
370 4150
370 4187
370 4289
370 4332
370 4338
370 4509
370 4523
370 4582
370 4611
370 4668
370 4671
370 4765
370 4779
370 4781
370 4869
370 4873
370 4891
370 4906
370 4935
370 4942
370 4994
374 434
374 442
374 483
374 599
374 1359
374 1426
374 1612
374 2095
374 2158
374 2223
374 2583
374 2767
374 3329
374 3579
374 3712
374 3984
374 4171
374 4353
374 4434
383 3023
385 4486
388 3165
388 3346
389 3947
390 516
390 570
390 746
390 762
390 968
390 1255
390 1818
390 1877
390 2062
390 3052
390 4935
391 826
391 1413
397 4817
399 539
399 1140
399 2267
399 2450
399 2492
399 2650
399 4403
399 4441
399 4633
399 4870
402 2650
403 1298
403 4116
406 1017
406 2970
406 4530
406 4550
407 891
407 1510
407 1940
407 2414
408 3712
410 881
410 1005
410 1256
410 1732
410 1763
410 2898
410 3030
410 3171
410 3254
410 3329
410 3415
410 3928
410 4031
410 4187
410 4601
410 4659
410 4686
410 4712
410 4763
410 4900
410 4930
412 1543
412 3760
412 4171
412 4600
414 708
414 4375
414 4781
417 969
417 1510
417 1608
417 1812
417 1831
417 2081
417 2529
417 2762
417 3158
417 3928
417 4136
417 4297
417 4708
423 1470
423 3171
423 4509
423 4530
431 461
431 568
431 729
431 820
431 1243
431 1877
431 1917
431 2158
431 2307
431 2696
431 3900
431 3928
431 4182
432 1561
432 3159
432 4353
433 1923
433 3166
434 618
434 621
434 729
434 762
434 821
434 1106
434 1145
434 1298
434 1413
434 1470
434 1539
434 1612
434 1636
434 1763
434 1818
434 1894
434 1972
434 2455
434 2692
434 2741
434 2767
434 2773
434 2868
434 2970
434 3001
434 3329
434 3543
434 3657
434 3854
434 3928
434 3984
434 4031
434 4171
434 4188
434 4690
434 4795
437 1763
442 1012
442 1148
442 1322
442 1333
442 1359
442 1370
442 1422
442 1476
442 1923
442 2019
442 2223
442 2583
442 2762
442 2767
442 2775
442 3185
442 3947
442 4187
442 4353
442 4504
442 4508
442 4600
442 4609
442 4655
442 4677
442 4751
442 4885
442 4931
442 4937
442 4988
444 1255
446 620
446 621
446 2450
446 2777
446 2820
446 3441
446 3477
446 3945
446 4280
446 4352
446 4360
446 4476
446 4509
446 4589
446 4656
446 4700
446 4897
446 4963
447 1005
447 1177
447 2148
447 2592
447 2767
447 2919
447 3509
447 4379
447 4528
447 4751
448 2204
451 634
451 2868
451 4726
455 539
455 556
455 1825
455 2583
455 4187
455 4366
455 4390
455 4731
455 4937
455 4957
460 577
460 621
460 678
460 682
460 729
460 897
460 1298
460 1413
460 1793
460 1929
460 1994
460 2062
460 2845
460 3417
460 3727
460 3745
460 3828
460 4157
460 4171
460 4479
460 4673
460 4979
461 505
461 539
461 565
461 570
461 573
461 690
461 729
461 805
461 823
461 859
461 948
461 968
461 1002
461 1012
461 1057
461 1098
461 1106
461 1145
461 1242
461 1243
461 1255
461 1268
461 1298
461 1322
461 1359
461 1361
461 1365
461 1375
461 1413
461 1483
461 1517
461 1540
461 1563
461 1571
461 1581
461 1625
461 1636
461 1742
461 1751
461 1753
461 1807
461 1877
461 1917
461 1923
461 1994
461 2052
461 2089
461 2266
461 2299
461 2366
461 2437
461 2529
461 2583
461 2599
461 2603
461 2621
461 2627
461 2649
461 2674
461 2694
461 2724
461 2756
461 2767
461 2844
461 2868
461 2888
461 2923
461 2961
461 3023
461 3122
461 3171
461 3346
461 3355
461 3356
461 3417
461 3442
461 3443
461 3473
461 3613
461 3624
461 3727
461 3745
461 3791
461 3799
461 3882
461 3928
461 3930
461 3945
461 3946
461 3984
461 4150
461 4168
461 4171
461 4187
461 4238
461 4332
461 4334
461 4356
461 4384
461 4419
461 4440
461 4450
461 4459
461 4512
461 4528
461 4555
461 4586
461 4594
461 4611
461 4621
461 4659
461 4667
461 4673
461 4678
461 4690
461 4691
461 4714
461 4731
461 4740
461 4756
461 4807
461 4822
461 4858
461 4891
461 4893
461 4911
461 4922
461 4964
475 634
475 3091
475 3608
475 3823
475 4254
475 4313
477 621
477 1636
477 2052
477 2132
477 2767
477 3928
482 2095
483 1663
483 3477
483 4187
483 4382
483 4700
483 4819
488 729
488 1243
488 1763
488 1793
488 2089
488 3030
488 3368
488 3843
488 4280
488 4419
490 3441
493 691
493 928
493 2603
493 3658
493 3727
493 4822
499 2453
499 4962
503 3781
505 539
505 729
505 1006
505 1923
505 1948
505 4403
505 4628
505 4662
505 4690
505 4822
505 4881
506 1322
506 3453
507 3858
507 4589
507 4634
507 4736
508 1258
508 2149
508 3426
509 2307
509 3505
509 4351
509 4783
510 570
510 1818
515 556
515 4557
516 1255
516 1268
516 2845
516 3166
518 1006
519 4462
519 4656
519 4965
521 762
521 1612
521 4150
524 2845
524 4935
528 3636
528 4656
531 539
531 883
531 1148
531 1763
531 2692
531 2762
531 2818
531 2919
531 3315
531 3322
531 3515
531 3712
531 3791
531 4171
531 4188
531 4385
531 4524
531 4547
531 4812
532 3158
533 852
533 3417
536 1418
536 1636
536 1807
536 2046
536 2254
536 2307
536 2355
536 2762
536 3171
536 3636
536 4356
539 570
539 613
539 618
539 686
539 729
539 891
539 921
539 928
539 968
539 997
539 1002
539 1006
539 1031
539 1255
539 1268
539 1359
539 1540
539 1741
539 1753
539 1774
539 1793
539 1818
539 1831
539 1915
539 1990
539 2019
539 2052
539 2111
539 2199
539 2366
539 2600
539 2606
539 2720
539 2741
539 2762
539 2767
539 2818
539 2919
539 2956
539 3107
539 3165
539 3171
539 3368
539 3417
539 3453
539 3636
539 3801
539 3893
539 3958
539 4015
539 4113
539 4157
539 4171
539 4187
539 4216
539 4280
539 4318
539 4356
539 4362
539 4363
539 4364
539 4366
539 4368
539 4419
539 4440
539 4441
539 4470
539 4493
539 4495
539 4506
539 4523
539 4581
539 4625
539 4641
539 4662
539 4667
539 4694
539 4723
539 4802
539 4815
539 4865
539 4891
539 4935
539 4941
539 4955
539 4960
539 4973
539 4982
539 4985
539 4987
539 4993
542 1742
544 1483
556 682
556 729
556 1005
556 1458
556 1604
556 2223
556 2583
556 2691
556 2762
556 2767
556 3882
556 3928
556 3945
556 4367
556 4530
556 4620
556 4646
556 4660
556 4792
556 4819
556 4829
556 4941
559 1753
559 4390
563 577
563 621
563 904
563 1300
563 1724
563 2603
563 2687
563 2821
563 3030
563 3160
563 3171
563 3727
563 4150
563 4280
563 4523
563 4885
565 852
565 1115
565 2223
565 3023
565 3484
565 3727
565 4187
565 4641
568 1298
570 621
570 746
570 762
570 805
570 852
570 883
570 928
570 948
570 1012
570 1023
570 1145
570 1206
570 1255
570 1268
570 1539
570 1593
570 1753
570 1792
570 1793
570 1857
570 1877
570 1917
570 1929
570 1996
570 2062
570 2169
570 2255
570 2272
570 2284
570 2307
570 2319
570 2465
570 2616
570 2650
570 2756
570 2816
570 2845
570 2868
570 2919
570 3030
570 3052
570 3337
570 3453
570 3484
570 3727
570 3760
570 3783
570 3928
570 4167
570 4187
570 4280
570 4314
570 4317
570 4332
570 4358
570 4399
570 4435
570 4563
570 4566
570 4600
570 4603
570 4605
570 4711
570 4762
570 4783
570 4807
570 4865
570 4891
571 686
571 1177
571 2095
571 2520
571 2739
571 3515
571 4585
572 656
572 729
572 762
572 1753
572 1879
572 1917
572 2307
572 2598
572 3756
572 4190
572 4731
572 4868
573 1012
573 1244
573 1793
573 2762
573 2970
573 3417
573 3984
573 4187
573 4473
573 4480
577 618
577 773
577 836
577 892
577 901
577 1247
577 1370
577 1543
577 1763
577 1774
577 1807
577 1966
577 2278
577 2621
577 2728
577 2762
577 2821
577 2919
577 2930
577 3171
577 3355
577 3484
577 3488
577 3613
577 3683
577 3727
577 3843
577 3984
577 4150
577 4188
577 4199
577 4474
577 4485
577 4505
577 4523
577 4581
577 4638
577 4822
577 4928
589 729
589 4187
592 1911
599 1209
599 2132
599 2762
599 3636
599 3712
599 3928
599 4187
599 4821
600 4187
600 4318
600 4403
600 4619
610 621
610 729
610 852
610 1243
610 1359
610 1418
610 1779
610 1931
610 1985
610 2052
610 2057
610 2245
610 2284
610 2762
610 2821
610 3171
610 3893
610 4298
610 4305
610 4360
610 4422
610 4582
610 4699
610 4813
612 1540
612 3811
613 634
613 729
613 891
613 892
613 1005
613 1106
613 1198
613 1540
613 1636
613 1786
613 1793
613 1959
613 2158
613 2307
613 2381
613 2650
613 2724
613 2762
613 2767
613 2775
613 2868
613 3030
613 3039
613 3107
613 3122
613 3171
613 3185
613 3329
613 3477
613 3566
613 3677
613 3983
613 3984
613 4031
613 4052
613 4122
613 4171
613 4318
613 4353
613 4360
613 4392
613 4460
613 4464
613 4523
613 4553
613 4571
613 4609
613 4766
613 5001
618 659
618 729
618 904
618 1198
618 1255
618 1370
618 1413
618 1612
618 1636
618 1774
618 1812
618 1831
618 2158
618 2540
618 2821
618 3160
618 3171
618 3355
618 3727
618 3850
618 4031
618 4150
618 4280
618 4318
618 4422
618 4425
618 4450
618 4481
618 4493
618 4621
618 4740
618 4798
618 4955
618 4993
619 4893
620 821
620 1929
620 4187
620 4533
620 4573
621 659
621 762
621 821
621 904
621 1002
621 1005
621 1258
621 1370
621 1561
621 1612
621 1636
621 1724
621 1763
621 1774
621 1857
621 1972
621 1994
621 2149
621 2158
621 2278
621 2284
621 2297
621 2593
621 2603
621 2627
621 2650
621 2718
621 2777
621 2820
621 3030
621 3135
621 3160
621 3171
621 3177
621 3329
621 3368
621 3416
621 3453
621 3474
621 3540
621 3613
621 3707
621 3843
621 3850
621 3865
621 3928
621 4032
621 4110
621 4150
621 4171
621 4280
621 4323
621 4332
621 4383
621 4399
621 4417
621 4423
621 4429
621 4448
621 4457
621 4495
621 4496
621 4517
621 4539
621 4585
621 4600
621 4652
621 4677
621 4690
621 4759
621 4775
621 4779
621 4785
621 4803
621 4811
621 4812
621 4853
621 4906
621 4910
623 4419
633 691
633 730
633 837
633 3836
633 4130
633 4171
633 4232
633 4338
633 4538
634 689
634 1106
634 1413
634 2095
634 2223
634 2254
634 2650
634 2696
634 2868
634 3122
634 3329
634 3377
634 3789
634 3928
634 4305
634 4336
634 4419
641 881
641 2052
641 2089
641 2764
641 2923
641 3064
641 3228
641 3328
641 3897
641 4187
641 4311
641 4422
644 691
647 682
647 2381
647 4321
655 3967
656 2214
656 2307
659 729
659 852
659 938
659 1253
659 1322
659 1365
659 1392
659 1732
659 1831
659 2243
659 2529
659 2756
659 2762
659 2868
659 2919
659 3065
659 3501
659 3543
659 3688
659 3945
659 3984
659 4001
659 4023
659 4187
659 4382
659 4585
659 4600
659 4755
659 4830
662 826
662 2694
662 4419
665 2694
669 3727
680 4651
682 686
682 1012
682 1244
682 1255
682 1413
682 1418
682 1540
682 1561
682 1636
682 1732
682 1742
682 1824
682 2052
682 2095
682 2455
682 2694
682 2969
682 3030
682 4026
682 4035
682 4113
682 4188
682 4253
682 4317
682 4320
682 4370
682 4452
682 4585
682 4613
682 4771
686 1763
686 2089
686 2245
686 3110
686 3490
686 3791
686 3861
686 3958
686 3984
686 4167
686 4676
690 1994
691 922
691 1012
691 2158
691 3453
691 4486
691 4544
691 4582
691 4744
694 4763
696 3329
699 3405
699 4523
703 1894
703 2628
703 2868
703 2943
703 4611
708 1680
708 1763
708 4419
708 4523
710 1265
710 1359
710 2762
710 2821
712 1917
712 1966
712 2100
712 2278
712 2919
712 3160
712 3171
712 3928
712 4181
712 4200
712 4305
712 4737
712 4759
721 1243
721 1625
721 2095
721 4652
724 1794
729 753
729 762
729 852
729 875
729 881
729 893
729 960
729 1012
729 1106
729 1177
729 1206
729 1255
729 1256
729 1276
729 1298
729 1321
729 1335
729 1365
729 1366
729 1413
729 1521
729 1540
729 1623
729 1636
729 1704
729 1742
729 1753
729 1763
729 1804
729 1812
729 1824
729 1861
729 1877
729 1917
729 1994
729 1998
729 2149
729 2158
729 2223
729 2243
729 2245
729 2307
729 2406
729 2412
729 2434
729 2452
729 2455
729 2472
729 2534
729 2592
729 2598
729 2621
729 2627
729 2650
729 2668
729 2674
729 2691
729 2720
729 2756
729 2762
729 2820
729 2821
729 2943
729 3023
729 3030
729 3067
729 3122
729 3171
729 3265
729 3337
729 3405
729 3415
729 3453
729 3484
729 3675
729 3745
729 3760
729 3791
729 3838
729 3850
729 3984
729 4026
729 4107
729 4110
729 4171
729 4177
729 4187
729 4190
729 4191
729 4280
729 4308
729 4317
729 4318
729 4323
729 4356
729 4370
729 4371
729 4372
729 4380
729 4399
729 4422
729 4423
729 4449
729 4470
729 4491
729 4523
729 4560
729 4577
729 4582
729 4585
729 4609
729 4612
729 4630
729 4653
729 4690
729 4691
729 4698
729 4728
729 4756
729 4762
729 4795
729 4840
729 4841
729 4891
729 4892
729 4896
729 4922
729 4990
730 762
730 1005
730 1359
730 3727
731 4955
734 2046
734 3546
734 4916
736 3329
736 4431
736 4532
736 4987
738 2124
746 1012
746 1742
746 1818
753 1002
753 1413
753 1422
753 3984
760 2627
762 836
762 852
762 883
762 901
762 928
762 1012
762 1036
762 1145
762 1200
762 1255
762 1268
762 1298
762 1322
762 1470
762 1521
762 1539
762 1753
762 1755
762 1794
762 1818
762 1857
762 1894
762 2035
762 2062
762 2350
762 2412
762 2423
762 2488
762 2650
762 2668
762 2718
762 2756
762 2767
762 2845
762 2868
762 2916
762 2919
762 2969
762 2970
762 3030
762 3062
762 3067
762 3122
762 3177
762 3368
762 3388
762 3484
762 3578
762 3582
762 3727
762 3760
762 3783
762 3791
762 3984
762 4095
762 4113
762 4150
762 4187
762 4286
762 4305
762 4360
762 4523
762 4605
762 4615
762 4646
762 4684
762 4691
762 4702
762 4710
762 4731
762 4744
762 4759
762 4761
762 4771
762 4781
762 4896
762 4906
762 4935
762 4941
762 4956
762 4957
762 4994
771 1359
771 2052
771 2419
771 2605
771 4419
771 4925
772 3368
773 3166
773 4383
773 4638
773 4783
781 881
781 907
781 2534
785 1636
785 2767
785 2919
785 4305
785 4955
788 4708
789 1742
789 1825
794 3737
794 4433
794 4585
796 1774
796 3405
796 4383
801 1563
801 3799
803 2687
803 2762
803 2775
803 3893
803 4188
803 4937
805 1255
805 1636
805 1917
805 3484
809 1540
809 4583
809 4731
810 4226
810 4332
817 1994
817 2845
817 4314
820 1646
820 1824
820 1877
820 2158
820 3122
820 4509
821 839
821 1763
821 2472
821 2598
821 2868
821 3381
821 3928
821 4419
821 4451
821 4891
821 4951
823 1636
823 1972
823 2767
823 4785
824 1917
824 3024
826 2956
826 4384
834 2820
834 3982
834 4519
836 904
836 968
836 1521
836 1680
836 1793
836 1917
836 1992
836 2412
836 3488
836 3874
836 4015
836 4231
836 4380
836 4503
837 920
837 1636
837 2589
837 2733
837 3023
837 3171
837 3613
837 3683
837 3984
837 4160
837 4187
837 4191
837 4344
837 4517
837 4549
837 4692
837 4696
837 4728
837 4766
837 4891
837 4974
839 859
839 904
839 948
839 1232
839 1298
839 1375
839 1543
839 1636
839 1661
839 1792
839 1824
839 1917
839 1929
839 2149
839 2158
839 2188
839 2255
839 2307
839 2627
839 3453
839 3811
839 3874
839 4299
839 4340
839 4708
845 3823
846 2694
846 3000
846 4199
846 4419
846 4882
846 4934
852 1005
852 1057
852 1070
852 1122
852 1206
852 1255
852 1256
852 1258
852 1322
852 1333
852 1362
852 1365
852 1413
852 1774
852 1825
852 1845
852 1972
852 2035
852 2081
852 2095
852 2148
852 2158
852 2177
852 2488
852 2529
852 2589
852 2598
852 2627
852 2756
852 2762
852 2767
852 2845
852 2868
852 2938
852 2970
852 3023
852 3026
852 3078
852 3171
852 3329
852 3368
852 3413
852 3453
852 3509
852 3515
852 3578
852 3707
852 3727
852 3811
852 3874
852 3928
852 3946
852 3984
852 4113
852 4116
852 4126
852 4140
852 4187
852 4231
852 4286
852 4318
852 4403
852 4422
852 4585
852 4597
852 4605
852 4641
852 4672
852 4680
852 4710
852 4754
852 4760
852 4774
852 4832
852 4840
852 4846
852 4850
852 4858
852 4885
852 4887
852 4905
852 4911
852 4918
852 4941
857 4481
859 881
859 1753
859 1793
859 1971
859 2149
859 2255
859 2529
859 2540
859 3111
859 3184
867 4736
872 2019
873 1636
873 2868
873 4187
873 4870
873 4957
875 904
875 968
875 1268
875 2254
875 2787
875 3710
875 3975
875 4150
875 4731
879 4188
881 1086
881 1106
881 1359
881 1418
881 1421
881 1831
881 2149
881 2534
881 2583
881 2756
881 2762
881 2767
881 2783
881 2868
881 3015
881 3030
881 3067
881 3110
881 3171
881 3333
881 3416
881 3453
881 3484
881 3636
881 3791
881 3984
881 4150
881 4171
881 4280
881 4574
881 4696
881 4708
883 1298
883 1788
883 1818
883 1877
883 2062
883 2718
883 2888
883 4413
883 4577
883 4841
883 4956
886 1144
886 1540
886 1636
886 1763
886 2095
886 2455
886 2627
886 2756
886 2767
886 3023
886 3613
886 3984
886 4171
886 4254
886 4310
889 2089
890 4876
891 904
891 919
891 991
891 1034
891 1413
891 1422
891 1540
891 1563
891 1636
891 1703
891 1753
891 1793
891 2324
891 2434
891 2583
891 2739
891 3062
891 3693
891 4065
891 4171
891 4356
891 4718
892 2256
892 2687
892 4032
892 4349
892 4510
893 1056
893 1392
893 1774
893 1958
893 2762
893 3613
893 3843
893 3928
893 4171
893 4345
897 1268
897 1612
897 1742
897 2598
897 3166
897 3727
897 3745
897 4150
897 4171
897 4314
897 4783
898 4569
901 1622
901 2382
901 2412
901 3030
901 3171
901 4338
903 3543
904 1034
904 1242
904 1278
904 1539
904 1561
904 1724
904 1755
904 1804
904 2089
904 2297
904 2650
904 2816
904 2821
904 2882
904 3030
904 3165
904 3474
904 3850
904 3865
904 4150
904 4226
904 4280
904 4373
904 4419
904 4429
904 4456
904 4509
904 4673
904 4910
905 4518
907 4286
907 4556
907 4641
910 3484
910 4445
917 4546
919 1369
919 4171
919 4493
919 4523
921 1255
921 1794
921 2845
921 3515
921 4113
922 1209
922 4187
928 968
928 1075
928 1255
928 1753
928 1755
928 1804
928 2122
928 2255
928 2412
928 3930
928 3975
938 2762
938 3882
938 3984
946 3171
948 1074
948 1255
948 1268
948 1278
948 1366
948 1581
948 1753
948 1811
948 2052
948 2255
948 2389
948 2468
948 2612
948 2694
948 3405
948 3543
948 3727
948 3930
948 4171
948 4321
948 4419
948 4470
948 4575
948 4684
948 4891
948 4917
948 4961
948 4990
950 1115
950 2627
952 2694
960 1794
963 1140
963 1571
963 1751
963 1990
963 2527
963 3405
963 4887
963 4955
968 1002
968 1268
968 1753
968 1877
968 2019
968 2027
968 2845
968 3122
968 3405
968 3874
968 4187
968 4229
968 4481
968 4690
968 4975
969 1333
969 1540
969 1831
969 1917
969 2081
969 2124
969 2321
969 2529
969 3067
969 3381
969 3712
969 3745
969 3928
969 4380
969 4736
976 1198
978 1527
978 1753
978 2389
987 2089
991 1255
991 1540
991 1753
991 2122
991 4171
997 1925
997 2053
997 4706
998 3712
1002 1206
1002 1242
1002 1255
1002 1312
1002 1361
1002 1365
1002 1413
1002 1422
1002 1753
1002 1825
1002 1875
1002 2082
1002 2149
1002 2158
1002 2286
1002 2412
1002 2741
1002 2840
1002 3083
1002 3125
1002 3171
1002 3184
1002 3405
1002 3477
1002 3727
1002 3799
1002 3823
1002 3958
1002 3984
1002 4279
1002 4501
1002 4530
1002 4600
1002 4609
1002 4628
1002 4682
1002 4690
1002 4731
1002 4766
1002 4875
1002 4882
1002 4897
1002 4955
1002 4965
1002 4975
1005 1122
1005 1177
1005 1198
1005 1365
1005 1505
1005 1543
1005 1636
1005 1990
1005 1992
1005 2089
1005 2589
1005 2650
1005 2762
1005 3217
1005 3412
1005 3477
1005 3639
1005 3928
1005 4048
1005 4077
1005 4535
1005 4600
1005 4602
1005 4608
1005 4828
1005 4853
1005 4893
1006 1177
1006 1268
1006 1658
1006 1948
1006 2019
1006 2052
1006 2720
1006 2956
1006 3484
1006 4171
1006 4187
1011 2907
1012 1206
1012 1255
1012 1268
1012 1458
1012 1687
1012 1732
1012 1894
1012 1959
1012 2062
1012 2158
1012 2307
1012 2434
1012 2488
1012 2589
1012 2660
1012 2741
1012 2868
1012 3026
1012 3030
1012 3166
1012 3329
1012 3337
1012 3453
1012 3587
1012 3984
1012 4018
1012 4113
1012 4168
1012 4171
1012 4187
1012 4280
1012 4305
1012 4337
1012 4382
1012 4452
1012 4458
1012 4641
1012 4756
1013 3152
1013 3811
1017 2529
1017 3745
1017 4419
1017 4685
1017 4807
1017 4893
1017 4962
1023 1268
1023 1527
1023 1836
1023 3041
1031 1060
1031 1667
1031 1923
1031 2179
1031 2434
1031 3233
1031 3930
1031 4187
1031 4607
1034 1510
1034 2286
1034 3352
1035 2027
1035 2123
1035 2628
1035 4419
1036 1232
1036 1413
1036 1481
1036 1774
1036 1804
1036 1819
1036 1972
1036 2820
1036 3267
1036 3543
1036 3690
1036 3865
1036 4150
1036 4417
1036 4591
1036 4608
1038 1359
1038 1422
1038 4512
1038 4658
1038 4920
1039 4140
1039 4338
1039 4666
1039 4754
1041 1198
1041 1636
1041 2640
1041 3745
1041 4414
1045 2773
1048 4323
1051 2307
1051 2767
1051 3636
1053 1818
1053 2272
1053 4523
1056 4052
1056 4419
1056 4896
1057 1148
1057 1418
1057 1636
1057 1793
1057 1831
1057 2062
1057 2089
1057 2583
1057 3171
1057 3984
1057 4187
1057 4305
1057 4326
1057 4592
1057 4594
1057 4617
1057 4679
1057 4823
1057 4931
1060 1625
1060 1831
1060 2179
1060 4048
1060 4650
1062 2453
1070 1554
1070 2529
1070 2756
1070 4379
1075 1441
1085 1917
1085 2319
1086 3171
1086 4679
1089 2077
1089 2223
1093 3947
1097 4177
1099 1255
1106 1112
1106 1135
1106 1148
1106 1177
1106 1255
1106 1636
1106 1687
1106 1786
1106 1996
1106 2248
1106 2403
1106 2583
1106 2605
1106 2868
1106 3113
1106 3171
1106 3388
1106 3412
1106 3453
1106 3613
1106 3676
1106 3713
1106 3874
1106 3984
1106 4187
1106 4318
1106 4338
1106 4523
1106 4580
1106 4614
1106 4630
1106 4696
1106 4719
1106 4827
1106 4891
1106 4931
1112 1390
1112 2122
1114 1763
1115 1359
1115 1632
1115 1931
1115 1985
1115 2057
1115 2223
1115 2355
1115 2382
1115 2455
1115 2512
1115 2583
1115 2627
1115 2691
1115 2767
1115 3171
1115 3329
1115 3405
1115 3579
1115 3984
1115 4305
1115 4434
1115 4653
1115 4791
1115 4895
1122 2149
1122 2499
1122 2627
1122 2739
1122 4402
1122 4585
1128 2529
1128 4341
1135 2307
1135 4874
1140 1413
1140 2052
1140 2089
1140 2599
1140 2930
1140 3026
1140 3636
1140 3928
1140 4403
1140 4779
1141 3206
1141 3984
1141 4077
1141 4435
1144 1418
1144 3613
1145 1164
1145 1255
1145 1413
1145 1527
1145 1616
1145 1877
1145 2192
1145 2437
1145 2694
1145 3030
1145 4419
1145 4523
1145 4721
1145 4763
1145 4799
1145 4935
1147 1164
1147 1255
1147 4465
1148 1796
1148 3315
1148 3613
1148 3967
1148 3984
1164 1255
1164 1612
1164 1971
1164 2583
1164 3377
1164 4177
1164 4465
1164 4979
1169 2845
1170 1540
1170 4670
1171 2158
1171 4693
1177 1365
1177 1763
1177 2762
1177 3928
1177 4171
1177 4254
1177 4488
1177 4581
1177 4600
1179 1763
1179 1985
1179 2256
1179 2762
1179 2767
1179 3191
1179 3843
1179 3943
1179 4291
1185 2756
1185 3515
1185 4760
1186 4392
1193 1742
1198 1636
1198 1763
1198 1812
1198 1972
1198 2052
1198 2762
1198 2919
1198 2970
1198 3636
1198 4238
1198 4536
1198 4715
1200 1206
1200 1456
1200 4458
1204 3161
1206 1255
1206 1256
1206 1470
1206 1774
1206 2052
1206 2095
1206 2234
1206 2627
1206 2670
1206 2820
1206 2845
1206 3078
1206 3368
1206 3928
1206 3984
1206 4171
1206 4194
1206 4458
1206 4478
1206 4605
1206 4756
1206 4774
1206 4869
1206 4935
1209 1763
1209 1776
1209 2077
1209 3171
1209 3574
1209 4700
1223 2821
1223 4113
1231 4157
1232 1958
1232 2149
1232 4868
1233 1365
1233 1510
1233 2728
1233 4187
1233 4384
1242 1268
1242 1413
1242 1416
1242 1540
1242 1753
1242 1917
1242 2434
1242 2437
1242 2599
1242 2919
1242 3453
1242 3473
1242 3745
1242 3984
1242 4187
1242 4384
1242 4466
1242 4691
1242 4782
1242 4822
1243 1561
1243 1818
1243 1917
1243 1972
1243 2077
1243 2214
1243 2406
1243 2453
1243 2862
1243 3067
1243 3171
1243 3509
1243 3745
1243 3791
1243 3858
1243 4061
1243 4100
1243 4171
1243 4187
1243 4275
1243 4417
1243 4447
1243 4482
1243 4492
1243 4509
1243 4592
1244 2970
1244 4280
1247 1763
1247 4928
1251 1359
1251 1418
1251 1763
1251 1959
1251 2455
1255 1256
1255 1322
1255 1359
1255 1365
1255 1366
1255 1392
1255 1416
1255 1454
1255 1527
1255 1539
1255 1561
1255 1598
1255 1667
1255 1753
1255 1774
1255 1793
1255 1796
1255 1824
1255 1825
1255 1877
1255 1915
1255 1990
1255 1994
1255 2027
1255 2062
1255 2149
1255 2184
1255 2255
1255 2307
1255 2319
1255 2488
1255 2529
1255 2534
1255 2589
1255 2593
1255 2627
1255 2650
1255 2674
1255 2682
1255 2692
1255 2718
1255 2845
1255 2868
1255 2888
1255 2916
1255 2919
1255 2938
1255 3030
1255 3049
1255 3113
1255 3171
1255 3368
1255 3388
1255 3405
1255 3417
1255 3473
1255 3484
1255 3515
1255 3727
1255 3745
1255 3900
1255 3920
1255 4113
1255 4157
1255 4171
1255 4187
1255 4280
1255 4309
1255 4314
1255 4321
1255 4340
1255 4351
1255 4356
1255 4358
1255 4390
1255 4419
1255 4445
1255 4458
1255 4495
1255 4509
1255 4525
1255 4543
1255 4582
1255 4592
1255 4641
1255 4680
1255 4783
1255 4793
1255 4865
1255 4921
1255 4951
1255 4960
1255 4961
1255 5003
1256 1636
1256 2534
1256 2756
1256 3158
1256 3313
1256 3368
1256 3707
1256 3850
1256 4113
1256 4140
1256 4581
1256 4605
1256 4666
1256 4738
1256 4744
1256 4886
1258 1612
1258 1894
1258 2062
1258 2668
1258 2756
1258 2821
1258 2868
1258 4783
1265 4280
1268 1298
1268 1369
1268 1511
1268 1517
1268 1563
1268 1646
1268 1732
1268 1753
1268 1763
1268 1792
1268 1793
1268 1877
1268 1925
1268 2052
1268 2053
1268 2319
1268 2412
1268 2423
1268 2598
1268 2600
1268 2612
1268 2674
1268 2694
1268 2720
1268 2787
1268 2845
1268 3107
1268 3405
1268 3484
1268 3799
1268 3865
1268 4023
1268 4080
1268 4102
1268 4157
1268 4167
1268 4171
1268 4216
1268 4267
1268 4305
1268 4318
1268 4332
1268 4334
1268 4351
1268 4384
1268 4390
1268 4416
1268 4419
1268 4511
1268 4539
1268 4552
1268 4606
1268 4628
1268 4731
1268 4802
1268 4865
1275 1831
1275 2583
1276 2818
1276 4254
1278 1724
1278 2149
1278 3984
1278 4360
1281 1753
1281 2423
1281 2756
1281 3204
1290 1793
1290 1923
1290 3184
1295 1359
1295 2254
1295 2583
1295 2820
1295 3062
1298 1359
1298 1539
1298 1917
1298 2307
1298 2598
1298 3030
1298 3453
1298 4031
1298 4390
1298 4568
1298 4582
1298 4783
1300 1365
1300 1612
1300 1709
1300 1917
1300 2589
1300 2692
1300 4188
1300 4523
1312 4655
1321 1612
1321 1687
1321 3337
1321 4305
1321 4742
1321 4786
1322 1636
1322 1763
1322 1774
1322 1831
1322 1957
1322 2035
1322 2455
1322 2529
1322 2650
1322 2762
1322 2919
1322 3030
1322 3304
1322 3453
1322 3657
1322 3928
1322 3984
1322 4110
1322 4187
1322 4941
1331 3791
1333 1831
1333 2019
1333 2132
1333 2321
1333 2504
1333 3887
1333 4275
1333 4471
1333 4604
1333 4736
1333 4889
1335 1622
1335 1636
1335 1793
1335 1831
1335 1995
1335 2199
1335 2627
1335 3171
1335 4116
1335 4403
1335 4681
1338 4392
1340 2750
1342 2694
1349 4580
1359 1422
1359 1540
1359 1636
1359 1763
1359 1812
1359 2254
1359 2355
1359 2434
1359 2465
1359 2583
1359 2694
1359 2724
1359 2762
1359 2777
1359 2868
1359 2919
1359 3183
1359 3388
1359 3501
1359 3521
1359 3613
1359 3636
1359 3858
1359 4015
1359 4058
1359 4187
1359 4350
1359 4514
1359 4573
1359 4582
1359 4585
1359 4600
1359 4640
1359 4648
1359 4658
1359 4699
1359 4702
1359 4718
1359 4728
1359 4746
1359 4788
1359 4821
1359 4823
1359 4830
1359 4835
1359 4866
1359 4881
1359 4888
1359 4958
1361 1636
1361 1663
1361 1812
1361 1959
1361 2223
1361 2706
1361 3477
1361 4541
1361 4686
1361 4743
1361 4893
1365 1418
1365 1543
1365 1877
1365 1994
1365 2009
1365 2095
1365 2589
1365 2598
1365 2670
1365 2741
1365 2919
1365 3329
1365 3405
1365 3453
1365 3543
1365 3675
1365 3745
1365 3850
1365 3897
1365 3928
1365 4095
1365 4171
1365 4317
1365 4523
1365 4637
1365 4640
1365 4696
1365 4776
1366 1793
1366 1917
1366 1971
1366 2027
1366 2389
1366 4479
1366 4783
1369 1375
1369 1510
1369 1517
1369 1793
1369 2019
1369 2286
1369 4171
1369 4419
1369 4927
1370 2095
1370 2284
1370 2340
1370 2529
1370 2756
1370 3078
1370 3171
1370 3688
1370 4929
1375 1753
1375 2052
1375 2307
1375 2412
1375 2674
1375 3171
1375 4171
1375 4896
1379 4365
1383 1742
1383 3955
1383 4332
1390 2052
1390 2534
1390 3525
1390 4306
1392 3171
1395 1959
1395 3416
1395 3945
1395 4432
1395 4646
1395 4725
1406 3657
1406 4585
1406 4600
1406 4830
1413 1483
1413 1501
1413 1636
1413 1667
1413 1753
1413 1923
1413 1990
1413 2019
1413 2052
1413 2158
1413 2307
1413 2412
1413 2627
1413 2650
1413 3068
1413 3122
1413 3166
1413 3171
1413 3346
1413 3417
1413 3473
1413 4187
1413 4317
1413 4339
1413 4470
1413 4519
1413 4546
1413 4564
1413 4700
1413 4719
1413 4731
1413 4736
1413 4807
1413 4822
1413 4960
1416 1793
1416 2324
1416 2389
1416 2472
1416 2694
1416 2720
1416 3900
1416 3950
1416 4384
1416 4419
1416 4624
1418 1540
1418 1636
1418 1818
1418 2256
1418 2284
1418 2783
1418 2919
1418 3171
1418 3712
1418 3727
1418 3882
1418 4523
1418 4581
1418 4585
1418 4600
1418 4656
1418 4789
1418 4793
1418 4798
1419 3745
1419 3791
1421 2527
1421 3501
1421 4403
1421 4955
1422 1636
1422 1824
1422 1917
1422 2052
1422 2583
1422 2594
1422 2739
1422 3928
1422 3984
1422 4048
1422 4519
1422 4936
1422 4944
1426 2767
1436 2938
1448 4031
1453 4280
1456 2845
1456 4783
1456 4935
1458 3030
1458 3477
1458 3984
1458 4318
1461 1972
1470 1763
1470 1769
1470 1831
1470 1994
1470 2169
1470 2223
1470 2287
1470 2762
1470 2919
1470 3477
1470 3578
1470 3811
1470 3928
1470 4171
1470 4307
1470 4317
1470 4536
1470 4548
1470 4554
1470 4556
1470 4573
1470 4582
1470 4617
1470 4710
1470 4774
1470 4887
1470 4989
1476 1994
1476 2534
1476 2694
1476 3984
1479 4305
1483 2052
1483 3184
1483 3636
1483 4534
1501 1510
1501 3417
1501 3791
1501 4187
1501 4318
1501 4382
1505 3639
1510 1511
1510 1540
1510 1636
1510 1923
1510 1994
1510 2052
1510 2113
1510 2158
1510 2423
1510 2674
1510 3062
1510 3183
1510 3184
1510 3688
1510 4361
1510 4427
1510 4440
1510 4453
1510 4512
1510 4520
1510 4600
1510 4686
1510 4690
1510 4727
1517 1680
1517 2574
1517 2600
1517 3083
1517 3329
1517 4171
1517 4199
1517 4344
1521 1804
1521 2062
1521 3447
1527 1753
1527 1793
1527 1971
1527 1985
1527 2255
1527 2612
1527 4724
1527 4864
1527 4941
1535 1561
1536 1571
1539 1561
1539 1661
1539 1831
1539 2062
1539 2095
1539 2158
1539 2616
1539 2816
1539 2882
1539 2919
1539 3030
1539 3624
1539 4171
1539 4523
1540 1636
1540 1753
1540 1794
1540 1994
1540 2254
1540 2286
1540 2455
1540 2598
1540 2674
1540 2724
1540 2868
1540 3613
1540 3984
1540 4009
1540 4171
1540 4317
1540 4318
1540 4403
1540 4585
1540 4694
1540 4822
1540 4844
1540 4885
1543 1763
1543 2256
1543 2767
1543 3329
1543 4110
1543 4523
1543 4577
1554 3313
1554 3515
1554 3578
1560 3405
1561 1612
1561 1646
1561 1742
1561 1763
1561 2070
1561 2079
1561 2223
1561 2255
1561 2529
1561 2606
1561 2721
1561 2728
1561 2741
1561 2767
1561 2784
1561 2820
1561 2969
1561 3160
1561 3329
1561 3453
1561 3745
1561 3928
1561 3958
1561 3984
1561 4116
1561 4171
1561 4232
1561 4275
1561 4333
1561 4364
1561 4509
1561 4563
1561 4573
1561 4577
1561 4592
1561 4942
1561 4968
1562 5000
1563 1917
1563 2204
1563 4393
1563 4994
1564 2694
1571 2105
1571 3390
1571 3930
1571 4187
1576 2583
1576 2767
1576 2923
1576 4413
1576 4484
1576 4512
1581 1877
1581 2027
1581 2255
1581 2333
1581 3405
1581 3473
1581 3543
1581 3930
1581 4419
1593 2062
1593 4171
1593 4605
1600 1877
1600 2694
1600 3984
1600 4171
1602 4414
1604 3608
1604 3712
1604 4110
1606 1915
1606 2583
1608 2046
1608 2089
1608 2669
1608 3171
1608 3636
1608 4666
1612 2628
1612 2919
1612 3030
1612 3166
1612 3171
1612 3727
1612 3865
1612 3920
1612 4383
1612 4422
1612 4487
1612 4684
1612 4783
1614 4585
1616 1940
1616 4542
1622 1794
1622 2682
1622 2820
1622 3484
1622 3693
1622 3791
1622 4110
1622 4190
1622 4317
1622 4471
1623 2529
1623 4318
1625 2919
1625 3158
1625 4187
1625 4904
1632 2223
1636 1717
1636 1747
1636 1751
1636 1768
1636 1774
1636 1831
1636 1835
1636 1923
1636 1929
1636 1994
1636 2052
1636 2081
1636 2089
1636 2132
1636 2169
1636 2215
1636 2254
1636 2287
1636 2355
1636 2381
1636 2432
1636 2455
1636 2457
1636 2529
1636 2583
1636 2603
1636 2706
1636 2739
1636 2741
1636 2760
1636 2762
1636 2764
1636 2820
1636 2821
1636 2825
1636 2868
1636 2919
1636 2950
1636 2954
1636 3051
1636 3062
1636 3065
1636 3110
1636 3122
1636 3171
1636 3221
1636 3329
1636 3477
1636 3501
1636 3521
1636 3613
1636 3627
1636 3636
1636 3649
1636 3676
1636 3688
1636 3707
1636 3713
1636 3838
1636 3858
1636 3904
1636 3928
1636 3980
1636 3982
1636 3984
1636 4065
1636 4136
1636 4171
1636 4187
1636 4238
1636 4297
1636 4299
1636 4305
1636 4307
1636 4318
1636 4320
1636 4323
1636 4370
1636 4385
1636 4399
1636 4403
1636 4415
1636 4422
1636 4427
1636 4428
1636 4433
1636 4440
1636 4444
1636 4512
1636 4513
1636 4551
1636 4585
1636 4589
1636 4594
1636 4595
1636 4600
1636 4602
1636 4656
1636 4677
1636 4679
1636 4688
1636 4694
1636 4747
1636 4749
1636 4750
1636 4808
1636 4823
1636 4830
1636 4842
1636 4851
1636 4870
1636 4891
1636 4897
1636 4920
1636 4955
1636 4957
1636 4971
1636 4989
1636 4991
1640 1824
1640 1877
1640 4532
1646 2321
1646 2473
1646 2767
1646 3543
1646 4419
1658 2027
1658 4898
1661 3361
1663 2687
1663 2783
1663 3882
1664 3955
1666 2158
1667 1826
1667 2064
1667 2820
1667 4391
1667 4690
1667 4747
1674 3065
1680 2225
1680 3030
1680 3405
1680 3900
1680 4008
1680 4031
1680 4856
1687 4187
1687 4475
1691 2095
1691 3745
1702 1996
1702 2149
1702 3479
1703 1753
1703 2956
1703 3823
1703 4171
1709 2027
1709 2403
1709 2472
1709 3171
1709 3900
1709 3930
1709 4332
1709 4351
1717 1763
1717 2057
1717 2177
1717 2756
1717 2767
1717 3023
1717 3368
1717 3515
1717 4948
1724 1894
1724 2821
1724 3166
1724 4031
1724 4150
1724 4806
1724 4953
1729 4857
1732 2706
1732 3216
1732 3344
1732 3582
1732 4332
1741 1753
1741 2603
1741 4314
1741 4339
1742 1794
1742 1972
1742 2297
1742 2504
1742 2650
1742 2668
1742 2919
1742 3166
1742 4150
1742 4523
1742 4638
1742 4771
1742 4855
1742 4956
1745 2845
1747 2321
1747 2762
1747 3298
1747 3446
1747 3982
1747 3984
1751 1793
1751 1794
1751 1917
1751 3745
1753 1807
1753 1877
1753 1917
1753 1942
1753 1971
1753 2019
1753 2027
1753 2111
1753 2150
1753 2199
1753 2307
1753 2319
1753 2412
1753 2419
1753 2423
1753 2453
1753 2490
1753 2603
1753 2621
1753 2669
1753 2674
1753 2687
1753 2694
1753 2828
1753 2943
1753 3026
1753 3030
1753 3049
1753 3405
1753 3453
1753 3505
1753 3658
1753 3930
1753 3975
1753 4167
1753 4199
1753 4280
1753 4285
1753 4321
1753 4333
1753 4340
1753 4351
1753 4401
1753 4424
1753 4431
1753 4440
1753 4511
1753 4520
1753 4647
1753 4667
1753 4693
1753 4701
1753 4734
1753 4799
1753 4807
1753 4912
1753 4925
1753 4982
1755 2027
1755 2149
1755 3377
1755 4951
1763 1831
1763 1845
1763 1877
1763 1929
1763 1959
1763 1972
1763 1990
1763 2028
1763 2052
1763 2081
1763 2177
1763 2223
1763 2278
1763 2321
1763 2455
1763 2488
1763 2589
1763 2599
1763 2650
1763 2668
1763 2720
1763 2756
1763 2762
1763 2767
1763 2868
1763 2950
1763 3107
1763 3125
1763 3183
1763 3228
1763 3249
1763 3322
1763 3368
1763 3417
1763 3446
1763 3453
1763 3476
1763 3613
1763 3745
1763 3943
1763 3967
1763 3982
1763 3984
1763 4045
1763 4065
1763 4080
1763 4086
1763 4100
1763 4113
1763 4181
1763 4187
1763 4191
1763 4305
1763 4318
1763 4344
1763 4345
1763 4382
1763 4396
1763 4403
1763 4408
1763 4416
1763 4419
1763 4422
1763 4430
1763 4435
1763 4475
1763 4482
1763 4492
1763 4517
1763 4523
1763 4547
1763 4577
1763 4582
1763 4585
1763 4608
1763 4648
1763 4653
1763 4654
1763 4705
1763 4731
1763 4814
1763 4820
1763 4829
1763 4831
1763 4845
1763 4888
1763 4928
1763 4941
1763 4955
1763 4968
1768 2583
1768 2818
1768 3329
1768 3613
1768 3636
1768 3791
1768 4171
1768 4187
1769 3171
1769 4509
1774 1825
1774 1985
1774 2038
1774 2248
1774 2281
1774 2583
1774 2650
1774 2687
1774 2767
1774 2775
1774 3171
1774 3329
1774 3474
1774 3727
1774 3874
1774 3955
1774 4008
1774 4171
1774 4280
1774 4344
1774 4493
1774 4523
1774 4623
1774 4783
1774 4891
1774 4994
1776 3574
1776 3943
1776 4090
1776 4467
1779 4110
1779 4424
1785 2529
1785 2581
1785 2687
1785 2775
1786 2070
1786 3381
1786 3675
1786 4171
1786 4877
1786 4890
1788 3791
1792 1917
1792 2255
1792 2694
1792 3417
1792 3874
1793 1917
1793 1958
1793 1980
1793 2307
1793 2455
1793 2472
1793 2593
1793 2674
1793 2687
1793 2694
1793 2989
1793 3030
1793 3166
1793 3171
1793 3405
1793 3505
1793 3727
1793 3785
1793 3930
1793 3984
1793 4080
1793 4177
1793 4280
1793 4333
1793 4390
1793 4419
1793 4431
1793 4494
1793 4603
1793 4802
1793 4807
1793 4873
1794 2919
1794 3171
1794 3268
1794 4419
1794 4561
1794 4933
1804 2406
1804 2694
1804 3166
1804 3267
1804 4495
1804 4874
1804 4906
1804 4950
1807 1917
1807 2243
1807 2248
1807 2382
1807 2627
1807 2919
1807 2930
1807 3158
1807 3688
1807 3760
1807 3984
1807 4199
1807 4696
1808 2512
1808 2839
1812 2762
1812 3745
1812 3850
1812 4297
1812 4708
1818 2052
1818 2081
1818 2437
1818 2455
1818 2821
1818 3026
1818 3177
1818 3368
1818 3677
1818 3945
1818 4018
1818 4052
1818 4116
1818 4392
1818 4652
1818 4898
1819 4523
1822 2123
1822 4113
1824 3984
1824 4332
1824 4419
1824 4546
1824 4600
1824 4806
1824 4959
1825 1831
1825 2132
1825 2148
1825 2868
1825 3171
1825 3355
1825 3727
1825 3928
1825 3984
1825 4581
1826 4449
1831 2081
1831 2089
1831 2169
1831 2534
1831 2583
1831 2937
1831 3056
1831 3228
1831 3385
1831 3688
1831 4136
1831 4187
1831 4238
1831 4297
1831 4303
1831 4318
1831 4325
1831 4348
1831 4405
1831 4463
1831 4617
1831 4627
1831 4690
1831 4817
1835 2132
1835 2820
1835 3928
1835 4866
1836 2412
1845 1994
1845 2095
1845 2529
1845 3171
1857 2062
1857 2650
1857 4392
1857 4783
1861 2412
1870 4779
1872 3984
1872 4495
1872 4535
1877 1971
1877 2158
1877 2307
1877 2319
1877 2366
1877 2406
1877 2412
1877 2523
1877 2694
1877 3405
1877 3543
1877 4167
1877 4177
1877 4314
1877 4332
1877 4419
1877 4465
1877 4523
1877 4532
1877 4806
1877 4975
1879 3463
1879 4199
1880 3171
1887 1994
1894 2650
1894 2718
1894 3166
1894 4150
1894 4523
1894 4783
1894 4840
1899 2455
1899 3065
1899 3412
1899 3712
1899 4467
1911 4509
1915 2627
1915 4892
1917 1990
1917 1998
1917 2132
1917 2149
1917 2204
1917 2248
1917 2254
1917 2412
1917 2437
1917 2453
1917 2948
1917 3067
1917 3107
1917 3378
1917 3405
1917 3463
1917 3713
1917 3756
1917 3900
1917 3984
1917 3992
1917 4080
1917 4195
1917 4199
1917 4280
1917 4318
1917 4333
1917 4338
1917 4340
1917 4357
1917 4375
1917 4380
1917 4431
1917 4451
1917 4493
1917 4612
1917 4640
1917 4653
1917 4829
1917 4896
1917 4923
1917 4982
1917 4993
1929 2095
1929 2428
1929 2970
1929 3171
1929 3453
1929 3928
1929 3984
1929 4187
1939 2124
1939 2775
1940 2820
1940 4171
1940 4662
1941 2035
1941 2062
1941 3147
1941 4768
1942 2255
1942 3930
1948 2019
1948 2956
1948 3473
1948 4171
1958 3322
1959 2158
1959 3064
1959 4158
1959 4366
1971 2389
1971 3405
1971 3473
1971 4419
1971 4731
1972 1985
1972 3030
1972 3160
1972 4031
1972 4171
1972 4188
1972 4353
1972 4417
1972 4591
1972 4839
1980 2149
1980 2473
1980 3000
1980 3789
1980 4318
1980 4405
1980 4419
1980 4610
1985 2243
1985 2583
1985 2687
1985 2762
1985 2989
1985 3171
1985 3329
1985 3865
1985 4110
1985 4201
1985 4356
1985 4388
1985 4572
1985 4584
1985 4585
1985 4641
1990 2741
1990 3068
1990 3162
1992 2767
1992 3322
1992 4187
1992 4531
1994 2589
1994 2720
1994 2741
1994 2825
1994 2868
1994 2919
1994 2943
1994 3065
1994 3388
1994 3412
1994 3613
1994 3688
1994 3791
1994 3943
1994 4110
1994 4171
1994 4318
1994 4339
1994 4563
1994 4709
1994 4714
1994 4740
1995 4150
1996 4440
1996 4640
2000 3984
2003 4783
2003 4938
2019 2052
2019 2132
2019 2437
2019 2599
2019 2919
2019 2956
2019 4318
2019 4427
2019 4625
2019 4731
2022 4419
2024 3171
2027 2307
2027 2406
2027 2453
2027 2473
2027 3052
2027 3484
2027 3900
2027 4314
2027 4419
2027 4532
2027 4826
2027 4947
2027 4994
2027 4997
2035 2062
2035 2307
2035 3030
2035 3166
2035 3368
2038 2472
2038 3062
2039 4419
2046 2316
2046 2583
2046 3230
2048 4585
2050 4553
2052 2113
2052 2158
2052 2169
2052 2223
2052 2284
2052 2307
2052 2583
2052 2589
2052 2598
2052 2756
2052 2868
2052 2956
2052 3065
2052 3329
2052 3416
2052 3688
2052 3727
2052 3823
2052 3874
2052 3958
2052 3984
2052 4080
2052 4187
2052 4231
2052 4238
2052 4318
2052 4371
2052 4373
2052 4380
2052 4390
2052 4413
2052 4422
2052 4441
2052 4464
2052 4469
2052 4475
2052 4500
2052 4516
2052 4525
2052 4585
2052 4665
2052 4667
2052 4684
2052 4694
2052 4731
2052 4783
2052 4784
2052 4829
2052 4903
2052 4960
2052 5002
2053 2603
2053 2818
2053 3107
2053 3453
2053 4199
2053 4216
2053 4482
2053 4822
2057 2223
2057 2592
2057 3447
2057 4150
2057 4548
2062 2267
2062 2628
2062 2650
2062 2845
2062 3030
2062 3417
2062 3716
2062 3783
2062 4194
2062 4495
2062 4523
2062 4668
2062 4702
2064 2095
2064 2919
2064 3385
2070 4436
2076 3967
2076 4489
2077 4942
2081 2764
2081 3677
2081 3745
2081 3928
2081 3945
2081 4388
2081 4955
2086 4928
2089 2256
2089 2455
2089 2762
2089 3441
2089 3745
2089 3928
2089 4171
2089 4191
2089 4436
2089 4534
2089 4620
2089 4655
2089 4776
2089 4853
2095 2158
2095 2488
2095 2529
2095 2617
2095 2627
2095 2670
2095 2691
2095 2756
2095 2767
2095 3078
2095 3329
2095 3415
2095 3453
2095 3578
2095 3584
2095 3850
2095 3904
2095 3945
2095 3947
2095 3983
2095 4113
2095 4220
2095 4289
2095 4353
2095 4403
2095 4420
2095 4452
2095 4523
2095 4545
2095 4557
2095 4597
2095 4616
2095 4646
2095 4680
2095 4744
2095 4907
2098 2158
2105 3930
2111 2687
2111 3405
2111 4351
2111 4994
2122 4384
2122 4470
2122 4883
2122 4891
2123 4351
2124 2617
2124 2691
2124 3945
2124 4700
2124 4707
2124 4872
2124 4884
2131 2583
2131 3712
2132 2158
2132 2316
2132 2534
2132 2583
2132 2762
2132 2868
2132 3477
2132 3509
2132 3636
2132 3874
2132 3945
2132 4187
2132 4191
2132 4220
2132 4305
2132 4467
2132 4508
2132 4534
2132 4551
2132 4561
2132 4573
2132 4585
2132 4617
2132 4637
2132 4708
2132 4709
2132 4730
2132 4840
2139 4226
2139 4783
2142 2668
2146 2962
2147 4843
2148 2957
2148 3171
2148 3727
2148 4379
2149 2437
2149 2696
2149 2720
2149 3030
2149 3171
2149 3405
2149 3453
2149 3543
2149 4276
2149 4370
2149 4495
2149 4677
2149 4775
2150 3484
2153 4821
2156 3613
2158 2307
2158 2526
2158 2534
2158 2535
2158 2581
2158 2598
2158 2603
2158 2627
2158 2650
2158 2716
2158 2720
2158 2820
2158 2868
2158 2943
2158 2970
2158 3166
2158 3262
2158 3412
2158 3453
2158 3636
2158 3657
2158 3745
2158 3854
2158 3955
2158 4031
2158 4171
2158 4191
2158 4199
2158 4314
2158 4332
2158 4336
2158 4340
2158 4354
2158 4388
2158 4445
2158 4577
2158 4581
2158 4671
2158 4832
2158 4879
2166 4187
2169 2307
2169 3636
2169 4238
2169 4305
2169 4318
2169 4853
2169 4935
2177 2938
2177 3023
2177 3313
2177 3578
2177 3791
2179 2434
2179 4065
2188 2589
2192 3122
2199 2255
2199 2307
2199 2767
2204 4171
2204 4216
2208 3023
2208 3515
2208 3727
2215 4187
2215 4641
2223 2266
2223 2307
2223 2434
2223 2455
2223 2460
2223 2529
2223 2583
2223 2606
2223 2756
2223 2767
2223 2783
2223 2919
2223 2969
2223 3030
2223 3107
2223 3171
2223 3322
2223 3329
2223 3368
2223 3477
2223 3573
2223 3627
2223 3850
2223 3882
2223 3904
2223 3946
2223 4032
2223 4061
2223 4418
2223 4538
2223 4553
2223 4556
2223 4557
2223 4646
2223 4653
2223 4687
2223 4700
2223 4760
2223 4770
2223 4791
2223 4829
2223 4879
2223 4931
2223 4937
2225 2821
2225 4523
2234 3823
2240 4409
2243 2455
2243 2617
2243 2687
2243 2691
2243 3412
2243 3613
2243 3712
2243 4187
2243 4419
2243 4585
2243 4600
2243 4818
2245 2455
2245 3412
2245 3712
2245 3984
2245 4045
2248 3727
2248 4641
2254 2355
2254 2472
2254 2598
2254 2728
2254 3416
2254 3453
2254 3841
2254 3874
2254 3984
2254 4107
2254 4305
2254 4367
2254 4427
2254 4589
2255 2473
2255 3000
2255 3329
2255 3405
2255 3658
2255 4187
2255 4266
2255 4390
2255 4401
2255 4419
2255 4640
2256 2687
2256 2767
2256 2775
2256 2821
2256 3442
2256 3984
2256 4044
2256 4188
2256 4422
2256 4784
2256 4819
2266 4329
2266 4893
2267 2488
2269 4113
2272 3166
2272 4031
2274 4523
2278 2821
2278 3636
2278 4422
2278 4652
2278 4788
2283 2627
2283 4821
2284 2381
2284 2583
2284 2764
2284 2821
2284 3580
2284 3613
2284 4100
2284 4305
2284 4585
2284 4621
2286 2674
2286 2820
2286 3165
2286 3930
2286 4102
2286 4199
2286 4975
2287 2460
2287 3171
2287 3745
2287 3799
2287 4187
2287 4798
2287 5006
2292 3171
2297 3166
2297 4523
2307 2389
2307 2460
2307 2603
2307 2612
2307 2627
2307 2650
2307 2691
2307 2692
2307 2706
2307 3030
2307 3171
2307 3377
2307 3675
2307 3688
2307 3874
2307 3882
2307 3984
2307 4107
2307 4171
2307 4199
2307 4314
2307 4337
2307 4357
2307 4419
2307 4592
2307 4628
2307 4632
2307 4663
2307 4724
2307 4736
2307 4891
2313 3381
2316 2434
2316 2762
2316 2764
2316 4136
2316 4656
2316 4952
2319 2389
2319 2589
2319 2694
2319 2821
2319 3368
2319 4113
2319 4171
2319 4419
2319 4690
2321 2682
2321 2919
2321 3446
2321 3967
2321 3982
2321 4342
2321 4469
2321 4789
2324 3484
2324 4351
2324 4419
2324 4787
2340 2488
2340 2650
2350 2389
2350 2868
2350 3356
2350 4391
2350 4582
2350 4641
2355 2434
2355 2593
2355 2594
2355 2767
2355 3171
2355 3636
2355 3984
2355 4187
2355 4779
2360 4781
2364 3000
2364 4419
2364 4882
2366 2403
2366 2694
2369 2583
2369 3928
2381 3477
2381 3613
2381 3947
2382 2460
2382 3456
2382 4831
2382 4860
2389 2412
2389 3000
2389 3453
2389 3676
2389 4171
2389 4266
2389 4321
2389 4333
2389 4351
2389 4419
2389 4610
2389 4891
2389 4894
2389 4937
2389 4980
2389 4990
2399 4585
2405 4731
2406 2694
2406 3030
2406 3528
2406 3543
2406 3951
2406 4370
2406 4419
2406 4546
2406 4915
2412 2423
2412 2820
2412 3171
2412 3947
2412 4171
2412 4190
2412 4419
2419 3405
2423 2437
2423 2714
2423 3158
2423 3405
2423 3543
2423 4177
2428 2547
2428 2825
2428 2868
2428 2919
2428 3158
2428 3258
2428 3453
2428 3984
2428 4744
2432 2668
2432 3062
2432 3613
2432 4187
2432 4403
2432 4655
2432 4731
2432 4891
2434 2825
2434 4670
2450 2627
2450 4403
2450 4642
2452 3928
2453 2472
2453 2694
2453 2696
2453 3543
2453 4301
2455 2457
2455 2541
2455 2583
2455 2756
2455 2767
2455 3125
2455 3322
2455 3416
2455 3446
2455 3453
2455 3509
2455 3858
2455 3984
2455 4160
2455 4171
2455 4284
2455 4366
2455 4527
2455 4585
2455 4800
2455 4891
2455 4918
2455 4955
2455 4968
2460 2674
2460 2919
2460 3484
2460 3649
2460 3967
2460 3984
2460 4107
2460 4232
2460 4312
2460 4493
2460 4663
2460 4867
2465 3947
2465 4188
2465 4342
2465 4559
2465 4565
2469 4544
2472 2473
2472 2950
2472 3405
2472 3636
2472 3984
2472 4015
2472 4157
2472 4199
2472 4835
2473 2694
2473 3405
2473 4419
2473 4783
2488 2741
2488 2938
2488 3171
2488 3176
2488 3368
2488 3413
2488 3458
2488 3515
2488 3578
2488 4113
2488 4140
2488 4391
2488 4545
2488 4666
2488 4905
2490 3947
2490 4031
2492 3385
2499 3613
2499 3984
2499 4499
2504 2583
2504 4650
2504 4774
2512 2691
2512 4305
2522 4988
2523 2694
2526 3453
2526 3688
2526 4050
2526 4433
2526 4585
2529 2627
2529 2640
2529 2670
2529 2682
2529 2756
2529 2764
2529 2795
2529 2839
2529 2845
2529 3001
2529 3078
2529 3113
2529 3171
2529 3368
2529 3412
2529 3578
2529 3582
2529 3751
2529 3984
2529 4095
2529 4113
2529 4140
2529 4317
2529 4347
2529 4366
2529 4383
2529 4460
2529 4481
2529 4576
2529 4639
2529 4783
2529 4811
2529 4858
2529 4937
2529 4941
2534 2583
2534 3453
2534 4582
2534 4783
2535 2762
2535 2923
2535 3613
2535 4187
2535 4394
2536 3928
2536 4859
2540 4536
2541 3984
2547 4913
2562 2583
2562 3484
2562 3608
2562 4696
2574 2948
2574 3171
2574 3636
2574 3984
2574 4384
2574 4581
2574 4896
2582 2583
2582 3893
2582 4970
2583 2687
2583 2739
2583 2762
2583 2825
2583 2923
2583 3145
2583 3171
2583 3228
2583 3329
2583 3422
2583 3613
2583 3624
2583 3636
2583 3712
2583 3745
2583 3893
2583 3945
2583 3980
2583 3984
2583 4031
2583 4122
2583 4136
2583 4171
2583 4187
2583 4317
2583 4415
2583 4422
2583 4495
2583 4504
2583 4507
2583 4677
2583 4687
2583 4699
2583 4804
2583 4811
2583 4818
2583 4866
2583 4955
2589 3137
2589 3405
2589 3984
2589 4200
2589 4317
2589 4412
2589 4470
2589 4991
2592 3882
2592 4546
2592 4886
2593 4419
2594 4710
2594 4716
2594 4912
2598 2694
2598 2724
2598 2762
2598 2775
2598 3026
2598 3107
2598 3417
2598 3453
2598 3613
2598 3688
2598 3992
2598 4199
2598 4364
2598 4375
2598 4483
2598 4801
2598 4853
2598 4891
2598 4933
2598 4937
2599 2650
2599 3122
2599 3322
2599 4305
2599 4802
2600 3935
2603 2694
2603 2820
2603 2930
2603 3473
2603 3791
2603 4171
2603 4419
2603 4523
2603 4843
2605 3453
2606 3322
2606 4364
2606 4968
2612 4400
2616 2816
2616 3171
2617 4818
2627 2756
2627 2938
2627 3030
2627 3078
2627 3171
2627 3329
2627 3453
2627 3477
2627 3636
2627 4061
2627 4095
2627 4113
2627 4171
2627 4350
2627 4408
2627 4437
2627 4482
2627 4545
2627 4548
2627 4555
2627 4996
2627 5004
2628 2650
2628 3624
2628 4392
2640 3727
2641 3608
2649 2868
2649 4015
2649 4775
2650 2762
2650 2767
2650 2775
2650 2919
2650 2930
2650 2934
2650 3030
2650 3166
2650 3177
2650 3329
2650 3417
2650 3442
2650 3474
2650 3613
2650 3624
2650 3627
2650 3713
2650 3727
2650 3745
2650 4150
2650 4157
2650 4238
2650 4305
2650 4323
2650 4358
2650 4372
2650 4380
2650 4392
2650 4495
2650 4518
2650 4523
2650 4896
2656 3984
2660 2839
2660 4140
2660 4641
2668 3329
2668 4171
2668 4731
2669 3062
2670 2756
2670 3226
2670 3515
2670 4095
2670 4113
2670 4140
2674 3405
2674 4171
2674 4317
2674 4518
2674 4816
2674 4885
2682 3473
2682 3484
2682 4102
2687 2762
2687 2767
2687 2775
2687 3329
2687 3474
2687 3727
2687 3838
2687 3882
2687 3984
2687 4032
2687 4305
2687 4356
2687 4388
2687 4422
2687 4423
2687 4523
2687 4600
2687 4641
2687 4695
2687 4705
2687 4793
2687 4886
2687 4998
2691 2919
2691 3861
2691 3882
2691 4061
2691 4187
2691 4312
2691 4366
2691 4646
2691 4707
2691 4908
2691 4999
2692 2767
2692 3441
2692 3515
2692 3578
2692 3712
2692 4348
2692 4352
2692 4468
2692 4710
2692 4778
2694 2820
2694 3083
2694 3122
2694 3405
2694 3453
2694 3646
2694 4015
2694 4113
2694 4171
2694 4187
2694 4238
2694 4332
2694 4333
2694 4546
2694 4558
2694 4684
2694 4847
2694 4890
2694 4975
2696 4177
2696 4532
2696 4734
2704 4783
2706 4592
2718 2919
2720 2956
2720 3950
2720 4332
2720 4351
2720 4482
2720 4671
2724 3613
2724 3791
2724 3958
2724 4018
2724 4200
2724 4332
2724 4336
2724 4968
2728 2762
2728 3708
2728 4280
2728 4333
2728 4361
2733 3984
2733 4048
2739 2762
2739 2820
2739 3023
2739 3171
2739 3184
2739 3268
2739 3477
2739 3636
2739 4305
2739 4440
2739 4512
2739 4600
2741 2767
2741 2990
2741 3044
2741 3307
2741 3322
2741 3329
2741 4280
2741 4473
2741 4532
2756 3078
2756 3204
2756 3258
2756 3302
2756 3313
2756 3329
2756 3368
2756 3412
2756 3453
2756 3515
2756 3578
2756 3598
2756 3707
2756 3727
2756 3946
2756 4095
2756 4113
2756 4140
2756 4182
2756 4187
2756 4379
2756 4490
2756 4537
2756 4576
2756 4641
2756 4680
2756 4709
2756 4744
2756 4848
2756 4858
2756 4886
2756 4891
2756 4895
2756 4948
2756 4949
2756 4988
2760 4028
2760 4530
2762 2764
2762 2775
2762 2821
2762 2868
2762 2930
2762 2970
2762 3030
2762 3056
2762 3158
2762 3171
2762 3183
2762 3215
2762 3328
2762 3412
2762 3442
2762 3580
2762 3613
2762 3791
2762 3882
2762 3928
2762 3945
2762 3984
2762 4031
2762 4110
2762 4136
2762 4188
2762 4201
2762 4280
2762 4283
2762 4305
2762 4377
2762 4382
2762 4406
2762 4441
2762 4489
2762 4501
2762 4504
2762 4527
2762 4641
2762 4654
2762 4698
2762 4713
2762 4789
2762 4824
2762 4955
2767 2783
2767 2821
2767 2845
2767 2868
2767 2997
2767 3091
2767 3171
2767 3322
2767 3329
2767 3417
2767 3447
2767 3453
2767 3484
2767 3579
2767 3613
2767 3627
2767 3636
2767 3688
2767 3745
2767 3947
2767 3954
2767 3984
2767 4113
2767 4116
2767 4122
2767 4181
2767 4187
2767 4231
2767 4280
2767 4305
2767 4317
2767 4320
2767 4326
2767 4330
2767 4331
2767 4339
2767 4349
2767 4365
2767 4373
2767 4403
2767 4484
2767 4495
2767 4507
2767 4562
2767 4585
2767 4589
2767 4600
2767 4617
2767 4624
2767 4641
2767 4702
2767 4760
2767 4764
2767 4772
2767 4791
2767 4800
2767 4840
2767 4845
2767 4889
2771 3171
2771 4962
2775 3030
2775 3893
2775 4188
2775 4853
2777 4140
2783 2868
2783 3882
2783 4181
2795 4481
2816 2968
2816 3368
2816 4171
2818 3322
2818 3967
2818 4254
2818 4320
2818 4538
2820 3062
2820 3165
2820 3453
2820 3823
2820 3928
2820 4171
2820 4332
2820 4373
2820 4399
2820 4414
2820 4427
2820 4520
2820 4530
2820 4714
2820 4829
2820 4902
2820 4968
2821 2822
2821 2989
2821 3160
2821 3727
2821 3799
2821 4448
2821 4494
2821 4523
2821 4918
2825 3928
2828 3158
2831 4591
2839 2919
2839 4473
2845 2868
2845 3147
2845 3166
2845 3171
2845 3417
2845 3707
2845 3716
2845 3783
2845 4194
2845 4573
2845 4702
2845 4858
2868 3030
2868 3221
2868 3329
2868 3337
2868 3484
2868 3501
2868 3685
2868 3727
2868 3745
2868 3811
2868 3945
2868 3984
2868 4028
2868 4113
2868 4181
2868 4187
2868 4286
2868 4403
2868 4495
2868 4582
2868 4700
2868 4717
2868 4731
2868 4858
2868 4887
2882 2930
2888 4332
2888 4582
2889 3639
2915 3984
2915 4413
2915 4600
2919 3171
2919 3329
2919 3417
2919 3613
2919 3727
2919 3745
2919 3945
2919 4008
2919 4110
2919 4171
2919 4232
2919 4286
2919 4338
2919 4582
2919 4696
2919 4709
2919 4730
2919 4745
2919 4798
2919 4860
2923 3636
2930 2970
2930 3030
2930 3191
2930 3967
2930 3984
2930 4050
2930 4280
2930 4641
2930 4648
2930 4710
2930 4878
2930 4910
2930 5001
2934 3171
2938 3313
2938 3791
2938 4113
2950 3171
2950 3745
2954 4886
2956 3984
2956 4171
2956 4190
2956 4280
2956 4427
2956 4625
2956 4881
2956 4975
2957 3171
2957 3355
2959 4419
2961 2969
2969 3984
2970 3388
2970 3453
2970 3636
2970 3791
2970 4187
2970 4309
2970 4422
2970 4523
2970 4637
2970 4690
2970 4769
2975 4578
2979 3984
2989 3405
2997 4387
3000 3405
3000 4419
3001 3636
3001 4304
3001 4858
3001 4887
3015 3958
3023 3171
3023 3649
3023 3727
3023 4187
3023 4350
3023 4379
3026 3329
3026 3688
3026 3781
3026 4800
3026 4893
3026 4955
3030 3049
3030 3062
3030 3171
3030 3368
3030 3405
3030 3417
3030 3473
3030 3484
3030 3727
3030 3811
3030 3843
3030 3865
3030 3900
3030 3920
3030 4080
3030 4113
3030 4150
3030 4168
3030 4171
3030 4280
3030 4305
3030 4392
3030 4417
3030 4419
3030 4448
3030 4493
3030 4523
3030 4610
3030 4684
3030 4807
3030 4831
3030 4885
3030 4914
3030 4935
3030 4951
3031 4332
3039 4523
3041 4961
3049 3484
3052 3405
3052 3484
3052 4419
3056 4318
3062 3171
3062 3613
3062 3745
3062 3791
3062 3874
3062 3893
3062 3984
3062 4187
3062 4318
3062 4732
3064 4254
3064 4367
3064 4469
3065 3171
3065 3258
3065 4280
3065 4318
3065 4365
3065 4427
3065 4626
3065 4631
3065 4775
3067 4632
3067 4863
3069 3955
3071 4758
3076 4050
3078 4744
3091 4313
3091 4414
3100 4390
3107 3171
3107 3329
3107 3799
3107 4187
3107 4332
3107 4380
3107 4382
3107 4483
3107 4523
3107 4528
3107 4879
3113 3745
3113 4171
3122 3191
3122 3543
3122 3928
3122 4015
3122 4150
3122 4187
3122 4332
3122 4507
3122 4532
3122 4668
3122 4783
3125 3329
3125 3745
3125 3984
3125 4150
3125 4280
3125 4765
3140 3477
3145 3158
3145 3545
3145 4885
3147 3624
3152 4563
3158 3928
3158 4140
3158 4741
3158 4756
3159 3217
3160 3474
3160 4201
3160 4297
3160 4968
3163 3473
3166 3405
3166 3624
3166 3920
3166 4000
3166 4031
3166 4157
3166 4284
3166 4550
3166 4586
3166 4731
3166 4756
3166 4783
3171 3355
3171 3474
3171 3727
3171 3745
3171 3819
3171 3893
3171 3928
3171 3983
3171 3984
3171 4116
3171 4171
3171 4188
3171 4200
3171 4309
3171 4389
3171 4391
3171 4422
3171 4425
3171 4474
3171 4493
3171 4507
3171 4519
3171 4523
3171 4536
3171 4581
3171 4590
3171 4613
3171 4634
3171 4672
3171 4679
3171 4761
3171 4774
3171 4798
3171 4811
3171 4879
3171 4886
3171 4892
3171 4903
3171 4937
3171 4944
3171 4977
3180 3535
3181 3405
3183 3989
3183 4055
3183 4110
3183 4318
3183 4350
3183 4550
3184 4171
3184 4506
3184 4690
3184 4970
3192 3457
3204 4677
3206 4440
3221 4988
3228 3649
3228 3745
3251 3369
3258 3515
3258 3928
3258 4187
3258 4355
3258 4908
3267 4591
3267 4856
3268 3893
3268 4181
3270 4585
3283 4390
3298 3446
3298 4332
3298 4765
3307 3688
3307 4931
3313 3578
3313 4796
3315 4339
3322 3329
3322 3584
3322 3781
3322 3984
3322 4023
3322 4050
3322 4110
3322 4171
3322 4305
3322 4320
3322 4408
3322 4418
3322 4540
3322 4547
3322 4560
3322 4731
3322 4888
3326 4501
3328 3636
3329 3416
3329 3417
3329 3446
3329 3453
3329 3580
3329 3613
3329 3861
3329 3865
3329 3928
3329 3945
3329 3967
3329 3984
3329 4031
3329 4113
3329 4158
3329 4289
3329 4318
3329 4320
3329 4417
3329 4489
3329 4503
3329 4517
3329 4523
3329 4582
3329 4653
3329 4671
3329 4731
3329 4793
3329 4825
3329 4862
3337 4582
3337 4895
3344 3405
3344 4972
3346 4384
3355 4505
3368 3515
3368 3745
3368 4150
3368 4171
3368 4443
3368 4792
3368 4848
3381 4023
3385 4335
3385 4405
3385 4834
3388 3453
3388 3613
3388 3636
3388 4637
3389 4713
3390 4187
3403 4313
3405 3473
3405 3484
3405 3543
3405 3745
3405 3789
3405 3930
3405 4031
3405 4080
3405 4167
3405 4177
3405 4266
3405 4267
3405 4319
3405 4332
3405 4419
3405 4495
3405 4523
3405 4532
3405 4546
3405 4577
3405 4732
3405 4847
3405 4882
3405 4890
3405 4943
3409 3584
3409 4318
3412 3947
3412 4158
3412 4238
3412 4318
3412 4512
3412 4535
3412 4600
3415 4419
3415 4600
3416 3712
3416 3984
3416 4646
3417 3453
3417 3727
3417 3984
3417 4338
3417 4360
3417 4793
3422 4878
3426 4419
3441 4187
3442 3928
3446 3657
3446 3984
3447 4171
3447 4187
3447 4188
3447 4317
3453 3613
3453 3928
3453 3984
3453 4031
3453 4187
3453 4289
3453 4305
3453 4332
3453 4419
3453 4538
3453 4577
3453 4580
3453 4582
3453 4637
3453 4644
3453 4769
3453 4852
3453 4916
3456 3727
3456 4493
3456 4663
3456 4798
3457 3890
3458 3578
3458 4444
3458 4754
3458 4931
3473 3930
3473 4604
3473 4647
3473 4667
3474 3636
3474 4879
3476 4382
3477 3509
3477 3587
3477 3613
3477 3636
3477 3685
3477 3897
3477 3947
3477 4122
3477 4187
3477 4310
3477 4318
3477 4403
3477 4683
3484 3745
3484 3984
3484 4333
3484 4345
3484 4400
3484 4419
3484 4582
3484 4736
3484 4853
3484 4951
3490 4415
3501 3636
3501 4160
3501 4585
3501 4600
3505 4783
3509 3850
3509 3984
3509 4110
3509 4126
3509 4238
3509 4316
3509 4422
3509 4690
3509 4828
3515 3578
3515 3707
3515 3727
3515 3751
3515 4095
3515 4113
3515 4382
3515 4545
3515 4641
3515 4680
3515 4744
3515 4849
3515 4886
3515 4905
3515 4907
3515 4949
3521 4187
3523 4419
3523 4570
3530 3745
3543 4199
3543 4305
3543 4318
3543 4332
3543 4351
3543 4370
3543 4419
3543 4445
3556 4212
3570 3982
3573 3712
3574 3617
3574 4090
3574 4187
3574 4624
3574 4845
3578 3707
3578 3811
3578 3983
3578 4113
3578 4126
3578 4754
3579 4048
3579 4067
3584 4200
3587 4305
3587 4318
3587 4377
3587 4422
3608 4212
3608 4598
3608 4665
3613 3683
3613 3791
3613 3854
3613 3928
3613 3958
3613 3984
3613 4110
3613 4187
3613 4280
3613 4318
3613 4344
3613 4399
3613 4403
3613 4439
3613 4454
3613 4484
3613 4495
3613 4496
3613 4503
3613 4513
3613 4517
3613 4577
3613 4585
3613 4637
3613 4654
3613 4675
3613 4689
3613 4692
3613 4728
3613 4731
3613 4772
3613 4820
3613 4842
3613 4926
3613 4932
3613 4974
3617 4318
3624 3727
3624 4709
3624 4783
3626 4187
3627 4305
3636 3727
3636 3787
3636 3928
3636 3947
3636 4065
3636 4187
3636 4191
3636 4231
3636 4254
3636 4352
3636 4365
3636 4403
3636 4422
3636 4427
3636 4506
3636 4526
3636 4530
3636 4585
3636 4602
3636 4641
3636 4677
3636 4776
3636 4821
3636 4885
3636 4896
3636 4920
3638 4390
3643 4549
3646 4333
3649 3980
3649 4126
3649 4238
3649 4589
3649 4643
3649 4688
3657 4289
3657 4298
3657 4371
3657 4885
3677 4187
3677 4324
3683 3984
3688 3712
3688 3745
3688 3984
3688 4050
3688 4318
3693 4471
3693 4650
3700 4379
3707 4428
3707 4846
3712 3880
3712 3984
3712 4110
3712 4237
3712 4318
3712 4534
3712 4541
3712 4553
3712 4589
3712 4620
3712 4630
3712 4636
3712 4646
3712 4931
3713 3787
3713 3984
3717 4776
3727 3745
3727 3850
3727 3887
3727 3984
3727 4150
3727 4280
3727 4305
3727 4338
3727 4346
3727 4379
3727 4493
3727 4523
3727 4663
3727 4664
3727 4738
3727 4751
3727 4778
3727 4791
3727 4886
3727 4960
3727 4998
3727 5003
3745 3874
3745 3928
3745 3984
3745 4045
3745 4061
3745 4126
3745 4171
3745 4187
3745 4191
3745 4199
3745 4238
3745 4286
3745 4288
3745 4305
3745 4382
3745 4391
3745 4403
3745 4468
3745 4484
3745 4494
3745 4500
3745 4558
3745 4560
3745 4563
3745 4564
3745 4582
3745 4585
3745 4646
3745 4678
3745 4679
3745 4732
3745 4742
3745 4746
3745 4764
3745 4779
3745 4800
3745 4820
3745 4853
3745 4893
3745 4937
3747 4238
3756 4426
3760 4771
3781 4645
3787 4221
3787 4669
3791 3945
3791 4326
3791 4336
3791 4484
3791 4573
3791 4580
3791 4592
3791 4617
3791 4709
3799 4427
3799 4600
3799 4775
3799 4822
3800 4731
3801 4171
3806 4234
3811 4065
3811 4116
3816 3984
3821 4065
3829 4805
3836 4254
3843 3984
3843 4353
3843 4382
3843 4523
3850 4988
3852 4781
3853 4187
3854 4171
3861 4312
3861 4646
3874 3928
3874 4080
3874 4116
3874 4357
3874 4380
3874 4388
3874 4732
3874 4762
3874 4887
3874 4931
3877 4699
3880 4646
3882 4032
3882 4044
3882 4188
3882 4360
3882 4494
3882 4977
3893 4188
3893 4495
3893 4507
3893 4536
3893 4820
3900 4038
3900 4080
3900 4266
3900 4807
3900 4891
3900 4925
3900 4995
3904 4067
3904 4422
3910 4992
3912 4435
3916 4893
3928 4028
3928 4032
3928 4113
3928 4117
3928 4171
3928 4288
3928 4305
3928 4313
3928 4352
3928 4359
3928 4367
3928 4410
3928 4411
3928 4504
3928 4535
3928 4537
3928 4563
3928 4577
3928 4585
3928 4589
3928 4594
3928 4641
3928 4654
3928 4678
3928 4708
3928 4730
3928 4774
3928 4788
3928 4819
3928 4825
3928 4893
3928 4931
3928 4989
3930 4102
3930 4157
3930 4340
3930 4356
3930 4401
3930 4951
3945 4171
3945 4187
3945 4297
3945 4310
3945 4318
3945 4352
3945 4395
3945 4598
3945 4646
3947 3990
3947 4342
3947 4352
3947 4388
3947 4403
3947 4422
3947 4430
3947 4919
3950 4052
3950 4351
3954 3984
3955 4280
3955 4333
3967 3984
3967 4023
3967 4050
3967 4320
3967 4492
3967 4765
3980 4187
3983 4737
3983 4809
3984 4045
3984 4061
3984 4100
3984 4110
3984 4171
3984 4187
3984 4200
3984 4305
3984 4312
3984 4313
3984 4318
3984 4384
3984 4408
3984 4492
3984 4503
3984 4507
3984 4519
3984 4523
3984 4550
3984 4560
3984 4577
3984 4582
3984 4585
3984 4731
3984 4736
3984 4809
3984 4816
3984 4821
3984 4829
3984 4831
3984 4835
3984 4842
3984 4851
3984 4867
3984 4870
3984 4879
3984 4880
3984 4881
3984 4896
3990 4305
4008 4508
4008 4582
4016 4338
4023 4320
4023 4325
4026 4280
4031 4171
4031 4187
4031 4280
4031 4356
4031 4615
4032 4050
4032 4286
4032 4674
4032 4733
4038 4807
4044 4050
4048 4593
4050 4731
4052 4373
4052 4374
4061 4714
4065 4318
4065 4343
4067 4318
4067 4398
4077 4367
4080 4777
4090 4348
4090 4549
4090 4932
4095 4113
4102 4171
4102 4384
4110 4118
4110 4188
4110 4303
4110 4315
4110 4331
4110 4471
4110 4739
4110 4746
4113 4380
4113 4523
4113 4585
4113 4693
4113 4717
4113 4763
4116 4150
4116 4188
4116 4309
4116 4390
4116 4761
4116 4890
4117 4893
4126 4422
4140 4666
4140 4754
4140 4907
4144 4187
4150 4280
4150 4297
4150 4392
4150 4523
4150 4783
4150 4969
4157 4370
4157 4419
4159 4289
4159 4577
4167 4419
4170 4828
4171 4187
4171 4305
4171 4318
4171 4427
4171 4511
4171 4609
4171 4615
4171 4628
4171 4690
4171 4691
4171 4865
4171 4885
4171 4891
4171 4896
4171 4984
4181 4200
4187 4190
4187 4254
4187 4289
4187 4318
4187 4338
4187 4353
4187 4370
4187 4382
4187 4403
4187 4422
4187 4477
4187 4507
4187 4559
4187 4582
4187 4586
4187 4600
4187 4700
4187 4720
4187 4735
4187 4755
4187 4757
4187 4771
4187 4783
4187 4786
4187 4821
4187 4832
4187 4853
4187 4870
4187 4888
4187 4891
4187 4932
4191 4212
4199 4419
4199 4431
4199 4509
4200 4554
4200 4617
4212 4312
4216 4891
4216 4966
4221 4397
4238 4317
4238 4643
4238 4689
4248 4928
4254 4324
4254 4391
4254 4461
4267 4732
4280 4423
4280 4533
4280 4539
4280 4650
4280 4652
4286 4678
4286 4800
4286 4853
4288 4404
4289 4600
4289 4744
4289 4887
4297 4898
4300 4328
4305 4318
4305 4620
4305 4627
4310 4534
4310 4750
4313 4316
4316 4464
4316 4484
4316 4513
4316 4600
4318 4351
4318 4378
4318 4403
4318 4436
4318 4508
4318 4517
4318 4619
4318 4623
4318 4656
4318 4716
4318 4720
4318 4740
4324 4327
4324 4343
4324 4381
4329 4433
4329 4585
4332 4532
4333 4945
4336 4373
4336 4475
4338 4666
4338 4730
4338 4731
4338 4860
4338 4877
4340 4518
4353 4362
4353 4376
4356 4373
4357 4390
4382 4422
4382 4517
4382 4929
4382 4932
4382 4940
4385 4403
4388 4434
4388 4557
4390 4736
4390 4783
4403 4455
4403 4502
4403 4534
4403 4585
4403 4600
4403 4633
4403 4636
4403 4689
4403 4703
4403 4889
4403 4931
4403 4955
4410 4411
4414 4415
4414 4517
4419 4515
4419 4523
4419 4532
4419 4570
4419 4610
4419 4628
4419 4673
4419 4702
4419 4724
4419 4814
4419 4894
4419 4934
4419 4990
4419 4995
4422 4530
4422 4574
4422 4633
4422 4690
4422 4740
4422 4814
4423 4641
4433 4585
4436 4438
4436 4467
4442 4446
4450 4459
4458 4478
4467 4534
4467 4898
4476 4986
4484 4488
4489 4666
4489 4885
4493 4518
4493 4523
4495 4496
4495 4497
4495 4498
4501 4521
4507 4675
4508 4529
4509 4577
4510 4522
4517 4549
4517 4939
4518 4567
4518 4867
4519 4589
4523 4532
4523 4577
4523 4615
4523 4673
4523 4806
4523 4959
4523 4969
4527 4722
4528 4697
4536 4797
4536 4896
4536 4993
4544 4577
4546 4649
4546 4943
4546 4959
4555 4556
4555 4557
4559 4565
4560 4562
4563 4657
4563 4678
4574 4579
4577 4582
4581 4621
4582 4583
4582 4668
4582 4832
4583 4679
4585 4600
4587 4588
4592 4596
4594 4595
4595 4937
4600 4837
4600 4967
4608 4765
4615 4622
4626 4631
4628 4724
4636 4660
4641 4849
4641 4941
4646 4707
4646 4833
4646 4931
4650 4652
4655 4659
4655 4669
4659 4666
4677 4767
4694 4749
4695 4705
4699 4976
4731 4752
4731 4781
4731 4783
4731 4860
4731 4924
4731 4946
4735 4748
4746 4773
4746 4780
4751 4770
4763 4832
4771 4885
4783 4829
4783 4853
4783 4892
4783 4893
4791 4794
4817 4818
4819 4821
4821 4854
4821 4898
4821 4963
4821 4999
4829 4860
4832 4913
4874 4931
4877 4890
4877 4902
4879 4955
4879 5005
4882 4975
4891 4893
4891 4937
4891 4955
4891 4960
4891 4961
4893 4899
4893 4916
4896 4959
4896 4962
4903 4904
4905 4908
4907 4908
4908 4968
4908 5004
4916 4933
4925 4927
4935 4994
4941 4958
4941 4963
4942 4943
4942 4955
