0 42
0 64
0 162
0 836
0 875
0 907
0 936
0 1793
0 1917
0 2255
0 3030
0 3484
0 4243
0 4280
0 5549
0 6161
0 6242
0 6292
0 6299
0 6358
0 6408
0 6424
0 6498
0 6505
0 6594
0 6913
0 6916
0 6970
1 1365
1 2319
1 6885
2 158
2 1604
2 3122
2 3195
2 5306
2 6619
2 6704
3 461
3 1002
3 1006
3 1481
3 2236
4 233
4 904
4 6508
7 26
7 43
7 48
7 249
7 370
7 536
7 568
7 839
7 1786
7 1958
7 2650
7 2919
7 3195
7 3453
7 3624
7 4090
7 4280
7 4731
7 5100
7 5215
7 5362
7 5615
7 6574
7 6909
8 97
8 218
8 907
8 1122
8 1413
8 4488
8 4577
8 4858
12 175
12 839
12 963
12 1917
12 2255
12 6375
13 1145
13 1255
13 2464
13 3484
14 281
14 563
14 1413
14 2156
14 2284
14 2396
14 3727
14 5215
14 5929
14 6231
14 6301
14 6393
14 6414
17 3377
19 682
19 712
19 1106
19 1318
19 1543
19 1863
19 1894
19 1985
19 2158
19 2455
19 2529
19 2650
19 2868
19 3030
19 3453
19 3856
19 4253
19 4370
19 4591
19 4907
19 4924
19 6416
19 6420
19 6704
19 6726
25 153
25 4297
25 5006
25 6160
25 6768
26 29
26 42
26 43
26 64
26 80
26 89
26 94
26 100
26 162
26 163
26 190
26 199
26 249
26 348
26 656
26 712
26 775
26 821
26 839
26 875
26 948
26 1177
26 1179
26 1255
26 1298
26 1335
26 1667
26 1732
26 1793
26 1894
26 1917
26 2024
26 2389
26 3254
26 3405
26 3745
26 4080
26 4090
26 4157
26 4297
26 4419
26 4570
26 4771
26 5274
26 5493
26 5652
26 6310
26 6486
26 6517
26 6560
26 6574
26 6596
26 6656
26 6899
26 6903
28 280
28 3158
28 4523
28 5065
28 6466
29 43
29 48
29 94
29 138
29 162
29 249
29 283
29 453
29 461
29 532
29 568
29 621
29 659
29 729
29 836
29 904
29 921
29 1106
29 1177
29 1179
29 1255
29 1812
29 2650
29 2728
29 2762
29 2809
29 3631
29 3986
29 4080
29 4234
29 4357
29 4632
29 4671
29 4702
29 4765
29 4994
29 5065
29 5173
29 5215
29 5615
29 5652
29 5682
29 5700
29 5933
29 5935
29 6114
29 6382
29 6390
29 6457
29 6460
29 6462
29 6527
29 6623
29 6663
29 6691
29 6694
29 6704
29 6879
29 6915
29 6918
30 83
30 151
30 351
30 519
30 1877
30 1917
30 2158
30 2319
30 3195
30 3785
30 3986
30 4280
30 4771
33 1732
36 1551
37 6627
41 286
41 315
41 434
41 444
41 455
41 774
41 1051
41 1563
41 2668
41 3072
41 3160
41 3412
41 3836
41 4018
41 4061
41 4731
41 4833
41 5972
41 6503
41 6576
41 6648
41 6754
41 6908
42 46
42 48
42 54
42 76
42 100
42 117
42 134
42 138
42 140
42 156
42 158
42 249
42 280
42 286
42 348
42 412
42 431
42 453
42 461
42 556
42 568
42 570
42 708
42 729
42 839
42 852
42 875
42 897
42 922
42 1002
42 1106
42 1198
42 1223
42 1365
42 1422
42 1476
42 1510
42 1600
42 1793
42 1836
42 1877
42 2019
42 2081
42 2109
42 2149
42 2156
42 2313
42 2406
42 2583
42 2649
42 2650
42 3254
42 3368
42 3405
42 3453
42 3573
42 3636
42 3745
42 3950
42 3975
42 4057
42 4080
42 4177
42 4187
42 4523
42 4577
42 4949
42 5227
42 5237
42 5362
42 5519
42 5599
42 5616
42 5637
42 6010
42 6108
42 6210
42 6289
42 6292
42 6322
42 6471
42 6488
42 6495
42 6514
42 6541
42 6561
42 6566
42 6578
42 6584
42 6605
42 6616
42 6708
42 6855
42 6858
42 6921
42 6965
42 6974
42 6977
43 96
43 110
43 134
43 271
43 370
43 461
43 536
43 572
43 610
43 636
43 662
43 712
43 729
43 821
43 839
43 904
43 1002
43 1006
43 1097
43 1145
43 1894
43 2062
43 2184
43 2284
43 2455
43 2464
43 2527
43 2718
43 2762
43 2943
43 2950
43 2970
43 3024
43 3158
43 3165
43 3405
43 3453
43 4141
43 4297
43 4332
43 4382
43 4589
43 4701
43 4727
43 4731
43 4771
43 4822
43 4860
43 4949
43 5006
43 5440
43 5615
43 5943
43 5946
43 5998
43 6189
43 6203
43 6225
43 6292
43 6293
43 6324
43 6343
43 6380
43 6419
43 6424
43 6437
43 6499
43 6538
43 6564
43 6566
43 6594
43 6623
43 6642
43 6694
43 6708
43 6718
43 6786
43 6790
43 6810
43 6814
43 6830
43 6900
43 6906
43 6919
43 6920
43 6926
43 6930
43 6949
43 6957
43 6958
46 74
46 76
46 97
46 158
46 423
46 447
46 729
46 762
46 775
46 1242
46 1255
46 1268
46 1540
46 1633
46 1667
46 1737
46 2307
46 2389
46 2423
46 2472
46 2562
46 2619
46 2682
46 2694
46 2795
46 2845
46 2956
46 3030
46 3068
46 3405
46 3624
46 4117
46 4187
46 4280
46 4419
46 4523
46 4632
46 4771
46 4915
46 5034
46 5935
46 5948
46 6108
46 6175
46 6225
46 6373
46 6404
46 6419
46 6424
46 6453
46 6515
46 6536
46 6547
46 6587
46 6598
46 6767
46 6788
46 6799
46 6890
46 6938
48 138
48 318
48 536
48 1268
48 1470
48 2062
48 2107
48 2158
48 2255
48 2650
48 3636
48 4110
48 6373
49 64
49 762
49 1255
54 76
54 1636
54 1793
56 2902
56 4090
56 5065
56 6473
59 80
59 556
59 3072
59 4187
59 4366
59 4931
59 5614
60 1612
60 5305
61 490
61 610
61 1255
61 2324
61 2437
61 3484
61 3975
61 5233
61 5384
63 6735
64 570
64 762
64 1255
64 1793
64 2845
64 3484
65 1793
65 5236
66 410
66 3745
68 90
70 318
70 577
70 621
70 1005
70 1539
70 2284
70 2650
70 3648
70 3986
70 5215
70 6509
70 6903
70 6914
72 1255
72 2503
73 138
73 196
73 285
73 1941
73 2284
73 3030
73 3166
73 4297
73 4935
73 6010
73 6467
73 6903
74 77
74 238
74 1818
74 1877
74 3405
74 4523
74 4771
74 6364
75 134
75 461
75 503
75 753
75 891
75 968
75 1625
75 1636
75 1893
75 2053
75 2081
75 2405
75 2600
75 2919
75 3254
75 3417
75 3950
75 3984
75 4731
75 4752
75 4949
75 5236
75 5362
75 5551
75 5615
75 5699
75 5933
75 6189
75 6357
75 6565
75 6605
75 6621
75 6641
75 6921
75 6974
76 77
76 84
76 111
76 115
76 117
76 123
76 138
76 190
76 196
76 249
76 286
76 407
76 432
76 434
76 455
76 461
76 531
76 536
76 556
76 613
76 659
76 682
76 721
76 729
76 881
76 904
76 963
76 1002
76 1051
76 1106
76 1123
76 1177
76 1234
76 1298
76 1335
76 1365
76 1413
76 1426
76 1470
76 1604
76 1636
76 1644
76 1768
76 1779
76 1818
76 1831
76 1958
76 2079
76 2114
76 2158
76 2504
76 2529
76 2583
76 2589
76 2627
76 2694
76 2809
76 2826
76 2868
76 2919
76 2961
76 3030
76 3107
76 3158
76 3166
76 3217
76 3329
76 3417
76 3453
76 3457
76 3692
76 3856
76 3980
76 4117
76 4151
76 4187
76 4190
76 4232
76 4390
76 4605
76 4634
76 4771
76 4811
76 4832
76 4839
76 4911
76 5041
76 5075
76 5100
76 5341
76 5440
76 5493
76 5580
76 5615
76 5652
76 5676
76 5682
76 5816
76 5933
76 6006
76 6014
76 6117
76 6357
76 6362
76 6381
76 6400
76 6498
76 6540
76 6572
76 6596
76 6612
76 6623
76 6689
76 6708
76 6728
76 6776
76 6779
76 6797
76 6799
76 6870
76 6885
76 6909
77 100
77 190
77 461
77 762
77 839
77 1255
77 1392
77 1694
77 1877
77 2236
77 2437
77 2472
77 2820
77 4011
77 4187
77 4370
77 4702
77 4783
77 5652
79 412
79 837
79 852
79 885
79 1005
79 1206
79 2529
79 3613
79 3984
79 5292
79 6869
79 6950
80 134
80 153
80 442
80 774
80 1005
80 1106
80 1198
80 1255
80 1361
80 1393
80 1458
80 1470
80 1604
80 2499
80 3636
80 3858
80 4057
80 4106
80 4338
80 4798
80 5006
80 5722
80 5816
80 5933
80 6280
80 6487
80 6563
83 89
83 297
83 311
83 568
83 577
83 659
83 729
83 904
83 1818
83 1894
83 1917
83 2292
83 2650
83 2694
83 2728
83 3030
83 3171
83 3541
83 3543
83 3816
83 3943
83 4297
83 4632
83 5065
83 5141
83 5181
83 5550
83 5943
83 6424
83 6455
83 6495
83 6623
83 6704
83 6860
84 570
84 1882
84 3856
84 3900
84 4080
84 4419
84 5468
84 5490
84 6407
88 565
88 1115
88 1255
88 1392
88 2650
88 4297
88 4523
88 5100
88 5698
88 6915
89 158
89 196
89 315
89 729
89 762
89 1255
89 1732
89 2756
89 2902
89 4910
89 5560
89 6467
89 6875
90 138
90 370
90 762
90 839
90 2762
90 3346
90 3392
90 4577
90 5173
90 6822
93 156
93 823
93 1097
93 2956
93 4927
93 5599
93 6393
94 4910
94 5127
94 5943
94 6114
95 531
95 1469
95 1602
95 1604
95 2284
95 2762
95 2938
95 3195
95 3254
95 3631
95 4110
95 4382
95 5652
95 5943
95 6203
95 6513
95 6546
95 6627
95 6683
95 6754
95 6780
96 138
96 236
96 570
96 762
96 1268
96 1539
96 5179
96 6498
96 6687
97 100
97 318
97 904
97 968
97 1742
97 1818
97 2118
97 2284
97 2423
97 3030
97 3979
97 4297
97 4493
97 4632
97 4855
97 6303
97 6637
97 6666
97 6768
99 140
100 135
100 159
100 836
100 1510
100 1658
100 1793
100 1877
100 1879
100 2030
100 2389
100 2603
100 3950
100 5065
100 5174
100 5362
100 5468
100 5494
100 5599
100 5783
100 6108
100 6434
100 6488
101 1268
108 1235
108 3195
108 6462
109 138
109 258
109 531
109 3381
109 3984
109 4187
109 4333
109 6423
109 6506
110 172
110 1099
110 2255
110 2914
110 5490
111 162
111 1622
111 2316
111 2650
111 2728
111 3337
111 4057
111 6248
111 6547
113 6366
113 6569
114 175
114 621
114 1612
114 1877
114 4523
114 4910
114 5141
114 6597
114 6810
115 153
115 156
115 335
115 539
115 565
115 685
115 875
115 1636
115 2522
115 3195
115 4018
115 4677
115 5362
115 5440
115 6755
117 134
117 453
117 536
117 539
117 618
117 1002
117 1470
117 1497
117 1661
117 1917
117 2255
117 2319
117 3171
117 5009
117 5036
117 6596
117 6810
119 773
119 2868
119 3290
119 4924
119 6618
119 6782
119 6837
119 6850
120 461
120 4523
120 5943
122 536
122 4277
122 4471
123 249
123 2603
123 6494
124 138
124 442
124 1818
124 6752
128 153
128 156
128 297
128 824
128 1056
128 1793
128 2606
128 3195
128 4018
128 4031
128 4523
128 4783
128 5141
128 6301
128 6893
130 2694
132 3984
132 4333
132 6576
133 729
133 823
133 852
133 1792
133 1899
133 2024
133 3171
133 3984
133 5065
133 6334
133 6365
133 6455
133 6471
133 6570
133 6623
134 138
134 140
134 252
134 407
134 442
134 613
134 696
134 839
134 904
134 1123
134 1361
134 1636
134 1742
134 1744
134 1763
134 1894
134 1971
134 2011
134 2098
134 2124
134 2292
134 2396
134 2412
134 2504
134 2529
134 2583
134 2739
134 3195
134 4031
134 4236
134 4731
134 5305
134 5367
134 5551
134 5857
134 6199
134 6203
134 6232
134 6414
134 6419
134 6479
134 6560
134 6561
134 6596
134 6656
134 6782
134 6790
134 6810
134 6869
135 4390
136 1558
136 6610
137 1365
137 1392
137 2292
138 141
138 218
138 285
138 286
138 335
138 367
138 374
138 460
138 461
138 490
138 505
138 531
138 568
138 570
138 610
138 636
138 703
138 731
138 773
138 852
138 949
138 1007
138 1039
138 1106
138 1145
138 1159
138 1255
138 1322
138 1397
138 1413
138 1604
138 1617
138 1636
138 1660
138 1745
138 1792
138 1845
138 1872
138 2062
138 2107
138 2223
138 2340
138 2455
138 2504
138 2529
138 2756
138 2820
138 2822
138 2845
138 3026
138 3030
138 3076
138 3166
138 3195
138 3329
138 3368
138 3515
138 4117
138 4187
138 4190
138 4374
138 4544
138 4605
138 5006
138 5065
138 5100
138 5146
138 5176
138 5267
138 5305
138 5566
138 5616
138 5849
138 5935
138 6124
138 6171
138 6203
138 6390
138 6431
138 6467
138 6504
138 6773
138 6781
138 6825
138 6831
138 6842
138 6897
140 875
140 1268
140 1539
140 1732
140 1877
140 1917
140 2396
140 2423
140 2720
140 3806
140 4117
140 5065
140 5236
140 5599
140 5698
140 6741
141 659
141 730
145 184
148 1365
148 2694
148 6470
151 196
151 3515
151 4117
151 5487
153 158
153 280
153 286
153 370
153 374
153 412
153 434
153 610
153 636
153 729
153 817
153 846
153 886
153 897
153 1321
153 1636
153 1737
153 1863
153 1894
153 2024
153 2306
153 3329
153 3856
153 3858
153 3984
153 4253
153 4280
153 4338
153 4702
153 4760
153 4830
153 4832
153 5065
153 5100
153 5173
153 5215
153 5292
153 5305
153 5309
153 5551
153 5615
153 5692
153 5816
153 5831
153 6189
153 6203
153 6333
153 6340
153 6350
153 6528
153 6576
153 6578
153 6580
153 6620
153 6623
153 6699
153 6712
153 6773
153 6889
153 6903
153 6917
154 5704
156 195
156 904
156 1413
156 1751
156 1917
156 2534
156 2583
156 2762
156 3283
156 3453
156 3850
156 3984
156 4546
156 5143
156 5490
156 6391
156 6440
156 6501
156 6503
157 162
157 610
158 249
158 286
158 374
158 442
158 455
158 610
158 730
158 736
158 836
158 846
158 1177
158 1198
158 1255
158 1312
158 1561
158 1660
158 1732
158 1763
158 1785
158 1792
158 1812
158 1972
158 2030
158 2382
158 2627
158 2628
158 2650
158 2728
158 2868
158 2919
158 3195
158 3417
158 3727
158 3800
158 3980
158 3984
158 4031
158 4065
158 4090
158 4402
158 4519
158 4577
158 4653
158 4670
158 4727
158 4783
158 4886
158 4911
158 5009
158 5041
158 5100
158 5294
158 5305
158 5386
158 5487
158 5637
158 5652
158 5698
158 5737
158 5929
158 5998
158 6002
158 6026
158 6119
158 6189
158 6225
158 6292
158 6312
158 6314
158 6331
158 6354
158 6379
158 6386
158 6400
158 6416
158 6419
158 6420
158 6461
158 6482
158 6520
158 6545
158 6574
158 6588
158 6596
158 6619
158 6620
158 6623
158 6631
158 6661
158 6677
158 6687
158 6738
158 6752
158 6793
158 6799
158 6803
158 6859
158 6902
158 6909
158 6961
158 6973
158 6975
159 1980
159 3484
162 836
162 839
162 1894
162 1917
162 2024
162 2319
162 2562
162 4031
162 4080
162 4523
162 4910
162 6407
162 6410
166 6863
167 3030
167 6596
168 3984
170 237
170 6679
172 1099
172 1600
172 3975
172 4419
172 5174
172 6629
174 810
174 963
174 1604
174 1763
174 3254
174 5245
174 5441
174 5939
174 6470
174 6625
175 206
175 1824
175 2472
175 4419
175 4701
175 5440
175 6514
175 6597
175 6870
179 2156
184 1106
184 2650
184 2762
184 4018
184 4117
184 4740
184 6349
184 6393
184 6461
184 6586
184 6603
184 6926
186 3381
186 4026
186 6498
188 280
189 5720
190 839
190 1369
190 1972
190 2027
190 2650
190 3195
190 4332
190 4370
190 5127
190 5384
190 5652
190 5749
190 6855
190 6899
190 6909
191 5938
191 6432
195 249
195 836
195 839
195 1640
195 1793
195 2027
195 2472
195 3865
196 258
196 315
196 370
196 434
196 531
196 610
196 708
196 1062
196 1298
196 1426
196 1732
196 1763
196 1985
196 2360
196 2602
196 2650
196 2694
196 2718
196 2762
196 2864
196 2902
196 3054
196 3122
196 3160
196 3329
196 3856
196 3984
196 4110
196 4159
196 4179
196 4275
196 4360
196 4456
196 4546
196 5065
196 5219
196 5458
196 5560
196 5652
196 5700
196 6290
196 6317
196 6382
196 6455
196 6505
196 6557
196 6604
196 6640
196 6743
196 6787
196 6798
196 6838
196 6877
196 6892
196 6903
196 6905
199 2389
199 3744
201 6619
204 374
204 442
204 1002
204 1763
204 2024
204 2756
204 6289
206 2156
206 4419
206 6477
206 6592
206 6594
215 3917
215 6462
218 621
218 659
218 907
218 1470
218 1894
218 2024
218 2292
218 2762
218 2970
218 3745
218 4031
218 4271
218 5194
218 5272
218 6393
218 6470
218 6745
221 407
221 891
221 1057
221 1214
221 1413
221 1540
221 2674
221 2820
221 3636
225 2156
226 1539
226 2062
226 2284
226 2650
226 3030
226 3075
226 3166
233 1413
233 4080
236 659
236 1877
236 2019
236 2919
236 3405
236 3816
236 4489
238 315
238 1298
238 2762
238 3030
238 4546
238 4915
238 5966
238 6668
239 729
239 1255
239 1824
239 6114
240 573
240 1255
240 2888
246 1779
246 3171
247 1877
247 6653
249 442
249 682
249 1106
249 1255
249 1470
249 1917
249 2255
249 2319
249 2598
249 2787
249 2970
249 3745
249 4479
249 4783
249 5692
249 6108
249 6810
251 4286
253 729
253 1298
253 1644
253 2277
253 3171
253 3254
253 3856
253 3984
253 4771
253 5652
253 5682
253 6733
253 6798
258 442
258 461
258 536
258 881
258 1041
258 1543
258 1763
258 2522
258 2534
258 3046
258 3417
258 3856
258 3984
258 4663
258 4731
258 5682
258 6289
258 6373
271 6930
275 1058
275 6161
280 423
280 444
280 577
280 599
280 621
280 659
280 712
280 904
280 1128
280 1636
280 2081
280 2256
280 2355
280 2428
280 2762
280 2826
280 2937
280 3313
280 3417
280 3453
280 3484
280 3578
280 3636
280 3745
280 3856
280 3945
280 3984
280 4018
280 4028
280 4065
280 4151
280 4190
280 4811
280 5127
280 5637
280 6189
280 6289
280 6363
280 6470
280 6498
280 6505
280 6523
280 6569
280 6722
280 6738
280 6752
280 6817
280 6867
280 6868
280 6888
280 6942
283 568
283 573
283 1106
283 2081
283 4031
285 3030
286 587
286 1115
286 1732
286 1812
286 2583
286 2627
286 2650
286 3148
286 3329
286 4064
286 4187
286 4493
286 4577
286 4731
286 4783
286 4798
286 4886
286 4924
286 5041
286 5265
286 6312
286 6567
286 6619
287 570
287 1268
287 2650
287 3147
287 3573
289 2809
289 2820
289 6002
289 6203
295 1996
297 2455
297 2728
297 4835
297 4908
297 4924
297 5065
297 5580
297 6325
297 6704
297 6738
297 6761
297 6798
298 442
298 2437
302 875
302 1002
302 1413
302 2286
302 3405
304 610
304 1359
304 1470
304 1636
304 2522
304 2650
304 5125
304 6289
304 6415
304 6881
307 4488
307 6161
311 1058
311 1356
311 1831
311 6625
312 837
312 3415
312 5765
315 348
315 370
315 461
315 577
315 610
315 796
315 836
315 1751
315 1763
315 1812
315 2223
315 2256
315 2292
315 2767
315 3171
315 3501
315 3856
315 6225
315 6295
315 6362
315 6400
315 6424
315 6429
315 6455
315 6569
315 6604
315 6619
315 6623
315 6640
315 6686
315 6810
315 6940
318 370
318 729
318 773
318 1958
318 3030
318 3166
318 5181
318 6471
335 592
335 1915
335 3313
335 3322
335 4731
335 5173
335 5652
335 6358
335 6451
335 6897
335 6967
338 2118
339 1268
339 1877
339 4177
339 4927
339 5483
345 2382
348 577
348 836
348 839
348 1002
348 1017
348 1135
348 1600
348 1724
348 1824
348 1985
348 2158
348 2319
348 2389
348 2406
348 2472
348 3000
348 3030
348 4419
348 4532
348 4546
348 4915
348 5340
348 5578
348 6262
348 6654
348 6686
348 6753
348 6864
349 1562
349 4771
351 5737
351 5943
354 2169
354 3453
354 5801
358 2694
362 431
367 475
367 1561
369 6738
370 414
370 461
370 708
370 729
370 733
370 762
370 823
370 839
370 904
370 1099
370 1179
370 1255
370 1763
370 1818
370 1863
370 2062
370 2086
370 2256
370 2278
370 2423
370 2583
370 2620
370 2650
370 2674
370 2919
370 3054
370 3111
370 3453
370 3984
370 4059
370 4117
370 4332
370 4632
370 5065
370 5263
370 5487
370 5550
370 5615
370 5652
370 5682
370 5943
370 6010
370 6366
370 6373
370 6393
370 6400
370 6403
370 6462
370 6495
370 6500
370 6561
370 6574
370 6588
370 6623
370 6624
370 6653
370 6654
370 6686
370 6718
370 6741
370 6940
370 6964
370 6965
370 6977
374 536
374 1115
374 1636
374 1985
374 3967
374 3984
374 4187
374 4253
374 4366
374 4507
374 5041
374 5518
374 6180
374 6289
374 6317
374 6530
374 6580
377 1793
377 2027
377 2389
377 3405
377 4419
382 682
382 2809
382 5652
382 6515
383 455
383 539
383 659
383 881
383 2396
383 2428
383 2670
383 2762
383 6442
384 2223
384 6161
384 6619
385 1177
390 5468
390 5599
391 461
391 539
391 1268
391 1545
391 2024
391 2583
391 3165
391 3184
391 3745
391 4117
391 4752
391 5305
391 5367
391 5551
391 5599
391 6119
391 6189
391 6425
391 6430
391 6547
391 6566
391 6596
391 6771
396 1365
402 4731
403 3195
407 613
407 1051
407 1413
407 1540
407 1812
407 1894
407 2313
407 2902
407 2956
407 3745
407 4057
407 5272
407 5362
407 5493
407 5933
407 6390
407 6921
408 6002
408 6559
410 936
410 2589
410 3745
412 839
412 2020
412 2267
412 2775
412 2818
412 3381
412 4310
412 4374
412 5007
412 5247
412 5615
412 6525
412 6901
412 6968
414 839
414 3617
414 5119
423 2156
423 2534
423 2868
423 6603
431 1177
431 1877
431 4523
431 5652
431 6302
431 6619
432 442
432 1058
432 1636
432 3745
432 6470
433 669
433 1539
433 4671
434 2292
434 2668
434 2970
434 3030
434 4382
434 4577
434 4727
434 5100
434 5440
434 5652
434 5857
435 5487
436 836
436 1056
436 1742
436 1894
436 2650
436 4390
442 531
442 536
442 563
442 729
442 852
442 1002
442 1051
442 1058
442 1763
442 2102
442 2156
442 2292
442 2818
442 3322
442 3336
442 3745
442 4187
442 4585
442 5263
442 5441
442 5637
442 6289
442 6825
442 6828
442 6910
444 1255
444 2694
444 3030
444 6462
444 6569
446 4488
447 1972
447 2589
447 4190
449 1911
449 6171
453 505
453 577
453 881
453 1198
453 2406
453 2694
453 5065
453 6400
455 610
455 1058
455 1258
455 2076
455 2319
455 2599
455 2762
455 2950
455 3984
455 4018
455 4151
455 4507
455 4577
455 4802
455 5274
455 5276
455 5292
455 5862
455 6002
455 6289
455 6301
455 6331
455 6487
455 6594
460 461
460 682
460 3745
460 6390
461 531
461 539
461 572
461 610
461 659
461 836
461 891
461 1002
461 1023
461 1057
461 1177
461 1193
461 1242
461 1321
461 1390
461 1413
461 1510
461 1540
461 1561
461 1581
461 1661
461 1745
461 1763
461 1779
461 1792
461 1879
461 1977
461 2236
461 2267
461 2313
461 2319
461 2360
461 2437
461 2455
461 2529
461 2583
461 2603
461 2694
461 2756
461 2902
461 2961
461 3031
461 3104
461 3254
461 3313
461 3329
461 3368
461 3377
461 3426
461 3453
461 3484
461 3515
461 3705
461 3800
461 3856
461 3950
461 3992
461 4117
461 4140
461 4171
461 4333
461 4390
461 4419
461 4523
461 4702
461 4771
461 4949
461 5065
461 5127
461 5215
461 5305
461 5362
461 5366
461 5367
461 5599
461 5615
461 5652
461 5687
461 5699
461 5720
461 5857
461 5929
461 6117
461 6161
461 6199
461 6289
461 6357
461 6358
461 6364
461 6390
461 6399
461 6424
461 6464
461 6465
461 6490
461 6499
461 6543
461 6547
461 6555
461 6594
461 6602
461 6623
461 6689
461 6708
461 6712
461 6738
461 6752
461 6770
461 6771
461 6794
461 6810
461 6824
461 6831
461 6956
466 6289
475 571
475 1002
475 1875
475 4519
475 5006
475 5362
475 6533
475 6595
490 539
490 729
490 1255
490 1571
490 1636
490 2396
490 3414
490 3484
490 5267
490 5560
490 6576
490 6779
494 4731
501 5682
502 2650
502 4949
503 506
503 6585
504 659
504 3930
505 6324
505 6500
506 1256
506 1604
506 2306
506 3195
506 5560
506 5615
506 5801
507 1959
507 2961
507 4384
507 5750
507 6462
507 6765
508 6781
510 1002
510 1470
510 2529
510 5100
510 6408
510 6573
515 6286
518 1268
518 1545
519 762
519 1361
519 2762
521 1612
521 4226
528 4507
528 5146
528 6321
528 6885
531 610
531 613
531 839
531 1058
531 2020
531 2868
531 2919
531 3195
531 3882
531 3984
531 4090
531 4187
531 4663
531 5125
531 5127
531 5237
531 5652
531 5698
531 6289
531 6619
532 546
532 691
532 1106
532 2024
532 2292
532 2943
532 3107
532 3283
532 5615
532 6400
532 6835
533 610
536 610
536 641
536 821
536 837
536 1106
536 1255
536 1365
536 1470
536 1660
536 1690
536 1691
536 1779
536 1787
536 1812
536 1985
536 2124
536 2132
536 2156
536 2355
536 2589
536 2682
536 2762
536 2767
536 3065
536 3099
536 3158
536 3254
536 3292
536 3613
536 3639
536 3727
536 3980
536 4110
536 4187
536 4577
536 4746
536 4860
536 5174
536 5440
536 5560
536 6203
536 6280
536 6377
536 6474
536 6475
536 6540
536 6619
536 6660
536 6793
536 6795
536 6866
536 6868
536 6926
536 6933
536 6953
539 685
539 875
539 891
539 963
539 1002
539 1058
539 1097
539 1268
539 1359
539 1369
539 1390
539 1413
539 1510
539 1545
539 1558
539 1563
539 1667
539 1687
539 1879
539 1894
539 2019
539 2142
539 2199
539 2204
539 2396
539 2423
539 2645
539 2728
539 2729
539 2739
539 2762
539 2902
539 3065
539 3254
539 3984
539 4080
539 4731
539 5065
539 5236
539 5367
539 5599
539 5783
539 5933
539 5967
539 6171
539 6242
539 6370
539 6452
539 6543
539 6648
539 6661
539 6702
539 6769
539 6771
544 6549
545 4589
545 6639
546 1057
546 1179
546 1451
546 6453
547 6789
554 810
554 1917
555 6358
556 1365
556 1899
556 2874
556 2923
556 3217
556 3515
556 4418
556 4839
556 4931
556 5125
556 5194
556 5637
556 5720
556 5722
556 6289
556 6449
556 6573
562 2428
562 3984
562 4731
562 4924
563 577
563 904
563 2110
563 2114
563 2284
563 2821
563 4798
563 5065
563 5943
563 5983
563 6142
563 6295
563 6583
565 1788
565 2627
565 3313
568 1106
570 691
570 762
570 775
570 904
570 948
570 963
570 1242
570 1369
570 1818
570 1894
570 2117
570 2255
570 2292
570 2350
570 2472
570 2650
570 3030
570 4140
570 4177
570 4523
570 6504
571 1122
571 2488
571 2650
571 2756
571 2902
571 6203
572 762
572 1470
572 2529
572 3745
572 6225
573 775
573 823
573 836
573 1255
573 1709
573 1745
573 2158
573 2255
573 2694
573 3051
573 3125
573 4080
573 5174
573 6457
573 6491
573 6630
577 592
577 621
577 659
577 1972
577 2284
577 2650
577 2762
577 2821
577 3160
577 3171
577 3392
577 4059
577 5305
577 5615
577 5816
577 6117
577 6142
577 6424
577 6445
577 6446
577 6569
577 6648
577 6733
577 6887
577 6923
582 1527
582 4419
587 4911
589 610
589 1058
589 4297
589 5263
592 904
592 2284
592 3631
599 1383
599 1470
599 6289
599 6369
603 5309
608 971
610 659
610 729
610 904
610 907
610 1058
610 1144
610 1255
610 1322
610 1361
610 1392
610 1418
610 1636
610 1663
610 1763
610 1768
610 1863
610 1972
610 1985
610 1995
610 2267
610 2428
610 2455
610 2694
610 2762
610 3026
610 3054
610 3076
610 3368
610 3439
610 3515
610 3543
610 3545
610 3624
610 3843
610 4360
610 4374
610 4382
610 4523
610 4525
610 4908
610 5306
610 5386
610 5551
610 5594
610 5652
610 5700
610 5730
610 5994
610 6264
610 6280
610 6289
610 6290
610 6384
610 6414
610 6419
610 6424
610 6496
610 6509
610 6520
610 6521
610 6529
610 6530
610 6531
610 6557
610 6604
610 6640
610 6683
610 6802
610 6803
613 785
613 1002
613 1041
613 1365
613 1426
613 2156
613 2541
613 2762
613 3195
613 3799
613 4117
613 4366
613 4380
613 4839
613 5125
613 5173
613 5440
613 5682
613 6049
613 6053
613 6203
613 6301
613 6347
613 6390
613 6419
613 6426
613 6733
613 6868
618 1622
618 2292
618 3023
618 6289
618 6395
618 6797
618 6923
621 729
621 823
621 904
621 1393
621 1604
621 1894
621 1958
621 2062
621 2105
621 2110
621 2149
621 2158
621 2406
621 2729
621 2821
621 2822
621 2888
621 3166
621 3171
621 3195
621 3631
621 3843
621 3986
621 4297
621 4911
621 5162
621 5181
621 5478
621 5580
621 5614
621 5943
621 6166
621 6189
621 6290
621 6307
621 6338
621 6400
621 6515
621 6666
621 6790
621 6821
621 6838
621 6875
621 6887
621 6914
621 6923
621 6928
621 6973
633 2455
636 2867
636 3415
636 6002
636 6225
641 3980
641 4187
641 6898
647 1804
647 2255
647 2333
647 4419
647 6340
647 6434
647 6672
647 6931
647 6935
654 1644
656 839
656 1917
656 3031
656 6570
656 6899
659 682
659 691
659 852
659 1058
659 1091
659 1106
659 1115
659 1122
659 1177
659 1193
659 1206
659 1256
659 1321
659 1365
659 1426
659 1604
659 1636
659 1894
659 2081
659 2158
659 2248
659 2292
659 2405
659 2522
659 3001
659 3171
659 3578
659 3745
659 3816
659 4117
659 4677
659 4702
659 5615
659 5706
659 5720
659 6110
659 6289
659 6400
659 6520
659 6663
659 6704
660 712
662 846
662 1877
662 3000
662 4419
662 6419
669 1413
669 1894
669 2956
669 3030
669 3041
669 3975
669 4031
669 6619
673 3417
673 4731
678 1894
678 2650
680 4370
680 6656
682 846
682 904
682 1056
682 1177
682 1242
682 1392
682 1604
682 2488
682 2670
682 2728
682 2756
682 3453
682 3745
682 4117
682 4271
682 4488
682 5440
682 5614
682 5994
682 6000
682 6161
682 6336
682 6419
682 6502
682 6623
682 6661
682 6771
682 6800
682 6817
685 1636
685 4236
686 2455
686 6203
691 1365
691 4727
691 4771
691 5146
691 5594
696 1917
696 3745
696 4879
696 5652
699 6658
703 968
703 1995
703 2062
703 2718
703 2845
703 3030
703 6569
708 1223
708 1763
708 1877
708 3122
708 3158
708 4523
708 4546
708 5652
708 6373
708 6857
712 904
712 918
712 1958
712 1985
712 2256
712 3986
712 4110
712 4536
712 4783
712 5681
712 6289
712 6414
712 6538
712 6663
712 6683
712 6826
712 6903
712 6923
714 6462
714 6505
714 6711
721 881
721 1470
721 6006
721 6576
721 6612
722 762
726 837
726 5119
726 6505
729 762
729 763
729 836
729 839
729 904
729 917
729 946
729 963
729 1106
729 1177
729 1198
729 1255
729 1268
729 1298
729 1365
729 1393
729 1539
729 1606
729 1660
729 1787
729 1812
729 1818
729 1877
729 1894
729 1917
729 2114
729 2233
729 2284
729 2292
729 2316
729 2389
729 2393
729 2423
729 2457
729 2529
729 2645
729 2650
729 2696
729 2728
729 2756
729 2787
729 2902
729 2943
729 3267
729 3368
729 3381
729 3405
729 3453
729 3984
729 4018
729 4187
729 4232
729 4297
729 4314
729 4380
729 4390
729 4419
729 4632
729 4702
729 4798
729 4820
729 4822
729 4949
729 5036
729 5041
729 5049
729 5065
729 5141
729 5181
729 5487
729 5615
729 5929
729 5936
729 5938
729 6006
729 6108
729 6114
729 6202
729 6225
729 6337
729 6359
729 6364
729 6373
729 6380
729 6394
729 6424
729 6459
729 6469
729 6470
729 6476
729 6486
729 6543
729 6588
729 6594
729 6597
729 6617
729 6619
729 6623
729 6666
729 6718
729 6781
729 6788
729 6803
729 6810
729 6811
729 6823
729 6836
729 6849
729 6905
729 6915
730 1755
730 2124
730 5127
730 5831
730 6288
736 4663
736 6225
736 6299
736 6328
748 5938
753 839
753 4171
753 6596
760 5615
762 773
762 836
762 1106
762 1255
762 1365
762 1539
762 1768
762 2024
762 2062
762 2455
762 2650
762 3030
762 3195
762 3515
762 4226
762 4314
762 5041
762 5141
762 5179
762 5215
762 5551
762 5614
762 5699
762 5857
762 5943
762 6380
762 6408
762 6462
762 6467
762 6536
762 6539
762 6541
762 6723
762 6786
762 6915
773 781
773 4253
773 4632
773 5983
773 6202
773 6307
773 6732
774 1361
774 4731
774 5362
774 5720
774 6962
775 2255
775 2970
781 2223
781 2868
781 4493
781 6108
781 6619
781 6837
785 1359
785 2762
785 2767
785 4546
785 5935
785 6382
794 1002
794 6869
796 836
801 839
801 1917
801 2053
801 2598
801 4731
803 1636
803 4157
803 6294
810 1732
810 6470
812 3283
812 3816
812 5720
813 6498
821 2306
821 2319
821 4924
821 6570
821 6708
823 963
823 1144
823 1644
823 1724
823 1831
823 2158
823 4031
823 4370
823 5174
823 5615
823 6320
823 6393
823 6889
823 6919
826 6393
836 1002
836 1539
836 1724
836 1732
836 1894
836 2149
836 2158
836 2406
836 2650
836 2694
836 3030
836 3745
836 3787
836 4031
836 4949
836 5065
836 5181
836 5599
836 6623
836 6643
836 6653
836 6663
836 6863
837 1207
837 1256
837 2004
837 2223
837 2264
837 2284
837 2316
837 2620
837 2767
837 2868
837 3171
837 3613
837 3984
837 4090
837 4117
837 4187
837 4577
837 5065
837 5119
837 5162
837 5215
837 6189
837 6384
837 6591
837 6698
837 6710
837 6841
837 6869
839 1242
839 1298
839 1563
839 1604
839 1745
839 1917
839 2024
839 2156
839 2272
839 2619
839 2650
839 2668
839 2729
839 3030
839 3453
839 3900
839 4080
839 4523
839 5490
839 5615
839 5936
839 5943
839 6119
839 6267
839 6344
839 6400
839 6414
839 6687
839 6708
839 6763
839 6781
839 6941
839 6944
839 6946
846 1002
846 2203
846 2694
846 3000
846 3026
846 6203
846 6708
846 6748
846 6823
852 1058
852 1177
852 1561
852 1604
852 1845
852 2101
852 2292
852 2488
852 2504
852 2529
852 2627
852 2670
852 2756
852 2762
852 2938
852 3304
852 3313
852 3477
852 3578
852 3636
852 3891
852 4545
852 4553
852 4727
852 5089
852 5261
852 5444
852 5845
852 5935
852 6225
852 6241
852 6341
852 6362
852 6435
852 6470
852 6729
852 6733
852 6800
852 6810
852 6817
852 6852
852 6952
852 6972
857 6656
859 3453
859 5599
859 6358
866 1985
866 6114
875 1106
875 1164
875 1419
875 1636
875 1763
875 1793
875 1804
875 2453
875 2919
875 3195
875 3543
875 3975
875 4080
875 4731
875 5384
875 5933
875 6393
875 6976
881 1255
881 1365
881 1636
881 2465
881 3453
881 3515
881 3624
881 4489
881 4949
881 5006
881 5941
881 6289
881 6343
881 6369
881 6370
881 6513
881 6540
881 6572
881 6682
881 6885
883 1169
883 1563
883 1751
883 2149
883 2583
883 3453
883 4031
883 4702
883 5181
883 5634
883 5682
883 5943
883 6299
883 6459
883 6469
883 6648
883 6732
883 6756
886 2124
886 2818
886 5433
886 6014
886 6640
891 1540
891 2820
891 3254
891 3655
891 3950
891 5681
891 5933
891 6419
891 6435
891 6652
892 6292
893 1071
897 983
897 4366
897 6225
904 1256
904 1517
904 1622
904 1636
904 1742
904 1763
904 1894
904 1958
904 2319
904 2355
904 2583
904 2650
904 2694
904 2739
904 2821
904 2956
904 3030
904 3453
904 3648
904 3986
904 4117
904 4226
904 4280
904 4632
904 4702
904 4727
904 4910
904 4911
904 5135
904 5263
904 5267
904 5362
904 5440
904 5939
904 5943
904 5994
904 6445
904 6560
905 999
907 1255
907 2660
907 6460
910 6466
912 1106
917 2567
917 4117
918 4280
919 6961
921 1255
921 1894
921 5468
928 1581
928 6161
928 6704
938 1395
938 2223
938 2694
938 3984
938 4402
938 5487
938 6351
946 1917
946 5599
948 1123
948 1804
948 2589
948 2714
948 3041
948 3573
948 4419
948 5490
948 6108
948 6315
948 6359
948 6404
948 6460
949 4419
950 963
950 1470
950 6612
950 6620
960 1545
960 3453
960 4357
960 4523
963 1470
963 1732
963 1877
963 2292
963 2325
963 2728
963 3856
963 4632
963 6014
963 6292
963 6337
963 6338
963 6460
963 6507
963 6709
963 6915
968 1359
968 1369
968 1812
968 2019
968 2277
968 2472
968 2650
968 2674
968 2970
968 3484
968 4171
968 4322
968 5783
968 6393
971 1106
971 2316
971 6831
983 1612
983 2822
988 6368
993 2529
993 6670
999 2919
999 2934
999 5698
999 6289
1002 1038
1002 1057
1002 1361
1002 1422
1002 1540
1002 1667
1002 1687
1002 1812
1002 1879
1002 2142
1002 2199
1002 2472
1002 2583
1002 2600
1002 2956
1002 3049
1002 3071
1002 3195
1002 4140
1002 4384
1002 4390
1002 4546
1002 5006
1002 5065
1002 5305
1002 5783
1002 5939
1002 6248
1002 6449
1002 6491
1002 6503
1002 6543
1002 6563
1002 6641
1002 6651
1002 6652
1002 6702
1002 6708
1002 6781
1002 6784
1002 6785
1002 6823
1002 6869
1002 6955
1002 6977
1005 1361
1005 2024
1005 2158
1005 2825
1005 4110
1005 4402
1005 4634
1005 5100
1005 6289
1005 6390
1005 6546
1005 6778
1005 6952
1006 1268
1006 1864
1006 2019
1006 2223
1006 2413
1006 4536
1006 5433
1006 5599
1006 6393
1006 6433
1006 6576
1006 6702
1007 2694
1007 3856
1011 3254
1013 1036
1015 1058
1015 2114
1015 3856
1015 4488
1015 5801
1017 4591
1035 3484
1036 2284
1036 6344
1036 6690
1036 6744
1036 6855
1038 1057
1038 2650
1039 1941
1039 2845
1039 2868
1039 5438
1039 5616
1041 1057
1041 3943
1041 5440
1041 6294
1041 6301
1048 4731
1048 6306
1051 1057
1051 1393
1051 1470
1051 1636
1051 1831
1051 2396
1051 2583
1051 2589
1051 3484
1051 4117
1051 4507
1051 4830
1051 5362
1051 5722
1051 5993
1051 6354
1051 6470
1051 6503
1051 6750
1056 1636
1056 1877
1056 2024
1056 3405
1056 4546
1057 1177
1057 1179
1057 1255
1057 1333
1057 1393
1057 1612
1057 1636
1057 2319
1057 2589
1057 2650
1057 3171
1057 3254
1057 3578
1057 3692
1057 5006
1057 5065
1057 5292
1057 5616
1057 6006
1057 6175
1057 6300
1057 6301
1057 6443
1057 6503
1057 6518
1057 6572
1057 6634
1058 1106
1058 1268
1058 1661
1058 1972
1058 2128
1058 2204
1058 2499
1058 2729
1058 3329
1058 3676
1058 3984
1058 4080
1058 4523
1058 4731
1058 4771
1058 5100
1058 5236
1058 5843
1058 6002
1058 6161
1058 6242
1058 6419
1058 6567
1058 6623
1058 6803
1058 6903
1058 6957
1060 2292
1060 6509
1062 2319
1062 2437
1062 5943
1062 6108
1070 2177
1070 6319
1081 5034
1091 1321
1091 1448
1091 1958
1091 2455
1091 3026
1091 4771
1091 6289
1091 6454
1091 6468
1097 1268
1097 1517
1097 2403
1097 2599
1097 2674
1097 3975
1097 5994
1099 6965
1106 1206
1106 1255
1106 1256
1106 1335
1106 1667
1106 1786
1106 1894
1106 1917
1106 2024
1106 2316
1106 2529
1106 2583
1106 2589
1106 2650
1106 2728
1106 2868
1106 3195
1106 3453
1106 3484
1106 3705
1106 3745
1106 3787
1106 3799
1106 3841
1106 3984
1106 4018
1106 4171
1106 4297
1106 4523
1106 4632
1106 4634
1106 4731
1106 4783
1106 4798
1106 4924
1106 4949
1106 5065
1106 5215
1106 5292
1106 5362
1106 5493
1106 5615
1106 5652
1106 5816
1106 5929
1106 5948
1106 6289
1106 6313
1106 6315
1106 6355
1106 6413
1106 6419
1106 6447
1106 6470
1106 6471
1106 6498
1106 6499
1106 6523
1106 6569
1106 6572
1106 6596
1106 6618
1106 6619
1106 6623
1106 6645
1106 6648
1106 6694
1106 6713
1106 6727
1106 6769
1106 6825
1106 6863
1106 6885
1106 6896
1106 6900
1106 6918
1106 6943
1115 1255
1115 1663
1115 2256
1115 2382
1115 2499
1115 2583
1115 2767
1115 2919
1115 3417
1115 3727
1115 3984
1115 4187
1115 4507
1115 4798
1115 5041
1115 5065
1115 5265
1115 5652
1115 5737
1115 6289
1115 6294
1115 6314
1115 6333
1115 6620
1115 6859
1115 6917
1122 1365
1122 2114
1122 2529
1122 2670
1122 2739
1122 2756
1122 2970
1122 3458
1122 3515
1122 5615
1123 2389
1126 1359
1126 4798
1126 4924
1128 1763
1128 4360
1128 6527
1131 6743
1135 1824
1135 1877
1135 3122
1135 4174
1135 4546
1140 2923
1140 5560
1144 1563
1144 1985
1144 6301
1144 6422
1144 6475
1144 6604
1144 6667
1145 5100
1147 4390
1148 3254
1148 4519
1148 5305
1148 5362
1148 5542
1164 1581
1164 2389
1164 5100
1164 6534
1164 6569
1171 5599
1177 1779
1177 1831
1177 1941
1177 2355
1177 2529
1177 2627
1177 2767
1177 3636
1177 3800
1177 4117
1177 5594
1177 5652
1177 5720
1177 5935
1177 6160
1177 6398
1177 6800
1177 6810
1179 1636
1179 4117
1179 6498
1179 6527
1185 6388
1193 6294
1198 1636
1198 2919
1198 3171
1198 3239
1198 3336
1198 3355
1198 3984
1198 4390
1198 5560
1198 6439
1198 6582
1198 6619
1200 1561
1200 3624
1206 1365
1206 1644
1206 2627
1206 4544
1206 4949
1206 5438
1206 5615
1206 5616
1206 5816
1206 6435
1206 6500
1206 6708
1206 6729
1206 6773
1206 6874
1207 1470
1207 1636
1207 3636
1207 6203
1223 1600
1223 6379
1223 6393
1232 1255
1232 1971
1232 4080
1232 5100
1232 5935
1234 6596
1242 1255
1242 1268
1242 1413
1242 1540
1242 2598
1242 2599
1242 2650
1242 3453
1242 3984
1242 4011
1242 4117
1242 4226
1242 4670
1242 4860
1242 4885
1242 5305
1242 5367
1242 5599
1242 6119
1242 6199
1242 6566
1242 6607
1243 1660
1243 5614
1243 6426
1244 1571
1244 3811
1244 6745
1245 2306
1247 6455
1249 6013
1251 3816
1255 1268
1255 1275
1255 1298
1255 1300
1255 1369
1255 1413
1255 1571
1255 1732
1255 1737
1255 1807
1255 2027
1255 2030
1255 2158
1255 2255
1255 2267
1255 2319
1255 2389
1255 2437
1255 2468
1255 2472
1255 2529
1255 2603
1255 2694
1255 2767
1255 2845
1255 2868
1255 2919
1255 2930
1255 3030
1255 3041
1255 3166
1255 3267
1255 3368
1255 3405
1255 3417
1255 3453
1255 3484
1255 3501
1255 3631
1255 3745
1255 3800
1255 3858
1255 3953
1255 3984
1255 4065
1255 4117
1255 4226
1255 4271
1255 4338
1255 4390
1255 4419
1255 4731
1255 4771
1255 4783
1255 4935
1255 4994
1255 5041
1255 5362
1255 5367
1255 5468
1255 5560
1255 5599
1255 5652
1255 5816
1255 5917
1255 6028
1255 6110
1255 6225
1255 6300
1255 6328
1255 6359
1255 6408
1255 6419
1255 6467
1255 6470
1255 6569
1255 6594
1255 6607
1255 6618
1255 6630
1255 6631
1255 6687
1255 6689
1255 6708
1255 6726
1255 6810
1255 6842
1255 6853
1255 6869
1255 6904
1256 1413
1256 2428
1256 3313
1256 4605
1256 4949
1256 6390
1256 6478
1264 2472
1265 3426
1268 1369
1268 1527
1268 1545
1268 1558
1268 1571
1268 1602
1268 1667
1268 1687
1268 2023
1268 2142
1268 2192
1268 2199
1268 2396
1268 2412
1268 2437
1268 2594
1268 2645
1268 2930
1268 3051
1268 3165
1268 3484
1268 4117
1268 4419
1268 4731
1268 5174
1268 5384
1268 5480
1268 5599
1268 5744
1268 5828
1268 5933
1268 5967
1268 6119
1268 6171
1268 6262
1268 6358
1268 6390
1268 6479
1268 6488
1268 6565
1268 6594
1268 6702
1268 6708
1272 6447
1281 1636
1281 2472
1281 3405
1281 5065
1281 6671
1285 5132
1298 3405
1298 5652
1298 5948
1298 6549
1298 6569
1300 2694
1300 6299
1304 2650
1304 5272
1306 3745
1312 2223
1312 6588
1319 1786
1319 6501
1321 2124
1321 2267
1321 2845
1321 3158
1321 3745
1321 4366
1321 6567
1321 6580
1322 1941
1322 2428
1329 5816
1329 6649
1335 1379
1335 6160
1336 6963
1342 6911
1346 6574
1349 5530
1351 2264
1359 1636
1359 1660
1359 2767
1359 3195
1359 3254
1359 3381
1359 4117
1359 4746
1359 6290
1359 6348
1359 6414
1359 6419
1359 6424
1359 6574
1359 6709
1359 6778
1359 6790
1361 1393
1361 1470
1361 1763
1361 2114
1361 2534
1361 2762
1361 3636
1361 3921
1361 5292
1361 5615
1361 5681
1361 6383
1361 6418
1361 6546
1361 6573
1361 6863
1361 6926
1365 1636
1365 1786
1365 1894
1365 1994
1365 2306
1365 2805
1365 3515
1365 3856
1365 4026
1365 4783
1365 4832
1365 4910
1365 4949
1365 5233
1365 5615
1365 6419
1365 6478
1365 6610
1365 6623
1365 6783
1366 2255
1366 5682
1369 1742
1369 1818
1369 1877
1369 1917
1369 2011
1369 2019
1369 4232
1369 5599
1369 5933
1370 5938
1374 6922
1375 2627
1375 6688
1379 2527
1379 5599
1379 6045
1381 4727
1384 3195
1390 2142
1390 2396
1390 5006
1390 5615
1392 1737
1392 3417
1392 3787
1392 4338
1392 4536
1392 5100
1392 5929
1392 6006
1392 6569
1392 6596
1392 6722
1393 1470
1393 1636
1393 1660
1393 1831
1393 1894
1393 2504
1393 2762
1393 3313
1393 3636
1393 3893
1393 3984
1393 4338
1393 4536
1393 5006
1393 5263
1393 5305
1393 5833
1393 6289
1393 6503
1393 6546
1393 6563
1393 6612
1393 6632
1393 6634
1393 6704
1393 6781
1393 6896
1393 6959
1395 2124
1395 2223
1395 5722
1397 1413
1413 1540
1413 1604
1413 1636
1413 1812
1413 1875
1413 2079
1413 2229
1413 2718
1413 2809
1413 2820
1413 2868
1413 3158
1413 3195
1413 3254
1413 3745
1413 3858
1413 4113
1413 4117
1413 4731
1413 4949
1413 5009
1413 5065
1413 5125
1413 5692
1413 5929
1413 6117
1413 6292
1413 6294
1413 6298
1413 6364
1413 6365
1413 6566
1413 6596
1413 6598
1413 6771
1418 1960
1418 2650
1418 2934
1418 3727
1418 3882
1418 4798
1418 6619
1419 1724
1419 3166
1419 4456
1419 4727
1419 5157
1419 6537
1422 4746
1422 5267
1422 5476
1426 1786
1426 3417
1426 3636
1426 4018
1426 4090
1426 4366
1426 4488
1426 5007
1426 5125
1426 5215
1426 5386
1426 6289
1426 6596
1426 6619
1426 6662
1426 6720
1426 6869
1454 6551
1458 2124
1458 4216
1468 2756
1468 6483
1469 4117
1469 4839
1470 1602
1470 1604
1470 1636
1470 1644
1470 2008
1470 2158
1470 2316
1470 2396
1470 2627
1470 2650
1470 2694
1470 2739
1470 2762
1470 2809
1470 3195
1470 3412
1470 3636
1470 3893
1470 4018
1470 4141
1470 4536
1470 4632
1470 4924
1470 4949
1470 5006
1470 5237
1470 5306
1470 5441
1470 5679
1470 5706
1470 5737
1470 6279
1470 6289
1470 6319
1470 6343
1470 6381
1470 6390
1470 6417
1470 6418
1470 6419
1470 6438
1470 6478
1470 6503
1470 6517
1470 6546
1470 6552
1470 6562
1470 6573
1470 6612
1470 6619
1470 6789
1470 6812
1470 6856
1470 6885
1470 6898
1470 6918
1470 6971
1474 3195
1476 3856
1476 5637
1483 2902
1483 4338
1483 5441
1487 2706
1505 1763
1505 5682
1510 1636
1510 3636
1510 4117
1510 5720
1510 5783
1510 6663
1510 6770
1517 2739
1517 3463
1517 4271
1517 6390
1517 6639
1517 6702
1521 5943
1527 1971
1539 1818
1539 2277
1539 2292
1539 2423
1539 2650
1539 3195
1539 3368
1539 3631
1539 3745
1539 4226
1539 4544
1539 5100
1539 5179
1539 5599
1539 6545
1539 6721
1539 6724
1539 6726
1539 6738
1540 1664
1540 2324
1540 2527
1540 2820
1540 2956
1540 3254
1540 3405
1540 5006
1540 5362
1540 5599
1540 5699
1540 5939
1540 6566
1540 6619
1540 6627
1540 6644
1540 6706
1540 6760
1540 6928
1543 1763
1543 4924
1545 1732
1546 4727
1554 3313
1558 1879
1558 3799
1561 1763
1561 1887
1561 2306
1561 2455
1561 2529
1561 2694
1561 2902
1561 3056
1563 1755
1563 1786
1563 1917
1563 2024
1563 2184
1563 2599
1563 2756
1563 5440
1563 5599
1563 5825
1563 6322
1563 6390
1571 1877
1571 3484
1571 4419
1571 6359
1571 6371
1571 6708
1571 6742
1576 4141
1581 1894
1581 2027
1581 2619
1583 4382
1583 6403
1600 2795
1602 1636
1602 1687
1602 2020
1602 2820
1602 2877
1602 2919
1602 4231
1602 4946
1602 5362
1602 6375
1604 1941
1604 2529
1604 2868
1604 2970
1604 3026
1604 4374
1604 4949
1604 5720
1604 6470
1604 6708
1604 6817
1606 1636
1606 1763
1606 1894
1606 3439
1606 4419
1606 4507
1606 5173
1606 6462
1606 6889
1612 2919
1612 3984
1612 4297
1612 6527
1615 2229
1615 2403
1615 4419
1617 3368
1622 2284
1622 2412
1622 2825
1622 2930
1622 4031
1622 4536
1622 5008
1622 6596
1622 6796
1622 6873
1625 1687
1625 4747
1625 5493
1625 6189
1636 1740
1636 1742
1636 1747
1636 1831
1636 1887
1636 2053
1636 2156
1636 2355
1636 2682
1636 2739
1636 2762
1636 2956
1636 3049
1636 3099
1636 3158
1636 3171
1636 3204
1636 3254
1636 3439
1636 3642
1636 3744
1636 3745
1636 3984
1636 4106
1636 4117
1636 4170
1636 4232
1636 4236
1636 4419
1636 4488
1636 4507
1636 4517
1636 4536
1636 4553
1636 4740
1636 5006
1636 5065
1636 5100
1636 5125
1636 5162
1636 5306
1636 5362
1636 5367
1636 5529
1636 5560
1636 5615
1636 5634
1636 5679
1636 5681
1636 5750
1636 5845
1636 5863
1636 6189
1636 6232
1636 6280
1636 6289
1636 6294
1636 6326
1636 6332
1636 6343
1636 6381
1636 6395
1636 6413
1636 6417
1636 6428
1636 6435
1636 6442
1636 6450
1636 6503
1636 6517
1636 6530
1636 6562
1636 6605
1636 6609
1636 6645
1636 6661
1636 6707
1636 6739
1636 6760
1636 6851
1636 6881
1636 6889
1636 6948
1636 6952
1640 2919
1644 1694
1644 2107
1644 6280
1658 1971
1658 2694
1658 6171
1658 6514
1660 2156
1660 2255
1660 2650
1660 3745
1660 4117
1660 4585
1660 5065
1661 1825
1661 2627
1661 2668
1661 3171
1661 3693
1661 3984
1661 4141
1661 4536
1661 5065
1661 5305
1661 5681
1661 5933
1661 6443
1661 6596
1663 1985
1663 5041
1664 5487
1664 6581
1667 2396
1667 2956
1667 3158
1667 3368
1667 3799
1667 5366
1667 6289
1667 6413
1680 3405
1680 6299
1687 4911
1687 5362
1687 5493
1687 6002
1687 6029
1687 6425
1687 6528
1687 6862
1690 4949
1691 2306
1691 3917
1691 6574
1691 6738
1694 2694
1709 2324
1709 2389
1709 5948
1709 6362
1709 6409
1709 6514
1717 1763
1717 6161
1724 1751
1724 1818
1724 5016
1724 6299
1724 6344
1724 6445
1724 6464
1724 6643
1732 1755
1732 1786
1732 2307
1732 2319
1732 2463
1732 2598
1732 2650
1732 2728
1732 3195
1732 4390
1732 5468
1732 6547
1732 6763
1732 6903
1732 6939
1737 1877
1737 2428
1737 6435
1740 6596
1740 6619
1742 1894
1742 3024
1742 4523
1742 4632
1742 4771
1742 5141
1742 5181
1742 5783
1742 6010
1742 6472
1742 6480
1742 6545
1742 6763
1744 4171
1745 2868
1745 4018
1745 5065
1745 5272
1745 5857
1747 4375
1747 6535
1751 4523
1752 2284
1753 2396
1755 1818
1755 2111
1755 6303
1763 1894
1763 2156
1763 2694
1763 2864
1763 3054
1763 3195
1763 3624
1763 3856
1763 4286
1763 4332
1763 4577
1763 4634
1763 4924
1763 5362
1763 5521
1763 5940
1763 6002
1763 6286
1763 6384
1763 6390
1763 6396
1763 6414
1763 6424
1763 6511
1763 6531
1763 6624
1763 6640
1763 6645
1763 6704
1763 6709
1763 6756
1768 1825
1768 2292
1774 2062
1774 2956
1774 3171
1774 6289
1774 6429
1776 6505
1779 1831
1779 2767
1779 3907
1779 4117
1779 4924
1779 5704
1779 5816
1779 6203
1780 6382
1785 2650
1785 3322
1785 6481
1785 6619
1786 1917
1786 2024
1786 2158
1786 2284
1786 3030
1786 5215
1786 6392
1786 6394
1786 6443
1786 6770
1786 6825
1787 1993
1787 2488
1787 4018
1787 6722
1788 4493
1788 6462
1792 3026
1792 3417
1793 1877
1793 2019
1793 2292
1793 2562
1793 2645
1793 3484
1793 4177
1793 4523
1793 4632
1793 4822
1793 5599
1793 5783
1793 6171
1793 6352
1793 6393
1793 6534
1793 6666
1793 6744
1793 6770
1793 6806
1793 6960
1794 4536
1794 6918
1794 6958
1804 2118
1804 2284
1804 2406
1804 3030
1804 3195
1804 3745
1804 3785
1804 4080
1804 5340
1804 6788
1807 4507
1807 6264
1812 2158
1812 2316
1812 2455
1812 2650
1812 3453
1812 3745
1812 3992
1812 4297
1812 4949
1812 5274
1812 5594
1816 6497
1818 1894
1818 2111
1818 2114
1818 2423
1818 2464
1818 2529
1818 2627
1818 3030
1818 3107
1818 4523
1818 4577
1818 4949
1818 5181
1818 6305
1818 6307
1818 6311
1818 6390
1818 6500
1818 6569
1818 6666
1819 3984
1824 1894
1824 2728
1824 3030
1824 4577
1824 5267
1824 6587
1824 6788
1824 6903
1825 2158
1825 2292
1825 6395
1825 6410
1831 2158
1831 2756
1831 3313
1831 4018
1831 4110
1831 4151
1831 4632
1831 4910
1831 4949
1831 5065
1831 5560
1831 5615
1831 5621
1831 5704
1831 5720
1831 5949
1831 6289
1831 6503
1831 6508
1831 6513
1831 6558
1831 6576
1831 6654
1831 6704
1831 6903
1836 6951
1844 3302
1845 2529
1845 3158
1845 5720
1861 2820
1861 3065
1863 1985
1863 2062
1863 2868
1863 3417
1863 4064
1863 4860
1863 5041
1864 2019
1864 2286
1864 3165
1864 6430
1875 5849
1875 6786
1877 2158
1877 2389
1877 2406
1877 2472
1877 2694
1877 2728
1877 2919
1877 2970
1877 3169
1877 3850
1877 4177
1877 4216
1877 4419
1877 4546
1877 4915
1877 5065
1877 5174
1877 6171
1877 6262
1877 6307
1877 6409
1877 6434
1877 6479
1877 6491
1877 6495
1877 6514
1877 6536
1877 6597
1877 6642
1877 6744
1877 6767
1879 1917
1879 2126
1879 2255
1879 2437
1879 2820
1879 5432
1879 6648
1887 6338
1893 2756
1893 2809
1893 3078
1893 5036
1893 6203
1894 1972
1894 2114
1894 2223
1894 2292
1894 2599
1894 2650
1894 2694
1894 2756
1894 2822
1894 2845
1894 3030
1894 3156
1894 3417
1894 3745
1894 4297
1894 4523
1894 4910
1894 5272
1894 5306
1894 5400
1894 5560
1894 5594
1894 5615
1894 6010
1894 6307
1894 6470
1894 6480
1894 6724
1894 6738
1894 6949
1901 2529
1901 6596
1901 6619
1915 2504
1915 6117
1917 1996
1917 2126
1917 2199
1917 2307
1917 2319
1917 2324
1917 2396
1917 2583
1917 2650
1917 2728
1917 2729
1917 2820
1917 2825
1917 2943
1917 3030
1917 3067
1917 3283
1917 3325
1917 3453
1917 3463
1917 3935
1917 4357
1917 4632
1917 4731
1917 4949
1917 5031
1917 5065
1917 5174
1917 5305
1917 5681
1917 5816
1917 5936
1917 5948
1917 6006
1917 6114
1917 6117
1917 6134
1917 6160
1917 6328
1917 6355
1917 6390
1917 6392
1917 6394
1917 6410
1917 6486
1917 6495
1917 6501
1917 6570
1917 6574
1917 6588
1917 6596
1917 6623
1917 6648
1917 6680
1917 6774
1917 6798
1917 6818
1917 6894
1917 6899
1917 6900
1917 6939
1917 6960
1917 6964
1922 3771
1924 6836
1939 3171
1939 3930
1939 5560
1941 2529
1941 4544
1941 4935
1941 6763
1948 2156
1948 2199
1948 5366
1952 6527
1952 6619
1952 6623
1958 3166
1958 3850
1958 4910
1958 5943
1958 6307
1958 6623
1959 2728
1959 2950
1959 3156
1959 5194
1959 6532
1960 3171
1960 3636
1960 3984
1971 2255
1971 6768
1972 2208
1972 2674
1972 2919
1972 3727
1972 3856
1972 4333
1972 4691
1972 5682
1972 5994
1972 6299
1972 6382
1972 6384
1972 6513
1972 6569
1972 6571
1972 6619
1972 6679
1972 6752
1977 2468
1977 6338
1977 6956
1985 2264
1985 2355
1985 2455
1985 2534
1985 2650
1985 3254
1985 5065
1985 5362
1985 5458
1985 6114
1985 6469
1985 6503
1985 6745
1985 6848
1985 6903
1985 6918
1990 2306
1992 6289
1993 3613
1995 2619
1995 3195
1995 6556
1996 2214
1996 2309
1996 4731
1996 5174
1996 5501
1996 6486
1996 6490
1996 6944
2006 2868
2008 4488
2008 6586
2011 6462
2011 6547
2016 5065
2016 6584
2019 2030
2019 2142
2019 2413
2019 2674
2019 2694
2019 3165
2019 3975
2019 4731
2019 5440
2019 5599
2019 6246
2019 6393
2019 6430
2019 6543
2019 6786
2019 6843
2019 6977
2020 2428
2020 3026
2020 4232
2020 6505
2020 6804
2023 4731
2023 5744
2023 6281
2023 6912
2023 6961
2024 2223
2024 2245
2024 2529
2024 2628
2024 2756
2024 2767
2024 2868
2024 3030
2024 3381
2024 4166
2024 4338
2024 4844
2024 4924
2024 5493
2024 5594
2024 5667
2024 5722
2024 6203
2024 6319
2024 6481
2024 6508
2024 6618
2024 6625
2024 6789
2024 6817
2024 6871
2024 6872
2024 6878
2024 6886
2027 2389
2027 2682
2027 2694
2027 3158
2027 3405
2027 4177
2027 4332
2027 4419
2027 4632
2027 5174
2027 5599
2027 6064
2027 6277
2027 6708
2027 6748
2027 6813
2030 2158
2030 2472
2030 4419
2030 6834
2031 3745
2031 4949
2038 5560
2053 4752
2053 5489
2053 6189
2057 2529
2057 2627
2057 2756
2062 2255
2062 2650
2062 3030
2062 4862
2062 6408
2062 6467
2062 6937
2076 3917
2079 2254
2079 3158
2081 3636
2081 3799
2081 3900
2081 3945
2081 4031
2081 4419
2081 5075
2086 2762
2086 4332
2086 5906
2086 5946
2086 6382
2089 6546
2095 4833
2095 6435
2095 6478
2095 6546
2095 6548
2095 6663
2098 6594
2102 4297
2105 4031
2105 6299
2107 2117
2107 3417
2107 4509
2107 6694
2109 6596
2111 4523
2114 2284
2114 4783
2114 4910
2114 5935
2114 6683
2118 4080
2118 5400
2122 2902
2122 4839
2122 6199
2122 6435
2122 6499
2123 5599
2124 2243
2124 2349
2124 3627
2124 4366
2124 4471
2124 5068
2124 5433
2124 5616
2124 5801
2124 6026
2124 6289
2124 6347
2124 6546
2124 6685
2124 6704
2124 6712
2124 6737
2124 6750
2124 6791
2126 6774
2132 5458
2132 6289
2132 6444
2132 6449
2142 2674
2142 3405
2142 5440
2142 5783
2142 6543
2142 6894
2146 2389
2148 3727
2148 4157
2149 3030
2149 4477
2156 2405
2156 2682
2156 3453
2156 3613
2156 4140
2156 4303
2156 4382
2156 4746
2156 4860
2156 5041
2156 5065
2156 5127
2156 5265
2156 6160
2156 6161
2156 6502
2156 6602
2156 6683
2156 6704
2158 2292
2158 3816
2158 3856
2158 4171
2158 5215
2158 5483
2158 5599
2158 5816
2158 5906
2158 6108
2158 6225
2158 6289
2158 6364
2158 6386
2158 6400
2158 6408
2158 6419
2158 6495
2158 6498
2158 6790
2177 2529
2177 3578
2177 5089
2179 6613
2179 6667
2184 2307
2184 5825
2184 6393
2187 2306
2187 2406
2191 3044
2191 4297
2192 2396
2192 2650
2192 3453
2192 4585
2192 5825
2192 6314
2192 6570
2199 3315
2199 3856
2199 4171
2199 5009
2199 6596
2199 6610
2203 3158
2203 4080
2204 4731
2204 6014
2204 6242
2204 6390
2204 6420
2208 2650
2208 4031
2214 2598
2223 3313
2223 3745
2223 4187
2223 6203
2223 6264
2223 6408
2223 6458
2223 6831
2229 2403
2234 3823
2234 5366
2234 6594
2234 6786
2245 6871
2246 6804
2248 3171
2248 4231
2254 6619
2255 2319
2255 2650
2255 2868
2255 3900
2255 4419
2255 5692
2255 6393
2255 6419
2255 6825
2256 3329
2256 4507
2256 4577
2256 6363
2258 3195
2264 3636
2264 4090
2264 5065
2264 6203
2268 2694
2277 3648
2277 4573
2277 4590
2277 5652
2277 5935
2277 6334
2277 6503
2277 6619
2278 2728
2278 5938
2284 2650
2284 2727
2284 2821
2284 3024
2284 3030
2284 3368
2284 3412
2284 3648
2284 4026
2284 4226
2284 4507
2284 5215
2284 5938
2284 5943
2284 6414
2284 6445
2284 6466
2284 6546
2284 6773
2284 6903
2284 6923
2286 2396
2286 2600
2286 5367
2286 6843
2289 6596
2292 2650
2292 3171
2292 3355
2292 3745
2292 3800
2292 3992
2292 4141
2292 4536
2292 5065
2292 5681
2292 5816
2292 6117
2292 6199
2292 6328
2292 6498
2292 6618
2306 2534
2306 2670
2306 2718
2306 2845
2306 2868
2306 3515
2306 3578
2306 3745
2306 4910
2306 5936
2306 6124
2306 6574
2307 2389
2307 2619
2307 3417
2307 3463
2307 4390
2307 4731
2307 6328
2307 6806
2307 6879
2307 6885
2307 6900
2307 6939
2307 6942
2313 2815
2313 4822
2313 5006
2313 5125
2313 5362
2313 5493
2313 6503
2313 6605
2315 4632
2316 5615
2316 6663
2319 2472
2319 2503
2319 2682
2319 2919
2319 2956
2319 3030
2319 4419
2319 4546
2319 5174
2319 5215
2319 5366
2319 5440
2319 6171
2319 6547
2319 6569
2319 6708
2324 3900
2324 5783
2324 6362
2324 6499
2324 6650
2324 6834
2333 4419
2333 5127
2355 2396
2355 2820
2355 4949
2355 5427
2355 5720
2355 6686
2355 6800
2360 2504
2360 2902
2360 6498
2382 2627
2382 4798
2382 6619
2389 2472
2389 3484
2389 3573
2389 4080
2389 4187
2389 4333
2389 4419
2389 5828
2389 6262
2389 6297
2389 6404
2389 6491
2389 6514
2389 6547
2389 6553
2389 6561
2389 6615
2389 6642
2389 6672
2389 6708
2389 6744
2389 6938
2393 4141
2393 5487
2393 6745
2396 2650
2396 2820
2396 2825
2396 3195
2396 3453
2396 4647
2396 5362
2396 5366
2396 5367
2396 5616
2396 6189
2396 6429
2396 6543
2396 6576
2396 6764
2396 6779
2396 6786
2403 2669
2403 5267
2405 4117
2406 2472
2406 4370
2406 4546
2406 6608
2412 5599
2412 6199
2416 2694
2418 5992
2422 2767
2422 3026
2422 3984
2422 5265
2423 2464
2423 2649
2423 4031
2423 4523
2423 4771
2423 5550
2428 2534
2428 2943
2428 3007
2428 4924
2428 6505
2428 6569
2428 6663
2434 5006
2437 2970
2437 3039
2437 3405
2437 3984
2437 5006
2437 5599
2437 6549
2447 2694
2447 3745
2453 6714
2455 2930
2455 3254
2455 4187
2455 5325
2455 6289
2455 6292
2455 6587
2455 6804
2455 6953
2460 2934
2464 5468
2468 2489
2468 2619
2468 4783
2469 6426
2472 2682
2472 2694
2472 2815
2472 3368
2472 3405
2472 3930
2472 3953
2472 4232
2472 4333
2472 4419
2472 4546
2472 4663
2472 6064
2472 6262
2472 6338
2472 6400
2472 6503
2472 6547
2472 6588
2472 6638
2472 6650
2472 6686
2472 6708
2472 6734
2472 6744
2472 6767
2472 6784
2473 4177
2487 6596
2488 2902
2488 6336
2488 6478
2488 6502
2488 6585
2488 6674
2488 6724
2499 4832
2504 4141
2504 5065
2504 6328
2504 6819
2504 6952
2508 6158
2512 5263
2518 2694
2522 6289
2522 6347
2522 6576
2522 6596
2522 6828
2527 3329
2527 5615
2527 6889
2529 2589
2529 2756
2529 2868
2529 2919
2529 2938
2529 3171
2529 3337
2529 3501
2529 3515
2529 3578
2529 3639
2529 3850
2529 4190
2529 4271
2529 4924
2529 5261
2529 5294
2529 5615
2529 5801
2529 6110
2529 6362
2529 6435
2529 6460
2529 6502
2529 6541
2529 6542
2529 6561
2529 6574
2529 6576
2529 6588
2529 6594
2529 6595
2529 6614
2529 6622
2529 6632
2529 6674
2529 6676
2529 6700
2529 6752
2529 6773
2529 6781
2529 6794
2529 6800
2529 6817
2529 6898
2529 6961
2529 6966
2534 4419
2534 5009
2534 6470
2534 6552
2534 6811
2541 2943
2541 3984
2541 5309
2545 4731
2562 6547
2583 3453
2583 3858
2583 5519
2583 6563
2583 6863
2589 5720
2589 6396
2594 4802
2598 3935
2598 5065
2598 6306
2599 2674
2599 4802
2599 5599
2599 6160
2599 6704
2600 2820
2600 3405
2600 3520
2600 5366
2603 3195
2603 5065
2606 4018
2612 6304
2616 2650
2616 3453
2619 5454
2619 6108
2619 6359
2619 6522
2619 6938
2619 6960
2620 4187
2620 5173
2620 6847
2627 2762
2627 3313
2627 3727
2627 3745
2627 3891
2627 3984
2627 4232
2627 4390
2627 4632
2627 4634
2627 4663
2627 4691
2627 4731
2627 4783
2627 4886
2627 4924
2627 4949
2627 5041
2627 5146
2627 5362
2627 5935
2627 6225
2627 6619
2627 6708
2627 6858
2627 6952
2628 5305
2635 3856
2636 2694
2640 4140
2640 4949
2645 5935
2649 6460
2649 6771
2650 2687
2650 2694
2650 2729
2650 2739
2650 2822
2650 2868
2650 2919
2650 3030
2650 3171
2650 3195
2650 3322
2650 3329
2650 3412
2650 3453
2650 4117
2650 4177
2650 4360
2650 4523
2650 4731
2650 4860
2650 4924
2650 5594
2650 6117
2650 6280
2650 6334
2650 6362
2650 6373
2650 6390
2650 6429
2650 6455
2650 6462
2650 6569
2650 6594
2650 6619
2650 6640
2650 6704
2650 6752
2650 6764
2650 6773
2650 6790
2650 6803
2650 6816
2650 6915
2650 6917
2650 6941
2650 6949
2650 6965
2658 3856
2660 3515
2660 4018
2660 4151
2668 2767
2668 2970
2668 5174
2668 5863
2669 3484
2669 6291
2670 2756
2670 3158
2670 3515
2670 5720
2670 6362
2674 3727
2674 3984
2674 4151
2674 6566
2674 6574
2674 6594
2674 6752
2674 6771
2674 6830
2682 3158
2682 4647
2682 5599
2682 5615
2682 6280
2682 6315
2682 6316
2682 6453
2687 6595
2691 5292
2691 6301
2691 6351
2691 6546
2691 6676
2692 3417
2692 3984
2694 2791
2694 2868
2694 2888
2694 2902
2694 3041
2694 3361
2694 3745
2694 3930
2694 4333
2694 4419
2694 5176
2694 5230
2694 5599
2694 6108
2694 6338
2694 6390
2694 6434
2694 6547
2694 6569
2694 6687
2694 6708
2694 6744
2696 6855
2699 6505
2714 3484
2714 5490
2714 6253
2714 6371
2718 3158
2718 4968
2720 3631
2727 3030
2728 2868
2728 3181
2728 3453
2728 3573
2728 4280
2728 5119
2728 5939
2728 6640
2728 6745
2728 6897
2729 5599
2729 5615
2729 6623
2739 3158
2739 3636
2739 5065
2739 5720
2739 6161
2739 6289
2739 6962
2741 3856
2741 4253
2741 6470
2741 6947
2756 2762
2756 2809
2756 3313
2756 3337
2756 3515
2756 3578
2756 3891
2756 4018
2756 4157
2756 4545
2756 4886
2756 5801
2756 6336
2756 6353
2756 6362
2756 6419
2756 6548
2756 6585
2756 6674
2756 6729
2756 6759
2756 6772
2756 6773
2756 6775
2756 6778
2756 6816
2756 6817
2762 2868
2762 2919
2762 3613
2762 3636
2762 3657
2762 3791
2762 3945
2762 3984
2762 4018
2762 4110
2762 4170
2762 4190
2762 4236
2762 4283
2762 4544
2762 4546
2762 5065
2762 5292
2762 5306
2762 5478
2762 5615
2762 5626
2762 5681
2762 5991
2762 6059
2762 6225
2762 6232
2762 6280
2762 6289
2762 6290
2762 6326
2762 6329
2762 6330
2762 6373
2762 6384
2762 6415
2762 6442
2762 6451
2762 6498
2762 6510
2762 6513
2762 6576
2762 6595
2762 6625
2762 6683
2762 6723
2762 6792
2762 6810
2762 6844
2762 6888
2762 6952
2767 3745
2767 3856
2767 3925
2767 4117
2767 4507
2767 5292
2767 5294
2767 5862
2767 5941
2767 6026
2767 6289
2767 6333
2767 6476
2767 6489
2767 6525
2767 6595
2767 6601
2767 6607
2767 6686
2767 6719
2767 6781
2767 6793
2767 6859
2767 6863
2771 3125
2771 4507
2771 5065
2775 4924
2775 6782
2784 6382
2787 4771
2787 6925
2787 6932
2795 4157
2795 4177
2796 4140
2805 3056
2809 3078
2809 3417
2809 3745
2809 4187
2809 4924
2809 5036
2809 5065
2809 5594
2809 5857
2809 6225
2809 6393
2815 5065
2815 5933
2818 4187
2818 4507
2818 5859
2818 6294
2818 6325
2818 6619
2818 6663
2818 6955
2820 2970
2820 3065
2820 3727
2820 3799
2820 4171
2820 4731
2820 4783
2820 5362
2820 5366
2820 5599
2820 5615
2820 5681
2820 5906
2820 5939
2820 5991
2820 6026
2820 6114
2820 6312
2820 6317
2820 6328
2820 6329
2820 6337
2820 6343
2820 6362
2820 6364
2820 6395
2820 6435
2820 6453
2820 6484
2820 6524
2820 6547
2820 6566
2820 6569
2820 6623
2820 6728
2820 6752
2820 6825
2820 6870
2820 6939
2820 6974
2821 3690
2821 3986
2821 5065
2821 6344
2821 6445
2822 3166
2825 5009
2825 6596
2826 6789
2839 3816
2840 3405
2845 2970
2845 6124
2845 6562
2864 3984
2864 5362
2864 5478
2864 6493
2868 2919
2868 3195
2868 3745
2868 4026
2868 4090
2868 4141
2868 4242
2868 4366
2868 4489
2868 4547
2868 4577
2868 5292
2868 5518
2868 5720
2868 5722
2868 6189
2868 6223
2868 6308
2868 6470
2868 6517
2868 6588
2868 6667
2868 6791
2868 6805
2868 6819
2868 6831
2868 6903
2868 6920
2868 6926
2874 5720
2874 5722
2882 6596
2885 2902
2888 4187
2888 5174
2888 6409
2902 3745
2902 4089
2902 4280
2902 6498
2902 6693
2902 6797
2914 3543
2919 3791
2919 3984
2919 4031
2919 4232
2919 4338
2919 4390
2919 4427
2919 4670
2919 4731
2919 4798
2919 4924
2919 5560
2919 5615
2919 5652
2919 5698
2919 6289
2919 6294
2919 6343
2919 6363
2919 6366
2919 6374
2919 6390
2919 6396
2919 6420
2919 6482
2919 6619
2930 4731
2930 6344
2930 6533
2934 3171
2934 3281
2934 4670
2934 4798
2934 6475
2934 6482
2934 6912
2938 5720
2943 3283
2943 6352
2943 6796
2950 3158
2950 3745
2950 4031
2956 3381
2956 3473
2956 3984
2956 4117
2956 4171
2956 4427
2956 4927
2956 5362
2956 5476
2956 6189
2956 6332
2956 6338
2956 6413
2956 6500
2956 6621
2956 6785
2956 6974
2956 6977
2961 3727
2970 4338
2970 5409
2970 5440
2970 5599
2970 5615
2970 5849
2970 6014
2970 6108
2970 6621
3000 3377
3000 4419
3001 5857
3001 6041
3001 6336
3001 6708
3007 3856
3023 6328
3024 3166
3024 4031
3024 6790
3026 3627
3026 3917
3026 3992
3026 4179
3026 4488
3026 4653
3026 4911
3026 5521
3026 5614
3026 6002
3026 6049
3026 6419
3026 6567
3026 6738
3026 6859
3026 6910
3026 6920
3026 6934
3030 3041
3030 3166
3030 3453
3030 3484
3030 3624
3030 3648
3030 3979
3030 4026
3030 4080
3030 4110
3030 4187
3030 4226
3030 4338
3030 4360
3030 4419
3030 4445
3030 4523
3030 4577
3030 4798
3030 4910
3030 4949
3030 5018
3030 5135
3030 5143
3030 5305
3030 5468
3030 5494
3030 5816
3030 6202
3030 6303
3030 6443
3030 6469
3030 6523
3030 6587
3030 6623
3030 6630
3030 6680
3030 6726
3030 6810
3030 6876
3030 6895
3030 6943
3031 4525
3031 6547
3031 6924
3040 6292
3041 3573
3041 4783
3041 5783
3041 5816
3049 3283
3049 4117
3054 3743
3054 4456
3054 6624
3062 5230
3065 5362
3065 6425
3065 6862
3067 3975
3067 5825
3072 4366
3072 6350
3072 6659
3075 4968
3076 4833
3084 4242
3099 3171
3100 6696
3104 6596
3107 3329
3107 3917
3107 5641
3107 6455
3107 6623
3107 6838
3121 3727
3121 6619
3122 3762
3122 6505
3122 6607
3123 4000
3123 5468
3123 6305
3125 4370
3147 3484
3158 3184
3158 3417
3158 3727
3158 3745
3158 4106
3158 4226
3158 4536
3158 4949
3158 5125
3158 5433
3158 5720
3158 6280
3158 6300
3158 6362
3158 6393
3158 6413
3158 6553
3158 6645
3158 6666
3158 6797
3158 6814
3158 6824
3158 6870
3160 3984
3160 5065
3160 5306
3160 6833
3160 6880
3160 6883
3166 4523
3166 5468
3166 6666
3168 3381
3169 3405
3169 4419
3171 3254
3171 3336
3171 3355
3171 3727
3171 3819
3171 3893
3171 4231
3171 4536
3171 4632
3171 4798
3171 4822
3171 5053
3171 5065
3171 5292
3171 5560
3171 5704
3171 5816
3171 5929
3171 6062
3171 6142
3171 6295
3171 6319
3171 6427
3171 6435
3171 6516
3171 6562
3171 6583
3171 6619
3171 6669
3171 6817
3171 6873
3171 6902
3171 6912
3181 3943
3181 4634
3181 6393
3184 6280
3184 6503
3191 6462
3195 3446
3195 3745
3195 3785
3195 3984
3195 4187
3195 5127
3195 5215
3195 5468
3195 5487
3195 5652
3195 5682
3195 5814
3195 6462
3195 6625
3195 6701
3195 6855
3226 3239
3226 6662
3232 6935
3239 5006
3239 6370
3239 6437
3239 6662
3239 6901
3246 6527
3251 6180
3254 3636
3254 5166
3254 5362
3254 5493
3254 5615
3254 5699
3254 5939
3254 6354
3254 6810
3258 4908
3258 6353
3262 4157
3262 6319
3281 5698
3283 4523
3283 4536
3283 5720
3283 6160
3283 6378
3283 6596
3283 6692
3313 3515
3313 3745
3313 4187
3313 5065
3313 5146
3313 5594
3313 6319
3313 6353
3313 6775
3313 6800
3313 6816
3313 6831
3322 3984
3322 4141
3322 5521
3322 6026
3322 6402
3322 6756
3322 6892
3322 6927
3328 6869
3329 3856
3329 4151
3329 4546
3329 4702
3329 4924
3329 5065
3329 5146
3329 5173
3329 5441
3329 5504
3329 6203
3329 6329
3329 6373
3329 6806
3329 6838
3330 4110
3330 5065
3335 6075
3336 6885
3337 3578
3337 3800
3337 4545
3337 6460
3346 4157
3346 6223
3355 4798
3355 6583
3361 6292
3361 6596
3368 5135
3377 4080
3377 4546
3377 4702
3377 6119
3377 6748
3381 3631
3381 4338
3381 5065
3381 5580
3381 6370
3381 6778
3381 6820
3388 6203
3392 5065
3392 6686
3405 3648
3405 4080
3405 4177
3405 4419
3405 4546
3405 4763
3405 5938
3405 5948
3405 6114
3405 6162
3405 6253
3405 6262
3405 6340
3405 6400
3405 6411
3405 6491
3405 6621
3405 6627
3405 6671
3405 6679
3405 6708
3405 6814
3405 6849
3412 4110
3412 4798
3412 6647
3412 6805
3415 3791
3416 5652
3416 6619
3417 4523
3417 4553
3417 4731
3417 4839
3417 4911
3417 5215
3417 5487
3417 5938
3417 6280
3417 6294
3417 6298
3417 6333
3417 6343
3417 6373
3417 6460
3417 6523
3417 6694
3417 6699
3417 6752
3417 6806
3417 6952
3447 6010
3453 3745
3453 4117
3453 4280
3453 4691
3453 4731
3453 4746
3453 4783
3453 4879
3453 4949
3453 5036
3453 5267
3453 5704
3453 6002
3453 6353
3453 6375
3453 6387
3453 6471
3453 6524
3453 6576
3453 6602
3453 6757
3453 6758
3453 6779
3453 6800
3457 5119
3457 6421
3458 3515
3458 6632
3463 5825
3463 6770
3477 6715
3484 3573
3484 3984
3484 4177
3484 4968
3484 5012
3484 5783
3484 6359
3484 6594
3484 6615
3484 6642
3484 6661
3484 6744
3484 6818
3501 5041
3501 5247
3501 6437
3505 4671
3505 5599
3515 4018
3515 4488
3515 4553
3515 4839
3515 4886
3515 5594
3515 5706
3515 5720
3515 5801
3515 6145
3515 6333
3515 6342
3515 6353
3515 6729
3515 6810
3515 6816
3515 6817
3515 6831
3515 6863
3515 6874
3526 5458
3541 3743
3541 4390
3541 5278
3541 6663
3541 6770
3543 3745
3543 5065
3545 6317
3545 6384
3545 6424
3545 6648
3569 5816
3569 6951
3573 4907
3574 4740
3574 6685
3578 4605
3578 5146
3578 5935
3578 6562
3578 6594
3578 6691
3578 6817
3578 6836
3613 4065
3613 4090
3613 5119
3613 5724
3613 6013
3613 6289
3613 6685
3613 6835
3613 6841
3613 6865
3613 6869
3613 6930
3617 6006
3617 6527
3624 4632
3624 6124
3631 4226
3636 3984
3636 4236
3636 4507
3636 4663
3636 4746
3636 4839
3636 5006
3636 5065
3636 5125
3636 5227
3636 5267
3636 5305
3636 5737
3636 6280
3636 6317
3636 6332
3636 6370
3636 6419
3636 6449
3636 6596
3636 6609
3636 6638
3636 6689
3636 6918
3636 6971
3639 6474
3639 6586
3639 6655
3639 6762
3639 6866
3639 6885
3648 4080
3648 4783
3648 4910
3648 6010
3648 6114
3648 6123
3648 6732
3655 5362
3656 6929
3657 4949
3657 5292
3657 6513
3657 6533
3657 6723
3673 6767
3676 5415
3676 6014
3676 6306
3676 6830
3689 6342
3693 4141
3704 3984
3704 6640
3705 6355
3712 4924
3727 3882
3727 4702
3727 4731
3727 4798
3727 4886
3727 5065
3727 5305
3727 5362
3727 5681
3727 6280
3727 6436
3727 6596
3727 6619
3727 6902
3737 3986
3743 6624
3745 3816
3745 3930
3745 4117
3745 4226
3745 4271
3745 4277
3745 4488
3745 4702
3745 5227
3745 5353
3745 5580
3745 5615
3745 6210
3745 6286
3745 6289
3745 6388
3745 6414
3745 6470
3745 6503
3745 6513
3745 6518
3745 6523
3745 6594
3745 6604
3745 6616
3745 6630
3745 6631
3745 6662
3745 6704
3745 6778
3745 6819
3745 6824
3745 6868
3745 6894
3745 6903
3745 6936
3748 6301
3748 6686
3756 4634
3756 6501
3764 6278
3787 5706
3787 5816
3787 5936
3798 5294
3799 4018
3799 4427
3799 4507
3799 4731
3799 5542
3799 5699
3799 6289
3800 3850
3800 3984
3800 5065
3800 6225
3800 6319
3800 6395
3800 6575
3800 6639
3800 6832
3800 6851
3816 4488
3816 5594
3828 6345
3836 5263
3836 6625
3850 4113
3850 6307
3856 4026
3856 4354
3856 5173
3856 5353
3856 5441
3856 6363
3856 6470
3858 5362
3858 5845
3865 6360
3882 6280
3882 6294
3882 6475
3882 6485
3891 4545
3891 5146
3891 5720
3893 4011
3893 6185
3893 6760
3900 4419
3900 4445
3900 4632
3900 5943
3900 6108
3907 6469
3917 3984
3917 4382
3925 5862
3925 6354
3930 4117
3930 4771
3930 5146
3930 5560
3935 5615
3943 4110
3943 5521
3943 6286
3943 6384
3943 6511
3945 4283
3945 6289
3945 6637
3945 6789
3950 4106
3950 4647
3950 6250
3967 4839
3967 5306
3967 6386
3967 6749
3975 4157
3975 4322
3975 5174
3975 5480
3975 5494
3975 5744
3975 6358
3975 6534
3975 6935
3980 4187
3980 4507
3980 6289
3984 4116
3984 4117
3984 4171
3984 4187
3984 4271
3984 4577
3984 4632
3984 4653
3984 4832
3984 4911
3984 5009
3984 5065
3984 5130
3984 5162
3984 5245
3984 5366
3984 5487
3984 5720
3984 5941
3984 6117
3984 6384
3984 6405
3984 6443
3984 6463
3984 6470
3984 6493
3984 6500
3984 6518
3984 6596
3984 6618
3984 6654
3984 6669
3984 6698
3984 6730
3984 6738
3984 6756
3984 6798
3984 6869
3984 6952
3986 4031
3986 6826
3992 6897
4000 6305
4007 4731
4011 6426
4011 6566
4018 4090
4018 4507
4018 4545
4018 5706
4018 5857
4018 6498
4018 6769
4018 6789
4018 6854
4018 6954
4022 6596
4031 4366
4031 4536
4031 4632
4031 4994
4031 5065
4031 5181
4031 5362
4031 5400
4031 5468
4031 5943
4031 6114
4031 6344
4031 6424
4031 6469
4031 6498
4031 6665
4031 6731
4055 6738
4057 5125
4057 5362
4059 6618
4061 5487
4065 6449
4065 6573
4080 4419
4080 6014
4080 6448
4080 6830
4090 4187
4090 4352
4090 5292
4090 5386
4090 5493
4090 5518
4090 6203
4090 6289
4090 6342
4090 6346
4090 6377
4090 6390
4090 6401
4090 6421
4090 6561
4090 6591
4090 6657
4090 6716
4090 6725
4090 6738
4090 6766
4090 6805
4090 6821
4090 6839
4090 6858
4097 6576
4097 6819
4102 6768
4110 4136
4110 5018
4110 5440
4110 5991
4110 6290
4110 6369
4110 6373
4110 6421
4110 6464
4110 6587
4110 6604
4113 5682
4116 5933
4117 4271
4117 4338
4117 4507
4117 4577
4117 4663
4117 4731
4117 5007
4117 5065
4117 5127
4117 5272
4117 5362
4117 5518
4117 5615
4117 5616
4117 5652
4117 6189
4117 6280
4117 6289
4117 6328
4117 6332
4117 6338
4117 6354
4117 6359
4117 6390
4117 6460
4117 6470
4117 6500
4117 6503
4117 6522
4117 6525
4117 6574
4117 6578
4117 6605
4117 6630
4117 6771
4117 6824
4117 6825
4117 6828
4117 6928
4136 6733
4140 6576
4140 6616
4141 4536
4141 4632
4141 4731
4141 5009
4141 5566
4141 6596
4147 6695
4151 4253
4151 5309
4151 5658
4157 6223
4171 4632
4171 5036
4171 5127
4171 5681
4171 5939
4171 6161
4171 6171
4171 6566
4171 6596
4177 4927
4187 4366
4187 4382
4187 4746
4187 4798
4187 4911
4187 4924
4187 5065
4187 5265
4187 5518
4187 5682
4187 5831
4187 5849
4187 5941
4187 6289
4187 6384
4187 6401
4187 6419
4187 6463
4187 6500
4187 6505
4187 6578
4187 6618
4187 6662
4187 6836
4187 6865
4187 6882
4187 6953
4190 5415
4190 5936
4190 6811
4216 6119
4216 6327
4226 6010
4226 6669
4226 6721
4232 6122
4232 6289
4232 6492
4236 6203
4236 6848
4236 6909
4242 6287
4242 6308
4253 6498
4265 6462
4271 5146
4275 6750
4277 4924
4277 6789
4277 6868
4280 6400
4280 6558
4280 6569
4280 6763
4283 5637
4283 5722
4283 6506
4283 6535
4286 5041
4286 6498
4286 6693
4297 4949
4297 5943
4297 6623
4297 6654
4303 6160
4305 6619
4310 6361
4310 6444
4314 6498
4317 4507
4317 6385
4322 5599
4332 4523
4332 6053
4338 4844
4338 5309
4338 5698
4338 6366
4338 6675
4338 6752
4357 6648
4360 5682
4366 4833
4366 5440
4366 6264
4366 6580
4366 6975
4370 5340
4370 6629
4377 5929
4379 4634
4380 4802
4382 6413
4382 6809
4384 5599
4384 6357
4390 5009
4390 5174
4390 5816
4390 6619
4390 6765
4390 6810
4390 6863
4400 5468
4402 5433
4402 5637
4403 6572
4414 4746
4414 6657
4414 6795
4419 5174
4419 5189
4419 5580
4419 5596
4419 6064
4419 6262
4419 6285
4419 6297
4419 6371
4419 6400
4419 6411
4419 6434
4419 6615
4419 6708
4419 6744
4419 6788
4419 6813
4419 6834
4419 6849
4427 5699
4456 4634
4456 6290
4471 5722
4488 4547
4488 4907
4488 4949
4488 5615
4488 6287
4489 6290
4493 5698
4493 6752
4507 5065
4507 5362
4507 5560
4507 5615
4507 6289
4507 6470
4507 6563
4507 6576
4507 6657
4507 6738
4519 5933
4519 6955
4523 4544
4523 4577
4523 5016
4523 5550
4523 5652
4523 5857
4523 5943
4523 6225
4523 6307
4523 6375
4523 6424
4523 6453
4523 6666
4523 6694
4523 6731
4523 6732
4523 6744
4523 6763
4523 6767
4523 6891
4532 6550
4536 5681
4536 6006
4536 6797
4536 6860
4536 6912
4536 6918
4544 5100
4545 6353
4546 6225
4546 6373
4546 6404
4553 5433
4577 4924
4577 5239
4577 5652
4577 6498
4577 6624
4590 5065
4591 6310
4591 6380
4591 6462
4605 6223
4632 5065
4632 5272
4632 5468
4632 5483
4632 5599
4632 5936
4632 5943
4632 6295
4632 6300
4632 6666
4632 6904
4641 6924
4646 6473
4653 6002
4653 6264
4655 6777
4663 5267
4663 5909
4663 6203
4663 6289
4670 5698
4677 6413
4691 4968
4702 5652
4708 6471
4708 6613
4727 5006
4727 6498
4731 4798
4731 4949
4731 5362
4731 5440
4731 5487
4731 5551
4731 5599
4731 5633
4731 5933
4731 6110
4731 6114
4731 6242
4731 6306
4731 6366
4731 6619
4731 6675
4731 6768
4731 6816
4732 6568
4746 6590
4749 5218
4760 5831
4760 6203
4763 5292
4771 5483
4771 6315
4771 6763
4771 6838
4783 5127
4783 5305
4783 5948
4783 6305
4783 6545
4783 6569
4783 6887
4783 6891
4783 6904
4783 6965
4783 6978
4787 4882
4793 6619
4798 4886
4798 5100
4798 6619
4798 6676
4798 6740
4802 4987
4802 6397
4822 5065
4822 6619
4830 5720
4830 5816
4839 4949
4839 5125
4839 5433
4839 5720
4839 5862
4839 6546
4839 6646
4860 6422
4860 6623
4866 6952
4886 5949
4886 6319
4896 6373
4908 6554
4910 4949
4910 6114
4910 6441
4910 6686
4910 6703
4910 6790
4911 4924
4911 5487
4911 5615
4911 6498
4911 6752
4915 5966
4915 6653
4924 5090
4924 5130
4924 5309
4924 5386
4924 5614
4924 5652
4924 5667
4924 5692
4924 5833
4924 5940
4924 6026
4924 6203
4924 6286
4924 6333
4924 6372
4924 6386
4924 6414
4924 6422
4924 6493
4924 6498
4924 6503
4924 6578
4924 6605
4924 6633
4924 6640
4924 6809
4924 6934
4924 6953
4949 5065
4949 5125
4949 5362
4949 6338
4949 6663
4955 6540
4983 5100
4994 6940
5006 5157
5006 5476
5006 5551
5006 5816
5006 6017
5006 6652
5006 6707
5006 6869
5007 6852
5009 5305
5009 5816
5009 6498
5009 6596
5009 6936
5031 6619
5032 6527
5034 6515
5034 6973
5036 6957
5041 5065
5041 5294
5041 5487
5041 5652
5041 5943
5041 6319
5041 6426
5041 6619
5041 6623
5041 6816
5041 6853
5049 5493
5053 6295
5065 5125
5065 5143
5065 5162
5065 5292
5065 5458
5065 5615
5065 5933
5065 6059
5065 6180
5065 6283
5065 6289
5065 6301
5065 6326
5065 6376
5065 6377
5065 6381
5065 6390
5065 6391
5065 6414
5065 6460
5065 6474
5065 6500
5065 6513
5065 6538
5065 6546
5065 6552
5065 6561
5065 6569
5065 6578
5065 6579
5065 6580
5065 6588
5065 6598
5065 6599
5065 6619
5065 6627
5065 6664
5065 6713
5065 6724
5065 6727
5065 6738
5065 6793
5065 6795
5065 6810
5065 6848
5065 6863
5065 6869
5065 6884
5075 6289
5090 6203
5100 5265
5100 5440
5100 5468
5100 5935
5100 6476
5100 6752
5106 5615
5117 6498
5119 6809
5119 6815
5120 6117
5120 6589
5125 5529
5125 6319
5125 6396
5127 5386
5127 5652
5130 5487
5130 5831
5130 6494
5130 6640
5135 5658
5143 5720
5143 6378
5146 6478
5146 6772
5146 6800
5146 6817
5146 6831
5162 6403
5173 6053
5174 6134
5174 6471
5174 6628
5176 5594
5176 5720
5179 5580
5179 5599
5215 6596
5215 6789
5219 6289
5223 6797
5227 6403
5230 6403
5236 5599
5236 6114
5236 6410
5236 6661
5237 6389
5237 6390
5243 6460
5263 5493
5263 6114
5263 6280
5263 6798
5265 5737
5265 6263
5265 6619
5267 5440
5267 6370
5267 6651
5292 5720
5292 6494
5292 6511
5292 6713
5294 6467
5304 6367
5305 5362
5305 5563
5305 5682
5305 6199
5305 6619
5306 6280
5306 6852
5309 5720
5309 6014
5309 6687
5309 6773
5309 6817
5325 6787
5329 6819
5329 6966
5340 5797
5362 5463
5362 5489
5362 5551
5362 5615
5362 5929
5362 6189
5362 6333
5362 6354
5362 6413
5362 6419
5362 6425
5362 6448
5362 6503
5362 6528
5362 6563
5362 6596
5362 6605
5362 6641
5362 6645
5362 6739
5366 5783
5366 6786
5366 6869
5367 6430
5373 6495
5373 6976
5378 6248
5386 6386
5400 6305
5409 5720
5415 6309
5415 6464
5433 5637
5433 6002
5433 6280
5433 6289
5433 6580
5433 6712
5438 5616
5440 5551
5440 5699
5440 6324
5440 6566
5440 6621
5440 6642
5455 5704
5458 6175
5460 6225
5465 6738
5468 6303
5468 6305
5468 6387
5468 6472
5468 6577
5478 6299
5479 6395
5483 6016
5487 5998
5487 6062
5487 6399
5487 6493
5487 6526
5487 6567
5487 6667
5487 6686
5487 6894
5493 6640
5493 6854
5494 6498
5494 6745
5509 6411
5518 5722
5518 6225
5521 6640
5550 6400
5550 6666
5560 6561
5560 6824
5566 6470
5580 5935
5580 6498
5589 5938
5592 6470
5594 6390
5594 6704
5599 5890
5599 6357
5599 6514
5599 6751
5605 6335
5614 6203
5615 5788
5615 6320
5615 6373
5615 6486
5615 6576
5615 6605
5615 6619
5615 6778
5618 6596
5637 6799
5644 6424
5652 5682
5652 6160
5652 6312
5652 6395
5652 6705
5652 6752
5652 6879
5679 6413
5681 5816
5681 6202
5681 6385
5681 6596
5682 6053
5682 6679
5682 6694
5682 6733
5692 5831
5692 6014
5692 6830
5698 6462
5698 6482
5699 6316
5699 6332
5699 6547
5699 6712
5699 6973
5700 6403
5704 6470
5704 6863
5706 6145
5706 6232
5706 6342
5706 6546
5706 6762
5706 6789
5706 6801
5706 6816
5706 6959
5720 5845
5720 6280
5720 6362
5720 6370
5720 6388
5720 6390
5720 6391
5720 6397
5720 6485
5720 6498
5720 6574
5720 6595
5720 6655
5720 6674
5720 6747
5720 6800
5720 6810
5720 6836
5722 6289
5722 6737
5722 6896
5722 6901
5749 6171
5782 6546
5783 6358
5783 6393
5797 6544
5816 5936
5816 6306
5816 6328
5816 6506
5816 6727
5816 6796
5816 6860
5828 6568
5828 6763
5831 5929
5831 6288
5831 6386
5831 6493
5831 6689
5831 6934
5857 6726
5862 6203
5862 6354
5929 6225
5929 6351
5929 6419
5929 6596
5933 6189
5933 6443
5933 6897
5933 6948
5933 6955
5935 6246
5935 6476
5935 6542
5935 6831
5935 6842
5935 6935
5938 6114
5938 6225
5938 6370
5941 6463
5943 6310
5943 6375
5948 6549
5949 6304
5956 6366
5966 6653
5983 6225
6002 6203
6014 6203
6014 6830
6049 6343
6062 6296
6062 6334
6062 6751
6064 6514
6108 6810
6110 6321
6117 6677
6119 6357
6123 6471
6124 6241
6124 6842
6125 6752
6134 6645
6137 6203
6143 6319
6143 6548
6143 6816
6160 6569
6171 6256
6175 6365
6175 6366
6175 6418
6175 6598
6180 6326
6180 6934
6185 6562
6189 6605
6203 6301
6203 6314
6203 6348
6203 6463
6203 6525
6203 6563
6203 6601
6203 6659
6203 6664
6203 6795
6203 6858
6218 6373
6218 6392
6225 6299
6225 6378
6225 6379
6225 6386
6225 6390
6225 6455
6225 6659
6225 6838
6225 6879
6225 6918
6225 6919
6225 6940
6248 6357
6264 6331
6264 6388
6274 6353
6280 6470
6280 6485
6280 6619
6280 6736
6289 6321
6289 6343
6289 6384
6289 6391
6289 6482
6289 6576
6289 6655
6289 6698
6289 6725
6290 6373
6294 6298
6295 6429
6301 6673
6301 6827
6301 6861
6305 6536
6315 6611
6316 6317
6316 6318
6316 6332
6319 6388
6319 6759
6321 6323
6328 6596
6338 6339
6351 6354
6353 6356
6354 6377
6355 6393
6357 6555
6357 6566
6362 6498
6362 6724
6364 6365
6373 6455
6373 6624
6373 6654
6373 6767
6376 6381
6377 6378
6380 6406
6385 6443
6385 6456
6386 6494
6393 6470
6393 6597
6393 6976
6410 6894
6411 6412
6413 6419
6429 6619
6433 6807
6443 6596
6453 6587
6455 6462
6463 6562
6464 6465
6470 6497
6470 6500
6470 6546
6470 6648
6481 6507
6494 6511
6498 6499
6498 6522
6498 6580
6505 6820
6505 6821
6512 6513
6515 6519
6541 6542
6546 6719
6546 6780
6548 6816
6559 6619
6562 6595
6562 6684
6566 6610
6569 6686
6569 6816
6573 6576
6574 6617
6576 6623
6576 6728
6576 6779
6576 6789
6576 6800
6576 6868
6576 6933
6576 6968
6580 6582
6580 6593
6588 6945
6590 6591
6595 6816
6596 6600
6596 6619
6596 6686
6596 6906
6596 6953
6605 6606
6614 6622
6619 6623
6619 6661
6619 6663
6619 6681
6619 6764
6619 6774
6619 6806
6619 6808
6619 6810
6619 6816
6619 6836
6619 6902
6619 6906
6619 6912
6623 6752
6624 6626
6624 6640
6625 6738
6625 6756
6625 6817
6635 6636
6647 6808
6654 6709
6659 6717
6663 6686
6677 6678
6679 6849
6680 6681
6686 6763
6697 6698
6708 6814
6709 6756
6709 6808
6719 6720
6723 6736
6738 6798
6742 6746
6745 6903
6749 6756
6759 6817
6769 6889
6773 6775
6781 6782
6782 6840
6789 6816
6795 6829
6808 6926
6810 6836
6810 6863
6810 6874
6816 6831
6817 6829
6818 6969
6838 6877
6845 6846
6894 6957
6905 6907
6906 6909
6936 6973
