0 100
0 249
0 729
0 948
0 1012
0 1470
0 2255
0 3543
0 4525
0 4605
0 4618
1 42
1 127
1 948
1 1255
1 1268
1 1366
1 1636
1 1779
1 3713
2 621
3 97
3 621
3 2319
3 3850
4 2095
4 2583
4 4171
7 43
7 48
7 103
7 402
7 539
7 712
7 794
7 1268
7 1561
7 1622
7 2650
7 4171
7 4280
8 1322
13 859
13 1255
14 29
14 30
14 43
14 73
14 83
14 117
14 138
14 153
14 249
14 258
14 290
14 312
14 406
14 431
14 434
14 461
14 508
14 570
14 610
14 613
14 618
14 621
14 634
14 708
14 712
14 729
14 859
14 1005
14 1057
14 1242
14 1255
14 1268
14 1418
14 1539
14 1561
14 1622
14 1691
14 1763
14 1774
14 1877
14 1985
14 2089
14 2095
14 2158
14 2284
14 2307
14 2399
14 2465
14 2499
14 2583
14 2603
14 2821
14 2930
14 2943
14 2989
14 3329
14 3355
14 3453
14 3617
14 3649
14 3690
14 3875
14 3984
14 4168
14 4305
14 4318
14 4419
14 4421
14 4444
14 4503
14 4507
14 4535
14 4539
14 4632
14 4667
14 4671
17 826
19 42
19 43
19 46
19 74
19 84
19 138
19 226
19 286
19 312
19 374
19 446
19 539
19 570
19 621
19 729
19 762
19 773
19 817
19 1012
19 1057
19 1255
19 1561
19 2052
19 2062
19 2095
19 2132
19 2650
19 2767
19 3052
19 3368
19 3453
19 3658
19 3791
19 3958
19 4015
19 4031
19 4191
19 4280
19 4305
19 4361
19 4383
19 4388
19 4399
19 4653
25 43
25 410
25 2919
25 4528
25 4577
26 43
26 83
26 100
26 295
26 302
26 461
26 570
26 729
26 824
26 1298
26 1366
26 1623
26 1702
26 1753
26 1763
26 1917
26 1996
26 2027
26 2188
26 2255
26 2598
26 2603
26 2739
26 2762
26 2774
26 3111
26 3791
26 3830
26 3900
26 3928
26 4031
26 4288
26 4386
26 4612
28 74
28 3727
28 4611
29 30
29 43
29 48
29 76
29 83
29 84
29 114
29 127
29 138
29 162
29 236
29 406
29 570
29 621
29 729
29 836
29 901
29 928
29 948
29 1255
29 1268
29 1413
29 1561
29 1753
29 1793
29 1804
29 1917
29 2272
29 2692
29 2739
29 2938
29 3030
29 3329
29 3453
29 3488
29 3627
29 3710
29 3716
29 3727
29 3745
29 3865
29 3882
29 3930
29 4158
29 4171
29 4191
29 4280
29 4330
29 4360
29 4396
29 4399
29 4427
29 4493
29 4503
29 4548
29 4577
29 4640
30 43
30 73
30 74
30 351
30 370
30 499
30 570
30 621
30 928
30 948
30 1242
30 1877
30 1990
30 2028
30 2603
30 2696
30 2718
30 3453
30 4302
30 4332
30 4419
30 4456
30 4477
30 4495
30 4523
30 4640
41 762
41 1395
41 1768
41 2691
41 2762
41 4501
41 4521
41 4646
42 77
42 84
42 120
42 153
42 156
42 240
42 620
42 636
42 712
42 839
42 1206
42 1295
42 1322
42 1333
42 1709
42 2089
42 2132
42 2523
42 2598
42 2660
42 2739
42 2756
42 2764
42 2915
42 2997
42 3023
42 3043
42 3415
42 3636
42 3984
42 4157
42 4167
42 4314
42 4318
42 4351
42 4365
42 4403
42 4444
42 4469
42 4530
42 4533
42 4667
43 46
43 79
43 83
43 118
43 236
43 280
43 312
43 460
43 461
43 559
43 571
43 577
43 826
43 1242
43 1295
43 1521
43 1539
43 1561
43 1612
43 1622
43 1680
43 1822
43 1831
43 1835
43 2019
43 2052
43 2105
43 2255
43 2319
43 2366
43 2434
43 2603
43 2724
43 2728
43 2919
43 3023
43 3062
43 3091
43 3166
43 3368
43 3453
43 3688
43 3710
43 3865
43 3930
43 3997
43 4157
43 4158
43 4171
43 4305
43 4309
43 4314
43 4322
43 4332
43 4333
43 4353
43 4356
43 4373
43 4375
43 4399
43 4416
43 4440
43 4444
43 4466
43 4475
43 4519
43 4528
43 4600
43 4615
43 4647
45 3745
45 4359
46 226
46 634
46 762
46 826
46 1255
46 1268
46 1359
46 1753
46 1877
46 1917
46 1942
46 1990
46 2158
46 2389
46 2828
46 3030
46 3125
46 3377
46 3900
46 4015
46 4167
46 4373
46 4558
47 4435
48 138
48 290
48 1255
48 2628
48 2650
48 4523
49 190
56 1013
56 2240
56 3613
56 4018
59 374
59 1959
59 2081
59 2223
59 2767
59 3477
59 3928
61 1793
61 2324
61 3473
64 1255
64 1517
64 1877
65 1170
65 1242
65 1948
68 1990
68 2149
68 3874
68 4592
68 4655
69 356
70 2062
70 3707
70 4150
70 4383
73 74
73 138
73 385
73 691
73 729
73 904
73 1039
73 1206
73 1593
73 2062
73 2529
73 2627
73 2756
73 4113
74 83
74 97
74 621
74 1804
74 3030
74 3453
74 4429
74 4503
75 539
75 1006
75 1563
75 1598
75 2692
75 2720
75 3171
75 3417
75 4171
75 4215
75 4475
75 4667
76 138
76 280
76 304
76 417
76 461
76 729
76 881
76 923
76 1206
76 1255
76 1256
76 1298
76 1322
76 1418
76 1561
76 1636
76 1835
76 2019
76 2035
76 2046
76 2089
76 2149
76 2158
76 2223
76 2428
76 2434
76 2534
76 2583
76 2589
76 2603
76 2720
76 2767
76 2786
76 3166
76 3181
76 3613
76 3791
76 3984
76 4007
76 4028
76 4067
76 4136
76 4191
76 4280
76 4382
76 4403
76 4410
76 4427
76 4460
76 4462
76 4495
76 4507
76 4548
76 4580
76 4581
76 4611
76 4675
77 839
77 1036
77 2255
77 2821
77 3031
77 3405
77 4661
79 280
79 1625
79 1763
79 2621
79 3861
79 4289
79 4517
80 852
80 881
80 2132
80 2321
80 2603
80 3030
80 3453
80 3543
80 4238
80 4403
80 4469
80 4471
80 4502
80 4574
83 133
83 297
83 406
83 446
83 461
83 563
83 570
83 572
83 577
83 712
83 1623
83 1793
83 1818
83 1825
83 2079
83 2598
83 2724
83 2989
83 3177
83 3329
83 3355
83 3693
83 3745
83 3928
83 4171
83 4280
83 4440
83 4472
83 4525
83 4563
84 153
84 196
84 315
84 461
84 539
84 573
84 821
84 881
84 1057
84 1106
84 1298
84 1321
84 1413
84 1612
84 1917
84 2132
84 2158
84 2199
84 2307
84 2403
84 2598
84 2694
84 2767
84 2948
84 2997
84 3613
84 3745
84 3984
84 4018
84 4171
84 4188
84 4199
84 4238
84 4276
84 4289
84 4336
84 4396
84 4451
84 4480
88 179
88 712
88 1298
88 2223
88 2307
88 2691
88 2919
89 2718
89 3177
90 370
90 656
90 2089
90 3122
90 4113
93 1990
94 1539
94 2423
94 4171
95 153
95 349
95 1005
95 1774
95 1831
95 1835
95 1985
95 2250
95 2762
95 2764
95 2840
95 3160
95 3477
95 3745
95 3928
95 4028
95 4110
95 4275
95 4327
95 4348
95 4360
95 4421
95 4484
95 4508
95 4527
96 206
96 240
96 839
96 1268
96 1753
96 2389
96 2728
97 433
97 1255
97 1793
97 1804
97 3030
97 3785
98 762
98 883
98 928
98 1539
98 2816
100 1753
100 1958
101 978
101 4080
103 434
103 2650
108 1818
108 2062
108 3177
108 4523
108 4668
108 4671
109 162
109 259
109 280
109 286
109 312
109 356
109 662
109 837
109 859
109 881
109 1005
109 1114
109 1365
109 1479
109 1510
109 1742
109 1763
109 1831
109 1972
109 2254
109 2739
109 2845
109 3249
109 3453
109 4190
109 4280
109 4419
109 4422
111 2158
113 286
113 4187
113 4481
114 4392
115 304
115 1413
118 712
118 1036
118 1793
118 2019
118 2052
118 2254
118 3453
119 196
119 3322
119 3329
119 3984
119 4308
120 559
120 837
120 2603
120 4421
122 2081
123 621
123 2081
123 2234
124 186
126 4407
127 948
127 2696
127 4419
128 621
128 1115
128 1763
128 4305
129 948
131 1640
131 1680
131 4417
131 4532
131 4588
132 2526
133 259
133 563
133 2297
133 3171
133 4474
133 4581
134 539
134 571
134 1511
134 1561
134 1703
134 2158
134 2319
134 2599
134 3326
134 3355
134 3930
134 4171
134 4422
135 1170
136 2460
137 1365
137 3984
138 158
138 174
138 280
138 283
138 461
138 563
138 570
138 608
138 618
138 729
138 762
138 788
138 852
138 1039
138 1164
138 1206
138 1243
138 1255
138 1268
138 1593
138 1622
138 2062
138 2340
138 2428
138 2529
138 2534
138 2627
138 2660
138 2741
138 2961
138 2969
138 2997
138 3062
138 3171
138 3177
138 3446
138 3453
138 3582
138 3613
138 4031
138 4113
138 4150
138 4280
138 4297
138 4317
138 4323
138 4329
138 4486
138 4495
138 4497
138 4498
138 4536
138 4597
138 4605
138 4611
140 253
140 1198
140 1242
140 1268
140 2191
140 3329
140 4150
141 524
141 904
141 4171
145 4314
151 901
151 1333
151 4640
153 240
153 682
153 1115
153 1321
153 1359
153 1418
153 1992
153 2122
153 2223
153 2488
153 2598
153 2762
153 3023
153 3453
153 3515
153 3613
153 3984
153 4067
153 4100
153 4320
153 4391
153 4433
153 4441
153 4468
153 4585
153 4655
154 3446
154 3787
156 289
156 729
156 859
156 1929
156 2158
156 3417
156 3453
156 4305
156 4375
156 4557
157 2958
158 240
158 280
158 286
158 571
158 577
158 682
158 762
158 1198
158 1298
158 1322
158 1561
158 1822
158 1835
158 1959
158 1972
158 2089
158 2412
158 2460
158 2583
158 2592
158 2603
158 2627
158 3091
158 3160
158 3183
158 3328
158 3368
158 3627
158 3781
158 3853
158 3865
158 3967
158 3982
158 3984
158 4015
158 4032
158 4157
158 4171
158 4232
158 4317
158 4319
158 4320
158 4326
158 4328
158 4346
158 4350
158 4367
158 4371
158 4381
158 4442
158 4446
158 4475
158 4484
158 4493
158 4504
158 4505
158 4585
158 4592
158 4597
158 4629
159 390
159 570
159 729
159 897
159 2255
159 4445
162 1667
162 1779
162 1917
162 4509
172 4419
174 461
174 621
174 634
174 912
174 1255
174 1527
174 2150
174 2319
174 2696
174 2961
174 3377
174 3453
174 3613
174 3646
175 206
175 2350
175 4351
179 258
179 297
179 672
179 881
179 1233
179 1413
179 1844
179 1929
179 2158
179 3377
179 3453
179 3613
179 4065
179 4190
179 4637
184 356
184 1636
184 3441
184 3707
184 3791
184 3945
184 4365
184 4395
184 4573
184 4577
186 620
186 1322
186 3649
186 3841
186 4468
195 1255
195 1753
195 1793
195 2255
195 4491
196 280
196 570
196 610
196 613
196 821
196 1359
196 1540
196 1543
196 1561
196 1612
196 1763
196 1985
196 2158
196 2598
196 2767
196 3177
196 3329
196 3477
196 3627
196 3745
196 3967
196 3984
196 4110
196 4191
196 4275
196 4348
196 4375
196 4408
196 4418
196 4423
196 4482
196 4520
196 4546
196 4572
196 4584
198 1753
198 3484
206 275
206 708
206 1268
206 2297
206 3484
206 3900
206 4157
206 4419
206 4640
218 2158
225 3850
226 390
226 729
226 1255
226 1742
226 1894
226 2062
226 4523
226 4635
226 4638
226 4640
235 1413
235 1990
235 4390
236 1034
236 1268
236 1561
236 2158
236 2820
236 4171
238 1416
240 275
240 280
240 390
240 460
240 572
240 659
240 691
240 729
240 762
240 817
240 897
240 1255
240 1298
240 1322
240 2223
240 2589
240 2777
240 3030
240 3458
240 4080
240 4167
240 4171
240 4314
240 4372
240 4592
248 3874
249 370
249 2603
249 2970
249 4305
249 4352
253 634
253 1179
253 1972
253 2741
253 3446
253 3967
253 4654
258 280
258 565
258 1085
258 1349
258 1763
258 1929
258 2158
258 2529
258 2970
258 3258
258 3453
258 4353
259 1763
259 2504
267 2389
271 1470
271 4307
275 3453
275 3543
280 348
280 434
280 505
280 539
280 565
280 570
280 621
280 636
280 680
280 682
280 852
280 859
280 881
280 893
280 904
280 922
280 948
280 1005
280 1268
280 1322
280 1365
280 1413
280 1418
280 1470
280 1539
280 1636
280 1818
280 1831
280 2081
280 2223
280 2266
280 2284
280 2460
280 2465
280 2534
280 2627
280 2694
280 2756
280 2762
280 2821
280 3162
280 3166
280 3176
280 3249
280 3322
280 3329
280 3368
280 3388
280 3417
280 3453
280 3473
280 3484
280 3573
280 3584
280 3613
280 3636
280 3712
280 3745
280 3830
280 3928
280 3945
280 3984
280 4028
280 4065
280 4110
280 4171
280 4316
280 4317
280 4369
280 4557
280 4614
280 4629
280 4630
280 4639
282 788
282 1996
282 4528
283 904
283 4150
286 442
286 641
286 729
286 1017
286 1106
286 1732
286 1917
286 2052
286 2089
286 2307
286 2382
286 2428
286 2592
286 2687
286 2767
286 2919
286 2930
286 3304
286 3456
286 3688
286 3984
286 4171
286 4232
286 4318
286 4356
286 4388
289 852
289 1774
289 2223
289 2254
289 2434
289 4440
289 4557
289 4637
289 4646
295 577
297 834
297 852
297 1300
297 1763
297 1929
301 1959
301 4624
302 1794
302 2149
302 4419
304 729
304 2434
304 2472
304 2756
304 3185
304 3417
311 571
312 670
312 682
312 881
312 1242
312 1470
312 1636
312 2650
312 3329
312 3657
312 4495
315 348
315 610
315 879
315 1623
315 1774
315 3488
315 4188
318 659
318 3166
318 4150
324 2739
326 4530
330 634
330 729
330 1242
330 1826
330 4407
330 4470
339 1298
345 1763
345 3984
348 563
348 577
348 610
348 618
348 712
348 1359
348 1807
348 1980
348 1985
348 2149
348 2762
348 3171
348 3447
348 3791
348 4110
348 4588
348 4599
370 570
370 613
370 852
370 969
370 1198
370 1623
370 1917
370 2132
370 2158
370 2741
370 2756
370 3171
370 3329
370 3446
370 3453
370 3488
370 3613
370 4015
370 4289
370 4523
370 4611
370 4671
374 442
374 1612
374 2095
374 2158
374 2223
374 2767
374 3579
374 3984
374 4171
374 4353
374 4434
383 3023
385 4486
389 3947
390 516
390 762
390 968
390 1255
390 1877
390 2062
390 3052
399 539
399 2267
399 2450
399 2492
399 2650
399 4403
399 4441
399 4633
402 2650
403 1298
406 1017
406 2970
406 4530
406 4550
407 2414
410 1732
410 3415
410 4601
412 1543
412 4171
414 4375
417 2081
417 4136
423 4530
431 461
431 568
431 820
431 1877
431 2158
431 2696
432 3159
432 4353
434 618
434 729
434 1106
434 1470
434 1539
434 1763
434 1818
434 1972
434 2692
434 2773
434 3543
434 3657
434 3854
434 4171
437 1763
442 1148
442 1322
442 1370
442 1476
442 2583
442 2767
442 3947
442 4187
442 4353
442 4504
442 4508
442 4609
444 1255
446 620
446 621
446 2450
446 2777
446 2820
446 3441
446 4280
446 4352
446 4360
446 4476
446 4509
446 4589
447 1005
455 539
455 556
455 1825
455 2583
455 4187
455 4366
460 621
460 678
460 729
460 897
460 3745
460 4157
460 4479
460 4673
461 505
461 539
461 570
461 729
461 823
461 859
461 948
461 1012
461 1057
461 1106
461 1242
461 1255
461 1268
461 1322
461 1359
461 1365
461 1413
461 1540
461 1563
461 1571
461 1581
461 1636
461 1753
461 1994
461 2052
461 2089
461 2366
461 2583
461 2599
461 2603
461 2621
461 2627
461 2649
461 2724
461 2756
461 2767
461 2923
461 3023
461 3122
461 3171
461 3355
461 3442
461 3473
461 3745
461 3791
461 3799
461 3882
461 3928
461 3945
461 3984
461 4168
461 4171
461 4238
461 4334
461 4356
461 4384
461 4419
461 4440
461 4450
461 4459
461 4512
461 4528
461 4555
461 4586
461 4594
461 4611
461 4621
461 4659
461 4667
475 634
475 3091
475 3608
475 3823
475 4254
475 4313
488 729
488 1243
488 1763
488 1793
488 2089
488 3030
488 3843
488 4280
488 4419
490 3441
493 691
493 3658
505 539
505 729
505 1006
505 1948
505 4403
505 4628
505 4662
506 1322
506 3453
507 3858
507 4634
508 2149
508 3426
515 556
515 4557
516 1268
516 3166
518 1006
519 4462
531 539
531 883
531 1148
531 1763
531 2762
531 2919
531 3315
531 3322
531 3712
531 3791
531 4171
531 4188
531 4385
531 4524
531 4547
533 852
533 3417
536 2046
536 2254
536 2355
536 2762
536 3171
536 4356
539 570
539 613
539 618
539 686
539 729
539 1006
539 1031
539 1255
539 1268
539 1540
539 1741
539 1753
539 1818
539 1831
539 2019
539 2052
539 2199
539 2366
539 2600
539 2606
539 2720
539 2741
539 2767
539 2818
539 2956
539 3417
539 3453
539 3636
539 3958
539 4157
539 4171
539 4187
539 4318
539 4356
539 4362
539 4363
539 4364
539 4366
539 4368
539 4440
539 4441
539 4470
539 4495
539 4506
539 4581
539 4625
539 4662
539 4667
556 682
556 729
556 1005
556 1458
556 2583
556 2767
556 3945
556 4367
556 4530
556 4620
556 4660
559 1753
563 577
563 621
563 904
563 1300
563 1724
563 2603
563 2821
563 3030
563 3160
563 3171
563 3727
563 4150
563 4523
565 852
565 3484
565 3727
565 4641
568 1298
570 621
570 762
570 948
570 1012
570 1023
570 1206
570 1255
570 1268
570 1539
570 1593
570 1753
570 1792
570 1793
570 1857
570 1877
570 1929
570 1996
570 2062
570 2255
570 2272
570 2284
570 2319
570 2465
570 2616
570 2650
570 2816
570 3030
570 3453
570 3484
570 3760
570 4167
570 4280
570 4314
570 4317
570 4332
570 4358
570 4399
570 4435
570 4566
570 4603
570 4605
571 686
571 1177
571 2095
571 2739
571 3515
572 656
572 729
572 1753
572 1879
572 1917
572 2307
572 2598
572 3756
572 4190
573 1793
573 4473
573 4480
577 618
577 773
577 836
577 892
577 901
577 1543
577 1763
577 1774
577 1807
577 1966
577 2278
577 2621
577 2728
577 2821
577 2930
577 3171
577 3355
577 3484
577 3488
577 3984
577 4188
577 4474
577 4485
577 4505
577 4523
577 4581
577 4638
599 2132
599 3712
600 4187
600 4318
600 4403
600 4619
610 621
610 729
610 852
610 1779
610 1931
610 1985
610 2057
610 2762
610 3171
610 4305
610 4360
612 1540
612 3811
613 729
613 892
613 1198
613 1959
613 2381
613 2724
613 2767
613 2775
613 3039
613 3185
613 3329
613 3477
613 3566
613 3677
613 4052
613 4318
613 4353
613 4360
613 4392
613 4460
613 4464
613 4523
613 4553
613 4571
613 4609
618 904
618 1413
618 1612
618 2158
618 2821
618 3160
618 3171
618 3355
618 3727
618 3850
618 4150
618 4280
618 4318
618 4425
618 4450
618 4621
620 1929
620 4533
620 4573
621 659
621 762
621 904
621 1002
621 1005
621 1370
621 1561
621 1636
621 1763
621 1774
621 1972
621 2158
621 2278
621 2284
621 2297
621 2627
621 2650
621 2718
621 2777
621 2820
621 3030
621 3135
621 3171
621 3177
621 3329
621 3368
621 3453
621 3474
621 3540
621 3613
621 3707
621 3850
621 3865
621 3928
621 4032
621 4110
621 4150
621 4171
621 4280
621 4323
621 4383
621 4399
621 4417
621 4423
621 4429
621 4448
621 4457
621 4495
621 4496
621 4517
621 4539
623 4419
633 691
633 837
633 3836
633 4130
633 4171
633 4232
633 4338
633 4538
634 2095
634 2223
634 2254
634 2696
634 3329
634 3377
634 3928
634 4305
634 4336
641 2052
641 2089
641 2764
641 2923
641 3064
641 3328
641 4311
644 691
647 682
647 4321
655 3967
656 2307
659 852
659 938
659 1365
659 1392
659 1732
659 1831
659 2243
659 2762
659 3065
659 3543
659 3688
659 3945
659 3984
659 4023
659 4382
659 4585
659 4600
662 826
662 2694
662 4419
669 3727
680 4651
682 1012
682 1255
682 1418
682 1636
682 1824
682 2095
682 3030
682 4026
682 4035
682 4188
682 4317
682 4320
682 4370
682 4452
682 4613
686 1763
686 2089
686 3490
686 3791
686 3861
686 3958
686 4167
686 4676
690 1994
691 1012
691 2158
691 3453
691 4486
691 4544
703 2628
703 2943
703 4611
708 4523
712 1917
712 1966
712 2100
712 2278
712 3160
712 3171
712 3928
712 4181
712 4200
712 4305
724 1794
729 762
729 852
729 875
729 881
729 893
729 960
729 1206
729 1256
729 1298
729 1335
729 1365
729 1366
729 1413
729 1521
729 1540
729 1623
729 1636
729 1704
729 1753
729 1763
729 1861
729 1917
729 1994
729 2149
729 2158
729 2223
729 2243
729 2245
729 2412
729 2434
729 2592
729 2598
729 2621
729 2674
729 2691
729 2720
729 2756
729 2943
729 3023
729 3030
729 3453
729 3675
729 3791
729 3850
729 3984
729 4026
729 4171
729 4190
729 4191
729 4280
729 4308
729 4317
729 4318
729 4323
729 4356
729 4371
729 4372
729 4380
729 4399
729 4449
729 4470
729 4491
729 4523
729 4560
729 4577
729 4582
729 4585
729 4609
729 4612
729 4630
729 4653
734 3546
762 836
762 852
762 901
762 1012
762 1036
762 1255
762 1268
762 1322
762 1521
762 1539
762 1753
762 1755
762 1894
762 2062
762 2488
762 2650
762 2916
762 2919
762 2969
762 3030
762 3177
762 3368
762 3484
762 3582
762 3791
762 3984
762 4113
762 4305
762 4360
762 4523
762 4605
762 4615
771 1359
771 2052
771 2605
771 4419
772 3368
773 4383
773 4638
781 881
781 907
781 2534
785 1636
785 2767
785 4305
789 1825
794 3737
794 4433
794 4585
796 1774
796 3405
796 4383
801 1563
801 3799
803 4188
809 1540
809 4583
810 4226
810 4332
821 839
821 2472
821 2598
821 3381
821 4419
821 4451
823 1636
823 2767
824 1917
834 2820
834 3982
834 4519
836 904
836 968
836 1521
836 1793
836 1992
836 3488
836 4015
836 4503
837 920
837 1636
837 2589
837 2733
837 3023
837 3171
837 3613
837 3984
837 4191
837 4344
837 4517
837 4549
839 859
839 904
839 1232
839 1298
839 1543
839 1792
839 1917
839 2149
839 2158
839 2188
839 3453
839 4299
846 3000
846 4199
852 1255
852 1256
852 1322
852 1333
852 1413
852 1825
852 1972
852 2081
852 2148
852 2158
852 2488
852 2529
852 2598
852 2627
852 2756
852 2767
852 2938
852 2970
852 3023
852 3078
852 3171
852 3329
852 3453
852 3984
852 4116
852 4140
852 4318
852 4403
852 4597
852 4605
852 4672
859 1793
859 1971
859 2255
859 2529
859 3111
859 3184
875 904
875 1268
875 2254
875 2787
875 3710
875 4150
879 4188
881 1418
881 1831
881 2534
881 2756
881 2767
881 2783
881 3015
881 3067
881 3171
881 3333
881 3416
881 3453
881 3791
881 4171
881 4574
883 1788
883 2718
883 4413
886 1540
886 1636
886 2095
886 2455
886 3023
886 3613
886 3984
886 4171
886 4254
886 4310
889 2089
891 919
891 991
891 1034
891 1540
891 1636
891 1793
891 2324
891 2434
891 2739
891 3062
891 4065
891 4171
891 4356
892 2256
892 2687
892 4032
892 4349
892 4510
893 1056
893 1774
893 2762
893 3928
893 4171
893 4345
897 1268
897 1742
897 2598
897 3745
897 4171
897 4314
898 4569
901 1622
901 2382
901 2412
901 3030
901 3171
901 4338
903 3543
904 1034
904 1539
904 1561
904 1755
904 1804
904 2089
904 2297
904 2650
904 2821
904 2882
904 3030
904 3474
904 3850
904 3865
904 4226
904 4280
904 4373
904 4419
904 4429
904 4456
904 4509
905 4518
907 4556
907 4641
910 3484
910 4445
919 4171
928 1075
928 1255
928 1804
928 2122
938 3984
946 3171
948 1074
948 1255
948 1268
948 1366
948 1581
948 1811
948 2052
948 2255
948 2389
948 2612
948 3405
948 3543
948 3930
948 4171
948 4321
948 4419
948 4470
948 4575
963 1571
963 1990
963 3405
968 1877
969 1917
969 3381
969 4380
976 1198
978 1527
978 1753
987 2089
991 1255
991 1540
991 1753
991 2122
991 4171
998 3712
1002 1206
1002 1242
1002 1255
1002 1312
1002 1413
1002 1825
1002 2082
1002 2158
1002 2286
1002 2741
1002 3083
1002 3125
1002 3184
1002 3727
1002 3958
1002 3984
1002 4279
1002 4501
1002 4530
1002 4609
1002 4628
1005 1122
1005 1198
1005 1543
1005 1990
1005 1992
1005 2089
1005 2650
1005 2762
1005 3477
1005 3928
1005 4048
1005 4077
1005 4535
1005 4602
1005 4608
1006 1177
1006 1268
1006 1658
1006 1948
1006 2019
1006 2720
1006 3484
1006 4171
1006 4187
1012 1255
1012 1268
1012 1959
1012 2062
1012 2158
1012 2307
1012 2434
1012 2488
1012 2660
1012 2741
1012 3030
1012 3329
1012 3453
1012 3587
1012 4018
1012 4113
1012 4168
1012 4280
1012 4305
1012 4337
1012 4452
1012 4458
1013 3811
1017 2529
1023 1268
1023 1527
1023 1836
1023 3041
1031 1060
1031 1667
1031 2179
1031 2434
1031 3233
1031 3930
1031 4607
1034 1510
1034 2286
1034 3352
1035 2027
1035 2123
1035 2628
1035 4419
1036 1232
1036 1774
1036 1819
1036 1972
1036 2820
1036 3690
1036 3865
1036 4417
1036 4608
1038 1359
1038 4512
1039 4338
1039 4666
1041 1636
1041 4414
1045 2773
1048 4323
1053 1818
1053 4523
1056 4052
1057 1418
1057 1793
1057 1831
1057 2062
1057 2583
1057 3171
1057 3984
1057 4187
1057 4305
1057 4326
1057 4592
1057 4594
1057 4617
1060 1831
1060 2179
1060 4048
1060 4650
1070 2529
1070 2756
1070 4379
1075 1441
1085 1917
1085 2319
1089 2077
1089 2223
1093 3947
1097 4177
1099 1255
1106 1112
1106 1148
1106 1255
1106 2403
1106 3113
1106 3388
1106 3453
1106 3713
1106 4187
1106 4318
1106 4523
1106 4580
1106 4614
1106 4630
1112 1390
1112 2122
1114 1763
1115 1632
1115 1931
1115 1985
1115 2057
1115 2223
1115 2583
1115 2627
1115 2691
1115 3329
1115 3984
1115 4305
1115 4434
1115 4653
1122 2149
1122 2499
1122 2627
1122 2739
1122 4402
1128 2529
1128 4341
1140 2052
1140 2089
1141 4077
1141 4435
1147 1164
1147 1255
1147 4465
1148 1796
1148 3315
1148 3613
1148 3967
1164 1255
1164 1971
1164 3377
1164 4177
1164 4465
1170 4670
1171 2158
1177 1365
1177 4254
1177 4488
1179 1763
1179 1985
1179 2256
1179 2762
1179 2767
1179 3843
1179 4291
1185 2756
1185 3515
1186 4392
1198 1972
1198 2052
1198 3636
1198 4238
1204 3161
1206 1256
1206 2052
1206 2095
1206 2234
1206 2627
1206 2820
1206 4171
1206 4458
1206 4478
1206 4605
1231 4157
1232 2149
1233 1365
1233 1510
1233 2728
1233 4187
1242 1268
1242 1413
1242 1416
1242 1540
1242 1753
1242 2434
1242 2919
1242 3453
1242 3473
1242 3745
1242 4187
1242 4466
1243 1561
1243 1917
1243 1972
1243 3067
1243 3745
1243 3791
1243 4061
1243 4275
1243 4417
1243 4447
1243 4482
1243 4492
1243 4592
1251 1359
1251 1763
1251 1959
1251 2455
1255 1322
1255 1366
1255 1392
1255 1416
1255 1527
1255 1539
1255 1561
1255 1598
1255 1753
1255 1774
1255 1796
1255 1824
1255 1825
1255 1990
1255 1994
1255 2027
1255 2062
1255 2149
1255 2184
1255 2255
1255 2307
1255 2319
1255 2488
1255 2529
1255 2674
1255 2682
1255 2692
1255 2888
1255 2916
1255 2938
1255 3030
1255 3049
1255 3113
1255 3171
1255 3368
1255 3473
1255 3484
1255 3515
1255 3745
1255 4113
1255 4157
1255 4171
1255 4309
1255 4314
1255 4321
1255 4340
1255 4356
1255 4358
1255 4390
1255 4445
1255 4458
1255 4495
1255 4525
1255 4543
1255 4582
1255 4592
1256 1636
1256 3313
1256 3368
1256 4113
1256 4605
1268 1298
1268 1369
1268 1511
1268 1563
1268 1646
1268 1732
1268 1753
1268 1763
1268 1792
1268 1793
1268 1877
1268 1925
1268 2319
1268 2412
1268 2598
1268 2600
1268 2612
1268 2674
1268 2720
1268 2787
1268 3107
1268 3865
1268 4023
1268 4080
1268 4157
1268 4167
1268 4171
1268 4305
1268 4318
1268 4334
1268 4351
1268 4384
1268 4390
1268 4416
1268 4419
1268 4511
1268 4539
1268 4552
1268 4606
1268 4628
1276 2818
1276 4254
1278 4360
1281 1753
1290 1793
1290 3184
1295 1359
1295 2254
1295 2583
1295 2820
1295 3062
1298 1539
1298 2307
1298 2598
1298 3030
1298 3453
1298 4031
1298 4568
1300 1612
1300 2589
1300 4188
1300 4523
1312 4655
1321 4305
1322 1636
1322 1763
1322 1774
1322 1957
1322 2035
1322 2529
1322 2650
1322 2919
1322 3030
1322 3304
1322 3657
1322 3928
1322 4110
1331 3791
1333 1831
1333 2132
1333 2321
1333 2504
1333 3887
1333 4275
1333 4471
1333 4604
1335 1622
1335 1831
1335 1995
1335 2199
1335 2627
1335 3171
1335 4116
1335 4403
1338 4392
1340 2750
1349 4580
1359 1422
1359 1540
1359 1763
1359 2254
1359 2434
1359 2465
1359 2583
1359 2762
1359 2777
1359 2868
1359 3183
1359 4015
1359 4058
1359 4350
1359 4514
1359 4573
1359 4582
1359 4585
1359 4600
1359 4640
1359 4648
1359 4658
1361 1636
1361 2223
1361 2706
1361 3477
1361 4541
1365 1994
1365 2598
1365 2741
1365 3453
1365 3675
1365 3850
1365 3897
1365 4317
1365 4637
1365 4640
1366 1793
1366 1917
1366 1971
1366 2027
1366 2389
1366 4479
1369 1510
1369 1517
1369 4171
1370 2095
1370 2340
1370 2529
1370 2756
1370 3078
1370 3171
1370 3688
1379 4365
1383 1742
1383 3955
1383 4332
1390 4306
1395 1959
1395 3416
1395 3945
1395 4432
1395 4646
1413 1501
1413 1636
1413 1667
1413 2158
1413 3122
1413 3473
1413 4187
1413 4317
1413 4339
1413 4470
1413 4564
1416 1793
1416 2324
1416 2389
1416 2720
1416 3950
1416 4384
1416 4419
1416 4624
1418 1540
1418 2256
1418 2284
1418 2783
1418 3727
1418 4581
1418 4656
1419 3745
1419 3791
1422 1917
1422 2052
1422 2739
1422 3928
1422 4048
1436 2938
1453 4280
1458 3477
1458 3984
1458 4318
1461 1972
1470 1763
1470 4171
1470 4307
1470 4317
1470 4548
1470 4554
1470 4556
1470 4573
1470 4582
1470 4617
1476 1994
1476 2534
1476 3984
1479 4305
1483 4534
1501 1510
1501 3417
1501 3791
1501 4187
1501 4318
1501 4382
1510 1511
1510 1540
1510 1636
1510 1994
1510 2052
1510 2113
1510 2158
1510 3062
1510 3183
1510 3184
1510 3688
1510 4361
1510 4427
1510 4440
1510 4453
1510 4512
1510 4520
1510 4600
1517 1680
1517 2600
1517 3083
1517 3329
1517 4171
1517 4344
1521 1804
1521 2062
1521 3447
1527 1793
1527 1971
1535 1561
1536 1571
1539 1561
1539 1661
1539 1831
1539 2062
1539 2095
1539 2158
1539 2616
1539 2816
1539 2882
1539 2919
1539 3030
1539 4171
1540 1636
1540 2254
1540 2286
1540 2598
1540 2724
1540 3613
1540 3984
1540 4171
1540 4317
1543 1763
1543 2256
1543 2767
1543 3329
1543 4110
1543 4523
1543 4577
1554 3313
1561 1612
1561 1646
1561 1763
1561 2079
1561 2255
1561 2529
1561 2721
1561 2728
1561 2741
1561 2767
1561 2784
1561 2820
1561 2969
1561 3160
1561 3329
1561 3453
1561 3745
1561 3928
1561 3958
1561 3984
1561 4116
1561 4171
1561 4232
1561 4275
1561 4333
1561 4364
1561 4509
1561 4573
1561 4577
1561 4592
1563 1917
1563 4393
1564 2694
1571 2105
1571 3390
1571 3930
1571 4187
1576 2583
1576 2767
1576 2923
1576 4413
1576 4484
1576 4512
1581 2027
1581 3405
1581 3473
1593 2062
1593 4171
1593 4605
1600 3984
1600 4171
1602 4414
1606 2583
1608 4666
1612 2628
1612 3030
1612 3171
1612 4383
1612 4487
1616 1940
1616 4542
1622 2682
1622 2820
1622 3484
1622 3693
1622 3791
1622 4110
1622 4190
1622 4317
1622 4471
1623 2529
1623 4318
1625 2919
1632 2223
1636 1717
1636 1747
1636 1768
1636 1774
1636 1831
1636 1835
1636 2052
1636 2081
1636 2089
1636 2132
1636 2254
1636 2381
1636 2583
1636 2603
1636 2706
1636 2739
1636 2741
1636 2760
1636 2764
1636 2820
1636 2954
1636 3062
1636 3065
1636 3122
1636 3171
1636 3329
1636 3613
1636 3627
1636 3649
1636 3688
1636 3707
1636 3713
1636 3858
1636 3904
1636 3928
1636 3982
1636 3984
1636 4065
1636 4136
1636 4299
1636 4305
1636 4307
1636 4318
1636 4320
1636 4370
1636 4385
1636 4399
1636 4415
1636 4427
1636 4428
1636 4433
1636 4440
1636 4444
1636 4512
1636 4513
1636 4551
1636 4585
1636 4589
1636 4594
1636 4595
1636 4602
1636 4656
1640 1877
1640 4532
1646 2321
1646 2473
1646 2767
1646 3543
1661 3361
1664 3955
1666 2158
1667 1826
1667 2820
1667 4391
1674 3065
1680 2225
1680 3030
1680 3405
1680 3900
1680 4008
1680 4031
1687 4475
1691 2095
1691 3745
1702 1996
1702 2149
1702 3479
1703 1753
1703 2956
1703 3823
1709 2027
1709 2403
1709 2472
1709 3171
1709 3900
1709 4332
1717 1763
1717 2057
1717 2177
1717 2756
1717 2767
1717 3023
1717 3515
1724 3166
1724 4150
1732 2706
1732 3216
1732 3344
1732 3582
1732 4332
1741 1753
1741 2603
1741 4314
1741 4339
1742 1972
1742 2504
1742 2650
1742 2919
1742 4150
1742 4638
1747 2321
1747 2762
1747 3298
1747 3446
1747 3982
1747 3984
1753 1877
1753 1917
1753 1942
1753 1971
1753 2027
1753 2150
1753 2199
1753 2307
1753 2319
1753 2412
1753 2603
1753 2621
1753 2669
1753 2828
1753 2943
1753 3049
1753 3453
1753 3658
1753 4167
1753 4199
1753 4285
1753 4321
1753 4401
1753 4424
1753 4431
1753 4440
1753 4511
1753 4520
1753 4647
1753 4667
1755 2027
1755 3377
1763 1831
1763 1845
1763 1929
1763 1959
1763 1972
1763 1990
1763 2028
1763 2081
1763 2177
1763 2278
1763 2321
1763 2455
1763 2488
1763 2589
1763 2599
1763 2650
1763 2720
1763 2762
1763 2767
1763 2868
1763 3107
1763 3183
1763 3249
1763 3322
1763 3417
1763 3446
1763 3453
1763 3613
1763 3745
1763 3967
1763 3982
1763 3984
1763 4065
1763 4100
1763 4187
1763 4191
1763 4305
1763 4318
1763 4344
1763 4345
1763 4396
1763 4403
1763 4408
1763 4416
1763 4419
1763 4422
1763 4430
1763 4435
1763 4475
1763 4482
1763 4492
1763 4517
1763 4523
1763 4547
1763 4577
1763 4582
1763 4608
1763 4648
1763 4653
1763 4654
1768 2583
1768 2818
1768 3329
1768 3636
1768 4187
1774 1825
1774 1985
1774 2248
1774 2281
1774 2650
1774 3171
1774 3474
1774 3727
1774 3955
1774 4008
1774 4344
1774 4623
1779 4110
1779 4424
1786 3675
1786 4171
1788 3791
1792 1917
1792 2255
1792 3874
1793 1917
1793 1958
1793 1980
1793 2472
1793 2674
1793 3405
1793 3727
1793 3785
1793 3930
1793 3984
1793 4080
1793 4177
1793 4280
1793 4333
1793 4431
1793 4494
1793 4603
1794 3171
1794 4419
1794 4561
1804 3166
1804 4495
1807 2930
1807 4199
1812 3850
1818 2052
1818 2081
1818 3177
1818 3368
1818 3677
1818 3945
1818 4018
1818 4392
1819 4523
1822 2123
1822 4113
1824 4332
1824 4419
1824 4546
1825 1831
1825 2132
1825 2148
1825 3171
1825 3355
1825 3928
1825 3984
1825 4581
1826 4449
1831 2081
1831 2089
1831 2534
1831 2937
1831 3056
1831 3385
1831 3688
1831 4136
1831 4238
1831 4303
1831 4318
1831 4348
1831 4405
1831 4463
1831 4617
1831 4627
1835 2132
1835 2820
1835 3928
1836 2412
1857 2650
1857 4392
1861 2412
1872 3984
1872 4495
1872 4535
1877 2158
1877 2319
1877 2366
1877 2523
1877 3405
1877 4167
1877 4177
1877 4314
1877 4332
1877 4419
1877 4465
1877 4532
1879 4199
1887 1994
1894 2718
1899 3412
1899 4467
1917 1990
1917 2132
1917 2254
1917 2948
1917 3067
1917 3107
1917 3713
1917 3756
1917 3992
1917 4195
1917 4199
1917 4318
1917 4357
1917 4375
1917 4431
1917 4451
1917 4612
1929 2095
1929 2428
1929 2970
1929 3453
1929 3984
1929 4187
1940 2820
1940 4662
1942 2255
1942 3930
1948 2019
1948 2956
1948 3473
1948 4171
1958 3322
1959 2158
1959 3064
1959 4158
1959 4366
1971 2389
1971 3405
1971 3473
1971 4419
1972 1985
1972 3030
1972 3160
1972 4171
1972 4188
1972 4353
1972 4417
1972 4591
1980 2149
1980 2473
1980 3000
1980 4318
1980 4405
1980 4419
1980 4610
1985 2583
1985 2687
1985 2762
1985 2989
1985 3171
1985 3329
1985 4110
1985 4201
1985 4356
1985 4388
1985 4572
1985 4584
1985 4641
1990 3068
1990 3162
1992 2767
1992 3322
1992 4187
1992 4531
1994 2589
1994 2741
1994 2825
1994 2943
1994 3065
1994 3388
1994 3412
1994 3613
1994 3688
1994 3791
1994 4171
1994 4339
1996 4440
1996 4640
2000 3984
2019 2052
2019 2919
2019 2956
2019 4625
2022 4419
2027 2473
2027 3052
2027 3484
2027 4314
2027 4419
2027 4532
2035 2062
2035 2307
2035 3030
2035 3368
2039 4419
2046 2583
2046 3230
2050 4553
2052 2113
2052 2158
2052 2223
2052 2589
2052 2598
2052 3065
2052 3688
2052 3727
2052 3874
2052 3958
2052 4187
2052 4318
2052 4371
2052 4373
2052 4380
2052 4390
2052 4413
2052 4441
2052 4464
2052 4469
2052 4475
2052 4500
2052 4516
2052 4525
2052 4665
2053 2818
2053 3453
2053 4482
2057 2223
2057 2592
2057 3447
2057 4548
2062 2267
2062 2628
2062 2650
2062 4495
2062 4523
2062 4668
2064 3385
2070 4436
2076 3967
2081 2764
2081 3677
2081 3745
2081 3928
2081 3945
2081 4388
2089 2256
2089 2455
2089 3441
2089 3745
2089 3928
2089 4171
2089 4191
2089 4436
2089 4534
2089 4620
2089 4655
2095 2158
2095 2488
2095 2627
2095 2691
2095 2756
2095 2767
2095 3329
2095 3453
2095 3584
2095 3904
2095 3947
2095 4289
2095 4353
2095 4403
2095 4420
2095 4452
2095 4545
2095 4557
2095 4597
2095 4616
2095 4646
2098 2158
2105 3930
2122 4470
2132 2158
2132 2316
2132 2534
2132 2583
2132 2868
2132 3477
2132 3636
2132 3874
2132 3945
2132 4191
2132 4305
2132 4467
2132 4508
2132 4534
2132 4551
2132 4561
2132 4573
2132 4617
2132 4637
2139 4226
2148 2957
2149 2696
2149 2720
2149 3030
2149 3171
2149 3453
2149 4276
2149 4370
2149 4495
2150 3484
2158 2307
2158 2526
2158 2534
2158 2535
2158 2581
2158 2598
2158 2603
2158 2716
2158 2720
2158 2820
2158 2943
2158 2970
2158 3262
2158 3453
2158 3636
2158 3745
2158 3854
2158 3955
2158 4031
2158 4171
2158 4191
2158 4199
2158 4314
2158 4332
2158 4336
2158 4340
2158 4354
2158 4388
2158 4445
2158 4577
2158 4581
2158 4671
2166 4187
2177 2938
2177 3023
2177 3791
2179 2434
2179 4065
2192 3122
2199 2255
2199 2307
2199 2767
2223 2266
2223 2307
2223 2434
2223 2455
2223 2460
2223 2529
2223 2606
2223 2969
2223 3322
2223 3477
2223 3573
2223 3627
2223 3882
2223 4418
2223 4538
2223 4553
2223 4556
2223 4557
2223 4646
2223 4653
2225 2821
2225 4523
2240 4409
2243 2691
2243 3613
2243 4600
2245 2455
2254 2355
2254 2472
2254 2598
2254 2728
2254 3416
2254 3453
2254 3841
2254 3874
2254 3984
2254 4107
2254 4305
2254 4367
2254 4427
2254 4589
2255 2473
2255 3000
2255 3405
2255 3658
2255 4187
2255 4266
2255 4390
2255 4401
2255 4419
2255 4640
2256 2767
2256 2821
2256 3984
2256 4044
2256 4188
2266 4329
2267 2488
2272 3166
2274 4523
2283 2627
2284 2381
2284 2583
2284 2764
2284 3613
2284 4305
2284 4585
2284 4621
2286 3930
2292 3171
2307 2460
2307 2603
2307 2627
2307 2691
2307 2692
2307 2706
2307 3030
2307 3377
2307 3675
2307 3874
2307 3882
2307 4199
2307 4337
2307 4357
2307 4592
2307 4632
2307 4663
2313 3381
2316 2434
2316 2764
2316 4136
2316 4656
2319 2389
2319 4171
2321 2682
2321 3446
2321 3967
2321 3982
2321 4342
2321 4469
2324 3484
2324 4351
2340 2488
2340 2650
2350 2389
2350 4391
2355 2434
2355 2767
2355 3171
2355 3636
2366 2403
2381 3477
2381 3613
2381 3947
2382 2460
2382 3456
2389 2412
2389 3000
2389 3453
2389 4171
2389 4266
2389 4321
2389 4419
2389 4610
2399 4585
2412 2423
2412 2820
2412 3947
2412 4419
2428 2825
2428 3258
2432 4655
2434 2825
2450 2627
2450 4403
2450 4642
2455 2541
2455 2756
2455 2767
2455 3322
2455 3416
2455 3446
2455 3453
2455 3984
2455 4527
2460 2919
2460 3484
2460 3649
2460 3967
2460 4232
2460 4312
2460 4663
2465 3947
2465 4188
2465 4342
2465 4559
2465 4565
2472 4157
2472 4199
2473 4419
2488 2741
2488 2938
2488 3176
2488 3515
2488 4113
2488 4391
2488 4545
2492 3385
2499 4499
2504 4650
2523 2694
2526 3453
2526 4433
2526 4585
2529 2627
2529 2682
2529 2764
2529 2795
2529 2839
2529 3001
2529 3078
2529 3113
2529 3171
2529 3412
2529 3582
2529 4113
2529 4140
2529 4317
2529 4347
2529 4366
2529 4383
2529 4481
2529 4576
2529 4639
2534 2583
2534 3453
2535 2923
2535 4394
2541 3984
2582 2583
2582 3893
2583 2687
2583 2739
2583 2762
2583 2923
2583 3171
2583 3329
2583 3613
2583 3636
2583 3893
2583 3984
2583 4136
2583 4171
2583 4415
2583 4495
2583 4504
2583 4507
2583 4677
2589 3984
2589 4200
2589 4317
2589 4412
2589 4470
2592 3882
2598 2694
2598 2724
2598 2762
2598 2775
2598 3026
2598 3107
2598 3417
2598 3453
2598 3613
2598 3688
2598 3992
2598 4199
2598 4364
2598 4375
2598 4483
2599 2650
2599 3122
2599 3322
2599 4305
2600 3935
2603 2820
2603 2930
2603 3473
2603 3791
2603 4419
2606 3322
2606 4364
2612 4400
2616 2816
2616 3171
2627 2938
2627 3030
2627 3078
2627 3171
2627 3329
2627 3453
2627 3477
2627 3636
2627 4113
2627 4171
2627 4350
2627 4408
2627 4437
2627 4482
2627 4545
2627 4548
2627 4555
2628 2650
2628 4392
2640 3727
2649 4015
2650 2767
2650 2775
2650 2919
2650 2930
2650 3177
2650 3329
2650 3474
2650 3613
2650 3627
2650 3713
2650 3745
2650 4157
2650 4305
2650 4323
2650 4358
2650 4372
2650 4380
2650 4392
2650 4495
2650 4518
2656 3984
2660 2839
2660 4140
2670 3226
2670 4140
2674 3405
2682 3473
2682 3484
2687 2762
2687 2767
2687 3329
2687 3474
2687 3838
2687 3984
2687 4032
2687 4305
2687 4356
2687 4388
2687 4523
2687 4600
2691 3861
2691 4312
2692 3441
2692 3515
2692 3578
2692 4348
2692 4352
2692 4468
2694 2820
2694 3083
2694 4171
2694 4238
2696 4177
2696 4532
2706 4592
2720 2956
2720 3950
2720 4332
2720 4351
2720 4482
2720 4671
2724 3613
2724 3791
2724 3958
2724 4018
2724 4200
2724 4332
2724 4336
2728 3708
2728 4280
2728 4333
2728 4361
2733 3984
2733 4048
2739 2820
2739 3171
2739 3184
2739 3477
2739 3636
2739 4305
2739 4440
2739 4512
2741 2767
2741 2990
2741 3044
2741 3307
2741 3322
2741 3329
2741 4280
2741 4473
2741 4532
2756 3078
2756 3329
2756 3453
2756 3515
2756 3598
2756 3727
2756 4113
2756 4182
2756 4379
2756 4490
2756 4537
2756 4576
2760 4028
2760 4530
2762 2764
2762 2821
2762 3056
2762 3183
2762 3215
2762 3328
2762 3412
2762 3613
2762 3928
2762 3945
2762 3984
2762 4136
2762 4188
2762 4201
2762 4305
2762 4377
2762 4406
2762 4441
2762 4489
2762 4501
2762 4504
2762 4527
2762 4654
2767 2821
2767 2997
2767 3091
2767 3322
2767 3447
2767 3453
2767 3484
2767 3579
2767 3613
2767 3627
2767 3636
2767 3745
2767 3947
2767 3984
2767 4116
2767 4181
2767 4280
2767 4305
2767 4317
2767 4320
2767 4326
2767 4330
2767 4331
2767 4339
2767 4349
2767 4365
2767 4373
2767 4484
2767 4507
2767 4585
2767 4589
2767 4617
2767 4624
2767 4641
2775 3030
2775 4188
2777 4140
2795 4481
2816 2968
2816 3368
2816 4171
2818 3322
2818 3967
2818 4254
2818 4320
2818 4538
2820 3062
2820 3453
2820 3928
2820 4171
2820 4373
2820 4399
2820 4414
2820 4427
2820 4520
2820 4530
2821 2822
2821 2989
2821 3727
2821 3799
2821 4448
2828 3158
2839 4473
2868 3685
2868 3745
2868 3984
2868 4286
2868 4403
2868 4495
2882 2930
2888 4332
2889 3639
2915 3984
2915 4600
2919 3945
2919 4110
2919 4171
2919 4232
2923 3636
2930 2970
2930 3984
2930 4648
2934 3171
2938 3313
2938 3791
2956 4625
2957 3171
2957 3355
2959 4419
2961 2969
2969 3984
2970 3388
2970 3453
2970 4187
2970 4309
2970 4523
2970 4637
2975 4578
2989 3405
2997 4387
3000 4419
3001 3636
3001 4304
3015 3958
3023 3171
3023 3649
3023 3727
3023 4350
3023 4379
3026 3688
3026 3781
3030 3049
3030 3368
3030 3405
3030 3473
3030 3865
3030 3900
3030 4150
3030 4168
3030 4171
3030 4280
3030 4305
3030 4392
3030 4417
3030 4448
3030 4523
3030 4610
3031 4332
3049 3484
3052 3405
3056 4318
3062 3171
3062 3613
3062 3893
3062 3984
3064 4254
3064 4367
3064 4469
3065 3258
3065 4280
3065 4318
3065 4365
3065 4626
3065 4631
3069 3955
3076 4050
3091 4313
3091 4414
3107 3329
3107 4483
3113 3745
3113 4171
3122 3928
3122 4187
3122 4332
3122 4507
3140 3477
3145 3158
3160 3474
3160 4201
3163 3473
3166 4000
3166 4157
3166 4550
3166 4586
3171 3355
3171 3474
3171 3727
3171 3745
3171 3819
3171 3893
3171 3928
3171 4188
3171 4200
3171 4309
3171 4389
3171 4391
3171 4425
3171 4474
3171 4519
3171 4581
3171 4590
3171 4613
3171 4672
3181 3405
3183 3989
3183 4055
3183 4110
3183 4350
3183 4550
3184 4171
3184 4506
3206 4440
3258 4187
3258 4355
3298 3446
3307 3688
3315 4339
3322 3329
3322 3584
3322 3781
3322 3984
3322 4023
3322 4050
3322 4110
3322 4171
3322 4305
3322 4320
3322 4408
3322 4418
3322 4540
3322 4547
3322 4560
3326 4501
3328 3636
3329 3416
3329 3446
3329 3453
3329 3861
3329 3928
3329 3967
3329 4158
3329 4320
3329 4417
3329 4503
3329 4517
3329 4523
3329 4653
3329 4671
3355 4505
3368 4150
3368 4171
3368 4443
3381 4023
3385 4335
3385 4405
3388 3453
3388 3613
3388 4637
3390 4187
3403 4313
3405 3473
3405 3484
3405 3745
3405 4167
3405 4177
3405 4266
3405 4319
3405 4332
3405 4495
3405 4532
3405 4577
3409 3584
3409 4318
3412 3947
3412 4158
3412 4238
3412 4318
3412 4512
3412 4535
3415 4419
3416 3984
3417 3453
3417 3727
3417 3984
3417 4338
3417 4360
3441 4187
3446 3984
3447 4171
3447 4188
3447 4317
3453 3613
3453 3928
3453 3984
3453 4031
3453 4187
3453 4289
3453 4305
3453 4332
3453 4538
3453 4577
3453 4580
3453 4582
3453 4637
3453 4644
3456 3727
3456 4493
3457 3890
3458 4444
3473 3930
3473 4604
3473 4647
3473 4667
3477 3587
3477 3613
3477 3685
3477 3947
3477 4187
3477 4310
3477 4318
3477 4403
3484 4333
3484 4345
3484 4400
3484 4419
3490 4415
3515 4113
3515 4545
3523 4419
3523 4570
3543 4199
3543 4305
3543 4318
3543 4332
3543 4419
3556 4212
3570 3982
3573 3712
3574 4624
3579 4048
3579 4067
3584 4200
3587 4305
3587 4318
3587 4377
3587 4422
3608 4212
3608 4598
3608 4665
3613 3791
3613 3854
3613 3928
3613 3958
3613 3984
3613 4318
3613 4344
3613 4399
3613 4439
3613 4454
3613 4484
3613 4495
3613 4496
3613 4503
3613 4513
3613 4517
3613 4577
3613 4585
3613 4637
3613 4654
3613 4675
3617 4318
3627 4305
3636 3727
3636 3947
3636 4065
3636 4191
3636 4254
3636 4352
3636 4365
3636 4427
3636 4506
3636 4526
3636 4530
3636 4585
3636 4602
3638 4390
3643 4549
3649 4238
3649 4589
3649 4643
3657 4371
3677 4324
3693 4471
3693 4650
3700 4379
3707 4428
3712 3880
3712 4237
3712 4534
3712 4541
3712 4553
3712 4589
3712 4620
3712 4630
3712 4636
3713 3787
3713 3984
3727 3887
3727 3984
3727 4280
3727 4305
3727 4346
3727 4379
3727 4493
3727 4523
3727 4664
3745 3874
3745 3984
3745 4171
3745 4191
3745 4199
3745 4238
3745 4288
3745 4305
3745 4391
3745 4468
3745 4484
3745 4500
3745 4560
3745 4564
3756 4426
3781 4645
3787 4221
3791 4326
3791 4336
3791 4484
3791 4573
3791 4580
3791 4592
3791 4617
3811 4065
3811 4116
3816 3984
3821 4065
3836 4254
3843 3984
3843 4353
3843 4382
3853 4187
3854 4171
3861 4312
3861 4646
3874 3928
3874 4357
3874 4388
3882 4032
3882 4044
3882 4188
3882 4360
3882 4494
3893 4188
3893 4495
3893 4507
3900 4266
3904 4067
3904 4422
3912 4435
3928 4028
3928 4113
3928 4171
3928 4288
3928 4305
3928 4313
3928 4352
3928 4359
3928 4367
3928 4410
3928 4411
3928 4504
3928 4535
3928 4537
3928 4563
3928 4577
3928 4589
3928 4594
3928 4654
3930 4157
3930 4340
3930 4356
3930 4401
3945 4310
3945 4318
3945 4352
3945 4395
3945 4598
3947 3990
3947 4342
3947 4352
3947 4388
3947 4403
3947 4422
3947 4430
3950 4052
3950 4351
3955 4280
3955 4333
3967 3984
3967 4023
3967 4050
3967 4320
3967 4492
3984 4061
3984 4100
3984 4110
3984 4171
3984 4305
3984 4312
3984 4313
3984 4318
3984 4408
3984 4492
3984 4503
3984 4507
3984 4519
3984 4523
3984 4550
3984 4560
3984 4577
3990 4305
4008 4508
4016 4338
4023 4320
4023 4325
4026 4280
4031 4356
4031 4615
4032 4286
4032 4674
4044 4050
4048 4593
4052 4373
4052 4374
4065 4318
4065 4343
4067 4318
4067 4398
4077 4367
4090 4348
4090 4549
4110 4188
4110 4303
4110 4315
4110 4331
4110 4471
4113 4380
4116 4188
4116 4309
4140 4666
4144 4187
4150 4280
4150 4297
4150 4392
4159 4289
4159 4577
4167 4419
4171 4187
4171 4305
4171 4318
4171 4427
4171 4511
4171 4609
4171 4615
4171 4628
4181 4200
4187 4318
4187 4353
4187 4507
4187 4559
4187 4582
4187 4586
4191 4212
4199 4419
4200 4554
4200 4617
4212 4312
4221 4397
4238 4317
4238 4643
4254 4324
4254 4391
4254 4461
4280 4423
4280 4533
4280 4539
4280 4650
4288 4404
4300 4328
4305 4318
4305 4620
4305 4627
4310 4534
4313 4316
4316 4464
4316 4484
4316 4513
4318 4378
4318 4403
4318 4436
4318 4508
4318 4619
4318 4623
4318 4656
4324 4327
4324 4343
4324 4381
4329 4433
4329 4585
4332 4532
4336 4373
4336 4475
4338 4666
4353 4362
4353 4376
4356 4373
4357 4390
4382 4517
4385 4403
4388 4434
4388 4557
4403 4455
4403 4502
4403 4534
4403 4633
4403 4636
4410 4411
4414 4415
4414 4517
4419 4515
4419 4523
4419 4532
4419 4570
4419 4610
4422 4530
4422 4574
4422 4633
4433 4585
4436 4438
4436 4467
4442 4446
4450 4459
4458 4478
4467 4534
4484 4488
4489 4666
4493 4518
4495 4496
4495 4497
4495 4498
4501 4521
4507 4675
4508 4529
4510 4522
4517 4549
4518 4567
4523 4577
4523 4615
4546 4649
4555 4556
4555 4557
4559 4565
4560 4562
4563 4657
4574 4579
4577 4582
4581 4621
4582 4583
4582 4668
4587 4588
4592 4596
4594 4595
4615 4622
4626 4631
4636 4660
4650 4652
4655 4659
4655 4669
4659 4666
