0 15
0 41
0 88
0 153
0 762
0 823
0 928
0 968
0 1255
0 1268
0 1561
0 1636
0 1985
0 2095
0 2389
0 2529
0 2694
0 2756
0 2767
0 2930
0 3515
0 4419
0 4887
0 4891
1 43
1 158
1 948
1 2149
1 2307
1 2919
1 4891
2 103
2 370
2 710
2 1786
2 2868
2 3579
2 4280
2 4811
2 4890
2 4932
4 729
4 3613
4 4187
7 26
7 315
7 431
7 1135
7 1361
7 2024
7 2028
7 3745
7 4113
7 4678
7 4893
12 2027
12 3030
12 3405
13 240
13 570
13 1753
13 4314
13 4600
14 29
14 153
14 577
14 820
14 824
14 839
14 852
14 1145
14 1255
14 1413
14 1753
14 1763
14 1915
14 1917
14 2095
14 2223
14 2248
14 2412
14 2529
14 2583
14 2627
14 2687
14 2762
14 2919
14 3265
14 3484
14 3930
14 4187
14 4280
14 4340
14 4493
14 4506
14 4697
14 4771
15 771
19 286
19 521
19 729
19 762
19 1608
19 1763
19 2455
19 2529
19 2589
19 2762
19 2767
19 3107
19 3329
19 3688
19 3727
19 4150
19 4489
19 4532
19 4600
19 4689
19 4779
19 4811
19 4937
19 4942
25 43
25 503
25 891
25 1732
25 2052
25 2149
25 2694
25 3811
25 4509
25 4652
25 4783
26 43
26 56
26 76
26 90
26 113
26 158
26 431
26 461
26 509
26 839
26 948
26 1002
26 1012
26 1135
26 1278
26 1539
26 1680
26 1753
26 1786
26 2024
26 2149
26 2204
26 2255
26 2845
26 2919
26 3026
26 3125
26 3265
26 3745
26 3900
26 4080
26 4150
26 4280
26 4286
26 4338
26 4678
26 4690
26 4731
26 4801
26 4853
26 4891
26 4893
26 4923
26 4979
28 1115
29 43
29 76
29 138
29 255
29 370
29 461
29 570
29 729
29 762
29 821
29 839
29 921
29 1135
29 1243
29 1593
29 1636
29 1831
29 1911
29 1941
29 1971
29 2024
29 2062
29 2158
29 2214
29 2369
29 2627
29 2762
29 3030
29 3221
29 3265
29 3624
29 4015
29 4116
29 4332
29 4679
29 4891
30 46
30 88
30 573
30 810
30 883
30 1298
30 1384
30 1742
30 1824
30 1877
30 1971
30 2027
30 2694
30 3030
30 3107
30 3405
30 3543
30 4419
30 4668
30 4871
30 4951
33 153
33 2756
33 4753
37 138
37 179
37 1994
37 3727
37 4171
37 4652
37 4937
38 461
38 4673
41 138
41 153
41 156
41 823
41 852
41 1031
41 1115
41 1395
41 1454
41 1470
41 1473
41 2223
41 2455
41 2529
41 2583
41 2691
41 2692
41 2762
41 3158
41 3945
41 4050
41 4366
41 4646
41 4677
41 4710
41 4849
41 4879
41 4999
42 43
42 84
42 109
42 123
42 304
42 339
42 410
42 461
42 539
42 659
42 820
42 891
42 921
42 1002
42 1006
42 1198
42 1255
42 1375
42 1422
42 1540
42 1779
42 1824
42 1929
42 1998
42 2158
42 2245
42 2437
42 2534
42 2756
42 3171
42 3180
42 3636
42 3823
42 3980
42 4187
42 4231
42 4238
42 4403
42 4419
42 4481
42 4517
42 4582
42 4585
42 4716
42 4779
42 4885
42 4903
42 4904
43 46
43 80
43 100
43 113
43 123
43 138
43 206
43 318
43 335
43 461
43 536
43 570
43 572
43 686
43 820
43 836
43 893
43 1053
43 1177
43 1209
43 1278
43 1298
43 1369
43 1732
43 1818
43 2019
43 2319
43 2350
43 2412
43 2540
43 2756
43 2762
43 2905
43 2919
43 2956
43 3265
43 3578
43 3613
43 3791
43 3975
43 4031
43 4199
43 4332
43 4340
43 4422
43 4585
43 4600
43 4653
43 4656
43 4668
43 4684
43 4691
43 4759
43 4765
43 4807
43 4822
43 4829
43 4861
43 4896
43 4903
43 4961
43 4978
43 4993
46 76
46 88
46 96
46 634
46 729
46 753
46 762
46 837
46 895
46 1145
46 1268
46 1365
46 1510
46 1636
46 2340
46 2406
46 2437
46 2529
46 2687
46 2694
46 2868
46 2919
46 3030
46 3158
46 3166
46 3368
46 3484
46 3945
46 3984
46 4187
46 4332
46 4641
46 4762
46 4771
46 4783
46 4826
46 4842
46 4853
48 73
48 255
48 570
48 904
48 2062
48 3843
56 1763
56 2583
56 2970
56 3453
56 4187
59 374
59 1115
59 2095
59 2223
59 2691
59 2762
59 3712
60 124
60 2583
61 4781
64 2694
65 138
65 1793
65 2956
68 410
68 2453
68 3062
68 4600
68 4893
70 762
70 1012
70 1232
70 1742
72 1017
72 1255
72 2694
73 138
73 255
73 385
73 762
73 852
73 921
73 1012
73 1039
73 1206
73 1255
73 1941
73 2062
73 2845
73 3578
73 3783
73 4113
73 4187
73 4768
74 3166
74 3823
74 3843
74 4783
75 134
75 240
75 997
75 1375
75 1422
75 1636
75 1732
75 1753
75 2278
75 2574
75 4600
75 4967
76 138
76 186
76 280
76 304
76 335
76 382
76 434
76 460
76 536
76 573
76 613
76 682
76 852
76 859
76 881
76 1002
76 1051
76 1106
76 1140
76 1145
76 1255
76 1258
76 1298
76 1365
76 1375
76 1422
76 1561
76 1612
76 1622
76 1636
76 1687
76 1763
76 1774
76 1794
76 1972
76 2062
76 2111
76 2131
76 2169
76 2208
76 2307
76 2526
76 2540
76 2583
76 2668
76 2739
76 2756
76 2762
76 2767
76 2775
76 2839
76 2868
76 2919
76 3062
76 3313
76 3329
76 3368
76 3405
76 3416
76 3417
76 3545
76 3657
76 3688
76 3928
76 3984
76 4151
76 4187
76 4231
76 4323
76 4366
76 4382
76 4422
76 4493
76 4507
76 4509
76 4582
76 4585
76 4690
76 4729
76 4771
76 4776
76 4793
76 4798
76 4800
76 4836
76 4838
76 4870
76 4885
76 4891
76 4893
76 4935
76 4964
76 4991
76 4994
77 95
77 1002
77 1198
77 1232
77 1268
77 1369
77 1763
77 2389
77 2970
77 3183
77 3613
77 3984
77 4419
79 280
79 434
79 1106
79 3417
79 3453
79 3613
79 4832
79 4885
80 83
80 477
80 634
80 1333
80 1561
80 1812
80 2739
80 2969
80 3573
80 3636
80 4171
80 4318
80 4582
80 4589
80 4707
83 123
83 138
83 226
83 315
83 410
83 826
83 1636
83 1724
83 1831
83 1917
83 2215
83 3062
83 3107
83 3378
83 3975
83 4187
83 4419
83 4690
83 4731
83 4744
83 4941
83 4993
84 258
84 1470
84 1742
84 1917
84 2868
84 3062
84 3745
84 3874
84 4690
84 4714
88 114
88 390
88 434
88 539
88 746
88 762
88 1012
88 1145
88 1365
88 1660
88 2052
88 2223
88 2529
88 2868
88 3484
88 4523
88 4670
88 4895
88 4909
89 97
89 729
89 762
89 1793
89 1995
89 4632
89 4761
90 138
90 1255
90 1298
90 1917
90 2919
90 3417
90 3989
90 4518
90 4954
93 460
94 1298
94 3760
94 4523
94 4775
95 105
95 206
95 486
95 556
95 659
95 734
95 1198
95 1298
95 1732
95 1812
95 1818
95 2455
95 2762
95 3416
95 3457
95 3799
95 3928
95 3967
95 4031
95 4110
95 4181
95 4275
95 4280
95 4291
95 4691
95 4794
95 4814
95 4825
95 4906
96 1223
96 1753
96 2223
97 339
97 509
97 570
97 928
97 968
97 1612
97 1726
97 1804
97 3166
97 3505
97 3727
97 4332
97 4783
100 1255
100 1753
100 4419
101 2423
103 2919
108 1036
108 1481
108 1658
109 682
109 1636
109 2694
109 3477
109 3745
109 3811
109 4110
109 4790
109 4810
109 4878
113 1917
115 461
117 1031
117 1636
117 4946
120 2997
121 2845
122 4836
123 206
123 300
123 1366
123 1831
123 2762
123 4694
123 4882
124 318
124 3030
126 968
126 2319
127 1742
130 3791
131 2243
133 857
133 1370
133 1786
133 3928
134 258
134 762
134 1413
134 1422
134 1540
134 1753
134 1786
134 2412
134 3171
134 3930
134 4116
134 4366
134 4731
134 4920
135 2640
136 2460
137 875
137 1753
137 1877
137 3984
138 226
138 240
138 385
138 434
138 442
138 460
138 570
138 691
138 712
138 762
138 789
138 817
138 852
138 1005
138 1145
138 1206
138 1243
138 1255
138 1256
138 1298
138 1381
138 1413
138 1540
138 1636
138 1717
138 1745
138 1763
138 1774
138 1845
138 1985
138 1994
138 2062
138 2208
138 2307
138 2529
138 2603
138 2668
138 2845
138 2916
138 2919
138 2930
138 3026
138 3030
138 3171
138 3329
138 3417
138 3446
138 3850
138 3928
138 3983
138 4187
138 4332
138 4419
138 4544
138 4600
138 4641
138 4679
138 4744
138 4779
138 4811
138 4879
138 4885
138 4888
138 4895
138 4935
138 4960
138 4968
138 5001
138 5004
140 336
140 1242
145 4314
149 1255
151 3160
151 4297
151 4761
151 4971
153 158
153 311
153 686
153 729
153 762
153 852
153 907
153 1005
153 1057
153 1115
153 1122
153 1140
153 1206
153 1255
153 1413
153 1470
153 1636
153 1763
153 1899
153 2095
153 2131
153 2223
153 2512
153 2562
153 2583
153 2627
153 2756
153 2762
153 2767
153 2868
153 3221
153 3368
153 3579
153 3636
153 3745
153 3791
153 3984
153 4061
153 4080
153 4113
153 4126
153 4187
153 4305
153 4493
153 4546
153 4563
153 4585
153 4678
153 4702
153 4709
153 4760
153 4922
153 4941
154 297
156 431
156 686
156 730
156 852
156 1135
156 2215
156 3329
156 3727
156 4523
156 4679
156 4710
156 4881
156 4912
157 1732
157 2412
157 3329
157 3368
157 3716
157 3843
158 286
158 461
158 488
158 1106
158 1115
158 1268
158 1426
158 1540
158 1604
158 1636
158 1751
158 2208
158 2223
158 2287
158 2382
158 2460
158 2593
158 2674
158 2845
158 2919
158 3026
158 3030
158 3062
158 3107
158 3329
158 3476
158 3727
158 4113
158 4171
158 4187
158 4305
158 4318
158 4382
158 4679
158 4714
158 4730
158 4759
158 4791
158 4793
158 4794
158 4798
158 4816
158 4829
158 4831
158 4861
158 4869
158 4886
158 4887
158 4895
158 4903
158 4904
158 4941
158 4946
158 4958
158 4978
158 4980
162 1135
162 2694
162 4509
170 1561
174 442
174 2739
175 2319
175 3676
175 3930
179 433
179 634
179 2070
179 3727
179 4582
184 446
184 852
184 2762
184 3945
184 4832
188 4390
190 4668
195 2715
195 2888
195 4546
195 4962
195 4972
196 206
196 258
196 374
196 634
196 886
196 1193
196 1258
196 1365
196 1561
196 2583
196 2762
196 2868
196 3030
196 3329
196 3422
196 3984
196 4678
196 4702
196 4783
196 4825
196 4937
196 4942
201 1255
206 486
206 2319
206 2472
206 2694
206 2825
206 4015
218 2606
221 2694
226 318
226 509
226 570
226 1612
226 1724
226 2529
226 2845
233 2694
235 2184
235 4187
236 948
236 2919
238 1258
238 4031
240 565
240 1255
240 1258
240 1804
240 3030
240 3828
240 4187
240 4314
240 4664
247 1035
247 3130
247 3528
247 4826
249 1145
249 1255
249 1581
249 2694
249 2696
249 4734
253 1911
253 4532
253 4731
255 1941
255 2845
257 2756
258 280
258 475
258 536
258 577
258 729
258 846
258 852
258 1002
258 1122
258 1268
258 1321
258 1361
258 1527
258 1636
258 1812
258 1994
258 2255
258 2756
258 2762
258 2930
258 3258
258 3368
258 3417
258 3617
258 3636
258 3688
258 3727
258 3745
258 3984
258 4113
258 4187
258 4507
258 4696
258 4781
258 4821
258 4920
267 461
271 2287
275 2694
276 1900
280 312
280 383
280 442
280 539
280 613
280 689
280 785
280 1057
280 1255
280 1418
280 1426
280 2223
280 2583
280 2694
280 3458
280 3573
280 3745
280 4507
280 4684
280 4744
283 573
283 1774
283 3171
283 4116
283 4234
283 4885
286 2223
286 2919
286 3984
286 4382
286 4831
287 570
287 839
287 948
287 1527
287 4684
287 4704
287 4891
287 4961
289 730
289 839
289 1808
289 2287
289 2589
289 2668
289 2687
289 3329
289 3416
289 3477
289 4563
289 4641
289 4816
289 4825
289 4845
290 318
290 433
290 4523
297 302
297 1223
297 3026
297 4113
297 4709
298 442
298 881
298 2529
298 2767
298 3322
298 3984
300 539
300 4694
302 307
302 1164
302 1268
302 1359
302 1636
302 1664
302 1753
302 2694
302 3052
302 4187
302 4366
302 4983
303 1540
303 4822
304 599
304 734
304 852
304 1106
304 1877
304 2307
304 2919
304 3023
304 3268
304 3580
304 3745
304 4187
304 4737
304 4776
304 4783
307 460
307 966
307 1198
307 1258
307 1732
307 2070
307 2845
307 2868
307 4901
307 4909
307 4968
307 4981
311 1115
311 2767
311 4382
312 410
312 434
312 449
312 1106
312 2583
312 2868
312 4926
315 536
315 610
315 1361
315 1724
315 1763
315 2687
315 3329
315 3727
315 4150
315 4289
315 4423
315 4523
315 4879
315 4893
318 682
318 1877
318 1894
318 4031
318 4150
318 4523
335 531
335 1106
335 1322
335 1636
335 2158
335 2223
335 2868
335 3171
335 3453
335 4582
338 968
338 2149
339 1145
339 1298
339 3405
339 4332
339 4890
348 2297
348 3535
348 4248
348 4943
356 1470
356 3062
356 3636
358 410
358 1140
358 3171
367 1561
367 1612
370 456
370 708
370 753
370 839
370 893
370 1135
370 1177
370 1179
370 1298
370 1763
370 1818
370 1911
370 2574
370 2589
370 2762
370 2997
370 3026
370 3122
370 3191
370 3209
370 3329
370 3446
370 3528
370 3945
370 4150
370 4187
370 4332
370 4338
370 4509
370 4523
370 4582
370 4668
370 4765
370 4779
370 4781
370 4869
370 4873
370 4891
370 4906
370 4935
370 4942
370 4994
374 434
374 483
374 599
374 1359
374 1426
374 2583
374 3329
374 3712
388 3165
388 3346
390 570
390 746
390 762
390 968
390 1818
390 4935
391 826
391 1413
397 4817
399 1140
399 4870
403 4116
407 891
407 1510
407 1940
408 3712
410 881
410 1005
410 1256
410 1763
410 2898
410 3030
410 3171
410 3254
410 3329
410 3928
410 4031
410 4187
410 4659
410 4686
410 4712
410 4763
410 4900
410 4930
412 3760
412 4600
414 708
414 4781
417 969
417 1510
417 1608
417 1812
417 1831
417 2529
417 2762
417 3158
417 3928
417 4297
417 4708
423 1470
423 3171
423 4509
431 568
431 729
431 1243
431 1917
431 2307
431 3900
431 3928
431 4182
432 1561
433 1923
433 3166
434 621
434 729
434 762
434 821
434 1145
434 1298
434 1413
434 1612
434 1636
434 1894
434 2455
434 2741
434 2767
434 2868
434 2970
434 3001
434 3329
434 3928
434 3984
434 4031
434 4188
434 4690
434 4795
442 1012
442 1322
442 1333
442 1359
442 1422
442 1923
442 2019
442 2223
442 2762
442 2775
442 3185
442 4600
442 4655
442 4677
442 4751
442 4885
442 4931
442 4937
442 4988
446 3477
446 3945
446 4656
446 4700
446 4897
446 4963
447 1177
447 2148
447 2592
447 2767
447 2919
447 3509
447 4379
447 4528
447 4751
448 2204
451 634
451 2868
451 4726
455 4390
455 4731
455 4937
455 4957
460 577
460 682
460 1298
460 1413
460 1793
460 1929
460 1994
460 2062
460 2845
460 3417
460 3727
460 3745
460 3828
460 4171
460 4979
461 539
461 565
461 573
461 690
461 729
461 805
461 948
461 968
461 1002
461 1098
461 1145
461 1243
461 1255
461 1298
461 1359
461 1361
461 1375
461 1483
461 1517
461 1625
461 1742
461 1751
461 1807
461 1877
461 1917
461 1923
461 2266
461 2299
461 2437
461 2529
461 2674
461 2694
461 2756
461 2844
461 2868
461 2888
461 2961
461 3346
461 3356
461 3417
461 3443
461 3613
461 3624
461 3727
461 3745
461 3930
461 3946
461 4150
461 4171
461 4187
461 4332
461 4659
461 4673
461 4678
461 4690
461 4691
461 4714
461 4731
461 4740
461 4756
461 4807
461 4822
461 4858
461 4891
461 4893
461 4911
461 4922
461 4964
477 621
477 1636
477 2052
477 2132
477 2767
477 3928
482 2095
483 1663
483 3477
483 4187
483 4382
483 4700
483 4819
488 3368
493 928
493 2603
493 3727
493 4822
499 2453
499 4962
503 3781
505 1923
505 4690
505 4822
505 4881
507 4589
507 4736
508 1258
509 2307
509 3505
509 4351
509 4783
510 570
510 1818
516 1255
516 2845
519 4656
519 4965
521 762
521 1612
521 4150
524 2845
524 4935
528 3636
528 4656
531 2692
531 2818
531 2919
531 3515
531 4812
532 3158
536 1418
536 1636
536 1807
536 2307
536 3171
536 3636
539 618
539 891
539 921
539 928
539 968
539 997
539 1002
539 1006
539 1255
539 1268
539 1359
539 1753
539 1774
539 1793
539 1915
539 1990
539 2019
539 2052
539 2111
539 2762
539 2919
539 3107
539 3165
539 3171
539 3368
539 3801
539 3893
539 4015
539 4113
539 4216
539 4280
539 4419
539 4493
539 4523
539 4641
539 4694
539 4723
539 4802
539 4815
539 4865
539 4891
539 4935
539 4941
539 4955
539 4960
539 4973
539 4982
539 4985
539 4987
539 4993
542 1742
544 1483
556 1604
556 2223
556 2691
556 2762
556 2767
556 3882
556 3928
556 3945
556 4646
556 4660
556 4792
556 4819
556 4829
556 4941
559 4390
563 2687
563 3030
563 4280
563 4885
565 1115
565 2223
565 3023
565 4187
570 746
570 762
570 805
570 852
570 883
570 928
570 1145
570 1255
570 1268
570 1753
570 1917
570 2062
570 2169
570 2307
570 2756
570 2845
570 2868
570 2919
570 3052
570 3337
570 3727
570 3783
570 3928
570 4187
570 4332
570 4563
570 4600
570 4711
570 4762
570 4783
570 4807
570 4865
570 4891
571 2520
571 4585
572 762
572 1753
572 4731
572 4868
573 1012
573 1244
573 2762
573 2970
573 3417
573 3984
573 4187
577 618
577 1247
577 1370
577 1774
577 2762
577 2919
577 3613
577 3683
577 3727
577 3843
577 4150
577 4199
577 4822
577 4928
589 729
589 4187
592 1911
599 1209
599 2762
599 3636
599 3928
599 4187
599 4821
610 1243
610 1359
610 1418
610 2052
610 2245
610 2284
610 2821
610 3171
610 3893
610 4298
610 4422
610 4582
610 4699
610 4813
613 634
613 729
613 891
613 1005
613 1106
613 1540
613 1636
613 1786
613 1793
613 2158
613 2307
613 2650
613 2762
613 2868
613 3030
613 3107
613 3122
613 3171
613 3983
613 3984
613 4031
613 4122
613 4171
613 4766
613 5001
618 659
618 729
618 1198
618 1255
618 1370
618 1636
618 1774
618 1812
618 1831
618 2540
618 3171
618 4031
618 4422
618 4481
618 4493
618 4740
618 4798
618 4955
618 4993
619 4893
620 821
620 4187
621 821
621 1258
621 1370
621 1612
621 1724
621 1857
621 1994
621 2149
621 2284
621 2593
621 2603
621 3160
621 3416
621 3843
621 3865
621 4150
621 4280
621 4332
621 4585
621 4600
621 4652
621 4677
621 4690
621 4759
621 4775
621 4779
621 4785
621 4803
621 4811
621 4812
621 4853
621 4906
621 4910
633 730
634 689
634 1106
634 1413
634 2223
634 2650
634 2868
634 3122
634 3789
634 4419
641 881
641 3228
641 3897
641 4187
641 4422
647 2381
656 2214
659 729
659 1253
659 1322
659 2529
659 2756
659 2762
659 2868
659 2919
659 3501
659 3543
659 3984
659 4001
659 4187
659 4585
659 4755
659 4830
662 2694
662 4419
665 2694
682 686
682 1244
682 1413
682 1540
682 1561
682 1636
682 1732
682 1742
682 2052
682 2455
682 2694
682 2969
682 4113
682 4253
682 4585
682 4771
686 2245
686 3110
686 3984
691 922
691 4582
691 4744
694 4763
696 3329
699 3405
699 4523
703 1894
703 2868
708 1680
708 1763
708 4419
708 4523
710 1265
710 1359
710 2762
710 2821
712 2919
712 3160
712 4737
712 4759
721 1243
721 1625
721 2095
721 4652
729 753
729 762
729 1012
729 1106
729 1177
729 1255
729 1256
729 1276
729 1321
729 1636
729 1742
729 1753
729 1804
729 1812
729 1824
729 1877
729 1998
729 2307
729 2406
729 2452
729 2455
729 2472
729 2534
729 2627
729 2650
729 2668
729 2674
729 2756
729 2762
729 2820
729 2821
729 3067
729 3122
729 3171
729 3265
729 3337
729 3405
729 3415
729 3484
729 3745
729 3760
729 3838
729 3984
729 4107
729 4110
729 4171
729 4177
729 4187
729 4370
729 4422
729 4423
729 4582
729 4690
729 4691
729 4698
729 4728
729 4756
729 4762
729 4795
729 4840
729 4841
729 4891
729 4892
729 4896
729 4922
729 4990
730 762
730 1005
730 1359
730 3727
731 4955
734 2046
734 4916
736 3329
736 4431
736 4532
736 4987
738 2124
746 1012
746 1742
746 1818
753 1002
753 1413
753 1422
753 3984
760 2627
762 852
762 883
762 928
762 1145
762 1200
762 1298
762 1470
762 1794
762 1818
762 1857
762 1894
762 2035
762 2062
762 2350
762 2412
762 2423
762 2668
762 2718
762 2756
762 2767
762 2845
762 2868
762 2919
762 2970
762 3030
762 3062
762 3067
762 3122
762 3388
762 3578
762 3727
762 3760
762 3783
762 3791
762 4095
762 4150
762 4187
762 4286
762 4523
762 4646
762 4684
762 4691
762 4702
762 4710
762 4731
762 4744
762 4759
762 4761
762 4771
762 4781
762 4896
762 4906
762 4935
762 4941
762 4956
762 4957
762 4994
771 2419
771 4925
773 3166
773 4783
781 881
785 2919
785 4955
788 4708
789 1742
803 2687
803 2762
803 2775
803 3893
803 4937
805 1255
805 1636
805 1917
805 3484
809 4731
817 1994
817 2845
817 4314
820 1646
820 1824
820 1877
820 2158
820 3122
820 4509
821 1763
821 2868
821 3928
821 4891
821 4951
823 1972
823 4785
824 3024
826 2956
826 4384
836 1680
836 1917
836 2412
836 3874
836 4231
836 4380
837 3683
837 4160
837 4187
837 4692
837 4696
837 4728
837 4766
837 4891
837 4974
839 948
839 1375
839 1636
839 1661
839 1824
839 1929
839 2255
839 2307
839 2627
839 3811
839 3874
839 4340
839 4708
845 3823
846 2694
846 4419
846 4882
846 4934
852 1005
852 1057
852 1070
852 1122
852 1206
852 1258
852 1362
852 1365
852 1774
852 1845
852 2035
852 2095
852 2177
852 2488
852 2529
852 2589
852 2756
852 2762
852 2767
852 2845
852 2868
852 3026
852 3171
852 3368
852 3413
852 3509
852 3515
852 3578
852 3707
852 3727
852 3811
852 3874
852 3928
852 3946
852 3984
852 4113
852 4126
852 4140
852 4187
852 4231
852 4286
852 4422
852 4585
852 4641
852 4672
852 4680
852 4710
852 4754
852 4760
852 4774
852 4832
852 4840
852 4846
852 4850
852 4858
852 4885
852 4887
852 4905
852 4911
852 4918
852 4941
857 4481
859 881
859 1753
859 2149
859 2540
867 4736
872 2019
873 1636
873 2868
873 4187
873 4870
873 4957
875 968
875 3975
875 4731
881 1086
881 1106
881 1359
881 1421
881 2149
881 2583
881 2762
881 2868
881 3030
881 3110
881 3484
881 3636
881 3984
881 4150
881 4280
881 4696
881 4708
883 1298
883 1818
883 1877
883 2062
883 2888
883 4577
883 4841
883 4956
886 1144
886 1763
886 2455
886 2627
886 2756
886 2767
886 3613
886 3984
890 4876
891 904
891 1413
891 1422
891 1563
891 1703
891 1753
891 2583
891 3693
891 4718
893 1392
893 1958
893 3613
893 3843
897 1612
897 3166
897 3727
897 4150
897 4783
904 1242
904 1278
904 1724
904 2816
904 3165
904 3865
904 4150
904 4673
904 4910
907 4286
917 4546
919 1369
919 4493
919 4523
921 1255
921 1794
921 2845
921 3515
921 4113
922 1209
922 4187
928 968
928 1753
928 1755
928 2255
928 2412
928 3930
928 3975
938 2762
938 3882
948 1278
948 1753
948 2255
948 2389
948 2468
948 2612
948 2694
948 3727
948 4419
948 4684
948 4891
948 4917
948 4961
948 4990
950 1115
950 2627
952 2694
960 1794
963 1140
963 1751
963 2527
963 4887
963 4955
968 1002
968 1268
968 1753
968 1877
968 2019
968 2027
968 2845
968 3122
968 3405
968 3874
968 4187
968 4229
968 4481
968 4690
968 4975
969 1333
969 1540
969 1831
969 2081
969 2124
969 2321
969 2529
969 3067
969 3712
969 3745
969 3928
969 4736
978 2389
997 1925
997 2053
997 4706
1002 1361
1002 1365
1002 1413
1002 1422
1002 1753
1002 1875
1002 2149
1002 2286
1002 2412
1002 2840
1002 3171
1002 3405
1002 3477
1002 3799
1002 3823
1002 4600
1002 4682
1002 4690
1002 4731
1002 4766
1002 4875
1002 4882
1002 4897
1002 4955
1002 4965
1002 4975
1005 1177
1005 1365
1005 1505
1005 1636
1005 2589
1005 2762
1005 3217
1005 3412
1005 3639
1005 3928
1005 4600
1005 4828
1005 4853
1005 4893
1006 2052
1006 2956
1006 4187
1011 2907
1012 1206
1012 1255
1012 1458
1012 1687
1012 1732
1012 1894
1012 2062
1012 2589
1012 2868
1012 3026
1012 3030
1012 3166
1012 3337
1012 3984
1012 4171
1012 4187
1012 4382
1012 4641
1012 4756
1013 3152
1017 3745
1017 4419
1017 4685
1017 4807
1017 4893
1017 4962
1031 1923
1031 4187
1031 4607
1036 1413
1036 1481
1036 1804
1036 3267
1036 3543
1036 4150
1036 4591
1038 1359
1038 1422
1038 4658
1038 4920
1039 4140
1039 4754
1041 1198
1041 2640
1041 3745
1051 2307
1051 2767
1051 3636
1053 2272
1056 4419
1056 4896
1057 1148
1057 1636
1057 1831
1057 2089
1057 2583
1057 4187
1057 4679
1057 4823
1057 4931
1060 1625
1062 2453
1070 1554
1070 2529
1086 3171
1086 4679
1106 1135
1106 1177
1106 1636
1106 1687
1106 1786
1106 1996
1106 2248
1106 2583
1106 2605
1106 2868
1106 3171
1106 3388
1106 3412
1106 3453
1106 3613
1106 3676
1106 3874
1106 3984
1106 4187
1106 4338
1106 4696
1106 4719
1106 4827
1106 4891
1106 4931
1115 1359
1115 2223
1115 2355
1115 2382
1115 2455
1115 2512
1115 2767
1115 3171
1115 3405
1115 3579
1115 3984
1115 4791
1115 4895
1122 4585
1135 2307
1135 4874
1140 1413
1140 2052
1140 2599
1140 2930
1140 3026
1140 3636
1140 3928
1140 4403
1140 4779
1141 3206
1141 3984
1144 1418
1144 3613
1145 1164
1145 1255
1145 1413
1145 1527
1145 1616
1145 1877
1145 2192
1145 2437
1145 2694
1145 3030
1145 4419
1145 4523
1145 4721
1145 4763
1145 4799
1145 4935
1148 3984
1164 1612
1164 2583
1164 4979
1169 2845
1170 1540
1171 4693
1177 1763
1177 2762
1177 3928
1177 4171
1177 4581
1177 4600
1179 1763
1179 3191
1179 3943
1179 4291
1185 4760
1193 1742
1198 1636
1198 1763
1198 1812
1198 2762
1198 2919
1198 2970
1198 4536
1198 4715
1200 1206
1200 1456
1200 4458
1206 1255
1206 1470
1206 1774
1206 2670
1206 2845
1206 3078
1206 3368
1206 3928
1206 3984
1206 4194
1206 4756
1206 4774
1206 4869
1206 4935
1209 1763
1209 1776
1209 2077
1209 3171
1209 3574
1209 4700
1223 2821
1223 4113
1232 1958
1232 4868
1233 4187
1233 4384
1242 1413
1242 1540
1242 1917
1242 2437
1242 2599
1242 3984
1242 4384
1242 4691
1242 4782
1242 4822
1243 1818
1243 2077
1243 2214
1243 2406
1243 2453
1243 2862
1243 3171
1243 3509
1243 3858
1243 4100
1243 4171
1243 4187
1243 4275
1243 4509
1244 2970
1244 4280
1247 1763
1247 4928
1251 1418
1255 1256
1255 1359
1255 1365
1255 1392
1255 1454
1255 1667
1255 1753
1255 1774
1255 1793
1255 1877
1255 1915
1255 2529
1255 2534
1255 2589
1255 2593
1255 2627
1255 2650
1255 2718
1255 2845
1255 2868
1255 2888
1255 2919
1255 3030
1255 3368
1255 3388
1255 3405
1255 3417
1255 3727
1255 3900
1255 3920
1255 4187
1255 4280
1255 4351
1255 4419
1255 4509
1255 4641
1255 4680
1255 4783
1255 4793
1255 4865
1255 4921
1255 4951
1255 4960
1255 4961
1255 5003
1256 2534
1256 2756
1256 3158
1256 3368
1256 3707
1256 3850
1256 4140
1256 4581
1256 4666
1256 4738
1256 4744
1256 4886
1258 1612
1258 1894
1258 2062
1258 2668
1258 2756
1258 2821
1258 2868
1258 4783
1265 4280
1268 1517
1268 1753
1268 1792
1268 2052
1268 2053
1268 2423
1268 2694
1268 2845
1268 3107
1268 3405
1268 3484
1268 3799
1268 4102
1268 4216
1268 4267
1268 4305
1268 4332
1268 4419
1268 4731
1268 4802
1268 4865
1275 1831
1275 2583
1278 1724
1278 2149
1278 3984
1281 2423
1281 2756
1281 3204
1290 1923
1295 2583
1298 1359
1298 1917
1298 2307
1298 4390
1298 4582
1298 4783
1300 1365
1300 1709
1300 1917
1300 2692
1321 1612
1321 1687
1321 3337
1321 4742
1321 4786
1322 1636
1322 1831
1322 2455
1322 2762
1322 3453
1322 3984
1322 4187
1322 4941
1333 2019
1333 2321
1333 4736
1333 4889
1335 1636
1335 1793
1335 4681
1342 2694
1359 1636
1359 1763
1359 1812
1359 2355
1359 2694
1359 2724
1359 2762
1359 2919
1359 3388
1359 3501
1359 3521
1359 3613
1359 3636
1359 3858
1359 4187
1359 4699
1359 4702
1359 4718
1359 4728
1359 4746
1359 4788
1359 4821
1359 4823
1359 4830
1359 4835
1359 4866
1359 4881
1359 4888
1359 4958
1361 1663
1361 1812
1361 1959
1361 4686
1361 4743
1361 4893
1365 1418
1365 1543
1365 1877
1365 2009
1365 2095
1365 2589
1365 2670
1365 2919
1365 3329
1365 3405
1365 3543
1365 3745
1365 3928
1365 4095
1365 4171
1365 4523
1365 4696
1365 4776
1366 2389
1366 4783
1369 1375
1369 1517
1369 1793
1369 2019
1369 2286
1369 4171
1369 4419
1369 4927
1370 2284
1370 4929
1375 1753
1375 2052
1375 2307
1375 2412
1375 2674
1375 3171
1375 4171
1375 4896
1390 2052
1390 2534
1390 3525
1392 3171
1395 4725
1406 3657
1406 4585
1406 4600
1406 4830
1413 1483
1413 1753
1413 1923
1413 1990
1413 2019
1413 2052
1413 2307
1413 2412
1413 2627
1413 2650
1413 3068
1413 3166
1413 3171
1413 3346
1413 3417
1413 4519
1413 4546
1413 4700
1413 4719
1413 4731
1413 4736
1413 4807
1413 4822
1413 4960
1416 1793
1416 2472
1416 2694
1416 3900
1418 1636
1418 1818
1418 2783
1418 2919
1418 3171
1418 3712
1418 3727
1418 3882
1418 4523
1418 4585
1418 4600
1418 4789
1418 4793
1418 4798
1421 2527
1421 3501
1421 4403
1421 4955
1422 1636
1422 1824
1422 2583
1422 2594
1422 3984
1422 4519
1422 4936
1422 4944
1426 2767
1448 4031
1456 2845
1456 4783
1456 4935
1458 3030
1470 1769
1470 1831
1470 1994
1470 2169
1470 2223
1470 2287
1470 2762
1470 2919
1470 3477
1470 3578
1470 3811
1470 3928
1470 4536
1470 4710
1470 4774
1470 4887
1470 4989
1476 2694
1483 2052
1483 3184
1483 3636
1505 3639
1510 1636
1510 1923
1510 2423
1510 2674
1510 3062
1510 4686
1510 4690
1510 4727
1517 2574
1517 4199
1527 1753
1527 1985
1527 2255
1527 2612
1527 4724
1527 4864
1527 4941
1539 3624
1539 4523
1540 1636
1540 1753
1540 1794
1540 1994
1540 2455
1540 2674
1540 2868
1540 3613
1540 3984
1540 4009
1540 4318
1540 4403
1540 4585
1540 4694
1540 4822
1540 4844
1540 4885
1554 3515
1554 3578
1560 3405
1561 1742
1561 2070
1561 2223
1561 2606
1561 2820
1561 4275
1561 4563
1561 4942
1561 4968
1562 5000
1563 2204
1563 4994
1581 1877
1581 2027
1581 2255
1581 2333
1581 3543
1581 3930
1581 4419
1600 1877
1600 2694
1604 3608
1604 3712
1604 4110
1606 1915
1608 2046
1608 2089
1608 2669
1608 3171
1608 3636
1612 2919
1612 3030
1612 3166
1612 3727
1612 3865
1612 3920
1612 4422
1612 4684
1612 4783
1614 4585
1622 1794
1625 3158
1625 4187
1625 4904
1636 1751
1636 1768
1636 1831
1636 1923
1636 1929
1636 1994
1636 2052
1636 2169
1636 2215
1636 2287
1636 2355
1636 2432
1636 2455
1636 2457
1636 2529
1636 2583
1636 2762
1636 2821
1636 2825
1636 2868
1636 2919
1636 2950
1636 3051
1636 3110
1636 3221
1636 3477
1636 3501
1636 3521
1636 3636
1636 3676
1636 3838
1636 3858
1636 3928
1636 3980
1636 3984
1636 4171
1636 4187
1636 4238
1636 4297
1636 4323
1636 4403
1636 4422
1636 4585
1636 4589
1636 4600
1636 4677
1636 4679
1636 4688
1636 4694
1636 4747
1636 4749
1636 4750
1636 4808
1636 4823
1636 4830
1636 4842
1636 4851
1636 4870
1636 4891
1636 4897
1636 4920
1636 4955
1636 4957
1636 4971
1636 4989
1636 4991
1640 1824
1646 4419
1658 2027
1658 4898
1663 2687
1663 2783
1663 3882
1667 2064
1667 4690
1667 4747
1680 2225
1680 4856
1687 4187
1703 4171
1709 3930
1709 4351
1717 2756
1717 3368
1717 4948
1724 1894
1724 2821
1724 4031
1724 4806
1724 4953
1729 4857
1742 1794
1742 2297
1742 2668
1742 3166
1742 4523
1742 4771
1742 4855
1742 4956
1745 2845
1751 1793
1751 1794
1751 1917
1751 3745
1753 1807
1753 2019
1753 2111
1753 2307
1753 2319
1753 2412
1753 2419
1753 2423
1753 2453
1753 2490
1753 2674
1753 2687
1753 2694
1753 3026
1753 3030
1753 3405
1753 3505
1753 3930
1753 3975
1753 4199
1753 4280
1753 4333
1753 4340
1753 4351
1753 4693
1753 4701
1753 4734
1753 4799
1753 4807
1753 4912
1753 4925
1753 4982
1755 2149
1755 4951
1763 1877
1763 2052
1763 2223
1763 2668
1763 2756
1763 2762
1763 2868
1763 2950
1763 3125
1763 3228
1763 3368
1763 3476
1763 3943
1763 4045
1763 4080
1763 4086
1763 4113
1763 4181
1763 4318
1763 4382
1763 4408
1763 4582
1763 4585
1763 4705
1763 4731
1763 4814
1763 4820
1763 4829
1763 4831
1763 4845
1763 4888
1763 4928
1763 4941
1763 4955
1763 4968
1768 3613
1768 3791
1768 4171
1769 3171
1769 4509
1774 2038
1774 2583
1774 2687
1774 2767
1774 2775
1774 3171
1774 3329
1774 3727
1774 3874
1774 4171
1774 4280
1774 4493
1774 4523
1774 4783
1774 4891
1774 4994
1776 3574
1776 3943
1776 4090
1776 4467
1785 2529
1785 2581
1785 2687
1785 2775
1786 2070
1786 3381
1786 4877
1786 4890
1792 2694
1792 3417
1793 1917
1793 2307
1793 2455
1793 2593
1793 2687
1793 2694
1793 2989
1793 3030
1793 3166
1793 3171
1793 3405
1793 3505
1793 3727
1793 4080
1793 4390
1793 4419
1793 4802
1793 4807
1793 4873
1794 2919
1794 3268
1794 4933
1804 2406
1804 2694
1804 3267
1804 4874
1804 4906
1804 4950
1807 1917
1807 2243
1807 2248
1807 2382
1807 2627
1807 2919
1807 3158
1807 3688
1807 3760
1807 3984
1807 4199
1807 4696
1808 2512
1808 2839
1812 2762
1812 3745
1812 4297
1812 4708
1818 2437
1818 2455
1818 2821
1818 3026
1818 4052
1818 4116
1818 4652
1818 4898
1819 4523
1824 3984
1824 4600
1824 4806
1824 4959
1825 2868
1825 3727
1831 2089
1831 2169
1831 2583
1831 3228
1831 4187
1831 4238
1831 4297
1831 4325
1831 4690
1831 4817
1835 4866
1845 1994
1845 2095
1845 2529
1845 3171
1857 2062
1857 4783
1870 4779
1877 1971
1877 2307
1877 2406
1877 2412
1877 2694
1877 3543
1877 4523
1877 4806
1877 4975
1879 3463
1880 3171
1894 2650
1894 3166
1894 4150
1894 4523
1894 4783
1894 4840
1899 2455
1899 3065
1899 3712
1911 4509
1915 2627
1915 4892
1917 1998
1917 2149
1917 2204
1917 2248
1917 2412
1917 2437
1917 2453
1917 3067
1917 3378
1917 3405
1917 3463
1917 3900
1917 3984
1917 4080
1917 4280
1917 4333
1917 4338
1917 4340
1917 4380
1917 4431
1917 4493
1917 4640
1917 4653
1917 4829
1917 4896
1917 4923
1917 4982
1917 4993
1929 3171
1929 3928
1929 4187
1939 2124
1939 2775
1940 4171
1941 2035
1941 2062
1941 3147
1941 4768
1971 3405
1971 4731
1972 4031
1972 4839
1980 3789
1985 2243
1985 3865
1985 4585
1985 4641
1990 2741
1994 2720
1994 2868
1994 2919
1994 3943
1994 4110
1994 4318
1994 4563
1994 4709
1994 4714
1994 4740
1995 4150
2003 4783
2003 4938
2019 2132
2019 2437
2019 2599
2019 2956
2019 4318
2019 4427
2019 4731
2024 3171
2027 2307
2027 2406
2027 2453
2027 3900
2027 4826
2027 4947
2027 4994
2027 4997
2035 2062
2035 3166
2038 2472
2038 3062
2046 2316
2048 4585
2052 2169
2052 2284
2052 2307
2052 2583
2052 2756
2052 2868
2052 2956
2052 3329
2052 3416
2052 3823
2052 3984
2052 4080
2052 4231
2052 4238
2052 4318
2052 4422
2052 4585
2052 4665
2052 4667
2052 4684
2052 4694
2052 4731
2052 4783
2052 4784
2052 4829
2052 4903
2052 4960
2052 5002
2053 2603
2053 3107
2053 4199
2053 4216
2053 4822
2057 2223
2057 4150
2062 2650
2062 2845
2062 3030
2062 3417
2062 3716
2062 3783
2062 4194
2062 4702
2064 2095
2064 2919
2076 4489
2077 4942
2081 4955
2086 4928
2089 2762
2089 4776
2089 4853
2095 2529
2095 2617
2095 2670
2095 2756
2095 3078
2095 3415
2095 3578
2095 3850
2095 3945
2095 3983
2095 4113
2095 4220
2095 4523
2095 4680
2095 4744
2095 4907
2111 2687
2111 3405
2111 4351
2111 4994
2122 4384
2122 4883
2122 4891
2123 4351
2124 2617
2124 2691
2124 3945
2124 4700
2124 4707
2124 4872
2124 4884
2131 2583
2131 3712
2132 2762
2132 3477
2132 3509
2132 4187
2132 4220
2132 4585
2132 4708
2132 4709
2132 4730
2132 4840
2139 4783
2142 2668
2146 2962
2147 4843
2148 3171
2148 3727
2148 4379
2149 2437
2149 3405
2149 3543
2149 4677
2149 4775
2153 4821
2156 3613
2158 2627
2158 2650
2158 2868
2158 2970
2158 3166
2158 3412
2158 3657
2158 4832
2158 4879
2169 2307
2169 3636
2169 4238
2169 4305
2169 4318
2169 4853
2169 4935
2177 3313
2177 3578
2188 2589
2204 4171
2204 4216
2208 3023
2208 3515
2208 3727
2215 4187
2215 4641
2223 2583
2223 2756
2223 2767
2223 2783
2223 2919
2223 3030
2223 3107
2223 3171
2223 3329
2223 3368
2223 3850
2223 3904
2223 3946
2223 4032
2223 4061
2223 4687
2223 4700
2223 4760
2223 4770
2223 4791
2223 4829
2223 4879
2223 4931
2223 4937
2234 3823
2243 2455
2243 2617
2243 2687
2243 3412
2243 3712
2243 4187
2243 4419
2243 4585
2243 4818
2245 3412
2245 3712
2245 3984
2245 4045
2248 3727
2248 4641
2255 3329
2256 2687
2256 2775
2256 3442
2256 4422
2256 4784
2256 4819
2266 4893
2269 4113
2272 3166
2272 4031
2278 2821
2278 3636
2278 4422
2278 4652
2278 4788
2283 4821
2284 2381
2284 2821
2284 3580
2284 4100
2286 2674
2286 2820
2286 3165
2286 4102
2286 4199
2286 4975
2287 2460
2287 3171
2287 3745
2287 3799
2287 4187
2287 4798
2287 5006
2297 3166
2297 4523
2307 2389
2307 2460
2307 2612
2307 2650
2307 3171
2307 3688
2307 3984
2307 4107
2307 4171
2307 4314
2307 4419
2307 4628
2307 4724
2307 4736
2307 4891
2316 2762
2316 4952
2319 2589
2319 2694
2319 2821
2319 3368
2319 4113
2319 4419
2319 4690
2321 2919
2321 4789
2324 4351
2324 4419
2324 4787
2350 2868
2350 3356
2350 4582
2350 4641
2355 2593
2355 2594
2355 3984
2355 4187
2355 4779
2360 4781
2364 3000
2364 4419
2364 4882
2366 2403
2366 2694
2369 2583
2369 3928
2382 4831
2382 4860
2389 3676
2389 4333
2389 4351
2389 4419
2389 4891
2389 4894
2389 4937
2389 4980
2389 4990
2405 4731
2406 2694
2406 3030
2406 3528
2406 3543
2406 3951
2406 4370
2406 4419
2406 4546
2406 4915
2412 3171
2412 4171
2412 4190
2419 3405
2423 2437
2423 2714
2423 3158
2423 3405
2423 3543
2423 4177
2428 2547
2428 2868
2428 2919
2428 3158
2428 3453
2428 3984
2428 4744
2432 2668
2432 3062
2432 3613
2432 4187
2432 4403
2432 4731
2432 4891
2434 4670
2452 3928
2453 2472
2453 2694
2453 2696
2453 3543
2453 4301
2455 2457
2455 2583
2455 2756
2455 2767
2455 3125
2455 3509
2455 3858
2455 3984
2455 4160
2455 4171
2455 4284
2455 4366
2455 4585
2455 4800
2455 4891
2455 4918
2455 4955
2455 4968
2460 2674
2460 3984
2460 4107
2460 4493
2460 4867
2469 4544
2472 2473
2472 2950
2472 3405
2472 3636
2472 3984
2472 4015
2472 4835
2473 2694
2473 3405
2473 4783
2488 2741
2488 2938
2488 3171
2488 3368
2488 3413
2488 3458
2488 3578
2488 4113
2488 4140
2488 4545
2488 4666
2488 4905
2490 3947
2490 4031
2499 3613
2499 3984
2504 2583
2504 4774
2512 2691
2512 4305
2522 4988
2526 3688
2526 4050
2529 2640
2529 2670
2529 2756
2529 2845
2529 3171
2529 3368
2529 3578
2529 3751
2529 3984
2529 4095
2529 4113
2529 4460
2529 4783
2529 4811
2529 4858
2529 4937
2529 4941
2534 4582
2534 4783
2535 2762
2535 3613
2535 4187
2536 3928
2536 4859
2540 4536
2547 4913
2562 2583
2562 3484
2562 3608
2562 4696
2574 2948
2574 3171
2574 3636
2574 3984
2574 4384
2574 4581
2574 4896
2582 4970
2583 2762
2583 2825
2583 3145
2583 3228
2583 3422
2583 3624
2583 3636
2583 3712
2583 3745
2583 3945
2583 3980
2583 4031
2583 4122
2583 4187
2583 4317
2583 4422
2583 4507
2583 4677
2583 4687
2583 4699
2583 4804
2583 4811
2583 4818
2583 4866
2583 4955
2589 3137
2589 3405
2589 4991
2592 4546
2592 4886
2593 4419
2594 4710
2594 4716
2594 4912
2598 4801
2598 4853
2598 4891
2598 4933
2598 4937
2599 4802
2603 2694
2603 4171
2603 4523
2603 4843
2605 3453
2606 4968
2617 4818
2627 2756
2627 4061
2627 4095
2627 4996
2627 5004
2628 3624
2641 3608
2649 2868
2649 4775
2650 2762
2650 2934
2650 3030
2650 3166
2650 3417
2650 3442
2650 3624
2650 3727
2650 4150
2650 4238
2650 4518
2650 4523
2650 4896
2660 2839
2660 4641
2668 3329
2668 4171
2668 4731
2669 3062
2670 2756
2670 3515
2670 4095
2670 4113
2674 4171
2674 4317
2674 4518
2674 4816
2674 4885
2682 4102
2687 2775
2687 3727
2687 3882
2687 4422
2687 4423
2687 4600
2687 4641
2687 4695
2687 4705
2687 4793
2687 4886
2687 4998
2691 2919
2691 3882
2691 4061
2691 4187
2691 4366
2691 4646
2691 4707
2691 4908
2691 4999
2692 2767
2692 3712
2692 4710
2692 4778
2694 3122
2694 3405
2694 3453
2694 3646
2694 4015
2694 4113
2694 4187
2694 4332
2694 4333
2694 4546
2694 4558
2694 4684
2694 4847
2694 4890
2694 4975
2696 4734
2704 4783
2718 2919
2724 4968
2728 2762
2739 2762
2739 3023
2739 3268
2739 4600
2756 3204
2756 3258
2756 3302
2756 3313
2756 3368
2756 3412
2756 3515
2756 3578
2756 3707
2756 3946
2756 4095
2756 4113
2756 4140
2756 4187
2756 4641
2756 4680
2756 4709
2756 4744
2756 4848
2756 4858
2756 4886
2756 4891
2756 4895
2756 4948
2756 4949
2756 4988
2762 2775
2762 2821
2762 2868
2762 2930
2762 2970
2762 3030
2762 3158
2762 3171
2762 3442
2762 3580
2762 3613
2762 3791
2762 3882
2762 3928
2762 3945
2762 4031
2762 4110
2762 4280
2762 4283
2762 4382
2762 4641
2762 4698
2762 4713
2762 4789
2762 4824
2762 4955
2767 2783
2767 2845
2767 2868
2767 3171
2767 3322
2767 3329
2767 3417
2767 3579
2767 3613
2767 3688
2767 3954
2767 4113
2767 4122
2767 4181
2767 4187
2767 4231
2767 4280
2767 4305
2767 4403
2767 4495
2767 4562
2767 4600
2767 4702
2767 4760
2767 4764
2767 4772
2767 4791
2767 4800
2767 4840
2767 4845
2767 4889
2771 3171
2771 4962
2775 3893
2775 4853
2783 2868
2783 3882
2783 4181
2820 3165
2820 3823
2820 4171
2820 4332
2820 4714
2820 4829
2820 4902
2820 4968
2821 2822
2821 3160
2821 4494
2821 4523
2821 4918
2825 3928
2831 4591
2839 2919
2845 2868
2845 3147
2845 3166
2845 3171
2845 3417
2845 3707
2845 3716
2845 3783
2845 4194
2845 4573
2845 4702
2845 4858
2868 3030
2868 3221
2868 3329
2868 3337
2868 3484
2868 3501
2868 3727
2868 3745
2868 3811
2868 3945
2868 3984
2868 4028
2868 4113
2868 4181
2868 4187
2868 4403
2868 4582
2868 4700
2868 4717
2868 4731
2868 4858
2868 4887
2888 4582
2915 4413
2919 3171
2919 3329
2919 3417
2919 3613
2919 3727
2919 3745
2919 4008
2919 4286
2919 4338
2919 4582
2919 4696
2919 4709
2919 4730
2919 4745
2919 4798
2919 4860
2930 3030
2930 3191
2930 3967
2930 4050
2930 4280
2930 4641
2930 4648
2930 4710
2930 4878
2930 4910
2930 5001
2938 4113
2950 3171
2950 3745
2954 4886
2956 3984
2956 4171
2956 4190
2956 4280
2956 4427
2956 4881
2956 4975
2970 3636
2970 3791
2970 4422
2970 4690
2970 4769
2979 3984
3000 3405
3001 4858
3001 4887
3023 4187
3026 3329
3026 4800
3026 4893
3026 4955
3030 3062
3030 3171
3030 3417
3030 3484
3030 3727
3030 3811
3030 3843
3030 3900
3030 3920
3030 4080
3030 4113
3030 4150
3030 4419
3030 4493
3030 4684
3030 4807
3030 4831
3030 4885
3030 4914
3030 4935
3030 4951
3039 4523
3041 4961
3052 3484
3052 4419
3062 3745
3062 3791
3062 3874
3062 4187
3062 4318
3062 4732
3065 3171
3065 4427
3065 4775
3067 4632
3067 4863
3071 4758
3078 4744
3100 4390
3107 3171
3107 3799
3107 4187
3107 4332
3107 4380
3107 4382
3107 4523
3107 4528
3107 4879
3122 3191
3122 3543
3122 4015
3122 4150
3122 4187
3122 4532
3122 4668
3122 4783
3125 3329
3125 3745
3125 3984
3125 4150
3125 4280
3125 4765
3145 3545
3145 4885
3147 3624
3152 4563
3158 3928
3158 4140
3158 4741
3158 4756
3159 3217
3160 4297
3160 4968
3166 3405
3166 3624
3166 3920
3166 4031
3166 4284
3166 4731
3166 4756
3166 4783
3171 3727
3171 3745
3171 3893
3171 3928
3171 3983
3171 3984
3171 4116
3171 4171
3171 4422
3171 4493
3171 4507
3171 4523
3171 4536
3171 4634
3171 4679
3171 4761
3171 4774
3171 4798
3171 4811
3171 4879
3171 4886
3171 4892
3171 4903
3171 4937
3171 4944
3171 4977
3180 3535
3183 4318
3184 4690
3184 4970
3192 3457
3204 4677
3206 4440
3221 4988
3228 3649
3228 3745
3251 3369
3258 3515
3258 3928
3258 4908
3267 4591
3267 4856
3268 3893
3268 4181
3270 4585
3283 4390
3298 4332
3298 4765
3307 4931
3313 3578
3313 4796
3322 3984
3322 4731
3322 4888
3329 3416
3329 3417
3329 3580
3329 3613
3329 3865
3329 3945
3329 3984
3329 4031
3329 4113
3329 4289
3329 4318
3329 4489
3329 4582
3329 4731
3329 4793
3329 4825
3329 4862
3337 4582
3337 4895
3344 3405
3344 4972
3346 4384
3368 3515
3368 3745
3368 4792
3368 4848
3385 4834
3388 3636
3389 4713
3405 3543
3405 3789
3405 3930
3405 4031
3405 4080
3405 4177
3405 4267
3405 4332
3405 4419
3405 4523
3405 4546
3405 4732
3405 4847
3405 4882
3405 4890
3405 4943
3412 4600
3415 4419
3415 4600
3416 3712
3416 4646
3417 4793
3422 4878
3426 4419
3442 3928
3446 3657
3447 4187
3453 4419
3453 4582
3453 4769
3453 4852
3453 4916
3456 4663
3456 4798
3458 3578
3458 4754
3458 4931
3474 3636
3474 4879
3476 4382
3477 3509
3477 3636
3477 3897
3477 4122
3477 4187
3477 4683
3484 3745
3484 3984
3484 4582
3484 4736
3484 4853
3484 4951
3501 3636
3501 4160
3501 4585
3501 4600
3505 4783
3509 3850
3509 3984
3509 4110
3509 4126
3509 4238
3509 4316
3509 4422
3509 4690
3509 4828
3515 3578
3515 3707
3515 3727
3515 3751
3515 4095
3515 4113
3515 4382
3515 4641
3515 4680
3515 4744
3515 4849
3515 4886
3515 4905
3515 4907
3515 4949
3521 4187
3530 3745
3543 4351
3543 4370
3543 4445
3574 3617
3574 4090
3574 4187
3574 4845
3578 3707
3578 3811
3578 3983
3578 4113
3578 4126
3578 4754
3613 3683
3613 3984
3613 4110
3613 4187
3613 4280
3613 4318
3613 4403
3613 4517
3613 4689
3613 4692
3613 4728
3613 4731
3613 4772
3613 4820
3613 4842
3613 4926
3613 4932
3613 4974
3624 3727
3624 4709
3624 4783
3626 4187
3636 3787
3636 3928
3636 4187
3636 4231
3636 4403
3636 4422
3636 4526
3636 4641
3636 4677
3636 4776
3636 4821
3636 4885
3636 4896
3636 4920
3646 4333
3649 3980
3649 4126
3649 4688
3657 4289
3657 4298
3657 4885
3677 4187
3683 3984
3688 3712
3688 3745
3688 3984
3688 4050
3688 4318
3700 4379
3707 4846
3712 3984
3712 4110
3712 4318
3712 4646
3712 4931
3717 4776
3727 3745
3727 3850
3727 4150
3727 4338
3727 4523
3727 4663
3727 4664
3727 4738
3727 4751
3727 4778
3727 4791
3727 4886
3727 4960
3727 4998
3727 5003
3745 3928
3745 3984
3745 4045
3745 4061
3745 4126
3745 4187
3745 4286
3745 4382
3745 4403
3745 4494
3745 4558
3745 4563
3745 4582
3745 4585
3745 4646
3745 4678
3745 4679
3745 4732
3745 4742
3745 4746
3745 4764
3745 4779
3745 4800
3745 4820
3745 4853
3745 4893
3745 4937
3747 4238
3760 4771
3787 4669
3791 3945
3791 4709
3799 4427
3799 4600
3799 4775
3799 4822
3800 4731
3801 4171
3806 4234
3829 4805
3843 4523
3850 4988
3852 4781
3874 4080
3874 4116
3874 4380
3874 4732
3874 4762
3874 4887
3874 4931
3877 4699
3880 4646
3882 4977
3893 4536
3893 4820
3900 4038
3900 4080
3900 4807
3900 4891
3900 4925
3900 4995
3910 4992
3916 4893
3928 4032
3928 4117
3928 4171
3928 4352
3928 4585
3928 4641
3928 4678
3928 4708
3928 4730
3928 4774
3928 4788
3928 4819
3928 4825
3928 4893
3928 4931
3928 4989
3930 4102
3930 4951
3945 4171
3945 4187
3945 4297
3945 4646
3947 4919
3954 3984
3967 4765
3980 4187
3983 4737
3983 4809
3984 4045
3984 4171
3984 4187
3984 4200
3984 4318
3984 4384
3984 4582
3984 4585
3984 4731
3984 4736
3984 4809
3984 4816
3984 4821
3984 4829
3984 4831
3984 4835
3984 4842
3984 4851
3984 4867
3984 4870
3984 4879
3984 4880
3984 4881
3984 4896
4008 4582
4031 4171
4031 4187
4031 4280
4032 4050
4032 4733
4038 4807
4050 4731
4061 4714
4080 4777
4090 4932
4095 4113
4102 4171
4102 4384
4110 4118
4110 4739
4110 4746
4113 4523
4113 4585
4113 4693
4113 4717
4113 4763
4116 4150
4116 4390
4116 4761
4116 4890
4117 4893
4126 4422
4140 4754
4140 4907
4150 4392
4150 4523
4150 4783
4150 4969
4157 4370
4157 4419
4170 4828
4171 4187
4171 4690
4171 4691
4171 4865
4171 4885
4171 4891
4171 4896
4171 4984
4187 4190
4187 4254
4187 4289
4187 4318
4187 4338
4187 4370
4187 4382
4187 4403
4187 4422
4187 4477
4187 4600
4187 4700
4187 4720
4187 4735
4187 4755
4187 4757
4187 4771
4187 4783
4187 4786
4187 4821
4187 4832
4187 4853
4187 4870
4187 4888
4187 4891
4187 4932
4199 4431
4199 4509
4216 4891
4216 4966
4238 4689
4248 4928
4267 4732
4280 4652
4286 4678
4286 4800
4286 4853
4289 4600
4289 4744
4289 4887
4297 4898
4310 4750
4316 4600
4318 4351
4318 4517
4318 4716
4318 4720
4318 4740
4333 4945
4338 4666
4338 4730
4338 4731
4338 4860
4338 4877
4340 4518
4382 4422
4382 4929
4382 4932
4382 4940
4390 4736
4390 4783
4403 4585
4403 4600
4403 4689
4403 4703
4403 4889
4403 4931
4403 4955
4419 4628
4419 4673
4419 4702
4419 4724
4419 4814
4419 4894
4419 4934
4419 4990
4419 4995
4422 4690
4422 4740
4422 4814
4423 4641
4467 4898
4476 4986
4489 4885
4493 4523
4509 4577
4517 4939
4518 4567
4518 4867
4519 4589
4523 4532
4523 4673
4523 4806
4523 4959
4523 4969
4527 4722
4528 4697
4536 4797
4536 4896
4536 4993
4544 4577
4546 4943
4546 4959
4563 4678
4582 4668
4582 4832
4583 4679
4585 4600
4595 4937
4600 4837
4600 4967
4608 4765
4628 4724
4641 4849
4641 4941
4646 4707
4646 4833
4646 4931
4677 4767
4694 4749
4695 4705
4699 4976
4731 4752
4731 4781
4731 4783
4731 4860
4731 4924
4731 4946
4735 4748
4746 4773
4746 4780
4751 4770
4763 4832
4771 4885
4783 4829
4783 4853
4783 4892
4783 4893
4791 4794
4817 4818
4819 4821
4821 4854
4821 4898
4821 4963
4821 4999
4829 4860
4832 4913
4874 4931
4877 4890
4877 4902
4879 4955
4879 5005
4882 4975
4891 4893
4891 4937
4891 4955
4891 4960
4891 4961
4893 4899
4893 4916
4896 4959
4896 4962
4903 4904
4905 4908
4907 4908
4908 4968
4908 5004
4916 4933
4925 4927
4935 4994
4941 4958
4941 4963
4942 4943
4942 4955
