0 26
0 29
0 101
0 613
0 621
0 1106
0 2389
0 2583
0 2767
0 2956
0 4317
0 4690
0 4771
0 5127
0 5210
0 5237
0 5271
0 5302
2 805
2 1917
2 2823
2 3687
2 4577
2 4931
2 4949
2 5213
3 1375
3 4419
4 539
4 4297
7 76
7 240
7 1135
7 1568
7 4771
7 5215
8 158
8 1401
8 2437
8 4771
8 5077
8 5132
12 348
12 451
12 461
12 1036
12 1753
12 2255
12 2472
12 5016
13 1145
13 3785
14 1561
14 4761
19 26
19 29
19 43
19 74
19 96
19 108
19 138
19 255
19 621
19 839
19 1002
19 1612
19 1732
19 1763
19 1917
19 1996
19 2052
19 2062
19 2149
19 2188
19 2529
19 3337
19 3943
19 4113
19 4577
19 4994
19 5225
19 5243
25 30
25 4297
25 4731
26 29
26 43
26 59
26 100
26 157
26 206
26 249
26 789
26 839
26 948
26 1179
26 1298
26 1540
26 1640
26 1702
26 1763
26 1992
26 2027
26 2307
26 2389
26 2603
26 2786
26 2868
26 3484
26 4297
26 4523
26 4888
26 4949
26 5053
26 5127
26 5188
28 96
28 2839
28 2868
29 73
29 76
29 77
29 138
29 196
29 573
29 621
29 729
29 875
29 893
29 904
29 1012
29 1057
29 1255
29 1258
29 1375
29 2149
29 2598
29 2603
29 2845
29 2868
29 3171
29 4113
29 4280
29 4333
29 4523
29 4702
29 4783
29 4935
29 4949
29 5021
29 5028
29 5041
29 5085
29 5132
29 5142
29 5168
29 5176
29 5239
29 5243
29 5277
29 5289
30 98
30 120
30 280
30 451
30 712
30 805
30 839
30 1053
30 2720
30 2888
30 3122
30 3166
30 3344
30 3405
30 3687
30 3785
30 4150
30 4332
30 4333
30 4370
30 4577
30 4765
30 5018
30 5059
30 5213
30 5282
31 5094
36 4445
37 1576
37 4380
37 5275
41 64
41 539
41 1002
41 1023
41 1115
41 1214
41 2124
41 2762
41 2767
41 3501
41 3843
41 5005
41 5206
41 5276
41 5301
42 76
42 123
42 195
42 280
42 442
42 647
42 803
42 846
42 1002
42 1164
42 1179
42 1255
42 1510
42 1917
42 1971
42 2052
42 2149
42 2377
42 2694
42 2728
42 2756
42 2762
42 2919
42 2930
42 3171
42 3461
42 3578
42 3874
42 4116
42 4236
42 4734
42 4882
42 5052
42 5104
42 5146
42 5214
42 5227
42 5258
42 5272
43 76
43 280
43 297
43 370
43 686
43 968
43 1106
43 1177
43 1179
43 1333
43 1375
43 1561
43 1807
43 1925
43 1971
43 2222
43 2412
43 2468
43 2521
43 2587
43 2593
43 2603
43 2820
43 2909
43 2919
43 3044
43 3115
43 3160
43 3405
43 3453
43 3484
43 3636
43 3785
43 3811
43 4116
43 4297
43 4332
43 4532
43 4585
43 4798
43 4949
43 5063
43 5126
43 5132
43 5176
43 5218
43 5235
43 5237
43 5247
43 5249
46 76
46 236
46 1002
46 1017
46 1023
46 1242
46 1322
46 2255
46 2307
46 2668
46 2682
46 2694
46 3783
46 4419
46 4523
46 4673
46 4765
46 4949
46 5018
46 5258
48 95
48 318
48 434
48 712
48 805
48 2821
56 837
56 2767
56 2800
56 2970
59 153
59 196
59 1763
59 2762
59 4187
59 4366
59 4888
59 4916
59 5041
59 5277
59 5301
60 2521
60 2606
60 4075
60 4171
60 4523
64 1255
65 852
65 1793
68 5021
69 4832
70 5046
72 100
72 729
72 839
72 1753
72 2389
72 2888
72 4216
72 4947
73 138
73 570
73 762
73 921
73 1012
73 1242
73 1268
73 2255
73 2650
73 4171
73 4582
73 4949
74 226
74 2727
74 3166
74 4000
75 573
75 1268
75 2158
75 2589
75 3023
75 3984
75 4731
75 4798
75 4839
75 4949
75 5177
76 83
76 133
76 138
76 141
76 156
76 158
76 196
76 255
76 280
76 297
76 326
76 405
76 434
76 446
76 447
76 455
76 461
76 539
76 577
76 621
76 634
76 712
76 729
76 762
76 809
76 813
76 823
76 852
76 963
76 1002
76 1005
76 1007
76 1012
76 1057
76 1106
76 1179
76 1198
76 1206
76 1232
76 1255
76 1268
76 1298
76 1375
76 1807
76 1915
76 1959
76 2052
76 2254
76 2377
76 2455
76 2583
76 2603
76 2627
76 2674
76 2756
76 2762
76 2800
76 2868
76 2919
76 2930
76 2970
76 3158
76 3166
76 3171
76 3313
76 3329
76 3540
76 3578
76 3636
76 3639
76 3723
76 3727
76 3745
76 3850
76 3865
76 3928
76 3984
76 4116
76 4171
76 4232
76 4280
76 4333
76 4370
76 4527
76 4577
76 4632
76 4634
76 4771
76 4783
76 4822
76 4832
76 4878
76 4891
76 4949
76 5041
76 5070
76 5080
76 5100
76 5107
76 5114
76 5119
76 5143
76 5146
76 5164
76 5194
76 5195
76 5204
76 5215
76 5221
76 5230
76 5233
76 5234
76 5243
76 5258
76 5286
76 5289
76 5292
77 1753
77 1793
77 2027
77 5072
77 5127
79 893
79 5132
80 405
80 1915
80 2527
83 158
83 1359
83 1600
83 1623
83 2692
83 2694
83 2868
83 3024
83 3158
83 3160
83 4110
83 4577
83 4766
83 5064
83 5246
83 5277
84 134
84 1917
84 2472
84 3874
84 4171
87 5258
88 158
88 963
88 1206
88 1255
88 4232
88 4523
88 5041
88 5100
88 5169
88 5239
90 634
90 2839
90 3158
94 1255
94 1600
95 712
95 1510
95 2527
95 2762
95 3265
95 3540
95 3819
95 4297
95 4577
95 5030
95 5066
95 5179
96 133
96 280
96 570
96 762
96 836
96 1612
96 1742
96 2650
96 3030
96 3505
96 4333
96 4910
96 5018
97 226
97 1255
97 1366
97 1441
97 1742
97 3727
97 4265
97 4297
97 4634
98 839
100 236
100 339
100 388
100 836
100 991
100 1223
100 1375
100 1563
100 1753
100 1755
100 1877
100 1879
100 1917
100 1925
100 2149
100 2603
100 5088
101 928
101 968
101 3484
103 1593
108 138
108 226
108 729
108 4994
108 5174
109 4885
110 1164
110 1753
110 1879
110 3975
110 4080
113 1527
114 280
114 2472
115 304
115 407
115 442
115 1458
115 1576
115 2340
115 2756
115 5237
120 297
120 580
120 1164
120 2720
120 3545
120 4138
120 4765
121 2650
121 3865
122 1426
123 153
123 2333
123 2472
123 2694
123 2762
123 3613
123 4882
123 5161
128 805
128 1268
128 2694
131 5290
133 315
133 857
133 2529
133 2762
133 2919
133 3948
133 5214
134 461
134 539
134 573
134 1017
134 1510
134 1793
134 2052
134 3405
134 3484
135 4150
136 1242
136 1300
136 1540
136 3030
138 226
138 565
138 570
138 641
138 728
138 730
138 820
138 852
138 1011
138 1115
138 1206
138 1255
138 1256
138 1268
138 1333
138 1375
138 1608
138 1675
138 1820
138 2052
138 2650
138 2668
138 2767
138 2845
138 2868
138 2884
138 2909
138 2956
138 3145
138 3158
138 3515
138 3582
138 3745
138 3783
138 4113
138 4265
138 4783
138 4935
138 4949
138 5015
138 5041
138 5085
138 5146
138 5237
140 236
140 2158
140 2728
140 2888
140 4113
140 4150
140 4949
141 461
141 519
141 963
148 4949
151 3171
153 374
153 465
153 893
153 963
153 995
153 1256
153 2627
153 2694
153 2728
153 2762
153 3545
153 3785
153 4187
153 4924
153 5041
153 5098
153 5132
153 5152
153 5163
153 5235
156 255
156 539
156 730
156 839
156 1002
156 1268
156 1359
156 1375
156 1413
156 1879
156 2142
156 2583
156 2611
156 3490
156 4577
156 4924
157 4333
158 311
158 881
158 1115
158 1917
158 2089
158 2149
158 2382
158 2845
158 3145
158 3417
158 3578
158 3657
158 3727
158 3928
158 4232
158 4590
158 4727
158 4771
158 4895
158 4949
158 5003
158 5032
158 5041
158 5067
158 5107
158 5142
158 5165
158 5198
158 5239
158 5249
158 5258
158 5265
158 5266
158 5302
159 1036
162 405
162 824
162 839
162 963
162 3110
167 335
167 461
167 1561
167 1742
174 993
174 4877
175 1268
175 2694
175 4216
184 423
184 446
184 1041
184 2472
184 2762
184 3171
184 3723
184 3865
184 3928
184 5065
184 5137
186 839
190 5296
190 5298
195 370
195 1753
195 1793
195 1917
195 2158
195 2307
195 2650
195 3874
195 4896
196 236
196 258
196 280
196 370
196 455
196 519
196 610
196 633
196 881
196 886
196 1164
196 1426
196 1623
196 1742
196 1753
196 1763
196 2081
196 2086
196 2455
196 2611
196 2694
196 2762
196 2767
196 2845
196 3122
196 3313
196 3322
196 3329
196 3422
196 3599
196 3613
196 3917
196 3984
196 4138
196 4489
196 4572
196 4577
196 4582
196 4803
196 4896
196 4956
196 5015
196 5050
196 5065
196 5069
196 5085
196 5174
196 5223
196 5228
199 696
199 2649
199 4690
201 1206
202 5124
204 1057
204 2692
204 2756
206 247
206 839
206 1801
206 2027
206 2389
206 2694
206 2762
206 3900
206 4419
206 4477
206 5174
218 5077
226 570
226 729
226 1106
226 1612
226 1675
226 2062
226 2111
226 2255
226 2389
226 2472
226 2529
226 2603
226 2650
226 2756
226 2762
226 2845
226 3158
226 3392
226 3505
226 3745
226 3874
226 4297
226 4896
226 5041
226 5135
226 5185
236 280
236 573
236 633
236 789
236 839
236 904
236 1164
236 1242
236 1375
236 1793
236 1818
236 1864
236 1877
236 2741
236 2868
236 3745
236 3799
236 3928
236 4080
236 4171
236 4236
236 4317
236 4419
236 4445
236 4727
236 4924
236 4949
236 5179
238 2030
239 712
239 3024
240 805
240 4771
246 4577
247 1801
247 2473
249 570
249 621
249 634
249 712
249 1039
249 1990
249 2319
249 3267
249 3928
249 5116
249 5143
249 5146
253 1053
253 1763
253 3204
253 4171
255 4909
255 5100
258 280
258 303
258 570
258 659
258 729
258 881
258 963
258 1365
258 1561
258 1763
258 1985
258 2319
258 2694
258 3046
258 3322
258 3477
258 4171
258 4333
258 4888
258 4895
258 5014
258 5190
259 2767
259 4352
270 297
275 339
280 297
280 406
280 539
280 570
280 621
280 659
280 682
280 809
280 852
280 881
280 922
280 963
280 1039
280 1115
280 1268
280 1365
280 1375
280 1422
280 1543
280 1552
280 1561
280 1576
280 1600
280 1636
280 1774
280 1779
280 2052
280 2086
280 2132
280 2437
280 2472
280 2521
280 2526
280 2529
280 2583
280 2589
280 2660
280 2692
280 2694
280 2756
280 2762
280 2825
280 2868
280 2919
280 3064
280 3166
280 3401
280 3515
280 3636
280 3727
280 3745
280 3799
280 3865
280 4050
280 4382
280 4523
280 4641
280 4749
280 4756
280 4771
280 4885
280 4891
280 4909
280 4949
280 5007
280 5041
280 5049
280 5106
280 5117
280 5169
280 5173
280 5190
280 5194
280 5197
280 5198
280 5230
280 5270
283 1053
283 3928
285 1039
286 1763
286 2253
286 2455
286 3613
286 4187
286 4473
287 634
287 928
287 948
287 2319
287 2389
287 2961
287 3745
287 4267
287 5116
287 5201
289 4100
290 2297
290 3123
290 3785
290 4280
290 4998
291 1054
297 367
297 451
297 455
297 504
297 696
297 1144
297 1300
297 1785
297 2374
297 2526
297 3322
297 3453
297 3613
297 4370
297 5048
297 5188
301 3984
302 1755
302 2694
303 5052
304 442
304 539
304 872
304 1915
304 2307
304 2930
304 3313
307 2589
307 3453
311 820
311 3785
311 3984
312 5293
315 434
315 1198
315 2455
315 3171
315 4349
315 4813
315 4879
315 4949
315 5018
318 729
318 2418
318 5122
335 1321
335 1742
338 1017
339 1017
339 1298
339 3900
345 2583
347 370
347 1917
347 2930
347 2948
347 4000
348 1824
348 2149
348 3122
348 5255
348 5298
351 5100
354 2888
358 1563
367 455
367 1206
367 3313
367 3745
370 621
370 712
370 762
370 917
370 963
370 997
370 1179
370 1563
370 1612
370 1742
370 1996
370 2030
370 2307
370 2839
370 2948
370 3122
370 4110
370 4216
370 4333
370 4528
370 4577
370 4632
370 4896
370 4956
370 5035
370 5050
370 5132
370 5174
370 5220
370 5238
370 5243
370 5277
372 3160
374 3545
374 4748
382 4949
383 4527
383 5033
388 1793
388 2053
388 2412
390 1255
391 3783
391 4216
394 539
394 1527
394 1753
396 5211
397 1005
397 4077
404 5086
405 1576
405 3636
405 4839
406 2919
407 461
407 1333
407 2919
407 3613
407 4600
407 4957
407 5083
407 5160
412 5062
412 5156
414 5220
423 2670
429 5255
433 2423
434 562
434 1206
434 2762
434 2767
434 3313
434 3636
434 4141
434 4523
434 4909
434 4949
434 5028
434 5120
441 969
441 2868
442 1002
442 1763
442 2728
442 2800
442 3461
442 3882
442 4171
442 4702
442 5021
442 5202
442 5203
442 5235
446 577
446 1115
446 1831
446 3145
446 3477
446 3578
446 3636
446 4949
446 5295
447 455
447 1005
447 1709
447 2046
447 2089
447 3636
447 4949
447 5065
447 5220
448 2204
448 3984
448 5041
451 455
451 634
451 1794
451 2764
451 3146
451 3943
451 4968
455 531
455 1106
455 1115
455 1265
455 1361
455 1365
455 1561
455 1576
455 1742
455 1763
455 1768
455 1831
455 1985
455 2124
455 2132
455 2521
455 2534
455 2583
455 2627
455 2650
455 2756
455 2762
455 2820
455 2868
455 3145
455 3313
455 3369
455 3442
455 3636
455 4727
455 4831
455 4872
455 4888
455 5007
455 5125
455 5187
455 5195
455 5210
455 5214
455 5220
455 5224
455 5258
455 5276
455 5292
455 5295
455 5301
455 5304
455 5308
458 4585
461 505
461 573
461 577
461 729
461 837
461 859
461 881
461 1255
461 1359
461 1375
461 1561
461 1563
461 1661
461 1753
461 1793
461 1917
461 1925
461 2142
461 2191
461 2204
461 2307
461 2319
461 2324
461 2412
461 2582
461 2603
461 2756
461 2783
461 2786
461 2823
461 2839
461 3122
461 3313
461 3636
461 3928
461 4216
461 4333
461 4684
461 4727
461 4756
461 4771
461 4822
461 4888
461 4949
461 5061
461 5064
461 5065
461 5138
461 5141
461 5181
461 5204
461 5205
461 5221
461 5229
461 5277
477 610
478 1763
478 3967
478 4641
481 852
486 4577
503 993
503 1106
503 3943
503 5062
506 1012
506 1206
506 5065
507 1361
510 5039
515 2868
515 3838
519 659
519 881
519 1510
519 2915
524 1941
528 5065
528 5302
531 963
531 5084
531 5240
536 1057
536 3945
539 570
539 577
539 659
539 730
539 762
539 813
539 875
539 881
539 891
539 991
539 1002
539 1115
539 1268
539 1322
539 1375
539 1390
539 1413
539 1527
539 1636
539 1661
539 1753
539 1915
539 1942
539 1959
539 2052
539 2204
539 2307
539 2412
539 2529
539 2583
539 2589
539 2603
539 2682
539 2694
539 3110
539 3171
539 3185
539 3717
539 3874
539 3984
539 4151
539 4171
539 4297
539 4632
539 4670
539 4673
539 4727
539 4877
539 4888
539 4910
539 4949
539 5013
539 5025
539 5137
539 5140
539 5267
544 2469
556 3145
556 3171
556 3712
556 4646
556 4920
556 5125
562 5007
562 5014
563 3030
563 3171
563 4419
563 4781
563 5065
563 5136
563 5277
565 1561
565 3115
568 5032
570 746
570 762
570 805
570 881
570 904
570 1053
570 1255
570 1561
570 1612
570 1625
570 1742
570 1753
570 1818
570 2062
570 2081
570 2169
570 2255
570 2606
570 2650
570 2674
570 2845
570 2868
570 2888
570 2909
570 3052
570 3505
570 3785
570 3874
570 4046
570 4333
570 4419
570 4673
570 4771
570 5041
570 5065
570 5082
570 5176
570 5179
570 5245
570 5258
572 729
572 839
572 1753
572 2126
572 2307
572 3745
573 1612
573 1793
573 2598
573 3710
573 4333
573 4949
573 5189
577 712
577 1576
577 2158
577 2472
577 2762
577 2821
577 2956
577 3160
577 3171
577 4577
577 4910
577 4949
577 5302
580 2771
586 1915
586 4910
586 5138
589 4885
592 4577
599 3171
600 5011
610 2954
610 5054
613 712
613 1060
613 1895
613 2728
613 3011
613 3477
613 3797
613 4110
613 4280
613 5081
613 5084
613 5137
613 5223
618 809
618 1724
618 2919
618 2989
618 3024
618 3865
618 4993
618 5047
618 5065
620 5214
621 712
621 893
621 904
621 917
621 963
621 1623
621 1807
621 2158
621 2278
621 2868
621 2961
621 3123
621 3166
621 3723
621 3745
621 3928
621 4150
621 4265
621 4280
621 4333
621 4544
621 4803
621 4822
621 4879
621 4949
621 5018
621 5029
621 5042
621 5046
621 5065
621 5066
621 5067
621 5084
621 5107
621 5210
621 5216
621 5260
621 5305
633 938
633 1233
633 1763
633 3928
633 4138
633 4367
633 4949
633 5078
633 5090
633 5162
633 5276
634 721
634 1910
634 2027
634 3515
634 5116
641 762
641 852
641 881
641 1333
641 1636
641 1831
641 2650
641 3515
641 3636
641 3745
641 3984
641 4171
641 4600
641 4786
641 5023
641 5053
644 4026
647 948
647 1268
647 2214
647 2389
647 2472
647 4882
647 5095
659 762
659 881
659 904
659 1115
659 1140
659 1359
659 1763
659 1831
659 1845
659 2089
659 2223
659 2868
659 3046
659 3122
659 3444
659 3723
659 4577
659 4765
659 4771
659 4949
659 5147
659 5175
659 5277
677 4507
682 809
682 839
682 2499
682 2868
686 1106
686 4141
686 5055
686 5207
691 1005
691 1206
691 3313
692 3046
693 4807
703 3843
712 1623
712 2038
712 2724
712 2762
712 2821
712 3024
712 3171
726 1600
728 1256
728 2583
728 3578
728 3745
728 3928
728 4297
728 5231
729 805
729 852
729 904
729 1057
729 1106
729 1255
729 1265
729 1763
729 1768
729 1917
729 2307
729 2418
729 2455
729 2472
729 2694
729 2943
729 3405
729 3756
729 4110
729 4544
729 4582
729 4632
729 4702
729 4771
729 4831
729 4949
729 5013
729 5031
729 5146
730 1793
730 2255
730 2948
730 4171
736 1392
736 1985
736 3329
736 3785
736 4100
736 4528
762 789
762 852
762 963
762 1106
762 1268
762 1361
762 1612
762 1753
762 1941
762 2062
762 2089
762 2423
762 2628
762 2650
762 2668
762 2845
762 2868
762 3030
762 3158
762 3785
762 4113
762 4265
762 4582
762 4632
762 4646
762 4896
762 4935
762 4949
762 4994
762 5028
762 5031
762 5036
762 5239
762 5258
774 5248
779 1709
779 1877
779 2472
779 5174
789 1017
789 5193
789 5243
796 2762
803 893
803 1012
803 2256
803 2687
803 2775
803 2930
803 4140
803 4839
803 5018
803 5084
805 1255
805 2123
805 2307
805 3030
805 3484
809 813
809 2052
809 2728
809 3024
809 5194
809 5258
810 1255
813 823
813 1831
813 3874
813 4368
820 1359
821 2694
821 3329
821 4380
821 5015
823 1053
823 2762
823 5191
823 5221
823 5294
826 1527
826 2472
826 3030
834 1106
834 3717
836 1742
836 1755
836 1877
836 2081
836 2845
836 3785
836 4949
836 5216
836 5305
837 2084
837 3613
837 3984
837 5067
837 5188
839 963
839 1012
839 1298
839 1365
839 1636
839 1774
839 1807
839 1917
839 1985
839 2149
839 2472
839 3122
839 3874
839 4877
839 4891
839 5126
846 1268
846 2694
846 3000
846 5095
852 1051
852 1115
852 1612
852 1768
852 1831
852 2052
852 2177
852 2529
852 2589
852 2756
852 2868
852 3458
852 3582
852 3636
852 3928
852 4113
852 4151
852 4501
852 4786
852 4911
852 4949
852 5031
852 5062
852 5086
852 5110
852 5146
852 5261
852 5271
852 5284
857 4481
859 963
859 4216
873 4870
875 897
875 968
875 1255
875 1298
875 2111
875 4080
875 4332
881 897
881 948
881 963
881 1005
881 1057
881 1242
881 1361
881 1561
881 1576
881 1717
881 1779
881 1831
881 2081
881 2089
881 2158
881 2534
881 2583
881 2694
881 2845
881 2868
881 2888
881 3122
881 3657
881 3745
881 3874
881 3984
881 4297
881 4523
881 4771
881 4896
881 4971
881 5220
881 5245
883 1612
883 2418
886 2767
886 4050
886 4924
893 1349
893 1958
893 2052
893 2650
893 2762
893 3078
893 3161
893 3457
893 3613
895 2682
897 1242
897 1742
897 1915
897 1994
897 2081
904 1053
904 1774
904 2822
904 2919
904 3024
904 3122
904 4031
904 4280
904 4577
904 5302
904 5305
907 1256
907 4771
910 1106
910 4323
917 1561
917 4910
917 4949
919 1625
921 1012
921 2529
921 2627
921 2756
921 3515
922 2694
922 3401
922 5086
928 1877
928 5041
928 5174
938 1395
938 5182
946 1057
946 2583
946 2823
946 4187
946 5097
948 1231
948 1268
948 1877
948 2191
948 2214
948 2254
948 2389
948 2472
948 3484
948 3874
948 3928
948 4419
948 4734
948 4771
948 4891
948 4961
948 5048
963 1106
963 1242
963 1255
963 1375
963 1392
963 1563
963 1600
963 1807
963 2589
963 2692
963 2923
963 3850
963 3975
963 4141
963 4370
963 4641
963 4771
963 4896
963 5270
963 5275
968 1242
968 1255
968 1753
968 2027
968 2255
968 2412
968 4226
969 1198
969 1636
993 1612
993 1636
993 1915
993 3943
993 5092
993 5119
995 1763
995 1787
995 2053
995 2820
995 3026
995 4382
995 4783
997 2526
997 4528
997 4577
1002 1359
1002 1365
1002 1563
1002 1612
1002 2252
1002 2437
1002 2603
1002 2694
1002 2868
1002 3540
1002 3717
1002 3727
1002 4577
1002 4727
1002 4949
1002 5001
1002 5161
1002 5232
1002 5256
1002 5264
1002 5294
1005 1361
1005 1540
1005 1917
1005 1994
1005 2046
1005 2762
1005 3458
1005 3477
1005 3501
1005 3636
1005 3945
1005 4403
1005 4535
1005 4577
1005 4746
1005 4949
1005 5098
1005 5261
1005 5292
1006 1034
1006 2019
1006 2286
1006 2599
1006 2956
1006 4216
1007 2437
1007 5082
1011 5258
1012 1115
1012 1206
1012 1255
1012 1552
1012 1820
1012 1844
1012 2266
1012 2437
1012 2526
1012 2529
1012 2762
1012 2767
1012 2868
1012 3484
1012 3668
1012 4151
1012 4629
1012 4783
1012 4909
1012 4949
1012 5100
1012 5108
1012 5111
1012 5132
1012 5134
1012 5245
1017 1268
1017 1278
1017 1646
1017 1877
1017 2771
1017 3122
1017 3528
1017 4332
1017 4370
1017 4577
1017 5016
1017 5213
1023 1106
1023 2389
1023 2472
1036 2225
1036 3724
1036 5091
1038 1636
1038 1763
1038 3077
1039 1141
1039 2024
1039 2318
1039 2488
1039 2504
1039 2529
1039 2627
1039 2756
1039 2762
1039 3026
1039 3046
1039 3515
1039 4488
1039 4786
1039 5082
1039 5143
1041 1576
1041 4345
1051 2529
1051 2756
1051 3515
1051 3636
1051 5146
1051 5234
1053 1057
1053 1268
1053 3785
1053 3874
1057 1400
1057 2016
1057 2132
1057 2583
1057 2762
1057 2961
1057 3811
1057 4572
1057 5176
1057 5234
1057 5237
1057 5274
1060 1375
1060 1985
1060 2582
1070 2177
1091 2762
1097 1164
1097 1753
1106 1255
1106 1421
1106 1675
1106 2132
1106 2188
1106 2223
1106 2583
1106 2627
1106 2868
1106 2915
1106 2919
1106 2954
1106 3636
1106 3727
1106 3760
1106 3865
1106 3984
1106 4297
1106 4372
1106 4380
1106 4771
1106 4827
1106 4891
1106 4949
1106 5036
1106 5104
1106 5179
1106 5227
1106 5265
1115 1636
1115 2057
1115 2589
1115 2627
1115 2668
1115 2756
1115 3453
1115 3984
1115 4141
1115 4872
1115 4924
1115 4949
1115 5265
1122 5173
1128 5228
1135 2307
1135 5093
1137 4771
1140 5065
1141 1365
1141 2888
1141 4832
1145 1793
1145 1917
1145 4113
1145 4523
1147 1255
1164 2027
1164 2423
1164 3405
1164 4080
1164 5195
1171 1612
1171 2324
1172 1636
1177 2529
1177 3545
1177 3928
1177 4238
1177 5041
1177 5262
1179 1763
1179 1879
1179 2086
1179 3107
1179 3381
1179 4243
1179 4860
1179 5041
1179 5220
1185 2731
1198 1265
1198 1763
1198 5065
1198 5292
1206 1256
1206 2132
1206 2488
1206 2627
1206 3046
1206 3313
1206 3412
1206 3613
1206 4187
1206 4582
1206 4949
1206 5015
1206 5041
1231 4949
1232 1661
1232 1915
1233 1540
1242 1359
1242 1753
1242 1864
1242 2589
1242 2919
1242 3811
1242 3951
1242 4171
1242 4232
1244 5010
1255 1290
1255 2027
1255 2123
1255 2603
1255 2650
1255 2756
1255 2839
1255 2884
1255 3484
1255 3505
1255 3636
1255 3710
1255 3745
1255 3811
1255 4236
1255 4333
1255 4771
1255 4935
1255 4949
1255 5013
1255 5041
1255 5051
1255 5053
1255 5116
1255 5176
1255 5189
1255 5200
1255 5221
1255 5297
1256 2670
1256 2756
1256 3578
1256 4684
1256 4731
1256 5089
1258 4577
1265 1992
1265 2650
1265 3329
1265 3405
1265 3545
1265 3984
1265 4110
1265 4572
1265 4646
1265 4831
1265 5199
1268 1413
1268 1661
1268 1742
1268 1753
1268 1925
1268 1942
1268 2191
1268 2468
1268 2603
1268 2694
1268 2868
1268 2884
1268 2888
1268 3122
1268 3405
1268 3710
1268 3783
1268 4216
1268 4419
1268 4807
1268 4822
1268 4844
1268 4949
1268 4987
1268 5028
1268 5120
1268 5129
1268 5149
1268 5176
1268 5228
1268 5233
1268 5236
1268 5258
1268 5273
1268 5305
1271 4368
1276 3026
1278 1543
1278 1742
1278 3967
1278 4113
1278 5050
1286 2868
1298 1917
1298 2307
1298 2324
1298 2468
1298 2472
1298 4113
1300 2234
1300 4286
1300 4910
1304 1763
1304 2124
1304 3599
1304 5142
1306 2823
1312 5208
1320 2694
1321 5066
1322 2389
1322 2455
1322 2762
1322 2970
1322 3313
1322 4637
1322 4765
1333 1576
1333 1608
1333 1636
1333 2771
1333 3613
1333 3636
1359 1540
1359 2728
1359 2767
1359 3490
1359 3893
1359 4151
1359 5037
1359 5104
1359 5137
1361 2670
1361 4771
1361 4949
1361 5292
1365 1540
1365 1812
1365 1831
1365 2223
1365 2455
1365 2529
1365 2589
1365 2756
1365 2762
1365 2868
1365 3046
1365 3578
1365 3727
1365 3785
1365 3984
1365 4200
1365 5053
1365 5293
1366 1441
1366 2831
1369 5026
1369 5297
1375 1413
1375 1661
1375 1667
1375 1753
1375 1915
1375 1917
1375 2158
1375 2468
1375 2504
1375 2603
1375 3693
1375 4141
1375 4171
1375 5053
1375 5080
1375 5140
1375 5150
1375 5157
1375 5205
1375 5229
1375 5275
1383 3865
1388 2756
1390 3458
1390 4727
1392 2839
1392 4031
1392 4528
1392 5098
1413 1510
1413 2191
1413 2603
1413 2771
1413 2868
1413 3405
1413 3783
1413 4727
1413 5065
1413 5066
1413 5084
1413 5233
1413 5302
1415 4138
1421 2455
1421 5109
1422 1917
1425 5248
1426 2823
1436 3046
1469 2124
1470 1576
1470 3745
1474 1959
1476 2428
1476 3745
1501 3943
1501 3984
1510 1517
1510 1540
1510 2412
1510 2762
1510 3865
1510 4180
1510 4756
1510 5168
1510 5231
1510 5261
1510 5267
1515 1985
1517 4419
1521 2062
1521 2418
1525 2124
1527 2255
1527 4419
1527 5174
1540 2254
1540 2412
1540 2457
1540 2582
1540 2762
1540 2820
1540 2868
1540 3313
1540 3893
1540 4727
1540 4756
1540 4798
1540 4822
1540 4885
1540 4949
1540 5128
1540 5137
1540 5183
1543 2030
1543 2767
1543 4059
1551 3883
1552 2529
1552 5132
1554 3515
1554 5047
1561 1915
1561 2720
1561 3313
1561 3657
1561 4171
1561 4862
1561 5028
1561 5073
1561 5302
1563 1753
1563 1917
1563 3484
1563 4896
1563 5238
1576 2132
1576 2248
1576 3024
1576 3171
1576 3636
1576 3745
1576 3928
1576 4254
1576 4727
1576 5146
1576 5191
1576 5207
1576 5237
1576 5240
1576 5243
1581 2027
1581 4882
1583 2762
1598 1804
1600 1877
1600 2030
1600 2694
1600 3874
1602 4888
1612 1793
1612 2650
1612 2767
1612 2868
1612 3030
1612 3123
1612 3405
1612 3984
1612 4702
1612 4783
1612 4910
1612 5035
1622 4297
1622 5185
1623 1763
1623 2030
1623 4920
1636 1812
1636 2027
1636 2052
1636 2668
1636 2670
1636 2692
1636 2728
1636 2762
1636 2820
1636 2868
1636 3158
1636 3166
1636 3258
1636 3636
1636 3717
1636 3745
1636 3785
1636 3865
1636 3984
1636 4181
1636 4228
1636 4232
1636 4577
1636 4590
1636 4625
1636 4727
1636 4949
1636 4957
1636 5023
1636 5053
1636 5067
1636 5077
1636 5109
1636 5125
1636 5137
1636 5150
1636 5164
1636 5177
1636 5180
1636 5183
1636 5191
1636 5207
1636 5287
1640 4332
1640 4532
1657 1787
1657 4759
1657 5132
1661 1825
1661 2943
1661 4171
1661 4536
1661 4811
1661 5053
1661 5140
1661 5262
1663 5007
1666 5214
1672 5296
1675 4038
1702 3900
1709 2307
1709 3484
1717 2756
1724 4879
1724 5046
1724 5186
1732 2062
1732 4138
1732 5302
1737 4368
1742 2081
1742 2589
1742 2762
1742 3024
1742 3122
1742 3313
1742 4113
1742 4956
1745 2762
1747 3865
1751 2943
1753 1807
1753 1864
1753 1917
1753 1985
1753 2204
1753 2252
1753 2318
1753 2319
1753 2412
1753 2423
1753 2603
1753 2919
1753 3110
1753 3326
1753 3484
1753 4080
1753 4216
1753 4267
1753 4333
1753 4419
1753 4632
1753 4673
1753 4807
1753 5031
1753 5032
1753 5036
1753 5049
1753 5053
1753 5071
1753 5176
1753 5228
1755 1877
1755 2158
1755 3030
1755 3166
1755 3900
1755 4419
1763 1768
1763 2455
1763 2767
1763 2771
1763 2868
1763 3145
1763 3313
1763 3337
1763 3613
1763 3785
1763 3838
1763 3850
1763 3917
1763 3928
1763 3984
1763 4059
1763 4100
1763 4138
1763 4199
1763 4451
1763 4456
1763 4544
1763 4572
1763 4641
1763 4765
1763 4895
1763 4931
1763 4962
1763 5015
1763 5060
1763 5062
1763 5065
1763 5066
1763 5142
1763 5165
1763 5179
1763 5186
1763 5222
1763 5223
1763 5228
1763 5231
1763 5242
1763 5257
1763 5282
1763 5283
1768 2583
1768 3515
1768 5010
1774 2529
1774 3984
1774 4771
1774 5053
1774 5295
1779 2223
1779 2307
1779 2954
1779 3787
1784 3958
1785 2581
1785 2762
1785 2821
1785 3727
1786 2149
1786 3636
1786 3858
1786 4138
1787 5134
1793 1917
1793 2027
1793 2255
1793 2603
1793 2650
1793 3453
1793 3785
1793 4190
1793 4333
1793 4577
1793 4879
1793 5189
1793 5200
1794 1825
1804 2188
1807 1917
1807 1959
1807 2650
1807 2767
1807 2930
1807 5036
1812 3727
1812 5148
1818 2030
1818 2650
1818 3166
1818 3785
1818 4978
1818 5046
1820 2062
1824 1972
1824 2821
1824 3313
1824 4372
1824 4419
1824 4546
1825 1915
1825 2504
1825 2603
1825 4888
1831 2529
1831 2583
1831 2756
1831 3313
1831 3727
1831 4297
1831 4771
1831 5057
1831 5065
1831 5195
1831 5203
1854 2694
1861 5119
1864 2599
1864 4216
1872 5112
1877 2030
1877 2472
1877 2694
1877 3687
1877 3785
1877 4419
1877 4544
1877 4771
1877 4896
1877 5063
1877 5174
1877 5221
1879 2324
1880 2756
1888 3046
1894 2052
1895 3984
1899 3026
1914 5119
1915 2132
1915 2307
1915 2762
1915 2930
1915 3171
1915 4171
1915 4366
1915 4577
1915 5053
1915 5140
1917 2126
1917 2149
1917 2204
1917 2307
1917 2318
1917 2321
1917 2412
1917 2526
1917 2823
1917 3067
1917 3265
1917 3712
1917 3785
1917 3874
1917 3943
1917 4297
1917 4419
1917 4509
1917 4993
1917 5009
1917 5159
1917 5220
1917 5252
1929 2534
1929 3636
1929 4582
1929 4860
1929 5082
1941 2062
1942 3344
1958 4141
1959 2762
1959 4190
1959 4280
1959 4523
1959 4641
1959 5041
1965 2253
1971 2412
1971 2956
1971 3687
1971 5051
1972 2762
1972 4370
1972 5250
1977 5041
1980 2472
1980 4546
1985 2132
1985 2756
1985 2845
1985 2868
1985 3422
1985 3511
1985 3572
1985 3745
1985 3865
1985 4562
1985 4585
1985 4813
1985 4878
1985 5079
1985 5195
1985 5202
1985 5222
1985 5234
1986 5058
1990 4031
1992 3984
1992 5128
1996 2307
1996 2823
1996 3313
1996 3975
1996 5220
2016 3613
2019 2053
2019 2286
2019 2956
2027 2158
2027 2583
2027 3785
2027 3900
2027 3984
2027 4332
2027 4962
2027 5029
2027 5072
2027 5285
2030 2324
2030 2358
2030 2694
2030 4031
2030 5231
2046 2369
2046 3128
2046 3636
2046 4527
2052 2389
2052 2694
2052 2756
2052 2868
2052 3484
2052 3501
2052 3613
2052 3636
2052 3984
2052 4634
2052 4811
2052 5013
2052 5039
2052 5051
2052 5086
2052 5149
2052 5156
2052 5168
2052 5195
2052 5249
2053 2412
2053 2682
2053 2868
2053 3417
2053 4528
2053 4670
2053 5031
2053 5071
2057 3453
2057 5065
2062 2650
2062 2909
2062 4113
2062 4150
2062 4994
2064 2504
2076 3613
2076 5074
2081 3980
2081 5254
2084 4771
2084 5291
2089 2762
2089 3745
2089 4187
2089 4872
2089 5028
2089 5030
2089 5231
2102 5181
2102 5234
2107 5174
2111 3505
2111 5049
2123 2720
2123 3785
2123 4177
2124 2223
2124 2627
2124 2762
2124 3582
2124 3984
2124 4646
2124 5068
2124 5292
2126 2307
2132 2222
2132 2248
2132 2254
2132 2307
2132 2437
2132 2767
2132 2868
2132 3046
2132 3128
2132 3171
2132 3313
2132 3636
2132 3661
2132 4888
2132 4949
2132 5065
2132 5152
2142 2412
2142 4949
2142 5167
2148 2756
2149 2307
2149 2319
2149 3024
2149 3375
2149 3405
2149 3409
2149 3874
2149 3900
2149 4370
2149 4419
2149 4860
2149 4949
2149 5031
2149 5226
2156 2527
2156 2868
2158 2389
2158 2888
2158 4314
2158 4419
2169 3313
2177 3578
2177 4151
2184 3900
2188 4523
2188 4585
2188 4949
2191 4171
2191 4419
2191 5124
2204 2915
2222 3745
2223 2762
2223 2868
2223 3166
2223 3984
2223 4528
2223 4756
2223 4771
2223 4909
2223 5005
2223 5015
2223 5152
2223 5162
2225 2720
2225 2767
2225 4920
2225 5079
2243 3984
2246 2868
2246 4862
2246 5073
2253 5226
2254 2583
2254 2728
2254 2756
2254 4216
2254 4507
2254 4577
2254 5249
2255 3484
2255 4138
2255 4771
2255 5174
2255 5212
2255 5280
2256 5007
2274 5018
2278 2582
2278 4280
2278 5215
2286 2956
2286 3717
2286 4216
2286 5057
2297 4150
2297 4998
2307 3874
2307 3948
2307 3984
2307 4370
2307 4798
2307 5129
2307 5132
2307 5220
2307 5233
2307 5244
2318 5108
2319 2668
2319 2694
2319 2961
2319 3158
2319 3843
2319 3900
2319 3975
2321 4909
2324 2472
2324 3687
2333 2694
2340 3727
2350 2762
2350 5143
2355 5070
2369 2583
2382 5041
2389 2403
2389 2472
2389 2840
2389 2888
2389 3000
2389 3171
2389 4038
2389 4171
2389 4177
2389 4267
2389 4333
2389 4419
2389 4596
2389 4891
2389 5022
2389 5051
2389 5116
2412 2603
2412 2820
2412 3030
2412 3158
2412 4297
2412 4536
2419 3405
2423 2694
2423 3484
2423 3710
2423 4177
2423 4333
2428 2589
2428 2868
2428 3392
2428 3727
2428 3745
2428 4577
2428 4756
2428 4771
2428 4860
2432 4731
2434 3578
2434 5133
2437 2682
2437 3745
2437 4546
2455 2582
2455 2583
2455 2598
2455 2606
2455 2650
2455 2694
2455 2756
2455 2762
2455 2767
2455 2845
2455 3026
2455 3865
2455 3917
2455 3984
2455 4159
2455 4349
2455 4577
2455 4888
2455 4949
2455 5024
2455 5041
2455 5069
2455 5085
2455 5126
2455 5130
2455 5169
2455 5248
2457 5119
2460 3727
2460 4232
2465 5037
2465 5105
2465 5162
2468 4771
2469 2845
2472 2473
2472 2668
2472 2756
2472 2762
2472 2956
2472 3171
2472 3501
2472 3843
2472 3984
2472 4110
2472 4546
2472 4596
2472 4771
2472 4882
2472 4891
2472 4949
2472 5127
2472 5172
2472 5181
2472 5189
2473 3900
2473 4370
2488 2529
2488 2756
2488 2762
2488 3046
2488 3578
2488 4641
2488 5146
2488 5270
2494 5170
2504 2694
2504 2915
2504 3313
2504 3785
2504 4811
2519 4577
2519 5119
2521 2583
2521 3928
2521 3980
2521 4297
2526 4280
2526 4382
2526 4577
2526 5158
2527 2611
2527 2868
2527 3501
2527 3613
2527 3636
2529 2756
2529 3046
2529 3122
2529 3453
2529 3515
2529 3578
2529 3677
2529 3745
2529 3785
2529 4949
2529 5015
2529 5041
2529 5143
2529 5146
2529 5214
2529 5245
2534 4297
2534 4641
2534 5243
2535 2668
2562 2767
2562 5294
2579 5131
2582 2650
2582 3613
2582 3984
2582 5121
2582 5248
2582 5281
2583 2611
2583 2756
2583 2762
2583 2767
2583 2868
2583 3171
2583 3636
2583 3843
2583 3865
2583 4297
2583 4363
2583 4368
2583 4727
2583 4910
2583 4949
2583 5053
2583 5058
2583 5128
2583 5150
2583 5183
2583 5195
2589 2668
2589 2728
2589 2756
2589 2868
2589 3166
2589 3176
2589 3313
2589 3928
2589 4632
2589 5007
2589 5146
2598 2868
2598 3943
2598 3948
2598 4949
2598 5174
2599 3785
2599 4987
2603 2956
2603 3799
2603 4216
2606 4909
2611 3613
2611 4187
2611 4708
2627 2756
2627 3046
2627 3599
2627 3613
2627 3745
2627 3856
2627 4488
2627 4908
2627 4949
2627 5074
2627 5224
2650 2704
2650 3030
2650 3158
2650 3484
2650 3572
2650 3636
2650 3727
2650 3785
2650 3900
2650 4181
2650 4333
2650 4338
2650 4562
2650 4896
2650 5031
2650 5209
2650 5237
2656 3636
2658 2694
2660 3515
2660 3582
2660 4151
2668 2868
2668 2970
2668 3217
2668 3865
2668 4632
2668 5119
2668 5221
2670 3046
2670 3458
2670 4140
2670 5151
2670 5269
2674 4171
2682 4419
2682 4673
2687 3838
2687 5018
2691 5155
2692 2762
2692 3046
2692 3171
2692 3477
2692 4702
2692 5196
2694 2868
2694 3000
2694 3083
2694 3313
2694 3475
2694 3636
2694 3710
2694 3874
2694 3900
2694 4102
2694 4177
2694 4333
2694 4370
2694 4419
2694 4477
2694 4882
2694 5007
2694 5085
2704 4234
2720 3122
2720 3945
2720 4332
2720 4577
2720 4765
2720 5213
2724 4171
2728 2767
2728 3501
2728 4577
2728 4926
2728 5152
2728 5190
2729 5238
2739 3613
2741 5094
2756 2823
2756 2868
2756 3023
2756 3046
2756 3171
2756 3258
2756 3515
2756 3578
2756 3613
2756 3636
2756 3745
2756 3799
2756 3856
2756 3984
2756 4140
2756 4141
2756 4641
2756 4684
2756 4771
2756 4905
2756 4949
2756 5041
2756 5047
2756 5064
2756 5067
2756 5089
2756 5146
2756 5183
2756 5195
2756 5214
2756 5235
2756 5241
2756 5261
2756 5271
2756 5274
2756 5275
2756 5284
2762 2767
2762 2820
2762 2868
2762 2919
2762 3030
2762 3122
2762 3171
2762 3453
2762 3511
2762 3613
2762 3636
2762 3727
2762 3745
2762 3785
2762 3816
2762 3928
2762 3945
2762 3980
2762 3984
2762 4031
2762 4050
2762 4110
2762 4171
2762 4180
2762 4187
2762 4236
2762 4370
2762 4565
2762 4577
2762 4832
2762 4839
2762 4908
2762 5024
2762 5043
2762 5045
2762 5053
2762 5082
2762 5084
2762 5105
2762 5125
2762 5132
2762 5134
2762 5138
2762 5145
2762 5156
2762 5184
2762 5206
2762 5223
2762 5251
2762 5253
2762 5260
2762 5295
2762 5299
2767 2821
2767 2956
2767 3329
2767 3501
2767 3545
2767 3745
2767 3843
2767 4171
2767 4187
2767 4298
2767 4562
2767 4585
2767 4702
2767 4771
2767 4844
2767 4889
2767 4949
2767 5041
2767 5195
2767 5202
2767 5210
2771 4370
2771 4765
2775 3745
2775 5007
2775 5065
2775 5084
2786 3783
2786 4916
2800 2868
2800 3984
2818 4831
2818 4895
2820 3515
2820 3928
2820 3984
2820 4110
2820 4138
2820 4467
2820 5065
2821 4562
2821 4577
2821 5044
2821 5046
2821 5065
2821 5260
2823 3171
2823 3636
2823 3745
2823 3850
2823 3928
2823 4297
2825 5128
2839 4113
2839 5041
2868 2961
2868 3044
2868 3078
2868 3158
2868 3405
2868 3636
2868 3745
2868 4138
2868 4283
2868 4366
2868 4403
2868 4590
2868 4646
2868 4684
2868 4909
2868 5065
2868 5105
2868 5204
2868 5243
2868 5251
2868 5258
2882 5157
2884 3458
2884 3515
2888 3745
2888 4046
2888 4267
2888 4333
2888 5103
2888 5179
2915 3337
2915 3727
2915 3745
2915 3928
2919 2934
2919 3171
2919 3727
2919 3850
2919 4187
2919 4949
2919 5008
2919 5019
2919 5041
2919 5053
2923 4368
2930 3329
2930 4110
2930 4390
2930 4949
2930 5101
2930 5297
2948 3453
2954 3024
2954 3515
2956 3984
2956 5237
2970 3475
2970 3636
2970 3984
2970 4632
2970 5100
2970 5195
2983 3945
2989 3171
2989 5053
3000 4419
3000 4546
3000 5172
3001 4238
3023 3515
3023 5261
3024 3405
3026 4577
3030 3948
3030 4150
3030 4896
3030 5036
3030 5100
3030 5200
3030 5233
3041 5174
3044 3636
3046 3388
3046 4113
3046 4771
3046 4908
3046 5146
3046 5270
3046 5288
3049 3930
3052 4419
3059 4031
3065 4577
3065 4727
3065 5085
3078 4949
3107 5132
3110 4985
3122 4577
3122 4641
3122 5016
3122 5213
3122 5218
3145 4283
3145 4366
3145 4839
3145 4931
3145 5075
3145 5235
3158 3578
3158 3850
3158 4844
3158 5117
3158 5215
3158 5285
3160 3405
3161 4832
3166 4226
3166 5136
3168 4839
3168 5090
3171 3819
3171 3865
3171 4232
3171 5008
3171 5036
3171 5065
3171 5070
3171 5076
3171 5114
3171 5225
3171 5232
3184 5137
3185 5100
3217 4535
3217 4994
3221 3475
3251 3385
3251 3580
3251 4999
3251 5011
3258 3515
3258 4908
3258 5017
3258 5124
3265 4171
3268 5007
3313 3329
3313 3578
3313 4236
3313 4714
3313 5040
3313 5271
3322 3984
3322 4138
3322 4813
3322 4949
3322 5126
3322 5243
3322 5247
3322 5257
3328 5119
3329 3541
3329 3687
3329 3984
3329 4896
3329 4949
3329 5041
3329 5277
3337 3928
3337 4949
3344 3543
3344 4451
3344 5044
3381 4822
3388 3417
3388 3687
3388 5223
3392 4323
3405 3415
3405 3484
3405 3710
3405 3783
3405 4309
3405 4419
3405 4523
3405 4546
3405 4771
3405 4831
3405 4882
3405 5016
3405 5032
3405 5038
3405 5101
3405 5189
3405 5192
3409 5199
3412 5125
3412 5289
3413 5027
3417 3676
3417 4528
3444 4216
3444 5078
3453 3458
3453 4822
3453 5014
3453 5270
3457 5123
3457 5154
3458 3850
3458 3946
3458 4140
3475 3636
3475 4238
3477 3613
3477 4949
3484 3710
3484 4419
3484 5212
3490 3785
3501 3613
3501 4181
3501 4830
3505 3785
3515 3578
3515 4113
3515 4887
3515 4908
3515 5015
3515 5047
3515 5146
3515 5211
3515 5243
3515 5284
3521 3613
3521 3984
3528 4332
3541 4896
3545 4138
3578 3636
3578 4641
3578 4754
3578 4908
3578 4949
3578 5047
3582 4577
3582 4783
3587 4187
3587 4646
3599 4171
3599 4367
3599 4839
3613 3984
3613 4585
3613 4820
3613 4949
3613 5011
3613 5060
3613 5064
3613 5074
3613 5161
3613 5188
3613 5304
3617 3980
3617 5096
3636 3661
3636 3717
3636 3745
3636 3945
3636 4283
3636 4297
3636 4839
3636 4844
3636 4949
3636 5007
3636 5096
3636 5146
3636 5188
3636 5227
3636 5237
3636 5254
3636 5293
3639 5058
3656 4140
3656 5309
3661 3945
3676 5146
3687 4813
3687 5270
3707 5146
3712 4366
3712 4999
3712 5115
3712 5118
3713 4634
3724 5091
3727 3745
3727 3787
3727 3791
3727 3811
3727 4523
3727 4949
3727 5008
3727 5036
3727 5041
3727 5136
3745 3865
3745 3874
3745 3928
3745 4141
3745 4171
3745 4232
3745 4309
3745 4382
3745 4702
3745 4771
3745 4888
3745 5015
3745 5028
3745 5048
3745 5085
3745 5134
3745 5138
3745 5146
3745 5258
3756 3948
3760 5265
3783 4419
3783 5056
3785 3893
3785 3900
3785 3943
3785 3984
3785 4113
3785 4280
3785 4382
3785 4419
3785 4994
3785 5139
3785 5146
3785 5166
3785 5178
3785 5189
3785 5279
3797 5119
3799 4727
3811 4577
3819 5008
3819 5053
3836 5145
3843 4138
3843 4641
3854 3945
3856 4113
3856 5146
3865 3893
3865 4280
3865 4286
3865 4577
3865 4908
3865 5007
3865 5041
3865 5065
3865 5163
3874 4216
3874 4232
3874 4297
3874 4364
3874 4419
3874 4924
3874 5041
3882 4032
3882 5084
3883 5041
3893 4181
3893 5292
3900 4419
3900 5127
3900 5153
3928 4110
3928 4180
3928 4283
3928 4297
3928 4451
3928 4577
3928 4636
3928 4949
3928 4961
3928 5028
3928 5030
3928 5048
3928 5060
3928 5078
3928 5132
3928 5191
3928 5223
3928 5231
3928 5266
3928 5267
3928 5277
3930 3975
3943 4110
3943 4544
3943 4562
3943 4949
3943 5067
3943 5145
3943 5258
3943 5277
3945 4238
3945 4366
3945 4646
3947 4636
3947 5078
3967 5034
3975 4080
3975 4961
3975 5174
3975 5212
3984 4138
3984 4187
3984 4199
3984 4507
3984 4783
3984 4822
3984 4895
3984 4949
3984 5053
3984 5074
3984 5109
3984 5123
3984 5126
3984 5187
3984 5188
3984 5196
3984 5237
3984 5243
3984 5283
3984 5304
4031 4896
4031 4910
4038 4419
4046 5041
4050 4909
4064 5155
4065 4283
4080 5042
4110 4544
4110 4949
4110 5270
4110 5307
4113 4304
4113 4488
4113 4786
4113 5015
4113 5243
4113 5258
4116 4949
4138 4382
4138 5065
4138 5154
4140 5053
4141 4831
4151 5110
4159 5179
4171 4297
4171 4323
4171 4577
4171 4585
4171 4670
4171 4811
4171 4949
4171 4969
4171 5025
4171 5028
4171 5049
4171 5113
4171 5136
4171 5167
4171 5223
4171 5258
4171 5280
4180 5231
4187 4236
4187 4577
4187 4831
4187 4872
4187 5010
4187 5011
4187 5119
4187 5144
4187 5231
4187 5245
4190 4949
4190 5114
4190 5243
4199 5272
4199 5273
4216 4388
4225 4390
4226 4994
4232 4727
4232 5065
4265 4910
4267 4419
4267 5041
4280 4297
4280 4577
4280 4879
4280 5120
4280 5259
4283 4366
4283 5045
4283 5125
4283 5292
4286 4388
4286 5036
4286 5100
4289 4949
4297 4419
4297 4536
4297 4577
4297 4702
4297 4969
4297 5053
4297 5146
4297 5237
4297 5259
4304 4949
4304 5146
4306 4727
4309 5202
4314 4910
4323 5080
4332 4370
4332 4985
4332 5020
4333 5176
4336 5128
4349 4523
4358 4615
4366 4646
4366 4909
4370 4765
4370 5044
4370 5171
4382 4771
4388 4949
4390 5297
4400 4771
4403 4577
4403 5011
4403 5065
4403 5150
4419 4546
4419 4673
4419 4961
4419 5022
4419 5026
4419 5036
4419 5038
4419 5051
4419 5174
4419 5189
4456 4956
4456 5099
4467 5214
4477 4546
4477 5174
4488 4949
4488 5243
4507 4577
4519 5191
4523 4562
4523 4882
4523 5032
4523 5053
4523 5093
4523 5120
4523 5136
4523 5174
4536 4811
4546 5174
4577 4582
4577 4765
4577 4888
4577 5008
4577 5053
4577 5156
4600 5028
4632 5100
4641 4949
4641 5050
4641 5065
4641 5067
4641 5146
4646 4831
4646 5037
4646 5219
4646 5283
4646 5301
4702 4910
4716 4839
4727 4771
4727 5065
4765 5213
4765 5278
4771 5181
4771 5185
4771 5291
4771 5305
4783 4949
4783 5012
4783 5025
4783 5039
4786 4908
4803 4896
4813 5041
4820 5065
4831 5165
4832 5082
4832 5134
4832 5243
4839 5084
4839 5085
4844 4848
4844 4949
4848 4949
4855 5141
4860 4916
4872 5253
4879 4949
4888 4895
4891 5102
4895 5138
4896 5041
4908 5111
4908 5125
4908 5164
4908 5214
4909 4924
4909 5210
4910 5005
4924 5065
4924 5067
4924 5304
4949 5065
4949 5146
4949 5217
4949 5241
4949 5245
4949 5306
4957 5160
4965 5087
4970 5121
4970 5148
4999 5118
5006 5287
5007 5028
5007 5084
5007 5125
5008 5065
5018 5042
5031 5036
5036 5132
5036 5232
5041 5104
5041 5123
5041 5149
5041 5239
5041 5285
5052 5057
5053 5056
5053 5180
5053 5200
5065 5164
5065 5222
5065 5232
5065 5254
5065 5256
5065 5283
5065 5304
5065 5305
5079 5186
5079 5228
5080 5081
5100 5210
5100 5239
5143 5146
5146 5258
5146 5270
5174 5189
5213 5218
5231 5232
5231 5247
5240 5241
5241 5243
5241 5292
5243 5245
5251 5253
5258 5263
5261 5284
5266 5268
5270 5307
5295 5300
5302 5303
