0 29
0 46
0 100
0 190
0 508
0 1106
0 1255
0 1384
0 1527
0 1917
0 2149
0 2255
0 2659
0 2674
0 3484
0 3505
0 4999
0 5450
0 5876
2 1106
2 2191
2 3026
3 199
3 2255
3 6048
4 2428
12 441
13 3254
13 5450
13 6207
14 119
14 881
14 2102
14 2158
14 2762
14 3874
14 4110
14 5009
14 5551
14 5605
14 5615
14 5680
14 6225
14 6231
19 141
19 240
19 577
19 781
19 948
19 2292
19 2767
19 2957
19 4031
19 4113
19 5415
19 5692
19 5987
19 6033
19 6087
19 6245
25 90
25 5720
25 6136
26 30
26 297
26 531
26 570
26 729
26 762
26 839
26 1005
26 1636
26 1917
26 1996
26 2255
26 4414
26 5053
26 5615
26 5676
26 5950
26 6033
26 6087
28 29
28 76
28 97
28 573
28 963
28 1612
28 3648
28 4523
28 5988
28 6221
29 138
29 407
29 610
29 1255
29 1732
29 1804
29 2111
29 2677
29 2860
29 3388
29 3806
29 3930
29 4031
29 4113
29 4632
29 5136
29 5215
29 5247
29 5294
29 5605
29 5615
29 5942
29 5946
29 5988
29 6010
29 6155
29 6204
30 573
30 1002
30 1005
30 4731
30 5141
30 5550
30 5982
30 6108
37 60
37 153
37 2297
41 938
41 1041
41 1115
41 1395
41 2512
41 2930
41 3745
41 5125
41 5261
41 5522
41 5676
41 5720
41 5853
41 5933
41 5939
41 5972
41 5976
41 6015
41 6173
42 75
42 76
42 117
42 158
42 383
42 539
42 729
42 837
42 875
42 1041
42 1200
42 1242
42 1390
42 1393
42 1560
42 1763
42 1824
42 1894
42 1917
42 1959
42 2027
42 2111
42 2158
42 2199
42 2670
42 2682
42 2956
42 3030
42 3377
42 3381
42 4226
42 4236
42 4333
42 4783
42 5261
42 5342
42 5459
42 5642
42 5724
42 5951
42 6121
42 6224
42 6285
42 6292
43 76
43 77
43 100
43 134
43 140
43 174
43 236
43 286
43 348
43 442
43 461
43 531
43 570
43 762
43 859
43 946
43 963
43 1036
43 1170
43 1255
43 1268
43 1369
43 1660
43 1742
43 1877
43 2102
43 2650
43 2820
43 3125
43 3543
43 3816
43 3951
43 4232
43 4333
43 4384
43 4431
43 4727
43 4971
43 5125
43 5215
43 5237
43 5294
43 5618
43 5699
43 5729
43 5812
43 5889
43 5894
43 5936
43 5946
43 5948
43 5967
43 5987
43 6002
43 6017
43 6044
43 6071
43 6084
43 6085
43 6088
43 6093
43 6128
43 6162
43 6172
43 6191
43 6208
43 6220
43 6267
43 6276
46 76
46 110
46 286
46 302
46 461
46 621
46 729
46 1268
46 1600
46 1755
46 2158
46 2236
46 2255
46 2423
46 3346
46 3405
46 3745
46 3943
46 3951
46 4419
46 4471
46 4783
46 5729
46 5965
46 5993
46 6008
46 6010
46 6027
46 6064
46 6162
46 6225
56 5991
56 6018
56 6287
57 4236
59 3281
59 6015
60 729
60 1013
60 1422
60 1936
60 2592
60 3329
60 4396
60 4402
60 6102
60 6225
61 921
64 948
64 2333
64 3543
65 2023
65 5744
68 2668
70 1337
73 89
73 138
73 852
73 1177
73 1255
73 1941
73 2489
73 2650
73 3030
73 3624
73 3648
73 4632
74 478
74 544
74 592
74 883
74 1737
74 3166
74 4523
74 6113
75 388
75 539
75 1268
75 1375
75 1393
75 1413
75 1540
75 1625
75 1877
75 2545
75 2599
75 2956
75 4199
75 4427
75 5229
75 5362
75 6001
75 6036
75 6219
76 89
76 90
76 96
76 100
76 138
76 154
76 240
76 249
76 280
76 434
76 461
76 539
76 570
76 618
76 729
76 921
76 948
76 978
76 1057
76 1177
76 1255
76 1602
76 1636
76 1691
76 1703
76 1763
76 1779
76 1792
76 1793
76 1894
76 1959
76 1996
76 2149
76 2158
76 2243
76 2377
76 2412
76 2423
76 2472
76 2534
76 2583
76 2589
76 2650
76 2674
76 3026
76 3158
76 3202
76 3368
76 3436
76 3484
76 3745
76 3806
76 4117
76 4280
76 4783
76 5127
76 5215
76 5294
76 5605
76 5615
76 5720
76 5729
76 5816
76 5853
76 5857
76 5936
76 5954
76 5994
76 6004
76 6108
76 6134
76 6220
76 6225
76 6252
76 6256
77 729
77 928
77 1977
77 2888
77 5515
79 4106
79 6013
80 948
80 1268
80 1636
80 2243
80 2428
80 5415
80 5551
80 5832
80 6144
80 6175
83 226
83 318
83 429
83 618
83 621
83 712
83 762
83 904
83 948
83 1223
83 1365
83 1622
83 1724
83 1818
83 2256
83 2529
83 3160
83 3166
83 3254
83 3381
83 4317
83 4523
83 5519
83 5642
83 5699
83 5988
83 5993
83 6132
83 6142
83 6147
84 3107
88 374
88 917
88 948
89 138
89 240
89 573
89 729
89 1255
89 1268
89 1636
89 3676
89 4949
90 1255
90 6034
94 196
94 218
94 904
94 4280
94 6225
95 852
95 859
95 1249
95 1793
95 3254
95 6074
96 240
96 570
96 634
96 1057
96 1268
96 3505
96 3648
96 5179
97 762
97 1612
97 1742
97 2158
97 3648
97 4113
97 4635
97 4783
97 5984
100 163
100 573
100 753
100 968
100 1268
100 1527
100 1786
100 1793
100 1824
100 1877
100 1917
100 2126
100 2158
100 2403
100 2406
100 2437
100 2472
100 4419
100 4771
100 5797
100 5933
100 6225
100 6293
101 921
101 1268
101 6254
103 1337
109 1365
109 5827
109 5945
109 5971
110 859
110 4419
110 6121
111 196
111 762
111 6262
113 948
113 1413
113 1825
113 3787
113 5967
113 6078
113 6164
113 6225
114 1413
114 1540
114 4113
115 620
115 5125
115 5931
115 6246
117 1148
117 1470
117 2019
117 2286
117 2472
117 2739
117 3239
117 5362
117 5720
118 267
120 431
120 610
120 2053
122 1005
122 6074
123 6181
124 434
124 3031
126 2286
126 3049
128 2149
128 3865
133 4031
134 442
134 461
134 852
134 2223
134 2529
134 2682
134 2692
134 3195
134 3727
134 4949
134 5618
134 6283
136 1501
138 153
138 158
138 286
138 531
138 570
138 729
138 1012
138 1177
138 1200
138 1206
138 1255
138 1413
138 1561
138 1691
138 1941
138 1977
138 1994
138 2158
138 2529
138 2592
138 2608
138 2674
138 2783
138 2845
138 3122
138 3329
138 3368
138 3764
138 4113
138 4151
138 4402
138 4517
138 4886
138 4935
138 5041
138 5305
138 5468
138 5682
138 5931
138 6103
138 6123
138 6266
140 3195
140 5480
141 691
153 280
153 383
153 852
153 1251
153 1636
153 1825
153 1959
153 2132
153 2256
153 2306
153 2868
153 3507
153 4390
153 5127
153 5248
153 5261
153 6087
153 6194
153 6225
153 6235
153 6278
153 6280
154 3026
154 5987
156 315
156 762
156 883
156 1268
156 2437
156 3166
156 5946
156 6225
158 240
158 280
158 286
158 565
158 762
158 948
158 1002
158 1170
158 1356
158 1602
158 1636
158 1691
158 1732
158 1740
158 1763
158 1785
158 1972
158 2102
158 2191
158 2236
158 2306
158 2423
158 2961
158 3026
158 3158
158 3283
158 3764
158 4216
158 4232
158 4488
158 4663
158 4727
158 4798
158 4957
158 4968
158 5006
158 5009
158 5041
158 5065
158 5100
158 5729
158 5857
158 5862
158 5912
158 5941
158 5954
158 5988
158 6002
158 6026
158 6033
158 6079
158 6087
158 6112
158 6119
158 6130
158 6155
158 6175
158 6184
158 6225
158 6228
158 6236
158 6263
162 539
162 656
162 1917
162 2045
162 2583
162 3756
162 5981
174 824
174 1804
174 2223
174 3745
174 3823
174 5440
174 5493
174 5633
174 5679
174 5982
174 6003
175 195
175 206
184 968
184 1057
184 1223
184 1255
184 1563
184 2650
184 2845
184 4590
190 539
190 762
190 810
190 823
190 904
190 946
190 1057
190 1255
190 1786
190 1793
190 2158
190 3543
190 6121
195 206
195 3377
195 6064
195 6073
195 6162
196 258
196 286
196 315
196 461
196 610
196 729
196 904
196 917
196 1359
196 1763
196 1818
196 1958
196 2423
196 2762
196 2957
196 3031
196 3329
196 3545
196 3648
196 3687
196 4159
196 5065
196 5136
196 5173
196 5870
196 5982
196 6062
196 6075
196 6118
196 6175
196 6225
199 236
199 3745
204 2313
204 3268
204 4957
204 5125
206 592
206 762
206 846
206 2472
216 5946
218 280
218 1419
218 2405
218 2767
218 3636
226 239
226 729
226 762
226 1793
226 2158
226 3505
226 4113
226 4632
226 4783
226 5135
226 5468
226 6167
235 1732
236 1268
236 1667
236 2412
238 610
240 3001
240 4151
240 5954
246 1924
246 1995
246 6294
249 570
249 1255
249 1527
249 1917
249 2319
249 2472
249 4419
253 696
253 837
258 407
258 852
258 1206
258 2437
258 2522
258 2728
258 3026
258 3543
258 3745
258 5125
258 5127
267 1106
280 621
280 881
280 1106
280 1115
280 1369
280 2111
280 2821
280 2868
280 3030
280 4783
280 4968
280 5125
280 6028
280 6210
286 633
286 729
286 762
286 1115
286 1255
286 1413
286 1742
286 1785
286 2208
286 2767
286 2957
286 4783
286 5041
286 5100
286 5932
286 5951
286 5963
286 5988
286 6005
286 6236
287 6172
289 1682
289 6278
290 338
302 431
302 2158
302 4031
304 1006
304 1885
304 5125
307 2243
307 3745
307 5699
307 6163
312 5362
315 610
315 1223
315 2107
315 2158
315 3171
315 3329
315 4523
315 6142
315 6225
332 1209
336 928
336 1581
337 1255
339 762
339 1413
339 2149
339 2236
348 573
348 1135
348 1971
348 6073
348 6102
348 6206
349 5173
349 6104
351 4332
370 531
370 621
370 708
370 820
370 852
370 1691
370 1763
370 1778
370 1779
370 1824
370 1917
370 2292
370 2762
370 2860
370 3122
370 3125
370 3745
370 3843
370 4159
370 5136
370 5943
370 5946
370 6102
370 6175
370 6196
370 6211
374 461
374 917
374 1115
374 1501
374 1936
374 2950
374 2957
374 4031
374 4783
374 5637
374 6087
374 6180
375 3281
383 1393
383 2762
383 3617
383 4924
383 5306
383 5724
388 2956
390 570
390 762
390 968
390 2169
390 3030
390 5978
391 5367
391 5944
402 3031
403 1057
403 5652
407 823
407 891
407 2545
407 4957
407 5127
407 6169
410 6059
412 2527
412 3381
412 3402
412 4280
412 5615
414 6118
423 1602
423 4382
424 5034
429 4615
431 568
431 1640
431 1824
431 2086
431 5926
431 5946
434 447
434 570
434 659
434 1148
434 1365
434 1636
434 1792
434 2455
434 3160
441 2423
442 556
442 613
442 852
442 1051
442 1057
442 1144
442 1322
442 1636
442 1844
442 3071
442 3158
442 3267
442 3457
442 3945
442 4403
442 4968
442 5125
442 5375
442 5551
442 5892
442 6024
442 6044
442 6049
442 6280
444 5493
446 4931
455 1959
455 2617
455 2950
455 3158
455 3281
455 3727
455 3945
455 5862
455 5929
455 5961
461 531
461 809
461 921
461 1177
461 1232
461 1300
461 1540
461 1959
461 2243
461 2529
461 2598
461 2640
461 3041
461 3171
461 3405
461 3745
461 3819
461 4031
461 4151
461 4390
461 4752
461 4783
461 5053
461 5267
461 5309
461 5415
461 5599
461 5720
461 5947
461 5950
461 6016
461 6051
461 6108
461 6175
461 6200
461 6256
475 2767
475 2783
475 5065
475 5995
477 3158
477 5605
477 6053
478 2864
478 5173
484 729
484 1742
484 4632
490 917
493 570
494 539
494 3107
501 3368
502 2423
508 1877
510 2340
515 2423
516 570
516 3166
516 6010
519 620
519 762
519 1005
519 5729
519 6201
528 2095
528 3477
528 5951
531 839
531 2158
531 3065
531 3745
531 3943
531 4117
531 5125
531 5931
531 6052
536 1005
536 1740
536 2095
536 3636
536 5476
536 6205
539 946
539 1369
539 1563
539 1667
539 1779
539 2236
539 3799
539 5744
539 5890
539 6242
544 4632
544 5681
556 2306
556 2617
556 3158
556 6015
563 682
563 1818
563 5305
565 6079
568 1106
568 2136
568 5946
570 659
570 729
570 762
570 875
570 904
570 1106
570 1177
570 1255
570 1256
570 1539
570 1691
570 1941
570 2062
570 2158
570 2428
570 2529
570 2727
570 2805
570 2845
570 2868
570 3281
570 5173
570 5179
570 5911
570 5957
570 6000
572 5998
573 2223
573 3158
573 4333
573 4731
573 5053
573 5615
573 5797
577 1036
577 1972
577 2118
577 2598
577 3171
577 3254
577 3545
577 4532
577 5618
577 6063
577 6085
577 6102
577 6142
577 6211
592 621
592 1144
592 1268
592 1804
592 2582
592 2821
592 3865
592 5943
592 6102
592 6113
599 5304
599 6072
599 6148
599 6177
599 6222
603 4151
603 4886
603 5793
608 6256
610 729
610 866
610 1057
610 1247
610 2158
610 2423
610 4523
610 5724
610 5946
610 5986
610 6003
610 6032
610 6051
610 6059
610 6062
610 6095
610 6134
610 6217
612 4831
612 5985
613 837
613 2158
613 2243
613 2512
613 4106
613 4677
613 4839
613 5065
613 5441
613 6272
618 1370
618 1740
618 1786
618 1807
618 2158
618 2592
618 2628
618 3171
618 3355
618 3545
618 3819
618 4544
618 4590
618 5036
618 5615
618 5912
618 5950
618 5993
618 6142
618 6199
618 6200
620 1361
620 1636
620 3474
620 4839
620 5230
621 659
621 682
621 1600
621 1924
621 1958
621 1972
621 2192
621 2888
621 3202
621 3543
621 4280
621 4379
621 4402
621 4419
621 4562
621 4699
621 5305
621 5680
621 5682
621 5938
621 5950
621 6051
621 6063
621 6067
621 6071
621 6113
621 6175
633 1255
633 2650
633 5991
633 6077
634 1365
634 2158
641 4117
656 839
656 2472
656 3874
659 682
659 1106
659 1115
659 1148
659 1268
659 1636
659 1656
659 1687
659 1691
659 1831
659 2191
659 2255
659 2292
659 2428
659 2522
659 2583
659 2650
659 2668
659 2694
659 3313
659 3453
659 3745
659 4113
659 5125
659 5173
659 5331
659 5652
659 5878
659 5994
659 6087
659 6108
662 712
665 6091
682 762
682 875
682 904
682 3001
682 4110
682 4280
682 4332
686 6037
690 3254
690 5463
691 1200
691 1941
691 4832
696 4523
696 5652
708 1818
712 904
712 4187
712 5720
712 5938
712 5993
712 6120
712 6166
724 1144
729 762
729 904
729 917
729 1106
729 1255
729 1321
729 1612
729 1636
729 1742
729 1917
729 1995
729 2081
729 2192
729 2619
729 2694
729 2868
729 3046
729 3202
729 3254
729 3329
729 3648
729 3745
729 4157
729 4280
729 4332
729 4340
729 4632
729 4783
729 4798
729 4886
729 5006
729 5041
729 5100
729 5141
729 5173
729 5294
729 5305
729 5415
729 5551
729 5615
729 5857
729 5931
729 5949
729 5970
729 5974
729 5987
729 6002
729 6017
729 6083
729 6119
729 6167
729 6193
731 5560
733 2158
733 6113
736 801
736 2214
736 3484
736 6279
753 1786
753 1917
753 3930
753 5053
753 5825
753 6108
762 810
762 823
762 948
762 1057
762 1255
762 1268
762 1539
762 1793
762 1804
762 2062
762 2124
762 2158
762 2389
762 2472
762 2529
762 2795
762 3368
762 4050
762 4113
762 4771
762 4924
762 4927
762 4968
762 5146
762 5173
762 5415
762 5478
762 5729
762 5848
762 5853
762 5859
762 5861
762 5978
762 5984
762 5986
762 5987
762 6009
762 6010
762 6098
773 3024
773 6102
774 1361
774 1470
774 1636
774 2583
774 5065
779 2472
779 4419
781 1786
781 3727
781 4031
781 4783
796 2529
796 6191
801 1563
801 1786
801 1917
801 3799
803 2775
803 5941
809 852
809 1691
809 4171
809 4971
809 5757
809 5940
810 1147
810 1255
810 1268
810 1877
810 1917
810 2619
810 2888
810 3346
810 4927
820 883
820 1724
820 1732
820 2650
820 3107
820 3806
821 2472
823 5415
823 5551
823 6108
824 875
824 4419
824 5615
824 5997
837 2136
837 5724
837 6092
839 875
839 2292
839 3267
839 5828
839 6063
852 917
852 1005
852 1177
852 1206
852 1393
852 1552
852 1602
852 1691
852 1752
852 1779
852 1845
852 2057
852 2529
852 2650
852 2756
852 3313
852 3578
852 3819
852 4151
852 4280
852 4467
852 4577
852 4968
852 5125
852 5146
852 5199
852 5261
852 5720
852 5949
852 6045
852 6124
852 6153
852 6159
859 2192
866 1361
866 5968
875 1422
875 2027
875 2158
875 2389
875 2423
875 4171
875 4199
875 5946
875 5988
881 948
881 1413
881 1699
881 2583
881 2756
881 2961
881 5362
881 5551
881 5977
881 6108
883 1521
883 2591
883 3166
883 5305
883 5550
883 6039
883 6071
883 6108
886 5831
891 1375
891 1625
891 2825
891 3071
891 3823
891 4949
891 5167
895 5975
904 1470
904 1517
904 1622
904 1778
904 2223
904 2437
904 2868
904 3024
904 3171
904 3337
904 3392
904 3417
904 4280
904 4332
904 4577
904 4699
904 5782
904 6058
905 3727
907 2529
907 3368
907 4151
907 5629
907 5692
911 4317
917 1972
917 2223
917 3322
917 4187
917 5487
917 5652
917 6124
919 1661
919 2236
919 4886
919 5618
919 5816
919 6108
921 1255
921 1879
921 2412
921 3041
921 4038
921 5141
923 2762
928 968
928 1581
928 4226
928 5009
938 5433
938 6015
938 6066
938 6099
938 6139
946 1147
946 1917
948 1002
948 1980
948 3484
948 4113
948 4117
948 4419
948 4545
948 4763
948 4783
948 5065
948 5515
948 5560
948 5720
948 5989
948 6108
948 6162
948 6164
948 6166
963 968
963 1413
963 1622
963 3171
963 4999
963 5729
963 5890
963 6027
963 6033
963 6036
963 6124
963 6208
968 1375
968 2255
968 2389
968 2412
968 2583
968 3484
968 3930
968 6281
969 5615
978 5362
993 6165
1002 1413
1002 1571
1002 1812
1002 2236
1002 2396
1002 2600
1002 3065
1002 3071
1002 3346
1002 3930
1002 3951
1002 4467
1002 4752
1002 5125
1002 5173
1002 5341
1002 5362
1002 5848
1002 5933
1002 5950
1002 5951
1002 6175
1002 6205
1005 1419
1005 1552
1005 1602
1005 1785
1005 2064
1005 2136
1005 2529
1005 2767
1005 3239
1005 3458
1005 4236
1005 4421
1005 5331
1005 5415
1005 5729
1005 5832
1005 6042
1005 6061
1005 6074
1005 6132
1006 1242
1006 4113
1006 5480
1011 3067
1012 1177
1012 2062
1012 2488
1012 2659
1012 4749
1012 5146
1012 5720
1012 6145
1017 6108
1023 1691
1036 2472
1036 2762
1036 3543
1036 4532
1039 1365
1041 1057
1041 1636
1041 5853
1041 6225
1041 6275
1051 1602
1051 2767
1051 3111
1051 3984
1051 5125
1051 6165
1057 1552
1057 1612
1057 1636
1057 1786
1057 1959
1057 1977
1057 2024
1057 2081
1057 2132
1057 2136
1057 2304
1057 2346
1057 2355
1057 2428
1057 2583
1057 2589
1057 2668
1057 2739
1057 2762
1057 2775
1057 2956
1057 3010
1057 3171
1057 3199
1057 4107
1057 4590
1057 5065
1057 5125
1057 5305
1057 5551
1057 5616
1057 5679
1057 5816
1057 6031
1057 6068
1057 6157
1057 6160
1057 6175
1057 6275
1057 6279
1070 5146
1081 6023
1085 5939
1106 1255
1106 1636
1106 1661
1106 1691
1106 1779
1106 1844
1106 1877
1106 2191
1106 2235
1106 2583
1106 2674
1106 2888
1106 3030
1106 3065
1106 3067
1106 3436
1106 3939
1106 4113
1106 4372
1106 4798
1106 5006
1106 5009
1106 5041
1106 5179
1106 5615
1106 5890
1106 6011
1106 6026
1106 6051
1106 6108
1106 6194
1106 6214
1115 1936
1115 2024
1115 2132
1115 2237
1115 2767
1115 2957
1115 3745
1115 4031
1115 4140
1115 5100
1115 5261
1115 5637
1115 5652
1115 5692
1115 6020
1115 6087
1115 6280
1125 6057
1135 2562
1141 1602
1141 1636
1141 5720
1144 2158
1144 3254
1144 5065
1145 1612
1145 3648
1145 5984
1148 2522
1148 5463
1164 2472
1164 6171
1164 6239
1177 1322
1177 1393
1177 1831
1177 3636
1177 4280
1177 5217
1177 5720
1179 3125
1185 1807
1185 1959
1193 1422
1197 5949
1198 1786
1198 4116
1198 4366
1200 3624
1200 4605
1206 1251
1206 1941
1223 2930
1223 3122
1223 5120
1232 2149
1232 2619
1232 2821
1232 3453
1233 2024
1242 1268
1242 1369
1242 1375
1242 1413
1242 1510
1242 1540
1242 1667
1242 2019
1242 2158
1242 2199
1242 3122
1242 4117
1242 4317
1242 4431
1242 4949
1242 5463
1242 5494
1242 5599
1242 5618
1242 5699
1242 5933
1242 6119
1242 6281
1243 1691
1243 6106
1247 2334
1247 5724
1249 1763
1249 3984
1249 6203
1251 2488
1251 4908
1251 5857
1255 1275
1255 1350
1255 1691
1255 1732
1255 1755
1255 1792
1255 2158
1255 2236
1255 2319
1255 2674
1255 2845
1255 3346
1255 4479
1255 4523
1255 4525
1255 4731
1255 5468
1255 5536
1255 5917
1255 6103
1255 6113
1255 6121
1255 6171
1255 6187
1255 6214
1255 6225
1255 6277
1256 1844
1256 2156
1256 2169
1256 2529
1256 2756
1256 3850
1256 4544
1256 4968
1256 5041
1256 5720
1256 5729
1256 5939
1256 5949
1256 6274
1268 1295
1268 1413
1268 1691
1268 1793
1268 1971
1268 1972
1268 2045
1268 2236
1268 2396
1268 2412
1268 2956
1268 3065
1268 3381
1268 3745
1268 3930
1268 4199
1268 4431
1268 4525
1268 4731
1268 5415
1268 5480
1268 5483
1268 5939
1268 5948
1268 5960
1268 5964
1268 5988
1268 5994
1268 6010
1268 6108
1268 6225
1295 5362
1300 2839
1301 5949
1312 4320
1319 1917
1321 1691
1321 1787
1321 3850
1321 4151
1321 5949
1322 1941
1322 4419
1322 6053
1335 3171
1335 4116
1335 5008
1350 2158
1356 6056
1359 1393
1359 1470
1359 1552
1359 1636
1359 2762
1359 2820
1359 3636
1359 4181
1359 5006
1359 5237
1359 6049
1359 6225
1359 6282
1361 1393
1361 2124
1361 2243
1361 4960
1361 5065
1361 5247
1361 5724
1361 5832
1361 5929
1361 5956
1361 6059
1361 6087
1361 6120
1365 1831
1365 2377
1365 2756
1365 3381
1365 3388
1365 3945
1369 2403
1369 4333
1369 5367
1369 5599
1369 5933
1369 6016
1369 6017
1370 3171
1375 1422
1375 1625
1375 1664
1375 1917
1375 3799
1375 3823
1375 4001
1375 4798
1375 5816
1375 6001
1375 6043
1375 6229
1384 1732
1390 2199
1390 2583
1390 2674
1390 3484
1392 1398
1392 1691
1392 2674
1393 1470
1393 1552
1393 2583
1393 3088
1393 4727
1393 5679
1393 5832
1393 5977
1393 6031
1393 6168
1395 2124
1395 4366
1395 5976
1395 6015
1395 6115
1395 6139
1398 1778
1413 1422
1413 1510
1413 1831
1413 1917
1413 2095
1413 2124
1413 2191
1413 2255
1413 2412
1413 2437
1413 2589
1413 2694
1413 3067
1413 3254
1413 3381
1413 3686
1413 3984
1413 4113
1413 4414
1413 4749
1413 4924
1413 4957
1413 5034
1413 5127
1413 5267
1413 5931
1413 5939
1413 5952
1413 5985
1413 6084
1413 6225
1413 6268
1413 6281
1413 6282
1417 6158
1418 3727
1418 4798
1418 5065
1418 6062
1419 3031
1419 3816
1419 4144
1419 4390
1419 4924
1419 5566
1419 5655
1419 5936
1419 5994
1419 6208
1419 6226
1422 1623
1422 3800
1422 4117
1422 5515
1422 6124
1426 1691
1432 6237
1437 3158
1437 4832
1453 3850
1455 2668
1466 5999
1470 1552
1470 1636
1470 2046
1470 2583
1470 2591
1470 2650
1470 3388
1470 3636
1470 4113
1470 4414
1470 4832
1470 4886
1470 4957
1470 5006
1470 5237
1470 5493
1470 5679
1470 5929
1470 5977
1470 5982
1470 5991
1476 1636
1476 2180
1501 2583
1501 3283
1510 5939
1512 5261
1517 4427
1521 5943
1527 2158
1527 2403
1527 3158
1527 3951
1527 4419
1527 4771
1527 5947
1527 5957
1527 6008
1527 6064
1527 6108
1527 6117
1539 1924
1539 5135
1539 5179
1540 1667
1540 1691
1540 1763
1540 2412
1540 3171
1540 3930
1540 4107
1540 4727
1540 4752
1540 4924
1540 5294
1540 6024
1540 6175
1543 1724
1543 6047
1543 6062
1543 6289
1546 4832
1552 1636
1552 3171
1552 3636
1552 3745
1552 4727
1552 4872
1552 5125
1552 5237
1552 6031
1552 6033
1552 6074
1552 6111
1554 5720
1560 1640
1563 6086
1563 6141
1570 6165
1571 3484
1571 6209
1578 3067
1581 2027
1581 2619
1581 3405
1581 4419
1600 5652
1602 1636
1602 1667
1602 1690
1602 1742
1602 2095
1602 2132
1602 2248
1602 3745
1602 5466
1602 5673
1602 5720
1602 6069
1602 6124
1602 6149
1602 6174
1604 3026
1606 3166
1608 4507
1612 1818
1612 2139
1612 3202
1612 3648
1612 4031
1612 5141
1612 5911
1612 6010
1612 6019
1622 1786
1622 3104
1622 3727
1622 3819
1622 4783
1622 5618
1622 5816
1625 1795
1625 2545
1625 2825
1625 2956
1625 3823
1636 1691
1636 1742
1636 1885
1636 2136
1636 2156
1636 2158
1636 2180
1636 2292
1636 2313
1636 2583
1636 2591
1636 2825
1636 3158
1636 3171
1636 3254
1636 3283
1636 3307
1636 3587
1636 3617
1636 3636
1636 3745
1636 3828
1636 3874
1636 3893
1636 3930
1636 4106
1636 4107
1636 4113
1636 4280
1636 4317
1636 4419
1636 4677
1636 4727
1636 4771
1636 4957
1636 5052
1636 5065
1636 5084
1636 5125
1636 5133
1636 5237
1636 5305
1636 5341
1636 5362
1636 5548
1636 5836
1636 5848
1636 5853
1636 5939
1636 5979
1636 5980
1636 5982
1636 6003
1636 6024
1636 6031
1636 6033
1636 6042
1636 6044
1636 6053
1636 6124
1636 6126
1636 6128
1636 6132
1636 6144
1636 6157
1636 6161
1636 6175
1636 6272
1636 6280
1640 1824
1640 3865
1640 4523
1640 6141
1644 2437
1644 6041
1644 6225
1660 1793
1660 2775
1660 3329
1660 4064
1660 5041
1660 5553
1661 1917
1661 2102
1661 2961
1661 4031
1661 4798
1661 5009
1661 5305
1661 5681
1661 5816
1661 6197
1661 6202
1663 4646
1664 5483
1667 4590
1667 5367
1667 5487
1682 5065
1687 6022
1690 5065
1691 2045
1691 2132
1691 2156
1691 2158
1691 2492
1691 2534
1691 2668
1691 2756
1691 2868
1691 3290
1691 3945
1691 4140
1691 4171
1691 4488
1691 5007
1691 5173
1691 5720
1691 5782
1691 5996
1691 6011
1691 6013
1691 6030
1691 6122
1695 5217
1702 3122
1702 5966
1703 2396
1709 1877
1709 2389
1709 3930
1709 5933
1709 6121
1717 4886
1724 1972
1724 5943
1724 6129
1724 6142
1724 6290
1732 1786
1732 1936
1732 2255
1732 2961
1732 3785
1732 4031
1732 5946
1732 5982
1732 6208
1737 5973
1740 1807
1740 2015
1740 5065
1742 1924
1742 2011
1742 3648
1742 4150
1742 4523
1742 4783
1742 5141
1742 6010
1742 6191
1744 3785
1752 5959
1752 5982
1753 1972
1755 1877
1755 2236
1755 3745
1763 2030
1763 2136
1763 2225
1763 3026
1763 3030
1763 3122
1763 3388
1763 4924
1763 5270
1763 5441
1763 5465
1763 5724
1763 5873
1763 5941
1763 5943
1763 5966
1763 6026
1763 6175
1763 6216
1768 2156
1768 5681
1774 1779
1774 1807
1774 1917
1774 4251
1776 2256
1778 2845
1778 2974
1778 3745
1778 5996
1779 1807
1779 1917
1779 5615
1779 6125
1779 6273
1785 2775
1785 5065
1785 5945
1786 5036
1786 5948
1787 2158
1788 6109
1792 3484
1793 1877
1793 2682
1793 3171
1793 5305
1793 6064
1793 6171
1793 6193
1793 6197
1794 5667
1795 3065
1804 5943
1807 1917
1807 1959
1807 2455
1807 3355
1807 4151
1807 5933
1818 4783
1818 5305
1818 5682
1818 5943
1818 5950
1818 6019
1824 1877
1824 2158
1824 3405
1824 4419
1824 5342
1824 5946
1824 5987
1824 6121
1825 3267
1825 4216
1825 4536
1825 5007
1826 6135
1831 1959
1831 2046
1831 2756
1831 6157
1844 2488
1844 2756
1844 4488
1844 5720
1845 3515
1845 3764
1854 2027
1854 2472
1861 3065
1868 5946
1877 2158
1877 2295
1877 2319
1877 2389
1877 2956
1877 3041
1877 3346
1877 4419
1877 5065
1877 5480
1877 5618
1877 5948
1877 6108
1877 6121
1877 6129
1877 6171
1877 6206
1879 1917
1879 2255
1879 3900
1879 3930
1879 3975
1879 4199
1879 4431
1880 4309
1880 6188
1882 2333
1887 4333
1894 2118
1894 2158
1894 2845
1894 3417
1894 4841
1894 5476
1896 3975
1917 1996
1917 2102
1917 2126
1917 2192
1917 2214
1917 2583
1917 2598
1917 2820
1917 2943
1917 3104
1917 3171
1917 3283
1917 3392
1917 3756
1917 3900
1917 3992
1917 4031
1917 4113
1917 4251
1917 4390
1917 4731
1917 4783
1917 5009
1917 5031
1917 5053
1917 5519
1917 5615
1917 5816
1917 5921
1917 5936
1917 5947
1917 5948
1917 5951
1917 6006
1917 6009
1917 6093
1917 6273
1924 2081
1925 3760
1928 5493
1929 6274
1936 2292
1936 2650
1936 3158
1936 3745
1936 4117
1936 4783
1936 5949
1936 6087
1941 2845
1941 4924
1958 2158
1958 2423
1958 5173
1959 2081
1959 2095
1959 2377
1959 2423
1959 2428
1959 2950
1959 3122
1959 3158
1959 3281
1959 3458
1959 4151
1959 5053
1959 5939
1959 6198
1959 6264
1971 2403
1971 3405
1972 2423
1972 5079
1972 5988
1972 6236
1972 6260
1972 6290
1977 3026
1977 5975
1977 6290
1980 2472
1980 6063
1985 5682
1985 6062
1985 6118
1985 6225
1985 6280
1992 3254
1995 4332
1995 5468
1996 2158
1996 2943
1996 3381
1996 6255
2009 6087
2011 2727
2011 2762
2011 4366
2011 5652
2019 5515
2020 6089
2024 4332
2024 5146
2024 5199
2024 5217
2027 2039
2027 2123
2027 4157
2027 4419
2027 4783
2027 5599
2027 5858
2027 5965
2027 6277
2039 2389
2039 2403
2039 3484
2044 5125
2044 5305
2044 5809
2045 2126
2045 2204
2045 5031
2053 2412
2053 4080
2053 5933
2062 4935
2062 5984
2062 6247
2070 4609
2081 2176
2081 3545
2081 3799
2081 4052
2081 4309
2081 5621
2081 6063
2081 6273
2086 2149
2095 4545
2095 5100
2095 5605
2095 6100
2095 6203
2107 4532
2111 6206
2111 6273
2118 2995
2118 3648
2118 5550
2122 2319
2122 3158
2123 2888
2123 3543
2123 4783
2123 5599
2124 2132
2124 2243
2124 2306
2124 2346
2124 2617
2124 3171
2124 3712
2124 3945
2124 4113
2124 4366
2124 4957
2124 5162
2124 6012
2124 6024
2124 6026
2124 6139
2124 6180
2124 6265
2124 6280
2126 5947
2132 2255
2132 2346
2132 2767
2132 5065
2132 5551
2132 5955
2132 5970
2132 6011
2132 6033
2136 5652
2136 5720
2139 2727
2139 3648
2139 4523
2139 5983
2140 3204
2149 2445
2149 4031
2149 4523
2149 4771
2149 6155
2150 5483
2156 2529
2156 4403
2156 5681
2156 6272
2158 2472
2158 2650
2158 2845
2158 3026
2158 3122
2158 3158
2158 3381
2158 3405
2158 3426
2158 3930
2158 4000
2158 4157
2158 4419
2158 4523
2158 4590
2158 4731
2158 4783
2158 4882
2158 4886
2158 5278
2158 5441
2158 5605
2158 5946
2158 6061
2158 6121
2158 6170
2158 6177
2169 5041
2177 5949
2179 5341
2180 6235
2188 4171
2191 3026
2191 4117
2192 2582
2192 3130
2192 3158
2192 4031
2192 6273
2199 2286
2199 2956
2199 3484
2199 4384
2199 5515
2203 4177
2204 5744
2208 5100
2208 6236
2214 5515
2223 2974
2223 3745
2223 5941
2223 5946
2223 5962
2223 6278
2225 2256
2225 2767
2233 6271
2234 2600
2235 3409
2236 2319
2236 2437
2236 2820
2236 3158
2236 4419
2236 5373
2237 5720
2243 2617
2243 3579
2243 4187
2243 4275
2243 4320
2243 4419
2243 5270
2243 5433
2243 5551
2243 6151
2243 6154
2243 6180
2243 6215
2255 2319
2255 2437
2255 2650
2255 3579
2255 4031
2255 4157
2255 4419
2255 5797
2255 6087
2256 2292
2256 3026
2256 3507
2256 4236
2256 4590
2256 4698
2256 5041
2256 5294
2256 5519
2256 5782
2256 5929
2256 6038
2256 6185
2286 5480
2286 5599
2286 5853
2292 2522
2292 2650
2292 4031
2292 4763
2292 5305
2292 6087
2297 4332
2304 4507
2306 5472
2306 6264
2313 6031
2313 6128
2319 2489
2319 2888
2319 5757
2319 6171
2319 6272
2321 4332
2324 2682
2324 3405
2324 5618
2324 6219
2333 4419
2343 3931
2343 5964
2355 5125
2360 2591
2360 2820
2360 4117
2360 4839
2360 5065
2364 6252
2366 4419
2369 3636
2377 5939
2389 2472
2389 4419
2389 5483
2389 5948
2389 5958
2389 5965
2389 6108
2389 6121
2389 6162
2389 6234
2396 6001
2396 6219
2399 5362
2399 5681
2403 4199
2406 2771
2406 4419
2412 2434
2412 2956
2412 3065
2412 3799
2412 4752
2423 3648
2423 4031
2423 4582
2423 5173
2423 5618
2423 5682
2423 5893
2423 6258
2428 3158
2428 3850
2428 4507
2428 6137
2437 2472
2437 3951
2437 4107
2437 4317
2437 4752
2437 5041
2437 5065
2437 5599
2437 6208
2437 6220
2455 2599
2455 2650
2455 3026
2455 3843
2455 4523
2455 5065
2455 5652
2455 5972
2455 6090
2455 6238
2460 4402
2468 6078
2469 6050
2472 2591
2472 2682
2472 2694
2472 3298
2472 4113
2472 4333
2472 4380
2472 4419
2472 5065
2472 5294
2472 5592
2472 5652
2472 5941
2472 5978
2472 5989
2472 5995
2472 6024
2472 6026
2472 6027
2472 6064
2472 6096
2472 6108
2472 6162
2472 6234
2472 6253
2488 2529
2488 4095
2488 4488
2488 5949
2488 6011
2488 6143
2522 5084
2522 5933
2529 2762
2529 2783
2529 3001
2529 3368
2529 3515
2529 3727
2529 4095
2529 4151
2529 4886
2529 4908
2529 5146
2529 5720
2529 6041
2529 6076
2529 6152
2529 6165
2529 6220
2529 6266
2529 6276
2545 5551
2545 5933
2562 5989
2574 5373
2580 5483
2582 5938
2583 3199
2583 3636
2583 3727
2583 4507
2583 5519
2583 5980
2583 6061
2583 6194
2589 3171
2589 5362
2589 5954
2589 6031
2589 6214
2591 5560
2592 4402
2592 5008
2592 5954
2598 3745
2598 5009
2598 6065
2598 6125
2598 6141
2598 6273
2599 4199
2599 5053
2599 5931
2600 2694
2607 4332
2608 5305
2608 5415
2608 5550
2619 3265
2619 5378
2619 6034
2619 6214
2627 5720
2628 3648
2628 4309
2628 5036
2640 4752
2640 6267
2650 3071
2650 4382
2650 4532
2650 4702
2650 4734
2650 5125
2650 5615
2650 5616
2650 5681
2650 5996
2650 6063
2650 6087
2650 6114
2659 5720
2663 2668
2668 2957
2668 4783
2670 4488
2674 5006
2674 5939
2674 6145
2677 3178
2691 4471
2691 6015
2692 6015
2692 6020
2692 6116
2694 3067
2694 3745
2694 3828
2694 4419
2694 5415
2694 5936
2694 5951
2694 6108
2696 6162
2728 6268
2739 3065
2739 4236
2739 4727
2739 6091
2739 6124
2739 6189
2756 2938
2756 3046
2756 3307
2756 3368
2756 3578
2756 4886
2756 5237
2756 5676
2756 6022
2756 6040
2756 6152
2756 6276
2762 4031
2762 4467
2762 4488
2762 4886
2762 4957
2762 5125
2762 5331
2762 5982
2762 6007
2762 6046
2762 6175
2762 6176
2762 6179
2762 6275
2767 2957
2767 5041
2767 5181
2767 5692
2767 5720
2767 5873
2767 5995
2767 6024
2767 6137
2767 6264
2771 4113
2771 6181
2775 6054
2783 5720
2786 3267
2818 3168
2820 3951
2820 4113
2820 5053
2820 5125
2820 5181
2820 5237
2820 5305
2820 5618
2820 5816
2820 6225
2820 6282
2821 3648
2821 4110
2821 5181
2821 6113
2825 5939
2845 3346
2845 3648
2845 4333
2845 4632
2845 4924
2845 4935
2864 5465
2868 3484
2868 3745
2868 3874
2868 5173
2868 5493
2868 5548
2868 5724
2868 5954
2888 5079
2888 5483
2915 3636
2919 3254
2919 3727
2919 4798
2919 5008
2919 5125
2919 6109
2919 6289
2923 3158
2930 3168
2930 3648
2930 4419
2930 5120
2930 5652
2930 5943
2930 6185
2934 4663
2938 5949
2943 4968
2943 5053
2943 5618
2943 6060
2948 5953
2950 4117
2950 4187
2954 3171
2954 4544
2956 3254
2956 3368
2956 3984
2956 5079
2956 5305
2956 5679
2956 5720
2956 5816
2956 6225
2957 5692
2961 4798
2974 3712
2974 4771
2974 6015
3001 5146
3001 5859
3024 3648
3024 6010
3026 3160
3026 3501
3026 4727
3026 4919
3026 5127
3026 5473
3026 5614
3026 5641
3026 5699
3026 5883
3026 5931
3026 5962
3026 5963
3026 6026
3026 6052
3026 6098
3026 6131
3026 6133
3030 3648
3030 4280
3030 4523
3030 5294
3030 5415
3030 5848
3030 5911
3030 6114
3030 6258
3031 6108
3041 6193
3046 5969
3065 3067
3065 3501
3065 4752
3065 5127
3065 5463
3065 5939
3065 6002
3065 6137
3067 4090
3067 4332
3071 3951
3071 4116
3071 4171
3071 6043
3076 4295
3093 6070
3104 5816
3107 4090
3107 6130
3107 6225
3111 6140
3122 3381
3122 5966
3122 6065
3122 6102
3128 5982
3145 5940
3158 3417
3158 3745
3158 4107
3158 4419
3158 4727
3158 4839
3158 4841
3158 4927
3158 5605
3158 5615
3158 5720
3158 5942
3158 6108
3158 6280
3160 3447
3160 5487
3166 4523
3166 6071
3166 6162
3168 5473
3171 3501
3171 3745
3171 3850
3171 4113
3171 4419
3171 4886
3171 4924
3171 4968
3171 5476
3171 5615
3171 5729
3171 5832
3171 5940
3171 6006
3171 6052
3171 6087
3171 6214
3171 6246
3171 6256
3180 4798
3184 5944
3184 6055
3202 3368
3202 4031
3202 4117
3202 4390
3202 4419
3202 4585
3202 4783
3202 5173
3202 5519
3204 4677
3224 5720
3239 5720
3254 3543
3254 3745
3254 3756
3254 4126
3254 4332
3254 4419
3254 5079
3254 5166
3254 5173
3254 5179
3254 5433
3254 6020
3254 6203
3254 6243
3265 4632
3281 3462
3283 5009
3283 5053
3283 5220
3283 6049
3283 6081
3307 4713
3307 5006
3307 6274
3322 6026
3329 4419
3329 5294
3329 5441
3329 5949
3329 5966
3329 6225
3340 3887
3346 3484
3346 5890
3355 5008
3355 6294
3368 4117
3368 4886
3368 5720
3377 4157
3377 4771
3377 5876
3377 6162
3377 6258
3381 5548
3381 5605
3381 6147
3381 6267
3388 5724
3388 6204
3405 4390
3405 4731
3405 5294
3405 5342
3405 5483
3405 5618
3405 6162
3405 6193
3405 6206
3405 6248
3405 6262
3414 5399
3417 6028
3417 6130
3417 6225
3417 6280
3426 4419
3426 4673
3426 6162
3441 4187
3453 6268
3457 6098
3457 6131
3461 4333
3462 4008
3477 5548
3477 6094
3484 4199
3484 5890
3484 6209
3484 6256
3484 6291
3490 6128
3490 6157
3501 5247
3501 5548
3501 5722
3501 6029
3501 6144
3505 5450
3507 5263
3507 5615
3515 3727
3515 5146
3515 5949
3543 4177
3543 4419
3543 5876
3543 6087
3543 6108
3543 6121
3578 3727
3578 4886
3578 5047
3578 5949
3578 6165
3579 4419
3587 5722
3604 5720
3617 4532
3617 6053
3624 4935
3636 5006
3636 5125
3636 5237
3636 5757
3636 5809
3636 6014
3636 6068
3636 6272
3636 6280
3648 3785
3648 4031
3648 4523
3648 4590
3648 4841
3648 4927
3648 5983
3648 6010
3648 6019
3648 6039
3648 6102
3648 6113
3649 6044
3649 6052
3712 4126
3712 5708
3712 6012
3712 6015
3712 6289
3727 4910
3727 5008
3727 5146
3727 5720
3727 5949
3739 6085
3745 3756
3745 3823
3745 4684
3745 4690
3745 4924
3745 4957
3745 5125
3745 5415
3745 5493
3745 5950
3745 5954
3745 5982
3745 6087
3745 6126
3745 6132
3745 6175
3745 6272
3756 4798
3764 4031
3764 6134
3764 6138
3764 6235
3764 6278
3785 4523
3787 6225
3798 6165
3799 5362
3799 5367
3799 5480
3799 5933
3799 6001
3799 6085
3800 3984
3806 4615
3816 4919
3823 4609
3823 4749
3823 6026
3823 6087
3828 4771
3843 5682
3850 4113
3850 4908
3874 4357
3893 6161
3900 4157
3900 5550
3925 5614
3925 6286
3930 4333
3930 5366
3930 5681
3930 5797
3930 5948
3943 5778
3943 5961
3950 5480
3950 6162
3950 6250
3951 5967
3951 6027
3951 6067
3967 5941
3975 4199
3975 6239
3984 5724
3984 6216
3984 6225
3984 6230
3984 6286
3992 5065
3992 5816
4001 4798
4031 4117
4031 4390
4031 4783
4031 4841
4031 5682
4031 5889
4031 6011
4031 6071
4031 6087
4031 6290
4038 4419
4050 5943
4052 5560
4059 4159
4064 4151
4080 5699
4090 4919
4090 6272
4106 5065
4110 4280
4110 5994
4110 6059
4110 6062
4110 6225
4113 4924
4113 5065
4113 5720
4113 5952
4117 5125
4117 5362
4117 5463
4117 5720
4117 5832
4117 6026
4117 6087
4117 6088
4117 6091
4117 6119
4117 6126
4117 6148
4117 6194
4117 6200
4117 6228
4117 6233
4117 6249
4117 6279
4126 5548
4136 6102
4136 6141
4140 6156
4150 6010
4151 4280
4157 4771
4171 5065
4171 5415
4171 5994
4187 4419
4187 4999
4187 6112
4187 6184
4190 4523
4190 5305
4216 4525
4216 5367
4216 5509
4231 6069
4232 4798
4236 5237
4236 5995
4236 6061
4242 4471
4265 5926
4277 6120
4280 5305
4280 5936
4283 5220
4283 6111
4320 4646
4332 5141
4332 6108
4333 4632
4333 4771
4333 5038
4333 5100
4333 5797
4333 6096
4333 6108
4340 4523
4340 4771
4340 6107
4366 4646
4366 5007
4366 5263
4380 4632
4382 4403
4384 5618
4390 4419
4390 4731
4390 5605
4390 5948
4390 6225
4402 4590
4402 5362
4402 6188
4403 5065
4403 6270
4414 5065
4414 5362
4414 6203
4419 4783
4419 5065
4419 5120
4419 5173
4419 5176
4419 5464
4419 5483
4419 5812
4419 5876
4419 5948
4419 5950
4419 5957
4419 5958
4419 5964
4419 5965
4419 6008
4419 6024
4419 6108
4419 6121
4419 6162
4419 6192
4419 6193
4419 6220
4419 6227
4419 6285
4431 5494
4456 5915
4488 6155
4488 6251
4507 5125
4507 5941
4507 6263
4512 6080
4517 6029
4523 4783
4523 5305
4523 5478
4523 5550
4523 5943
4523 5946
4523 6010
4523 6051
4523 6102
4523 6103
4523 6113
4523 6121
4523 6125
4536 5816
4536 6200
4544 5519
4545 4886
4546 5948
4546 6277
4562 4783
4577 6003
4590 5041
4590 6185
4591 5468
4605 6195
4609 5065
4609 6097
4615 5652
4632 4935
4632 5305
4632 5550
4635 4783
4646 5592
4646 5972
4646 5976
4646 5990
4646 6137
4646 6238
4663 6109
4670 5362
4677 5065
4690 5415
4690 6145
4698 5720
4702 6061
4714 5415
4727 5006
4727 6055
4749 5362
4749 5635
4752 5362
4752 6026
4771 5890
4771 6101
4783 5305
4783 5550
4783 5658
4783 5965
4783 5978
4783 5991
4783 5992
4783 6010
4783 6052
4783 6063
4783 6093
4783 6103
4783 6132
4783 6137
4798 5912
4798 5932
4798 6200
4802 5065
4832 5173
4832 5970
4839 6054
4858 5720
4866 5551
4879 6225
4886 6152
4886 6156
4904 5941
4924 5125
4924 5465
4924 5724
4924 6024
4924 6213
4924 6216
4927 5978
4931 5433
4935 5041
4949 4968
4949 5720
4957 5362
4957 5933
4968 5857
4968 5946
4968 6060
4996 5720
5006 5833
5006 6126
5007 6033
5007 6035
5009 5614
5009 5890
5009 6093
5009 6225
5034 5954
5041 5305
5041 5618
5041 5963
5041 5988
5041 6002
5053 5120
5053 6197
5053 6285
5065 5237
5065 5465
5065 5679
5065 5929
5065 5931
5065 5950
5065 5991
5065 6006
5065 6007
5065 6018
5065 6021
5065 6098
5065 6124
5065 6126
5065 6162
5065 6203
5065 6252
5079 5173
5084 6178
5088 5341
5097 6105
5125 5362
5125 5720
5125 5933
5125 6146
5127 5551
5127 5682
5127 5933
5135 5141
5141 6010
5146 5199
5146 5949
5146 5980
5173 5605
5173 5635
5173 5982
5217 5720
5229 5933
5229 6189
5230 6024
5230 6161
5261 5859
5263 6082
5265 6263
5267 6087
5278 5943
5294 5652
5294 5816
5305 5550
5305 5996
5306 6186
5309 5970
5309 6256
5331 5433
5331 5722
5362 5933
5362 5960
5362 6105
5366 5832
5366 6049
5367 5933
5373 5797
5415 5848
5417 5493
5432 5515
5433 6180
5433 6265
5440 5828
5440 6002
5463 5480
5468 5642
5473 6185
5479 6194
5480 5933
5483 5958
5483 6234
5483 6269
5487 5605
5487 6034
5487 6133
5501 6110
5504 5708
5515 5599
5515 6108
5519 5954
5519 6006
5519 6008
5519 6061
5522 5971
5548 5722
5550 6182
5563 6134
5599 6010
5605 5652
5605 5699
5615 5782
5615 6061
5618 5816
5633 5699
5652 5946
5652 5973
5652 6051
5652 6087
5652 6185
5658 6123
5679 5720
5682 5943
5692 6213
5699 5933
5699 6133
5706 6168
5706 6232
5715 5895
5720 5929
5720 5949
5720 6049
5720 6053
5720 6089
5720 6091
5720 6092
5720 6124
5720 6155
5720 6251
5729 5857
5744 6014
5757 5859
5816 5921
5816 6006
5816 6197
5816 6223
5825 5953
5831 6005
5831 6090
5836 6173
5859 6026
5859 6241
5889 5984
5926 5948
5929 5941
5933 6189
5939 5979
5950 5951
5955 5956
5957 5958
5964 5965
5972 5976
5996 6062
5996 6175
6004 6006
6014 6052
6014 6189
6015 6139
6017 6187
6020 6040
6024 6025
6029 6112
6029 6137
6083 6086
6086 6108
6092 6212
6108 6150
6124 6126
6127 6128
6171 6209
6171 6239
6175 6176
6175 6235
6183 6184
6185 6190
6203 6225
6203 6265
6203 6286
6217 6218
6225 6240
6225 6259
6225 6261
6225 6279
6244 6245
6255 6257
6263 6264
6278 6288
6281 6284
