0 42
0 64
0 162
0 907
0 1793
0 1917
0 2255
0 3484
0 4243
0 5549
0 6161
0 6242
0 6292
0 6299
0 6408
0 6424
0 6498
0 6594
1 2319
2 158
2 3122
3 1002
3 1481
3 2236
4 233
4 904
4 6508
7 536
7 1958
7 2919
7 5100
7 5215
7 6574
8 97
8 218
8 907
8 4488
8 4577
8 4858
12 175
12 963
12 2255
13 1145
14 281
14 1413
14 2156
14 2396
14 6231
14 6414
17 3377
19 1318
19 1985
19 2158
19 2529
19 3453
19 3856
19 4253
19 4907
19 4924
19 6416
19 6420
26 29
26 42
26 64
26 80
26 94
26 100
26 249
26 656
26 775
26 1177
26 1255
26 1298
26 1335
26 1667
26 1732
26 3405
26 4297
26 4419
26 4570
26 4771
26 5652
26 6310
26 6486
26 6517
26 6560
26 6574
26 6656
28 280
28 3158
28 4523
28 6466
29 162
29 568
29 659
29 729
29 836
29 904
29 921
29 1106
29 1255
29 2650
29 4357
29 4632
29 4671
29 5065
29 5215
29 5615
29 5682
29 5700
29 5933
29 6114
29 6382
29 6390
29 6457
29 6527
29 6623
30 351
30 519
30 2158
30 2319
30 4771
36 1551
37 6627
41 444
41 455
41 1051
41 3072
41 3160
41 3412
41 3836
41 4833
41 6503
41 6648
42 48
42 76
42 134
42 158
42 249
42 280
42 286
42 348
42 412
42 431
42 453
42 461
42 556
42 570
42 708
42 729
42 922
42 1106
42 1198
42 1223
42 1365
42 1476
42 1600
42 1877
42 2019
42 2081
42 2149
42 2156
42 2406
42 3368
42 3636
42 3745
42 4057
42 4080
42 5227
42 5237
42 5362
42 5616
42 5637
42 6010
42 6210
42 6289
42 6292
42 6322
42 6488
42 6495
42 6541
42 6561
42 6566
42 6578
42 6616
43 110
43 134
43 461
43 662
43 904
43 1097
43 1145
43 2455
43 2718
43 2943
43 2950
43 3165
43 4141
43 4297
43 4332
43 4701
43 4727
43 4731
43 4771
43 4949
43 5006
43 5943
43 5946
43 5998
43 6203
43 6225
43 6293
43 6324
43 6343
43 6380
43 6419
43 6424
43 6437
43 6564
43 6566
43 6594
43 6642
46 74
46 97
46 158
46 447
46 775
46 1242
46 1268
46 1540
46 1633
46 1667
46 1737
46 2389
46 2472
46 2619
46 2682
46 2694
46 2795
46 2845
46 3030
46 3405
46 3624
46 4117
46 4187
46 4280
46 4523
46 4632
46 4771
46 4915
46 5034
46 5948
46 6108
46 6175
46 6225
46 6373
46 6404
46 6419
46 6424
46 6453
46 6515
46 6536
46 6547
46 6598
48 318
48 536
48 1470
48 2107
48 2158
48 3636
48 4110
49 64
49 762
49 1255
56 5065
56 6473
59 80
59 556
59 3072
59 4187
59 4366
59 4931
59 5614
60 1612
60 5305
61 1255
61 2324
61 3484
61 3975
64 570
64 762
64 1255
64 1793
64 2845
64 3484
66 410
66 3745
70 318
70 621
70 1005
70 1539
70 2650
70 3648
70 5215
72 1255
73 138
73 285
73 1941
73 2284
73 6010
73 6467
74 77
74 1877
74 4523
74 4771
74 6364
75 461
75 503
75 753
75 891
75 968
75 1625
75 1636
75 2053
75 2405
75 2600
75 2919
75 3950
75 3984
75 4731
75 4752
75 4949
75 5362
75 5551
75 5615
75 5699
75 5933
75 6565
75 6605
75 6621
75 6641
76 84
76 115
76 123
76 138
76 190
76 196
76 249
76 432
76 461
76 536
76 556
76 682
76 729
76 881
76 904
76 963
76 1051
76 1123
76 1234
76 1298
76 1335
76 1365
76 1413
76 1636
76 1768
76 1779
76 1818
76 1958
76 2158
76 2529
76 2694
76 2868
76 2919
76 2961
76 3107
76 3158
76 3166
76 3217
76 3453
76 3457
76 3692
76 3856
76 3980
76 4190
76 4232
76 4605
76 4634
76 4771
76 4811
76 4839
76 5075
76 5100
76 5341
76 5615
76 5682
76 5933
76 6014
76 6357
76 6362
76 6381
76 6400
76 6540
76 6572
76 6623
77 190
77 762
77 4783
77 5652
79 3984
79 5292
80 134
80 153
80 1198
80 1255
80 1361
80 1393
80 1470
80 1604
80 3636
80 3858
80 4057
80 4106
80 4798
80 5816
80 5933
80 6280
80 6487
80 6563
83 659
83 3171
83 3816
83 3943
83 5181
83 5943
83 6424
83 6455
83 6495
84 570
84 1882
84 3856
84 3900
84 4080
84 4419
84 5468
84 6407
88 1115
88 1255
88 1392
88 4523
88 5100
88 5698
89 729
89 762
89 1255
89 4910
89 6467
90 138
90 762
90 4577
93 156
93 823
93 1097
93 2956
93 4927
93 5599
93 6393
94 5127
94 5943
95 531
95 1469
95 1602
95 3254
95 4110
95 6513
95 6627
96 762
96 1539
96 5179
97 318
97 904
97 1742
97 2118
97 2284
97 3030
97 3979
97 4632
97 4855
97 6303
97 6637
100 135
100 836
100 1793
100 1877
100 2603
100 5362
100 5599
100 5783
100 6434
100 6488
101 1268
109 4333
109 6423
110 2914
111 4057
111 6248
111 6547
113 6366
113 6569
114 175
114 6597
115 153
115 156
115 539
115 565
115 685
115 1636
115 5440
117 1470
119 773
119 2868
119 3290
119 6618
120 461
120 4523
120 5943
123 249
123 2603
124 442
124 1818
128 156
128 824
128 1793
128 4031
128 4523
128 4783
128 5141
132 4333
133 823
133 6365
133 6455
133 6471
134 138
134 407
134 442
134 613
134 839
134 904
134 1123
134 1361
134 1636
134 1742
134 1744
134 1763
134 2011
134 2098
134 2396
134 2504
134 2529
134 2583
134 2739
134 4031
134 4236
134 4731
134 5367
134 5551
134 5857
134 6203
134 6232
134 6414
134 6419
134 6479
134 6560
134 6561
134 6656
135 4390
137 1365
137 1392
137 2292
138 218
138 285
138 374
138 460
138 461
138 490
138 570
138 610
138 703
138 949
138 1007
138 1039
138 1106
138 1145
138 1255
138 1322
138 1413
138 1636
138 1792
138 1845
138 1872
138 2062
138 2107
138 2223
138 2340
138 2504
138 2529
138 2820
138 2845
138 3026
138 3076
138 3166
138 3368
138 4117
138 4374
138 4544
138 5100
138 5146
138 5267
138 5305
138 6124
138 6171
138 6390
138 6431
138 6467
138 6504
140 2396
141 659
141 730
148 1365
148 2694
148 6470
153 158
153 280
153 370
153 374
153 610
153 729
153 1321
153 1737
153 1894
153 3856
153 3858
153 3984
153 4280
153 4760
153 4830
153 4832
153 5100
153 5305
153 5309
153 5615
153 5831
153 6333
153 6340
153 6350
153 6528
153 6578
153 6580
153 6620
154 5704
156 195
156 904
156 1413
156 1751
156 1917
156 2534
156 2762
156 3283
156 3453
156 3850
156 3984
156 4546
156 5143
156 6391
156 6440
156 6501
156 6503
157 610
158 249
158 286
158 374
158 442
158 610
158 730
158 736
158 1177
158 1198
158 1255
158 1561
158 1763
158 1812
158 1972
158 2627
158 2628
158 2919
158 3417
158 3800
158 3980
158 3984
158 4065
158 4090
158 4402
158 4653
158 4670
158 4727
158 4783
158 4886
158 4911
158 5041
158 5100
158 5305
158 5386
158 5487
158 5637
158 5698
158 5929
158 5998
158 6002
158 6026
158 6119
158 6225
158 6312
158 6314
158 6331
158 6354
158 6379
158 6386
158 6400
158 6416
158 6419
158 6420
158 6461
158 6520
158 6545
158 6574
158 6620
158 6623
158 6631
162 1917
162 2319
162 6407
162 6410
168 3984
174 810
174 1604
174 1763
174 5245
174 5441
174 6470
174 6625
175 206
175 2472
175 4419
175 4701
175 5440
175 6514
175 6597
179 2156
184 4740
184 6349
184 6461
184 6586
184 6603
188 280
190 1369
190 1972
190 2027
190 2650
190 4370
190 5127
190 5652
190 5749
191 5938
191 6432
195 839
195 1640
195 1793
195 2472
195 3865
196 258
196 315
196 370
196 610
196 1298
196 1985
196 2602
196 2694
196 2718
196 2762
196 2864
196 3122
196 3856
196 3984
196 4159
196 4456
196 4546
196 5219
196 5458
196 5700
196 6290
196 6317
196 6382
196 6455
196 6505
196 6557
196 6640
201 6619
204 442
206 2156
206 4419
206 6477
206 6592
215 3917
215 6462
218 907
218 3745
218 4271
218 5194
225 2156
226 2284
226 3075
233 1413
236 1877
236 2919
238 1298
238 2762
238 4546
239 729
239 1255
239 1824
239 6114
240 573
240 1255
240 2888
246 1779
249 442
249 682
249 1106
249 1470
249 2598
249 2970
249 3745
249 6108
251 4286
253 729
253 1298
253 3254
253 3856
253 5652
253 5682
258 442
258 461
258 536
258 1543
258 1763
258 2522
258 3046
258 3417
258 3856
258 3984
258 4663
258 4731
258 5682
258 6373
275 1058
275 6161
280 444
280 599
280 659
280 712
280 1636
280 2081
280 2256
280 2428
280 3313
280 3484
280 3578
280 3636
280 3745
280 3856
280 3945
280 4028
280 4065
280 4151
280 4190
280 4811
280 5127
280 6189
280 6289
280 6363
280 6470
280 6523
280 6569
283 2081
283 4031
286 587
286 1115
286 4577
286 4798
286 4886
286 4924
286 5041
286 5265
286 6312
286 6567
287 570
287 1268
287 3147
289 2820
289 6002
289 6203
295 1996
298 442
298 2437
302 875
304 610
304 1636
304 5125
304 6415
311 1356
311 1831
315 370
315 577
315 610
315 836
315 1751
315 2292
315 3171
315 3501
315 3856
315 6362
315 6400
315 6424
315 6429
315 6455
315 6604
315 6640
318 370
318 729
318 773
318 1958
318 3030
318 3166
318 5181
318 6471
335 6451
338 2118
339 1268
339 4177
339 4927
339 5483
345 2382
348 577
348 839
348 1017
348 1135
348 1600
348 1724
348 1985
348 2319
348 2406
348 4532
348 4546
348 4915
348 5340
348 5578
349 4771
362 431
370 414
370 708
370 729
370 762
370 823
370 839
370 904
370 1255
370 1763
370 1818
370 2062
370 2086
370 2256
370 2674
370 2919
370 3984
370 4059
370 4332
370 4632
370 5065
370 5550
370 5615
370 5652
370 5943
370 6010
370 6366
370 6393
370 6400
370 6403
370 6462
370 6495
370 6561
370 6574
370 6588
370 6624
370 6653
374 1115
374 1636
374 1985
374 3984
374 4187
374 4253
374 4366
374 4507
374 5041
374 5518
374 6180
374 6317
374 6530
374 6580
382 5652
382 6515
383 659
383 6442
384 2223
385 1177
390 5599
391 461
391 539
391 1545
391 2583
391 3184
391 4752
391 5367
391 5599
391 6119
391 6425
391 6430
391 6547
391 6566
407 1051
407 4057
407 5362
407 6390
408 6002
408 6559
410 936
410 2589
410 3745
412 839
412 2267
412 4310
412 4374
412 5615
412 6525
414 839
414 3617
423 2156
423 6603
431 1177
431 4523
431 6302
432 442
432 1636
432 3745
432 6470
433 4671
434 4727
434 5100
442 563
442 729
442 852
442 1051
442 1763
442 2156
442 2292
442 2818
442 3322
442 3336
442 4187
442 5263
442 5441
442 5637
444 1255
444 6462
444 6569
446 4488
447 1972
447 2589
447 4190
449 6171
453 1198
455 610
455 1058
455 2076
455 2319
455 2599
455 2950
455 3984
455 4151
455 4507
455 4802
455 5276
455 5862
455 6289
455 6331
455 6487
460 461
460 682
460 3745
460 6390
461 531
461 539
461 610
461 659
461 836
461 891
461 1023
461 1057
461 1177
461 1193
461 1413
461 1661
461 1763
461 1779
461 2236
461 2267
461 2319
461 2360
461 2437
461 2455
461 2603
461 2694
461 2756
461 2961
461 3031
461 3104
461 3368
461 3426
461 3453
461 3705
461 3800
461 3856
461 3950
461 3992
461 4117
461 4140
461 4171
461 4419
461 4523
461 4771
461 5065
461 5305
461 5362
461 5366
461 5367
461 5599
461 5687
461 5720
461 5929
461 6161
461 6289
461 6357
461 6364
461 6390
461 6399
461 6424
461 6464
461 6465
461 6490
461 6543
461 6547
461 6555
461 6594
461 6602
475 5006
475 6533
490 729
490 1255
490 1571
490 1636
490 3484
490 5267
490 5560
501 5682
502 4949
503 506
503 6585
504 3930
505 6324
506 1256
506 5615
507 1959
507 2961
510 1470
510 2529
510 5100
510 6408
510 6573
515 6286
518 1545
519 762
521 1612
528 5146
528 6321
531 610
531 1058
531 2919
531 5127
531 5237
531 6289
533 610
536 610
536 641
536 1106
536 1255
536 1690
536 1779
536 1812
536 2132
536 2156
536 2589
536 2682
536 2762
536 3065
536 3099
536 3158
536 3639
536 3980
536 4110
536 4577
536 5174
536 6280
536 6474
536 6475
536 6540
539 685
539 891
539 963
539 1097
539 1359
539 1369
539 1545
539 1558
539 1563
539 1667
539 1687
539 3984
539 4731
539 5599
539 5967
539 6370
539 6452
539 6648
544 6549
545 6639
546 1179
554 810
554 1917
556 1365
556 2874
556 2923
556 3217
556 4418
556 4931
556 5194
556 5637
556 5720
556 6289
556 6449
563 577
563 2114
563 2284
563 5065
563 5983
563 6142
563 6295
563 6583
565 2627
568 1106
570 762
570 775
570 904
570 948
570 963
570 1242
570 1369
570 1818
570 2117
570 2255
570 2472
570 2650
570 3030
570 4140
570 4177
570 4523
570 6504
572 3745
573 775
573 1255
573 2158
573 2255
573 3051
573 3125
573 4080
573 6457
573 6491
573 6630
577 592
577 659
577 1972
577 2284
577 2762
577 3160
577 3171
577 4059
577 5816
577 6142
577 6424
577 6445
577 6446
577 6648
582 1527
582 4419
587 4911
589 610
589 1058
589 4297
589 5263
592 904
592 2284
599 1383
599 1470
599 6289
599 6369
603 5309
610 659
610 729
610 904
610 907
610 1058
610 1144
610 1255
610 1322
610 1392
610 1418
610 1763
610 1768
610 1972
610 2267
610 2428
610 2455
610 2762
610 3026
610 3076
610 3368
610 3439
610 3515
610 3543
610 3545
610 3624
610 3843
610 4374
610 4382
610 4523
610 4525
610 4908
610 5306
610 5386
610 5551
610 5652
610 5700
610 5730
610 5994
610 6264
610 6280
610 6289
610 6290
610 6384
610 6414
610 6419
610 6424
610 6496
610 6509
610 6520
610 6521
610 6529
610 6530
610 6531
610 6557
610 6640
613 785
613 1041
613 2156
613 2541
613 4380
613 4839
613 5173
613 6049
613 6053
613 6203
613 6301
613 6347
613 6390
613 6419
613 6426
618 1622
618 2292
618 3023
618 6289
618 6395
621 729
621 904
621 2062
621 2105
621 2158
621 2406
621 2888
621 3166
621 3171
621 5162
621 5181
621 5478
621 5614
621 6166
621 6290
621 6307
621 6338
621 6400
621 6515
641 3980
647 1804
647 2333
647 4419
647 6340
654 1644
656 1917
656 3031
656 6570
659 682
659 691
659 852
659 1091
659 1106
659 1115
659 1177
659 1193
659 1206
659 1256
659 1321
659 1365
659 1636
659 2081
659 2158
659 2248
659 2522
659 3578
659 3745
659 3816
659 4677
659 4702
659 5706
659 5720
659 6110
659 6289
659 6400
659 6520
660 712
662 846
662 1877
662 3000
662 4419
662 6419
669 1413
669 2956
669 3030
669 3041
669 3975
673 3417
673 4731
682 846
682 904
682 1242
682 1392
682 2488
682 2756
682 3745
682 4117
682 4271
682 4488
682 5614
682 5994
682 6000
682 6161
682 6336
682 6419
682 6502
685 1636
685 4236
691 4727
691 4771
691 5146
691 5594
696 4879
696 5652
703 1995
703 2062
703 2718
703 2845
703 3030
708 1763
708 1877
708 3122
708 3158
708 4546
708 6373
712 918
712 4110
712 4536
712 5681
712 6289
712 6414
712 6538
714 6462
714 6505
722 762
729 762
729 839
729 904
729 917
729 963
729 1106
729 1177
729 1198
729 1268
729 1787
729 1877
729 2114
729 2233
729 2284
729 2292
729 2696
729 2756
729 2943
729 3267
729 3405
729 3453
729 3984
729 4232
729 4314
729 4380
729 4798
729 4820
729 5041
729 5065
729 5141
729 5181
729 5929
729 5938
729 6006
729 6108
729 6202
729 6225
729 6337
729 6359
729 6364
729 6380
729 6394
729 6424
729 6459
729 6469
729 6470
729 6476
729 6486
729 6543
729 6594
729 6597
729 6617
730 1755
730 2124
730 5127
730 5831
730 6288
736 4663
736 6225
736 6299
736 6328
748 5938
762 773
762 836
762 1106
762 1255
762 1365
762 1539
762 1768
762 2062
762 3030
762 3515
762 4314
762 5041
762 5141
762 5179
762 5551
762 5614
762 5699
762 5943
762 6380
762 6408
762 6467
762 6536
762 6539
762 6541
773 4632
773 5983
773 6307
774 1361
774 5720
775 2255
775 2970
781 6108
785 1359
785 2762
785 2767
785 4546
785 5935
785 6382
801 839
801 1917
801 2053
801 2598
801 4731
803 1636
803 6294
810 6470
821 2306
821 2319
821 6570
823 1144
823 1644
823 1724
823 2158
823 5615
823 6320
823 6393
836 3030
836 4031
836 5065
836 5181
836 5599
836 6623
836 6643
836 6653
837 1207
837 2284
837 4117
837 4187
837 4577
837 5065
837 5162
837 6189
837 6384
837 6591
839 1298
839 1917
839 2156
839 2650
839 2729
839 3453
839 3900
839 4523
839 5490
839 5943
839 6119
839 6344
839 6400
839 6414
846 3000
852 1058
852 1561
852 1845
852 3578
852 4545
852 4727
852 5845
852 6341
852 6470
859 5599
866 1985
866 6114
875 1419
875 1804
875 2919
875 4080
881 1255
881 6343
881 6370
881 6540
881 6572
883 1169
883 1751
883 3453
883 4031
883 5181
883 5634
883 5682
883 6299
883 6459
883 6469
883 6648
886 2124
886 5433
891 1540
891 2820
891 3254
891 5681
891 6419
891 6435
891 6652
893 1071
897 4366
897 6225
904 1256
904 1517
904 1636
904 1742
904 1763
904 1958
904 2319
904 2355
904 2583
904 2650
904 2694
904 2739
904 2956
904 3030
904 3453
904 4117
904 4226
904 4280
904 4632
904 4727
904 5135
904 5263
904 5267
904 5362
904 5440
904 5939
904 5994
904 6445
904 6560
905 999
907 1255
907 6460
910 6466
912 1106
917 2567
917 4117
918 4280
921 1255
921 1894
921 5468
928 1581
928 6161
938 2223
938 2694
938 3984
938 4402
938 5487
938 6351
946 5599
948 1123
948 1804
948 2589
948 2714
948 3041
948 4419
948 5490
948 6108
948 6315
948 6359
948 6404
949 4419
950 963
950 1470
950 6612
960 1545
960 4357
963 1470
963 1732
963 1877
963 2292
963 2325
963 3856
963 4632
963 6292
963 6337
963 6338
963 6507
968 1369
968 2019
968 2674
968 3484
968 4322
968 6393
988 6368
993 2529
999 2919
999 2934
999 5698
999 6289
1002 1038
1002 1667
1002 2600
1002 3049
1002 3071
1002 4140
1002 4384
1002 5065
1002 5305
1002 6248
1002 6449
1002 6491
1002 6503
1002 6563
1002 6641
1002 6651
1002 6652
1005 2158
1005 2825
1005 4110
1005 4402
1005 4634
1005 6289
1005 6390
1006 1268
1006 2223
1006 4536
1006 5433
1006 5599
1006 6433
1006 6576
1007 3856
1013 1036
1015 1058
1015 3856
1015 4488
1015 5801
1017 4591
1036 2284
1036 6344
1038 1057
1038 2650
1039 1941
1039 2845
1039 2868
1041 1057
1041 3943
1041 6294
1041 6301
1048 4731
1048 6306
1051 1057
1051 1393
1051 1470
1051 1636
1051 1831
1051 2396
1051 2583
1051 2589
1051 3484
1051 4117
1051 4507
1051 4830
1051 5362
1051 5993
1051 6354
1051 6470
1051 6503
1057 1179
1057 1255
1057 1393
1057 1612
1057 1636
1057 2319
1057 2589
1057 3171
1057 3254
1057 3578
1057 3692
1057 5065
1057 5616
1057 6006
1057 6175
1057 6300
1057 6301
1057 6443
1057 6503
1057 6518
1057 6572
1057 6634
1058 1661
1058 1972
1058 2499
1058 3984
1058 4523
1058 5843
1058 6161
1058 6419
1058 6567
1060 2292
1062 2319
1062 2437
1062 5943
1062 6108
1070 2177
1081 5034
1091 1321
1091 1448
1091 1958
1091 2455
1091 3026
1091 4771
1091 6289
1091 6454
1091 6468
1097 1517
1097 2403
1097 2599
1097 2674
1097 3975
1097 5994
1106 1255
1106 1256
1106 1335
1106 1667
1106 2529
1106 2589
1106 3484
1106 3705
1106 3745
1106 3787
1106 3841
1106 4297
1106 4634
1106 4731
1106 4798
1106 5065
1106 5362
1106 5615
1106 5929
1106 6289
1106 6313
1106 6315
1106 6355
1106 6413
1106 6419
1106 6447
1106 6470
1106 6523
1106 6569
1106 6572
1106 6618
1106 6623
1106 6645
1106 6648
1115 1255
1115 2256
1115 2499
1115 2583
1115 2767
1115 2919
1115 3727
1115 3984
1115 4187
1115 4507
1115 5041
1115 5065
1115 5265
1115 5652
1115 5737
1115 6289
1115 6294
1115 6314
1115 6620
1123 2389
1128 6527
1135 1824
1135 1877
1135 3122
1135 4174
1135 4546
1144 1985
1144 6422
1144 6475
1145 5100
1148 5305
1148 5362
1148 5542
1164 5100
1164 6534
1164 6569
1171 5599
1177 1779
1177 1941
1177 2529
1177 5652
1177 5720
1177 6160
1177 6398
1179 1636
1179 4117
1179 6527
1185 6388
1193 6294
1198 1636
1198 2919
1198 3171
1198 3239
1198 3336
1198 3355
1198 3984
1198 4390
1198 5560
1198 6439
1198 6582
1198 6619
1200 1561
1200 3624
1206 1365
1206 4544
1206 4949
1206 6435
1207 1470
1207 1636
1207 3636
1207 6203
1223 1600
1223 6379
1223 6393
1232 1971
1232 5100
1232 5935
1234 6596
1242 1255
1242 1268
1242 1413
1242 1540
1242 2598
1242 2599
1242 3453
1242 3984
1242 4011
1242 4117
1242 4670
1242 4860
1242 4885
1242 5367
1242 5599
1242 6119
1242 6566
1242 6607
1243 5614
1243 6426
1247 6455
1249 6013
1251 3816
1255 1268
1255 1275
1255 1298
1255 1300
1255 1369
1255 1413
1255 1571
1255 1732
1255 1737
1255 1807
1255 2027
1255 2158
1255 2255
1255 2267
1255 2437
1255 2529
1255 2767
1255 2845
1255 2868
1255 2930
1255 3030
1255 3166
1255 3267
1255 3405
1255 3417
1255 3453
1255 3484
1255 3501
1255 3745
1255 3800
1255 3858
1255 3984
1255 4065
1255 4117
1255 4226
1255 4271
1255 4338
1255 4419
1255 4731
1255 4771
1255 4783
1255 5041
1255 5362
1255 5367
1255 5468
1255 5560
1255 5652
1255 5816
1255 6028
1255 6300
1255 6328
1255 6359
1255 6408
1255 6419
1255 6467
1255 6470
1255 6569
1255 6594
1255 6607
1255 6618
1255 6630
1255 6631
1256 1413
1256 2428
1256 4605
1256 4949
1256 6390
1256 6478
1265 3426
1268 1369
1268 1527
1268 1545
1268 1602
1268 1667
1268 1687
1268 2199
1268 2396
1268 2412
1268 2437
1268 2930
1268 3051
1268 3484
1268 4117
1268 5480
1268 5599
1268 5828
1268 5967
1268 6119
1268 6358
1268 6390
1268 6479
1268 6488
1268 6565
1268 6594
1272 6447
1285 5132
1298 3405
1298 5652
1298 5948
1298 6549
1298 6569
1300 6299
1319 1786
1319 6501
1321 2124
1321 2267
1321 3158
1321 4366
1321 6567
1321 6580
1322 1941
1322 2428
1329 6649
1335 1379
1335 6160
1346 6574
1349 5530
1351 2264
1359 1636
1359 3254
1359 4117
1359 6290
1359 6348
1359 6414
1359 6419
1359 6424
1359 6574
1361 1393
1361 1470
1361 1763
1361 2114
1361 2534
1361 5292
1361 6383
1361 6418
1361 6546
1365 1636
1365 1786
1365 1994
1365 2306
1365 3515
1365 3856
1365 4783
1365 4949
1365 5615
1365 6419
1365 6478
1365 6610
1366 2255
1366 5682
1369 1742
1369 1818
1369 1877
1369 1917
1369 2011
1369 4232
1369 5599
1369 5933
1370 5938
1379 2527
1379 5599
1379 6045
1381 4727
1392 1737
1392 3787
1392 4338
1392 5100
1392 5929
1392 6006
1392 6569
1393 3984
1393 4536
1393 5305
1393 5833
1393 6289
1393 6503
1393 6546
1393 6563
1393 6612
1393 6632
1393 6634
1395 2223
1413 1540
1413 1636
1413 2229
1413 2718
1413 2820
1413 2868
1413 3745
1413 3858
1413 4113
1413 4117
1413 4731
1413 4949
1413 5009
1413 5065
1413 5125
1413 5929
1413 6292
1413 6294
1413 6298
1413 6364
1413 6365
1413 6566
1413 6598
1418 1960
1418 2934
1418 3727
1418 3882
1418 4798
1418 6619
1419 1724
1419 3166
1419 4456
1419 4727
1419 5157
1419 6537
1422 4746
1422 5267
1426 3417
1426 5386
1426 6289
1454 6551
1468 2756
1468 6483
1469 4117
1469 4839
1470 1602
1470 1636
1470 2008
1470 2158
1470 2650
1470 3412
1470 3636
1470 4536
1470 4924
1470 4949
1470 5237
1470 5441
1470 5679
1470 6279
1470 6289
1470 6319
1470 6343
1470 6381
1470 6390
1470 6417
1470 6418
1470 6419
1470 6438
1470 6478
1470 6503
1470 6517
1470 6546
1470 6552
1470 6573
1470 6612
1476 3856
1476 5637
1483 5441
1510 1636
1510 4117
1510 5720
1510 5783
1517 2739
1517 4271
1517 6390
1517 6639
1527 1971
1539 2650
1539 4226
1539 4544
1539 5100
1539 5179
1539 6545
1540 1664
1540 2324
1540 2820
1540 2956
1540 5006
1540 5362
1540 5599
1540 5699
1540 5939
1540 6566
1540 6644
1543 1763
1546 4727
1558 1879
1561 1887
1561 2455
1561 2529
1561 2694
1561 3056
1563 1755
1563 1786
1563 2599
1563 5599
1563 6322
1563 6390
1571 1877
1571 3484
1571 6359
1571 6371
1583 4382
1583 6403
1602 1636
1602 1687
1602 2020
1602 2820
1602 2877
1602 2919
1602 4231
1602 4946
1602 5362
1602 6375
1604 1941
1604 4949
1606 1636
1606 1763
1612 2919
1612 3984
1612 6527
1615 2229
1615 2403
1615 4419
1617 3368
1622 2284
1622 2412
1622 2825
1622 2930
1622 4031
1622 5008
1625 4747
1636 1740
1636 1742
1636 1747
1636 1831
1636 1887
1636 2053
1636 2156
1636 2682
1636 2739
1636 2762
1636 2956
1636 3049
1636 3099
1636 3158
1636 3171
1636 3642
1636 3744
1636 3745
1636 4106
1636 4117
1636 4170
1636 4236
1636 4488
1636 4507
1636 4517
1636 4740
1636 5006
1636 5125
1636 5162
1636 5306
1636 5362
1636 5367
1636 5529
1636 5560
1636 5615
1636 5679
1636 5681
1636 5845
1636 5863
1636 6189
1636 6232
1636 6280
1636 6289
1636 6294
1636 6326
1636 6332
1636 6343
1636 6381
1636 6395
1636 6413
1636 6417
1636 6428
1636 6435
1636 6442
1636 6450
1636 6503
1636 6517
1636 6530
1636 6562
1636 6605
1636 6609
1636 6645
1640 2919
1644 1694
1644 2107
1644 6280
1658 2694
1658 6514
1661 1825
1661 2668
1661 3171
1661 3984
1661 4141
1661 4536
1661 5065
1661 5305
1661 5681
1661 5933
1661 6443
1661 6596
1664 5487
1664 6581
1667 2396
1667 2956
1667 3158
1667 3368
1667 3799
1667 5366
1667 6289
1667 6413
1680 3405
1680 6299
1687 5362
1687 6029
1687 6425
1687 6528
1690 4949
1691 3917
1691 6574
1694 2694
1709 2324
1709 5948
1709 6409
1724 1751
1724 1818
1724 5016
1724 6299
1724 6344
1724 6445
1724 6464
1724 6643
1732 1755
1732 1786
1732 2463
1732 2650
1732 6547
1737 1877
1737 2428
1740 6596
1740 6619
1742 1894
1742 3024
1742 5181
1742 5783
1742 6010
1742 6472
1742 6480
1742 6545
1747 4375
1747 6535
1751 4523
1752 2284
1753 2396
1755 1818
1755 2111
1755 6303
1763 2156
1763 2864
1763 3624
1763 3856
1763 4332
1763 4634
1763 4924
1763 5362
1763 5521
1763 5940
1763 6002
1763 6286
1763 6384
1763 6390
1763 6396
1763 6414
1763 6424
1763 6511
1763 6531
1763 6624
1763 6640
1763 6645
1768 1825
1768 2292
1774 2956
1774 3171
1774 6289
1774 6429
1776 6505
1779 1831
1779 2767
1779 3907
1779 4117
1779 4924
1779 5704
1779 5816
1779 6203
1780 6382
1785 6481
1785 6619
1786 1917
1786 2158
1786 5215
1786 6392
1786 6394
1786 6443
1788 4493
1788 6462
1793 1877
1793 2292
1793 3484
1793 4177
1793 4632
1793 5599
1793 6171
1793 6352
1793 6534
1804 2118
1804 2284
1804 3030
1804 3745
1804 4080
1807 4507
1807 6264
1812 2158
1812 3992
1816 6497
1818 2111
1818 2114
1818 2529
1818 3030
1818 4523
1818 4577
1818 5181
1818 6305
1818 6307
1818 6311
1818 6390
1824 5267
1824 6587
1825 2158
1825 2292
1825 6395
1825 6410
1831 2158
1831 2756
1831 3313
1831 4151
1831 5560
1831 5704
1831 5720
1831 5949
1831 6289
1831 6503
1831 6508
1831 6558
1845 2529
1845 3158
1845 5720
1861 2820
1861 3065
1864 6430
1877 2389
1877 2406
1877 2472
1877 2919
1877 2970
1877 3850
1877 4216
1877 4419
1877 4915
1877 6171
1877 6307
1877 6409
1877 6434
1877 6479
1877 6491
1877 6495
1877 6514
1877 6536
1877 6597
1877 6642
1879 1917
1879 2126
1879 2255
1879 5432
1879 6648
1887 6338
1894 2845
1894 3417
1894 5400
1894 6010
1894 6307
1894 6480
1915 2504
1917 1996
1917 2126
1917 2319
1917 2324
1917 2820
1917 2825
1917 3283
1917 3325
1917 3453
1917 3935
1917 4357
1917 4731
1917 5031
1917 5174
1917 5305
1917 5681
1917 5816
1917 5936
1917 6006
1917 6114
1917 6134
1917 6160
1917 6328
1917 6355
1917 6390
1917 6392
1917 6394
1917 6410
1917 6486
1917 6495
1917 6501
1917 6574
1917 6596
1917 6648
1922 3771
1939 3930
1939 5560
1941 2529
1941 4544
1948 2156
1948 2199
1948 5366
1952 6527
1958 3166
1958 3850
1958 6307
1958 6623
1959 2950
1959 3156
1959 5194
1959 6532
1972 2208
1972 2674
1972 2919
1972 3727
1972 3856
1972 4691
1972 5994
1972 6299
1972 6382
1972 6384
1972 6571
1977 6338
1985 2264
1985 2355
1985 2534
1985 2650
1985 5362
1985 5458
1985 6114
1985 6469
1985 6503
1995 6556
1996 2214
1996 4731
1996 5174
1996 5501
1996 6486
1996 6490
2008 4488
2008 6586
2011 6462
2011 6547
2016 5065
2016 6584
2019 2674
2019 3165
2019 4731
2019 6430
2019 6543
2020 4232
2023 6281
2024 6508
2027 2682
2027 3158
2027 3405
2027 4177
2027 4332
2027 4419
2027 4632
2027 5599
2027 6277
2038 5560
2053 4752
2053 5489
2053 6189
2062 3030
2062 6408
2062 6467
2076 3917
2079 2254
2081 3636
2081 3799
2081 3945
2081 4031
2081 5075
2086 2762
2086 4332
2086 5906
2086 5946
2086 6382
2095 4833
2095 6435
2095 6478
2095 6546
2095 6548
2098 6594
2102 4297
2105 4031
2105 6299
2107 2117
2107 3417
2107 4509
2111 4523
2114 2284
2114 4783
2114 4910
2118 4080
2118 5400
2123 5599
2124 2243
2124 4366
2124 4471
2124 5068
2124 5433
2124 5801
2124 6026
2124 6289
2124 6347
2124 6546
2132 5458
2132 6289
2132 6444
2132 6449
2146 2389
2149 4477
2156 2405
2156 2682
2156 3453
2156 4140
2156 4303
2156 4746
2156 5041
2156 5065
2156 5127
2156 6160
2156 6161
2156 6502
2156 6602
2158 2292
2158 3816
2158 3856
2158 4171
2158 5483
2158 5599
2158 5816
2158 5906
2158 6108
2158 6225
2158 6289
2158 6364
2158 6386
2158 6400
2158 6408
2158 6419
2158 6495
2177 2529
2177 3578
2179 6613
2187 2306
2187 2406
2191 3044
2192 6314
2199 3856
2199 4171
2199 6610
2203 3158
2203 4080
2204 4731
2204 6014
2204 6390
2204 6420
2208 2650
2208 4031
2214 2598
2223 6203
2223 6264
2223 6408
2223 6458
2229 2403
2234 3823
2234 6594
2255 3900
2255 4419
2255 6393
2255 6419
2256 4507
2256 4577
2264 3636
2264 4090
2277 6503
2278 5938
2284 2650
2284 2727
2284 3024
2284 3030
2284 3368
2284 3412
2284 3648
2284 4226
2284 4507
2284 5215
2284 5938
2284 6414
2284 6445
2284 6466
2286 2396
2286 2600
2286 5367
2292 3171
2292 3355
2292 3800
2292 3992
2292 4141
2292 4536
2292 5065
2292 5681
2292 5816
2292 6328
2292 6618
2306 2670
2306 2718
2306 2845
2306 2868
2306 5936
2306 6574
2307 6328
2313 2815
2313 5125
2313 5493
2313 6503
2319 2472
2319 2682
2319 2919
2319 2956
2319 3030
2319 5366
2319 6547
2319 6569
2324 3900
2324 6650
2333 4419
2355 4949
2360 6498
2382 6619
2389 2472
2389 4080
2389 6297
2389 6404
2389 6491
2389 6514
2389 6547
2389 6553
2389 6561
2389 6615
2389 6642
2396 2820
2396 2825
2396 4647
2396 5362
2396 5367
2396 6189
2396 6543
2403 2669
2403 5267
2405 4117
2406 2472
2406 6608
2412 5599
2422 2767
2422 3026
2422 3984
2422 5265
2428 2534
2428 3007
2437 2970
2437 3039
2437 3984
2437 5599
2437 6549
2455 5325
2455 6289
2460 2934
2469 6426
2472 2682
2472 2694
2472 3368
2472 3405
2472 3930
2472 4232
2472 4546
2472 6338
2472 6400
2472 6503
2472 6547
2472 6638
2472 6650
2473 4177
2487 6596
2488 6336
2488 6478
2488 6502
2488 6585
2504 5065
2504 6328
2508 6158
2512 5263
2518 2694
2522 6289
2522 6347
2527 5615
2529 2589
2529 2756
2529 2919
2529 3171
2529 3501
2529 3578
2529 3850
2529 4271
2529 4924
2529 5801
2529 6110
2529 6435
2529 6460
2529 6502
2529 6541
2529 6542
2529 6561
2529 6574
2529 6594
2529 6595
2529 6614
2529 6632
2534 6470
2534 6552
2541 2943
2541 3984
2541 5309
2562 6547
2583 3858
2583 6563
2589 5720
2589 6396
2598 3935
2599 2674
2599 5599
2599 6160
2600 2820
2600 3520
2612 6304
2619 6108
2619 6359
2619 6522
2627 4634
2627 4691
2627 4886
2627 4949
2627 5041
2628 5305
2635 3856
2636 2694
2640 4949
2650 2687
2650 2919
2650 3412
2650 4117
2650 4177
2650 6280
2650 6334
2650 6390
2650 6462
2650 6594
2658 3856
2668 5174
2668 5863
2669 3484
2669 6291
2670 5720
2674 3727
2674 6566
2674 6574
2674 6594
2682 3158
2682 4647
2682 5599
2682 5615
2682 6280
2682 6315
2682 6316
2682 6453
2691 6301
2691 6351
2691 6546
2692 3984
2694 3930
2694 5230
2694 5599
2694 6108
2694 6338
2694 6390
2694 6434
2694 6547
2694 6569
2699 6505
2714 3484
2714 5490
2714 6253
2714 6371
2718 3158
2718 4968
2727 3030
2728 3453
2739 6161
2739 6289
2741 3856
2741 6470
2756 3337
2756 3578
2756 3891
2756 4545
2756 4886
2756 5801
2756 6336
2756 6353
2756 6419
2756 6548
2756 6585
2762 2919
2762 3657
2762 3791
2762 3984
2762 4110
2762 4170
2762 4190
2762 4546
2762 5306
2762 5478
2762 5626
2762 5991
2762 6059
2762 6232
2762 6280
2762 6289
2762 6290
2762 6326
2762 6329
2762 6330
2762 6373
2762 6384
2762 6415
2762 6442
2762 6451
2762 6510
2762 6513
2762 6625
2767 3745
2767 3856
2767 3925
2767 4117
2767 5862
2767 5941
2767 6026
2767 6333
2767 6476
2767 6489
2767 6525
2767 6601
2767 6607
2771 3125
2771 5065
2784 6382
2795 4157
2815 5933
2818 4187
2818 6294
2818 6325
2820 3065
2820 3727
2820 3799
2820 4171
2820 4731
2820 4783
2820 5362
2820 5366
2820 5599
2820 5615
2820 5681
2820 5906
2820 5939
2820 5991
2820 6026
2820 6114
2820 6312
2820 6317
2820 6328
2820 6329
2820 6337
2820 6343
2820 6364
2820 6395
2820 6435
2820 6484
2820 6524
2820 6547
2820 6566
2820 6569
2820 6623
2821 6344
2821 6445
2825 5009
2825 6596
2839 3816
2845 6124
2864 3984
2864 5362
2864 5478
2864 6493
2868 2919
2868 4242
2868 4366
2868 4547
2868 5518
2868 6308
2868 6470
2874 5720
2874 5722
2882 6596
2888 4187
2888 6409
2914 3543
2919 3791
2919 3984
2919 4031
2919 4232
2919 4338
2919 4427
2919 4670
2919 4731
2919 4798
2919 4924
2919 5560
2919 5615
2919 5652
2919 5698
2919 6289
2919 6294
2919 6343
2919 6363
2919 6366
2919 6374
2919 6390
2919 6396
2919 6420
2930 4731
2930 6344
2930 6533
2934 3171
2934 3281
2934 4670
2934 4798
2934 6482
2943 3283
2943 6352
2950 3158
2950 3745
2950 4031
2956 3381
2956 3984
2956 4117
2956 4427
2956 4927
2956 5362
2956 5476
2956 6189
2956 6332
2956 6338
2956 6413
2956 6500
2956 6621
2961 3727
2970 5440
2970 5599
2970 6108
2970 6621
3000 3377
3000 4419
3001 5857
3001 6336
3007 3856
3023 6328
3024 3166
3026 3917
3026 3992
3026 4653
3026 4911
3026 5521
3026 5614
3026 6049
3026 6419
3026 6567
3030 3041
3030 3624
3030 3648
3030 3979
3030 4080
3030 4110
3030 4226
3030 4338
3030 4523
3030 4798
3030 4910
3030 5135
3030 5143
3030 5305
3030 5468
3030 5816
3030 6303
3030 6443
3030 6469
3030 6523
3030 6587
3030 6630
3031 4525
3031 6547
3040 6292
3041 4783
3041 5816
3049 4117
3062 5230
3065 5362
3065 6425
3072 4366
3072 6350
3076 4833
3084 4242
3099 3171
3107 3917
3107 5641
3107 6455
3107 6623
3121 3727
3121 6619
3122 3762
3122 6607
3123 4000
3123 5468
3123 6305
3125 4370
3158 3184
3158 3417
3158 3727
3158 3745
3158 4106
3158 4226
3158 4949
3158 5125
3158 5433
3158 5720
3158 6280
3158 6300
3158 6362
3158 6393
3158 6413
3158 6553
3158 6645
3160 3984
3160 5306
3171 3254
3171 3336
3171 3355
3171 3727
3171 3819
3171 4536
3171 4632
3171 4798
3171 5053
3171 5065
3171 5560
3171 5704
3171 5929
3171 6142
3171 6295
3171 6319
3171 6427
3171 6435
3171 6516
3171 6562
3171 6583
3184 6280
3184 6503
3191 6462
3239 5006
3239 6370
3239 6437
3246 6527
3254 5166
3254 5615
3254 5699
3258 4908
3258 6353
3262 6319
3281 5698
3283 4523
3283 4536
3283 6160
3283 6378
3313 3745
3313 5065
3313 6353
3322 5521
3322 6026
3322 6402
3329 3856
3329 4546
3329 5146
3329 5173
3329 5441
3329 5504
3329 6329
3330 4110
3330 5065
3337 3578
3337 3800
3337 4545
3337 6460
3355 4798
3355 6583
3368 5135
3377 4080
3377 4546
3377 6119
3381 6370
3388 6203
3405 3648
3405 4080
3405 4763
3405 5948
3405 6162
3405 6340
3405 6400
3405 6411
3405 6491
3405 6621
3412 4110
3412 4798
3412 6647
3417 4839
3417 5487
3417 6280
3417 6294
3417 6298
3417 6333
3417 6343
3417 6523
3447 6010
3453 3745
3453 4117
3453 4691
3453 4731
3453 4746
3453 4783
3453 4879
3453 4949
3453 5036
3453 5267
3453 5704
3453 6002
3453 6353
3453 6375
3453 6387
3453 6524
3453 6602
3457 6421
3458 6632
3484 3984
3484 4177
3484 4968
3484 6359
3484 6594
3484 6615
3484 6642
3501 5041
3501 6437
3505 4671
3505 5599
3515 4886
3515 5720
3515 6342
3515 6353
3526 5458
3543 5065
3545 6317
3545 6384
3545 6424
3545 6648
3573 4907
3574 4740
3578 4605
3578 5146
3578 6562
3578 6594
3617 6006
3617 6527
3624 4632
3636 3984
3636 4507
3636 4839
3636 5065
3636 5125
3636 5227
3636 5305
3636 6280
3636 6317
3636 6332
3636 6370
3636 6419
3636 6449
3636 6609
3636 6638
3639 6474
3639 6586
3648 4080
3648 4783
3648 6010
3648 6114
3648 6123
3657 4949
3657 5292
3657 6513
3657 6533
3689 6342
3704 3984
3704 6640
3705 6355
3712 4924
3727 3882
3727 4731
3727 4798
3727 4886
3727 5065
3727 5305
3727 5362
3727 5681
3727 6436
3727 6596
3727 6619
3745 3816
3745 3930
3745 4117
3745 4271
3745 4702
3745 5227
3745 6210
3745 6286
3745 6289
3745 6388
3745 6414
3745 6470
3745 6503
3745 6513
3745 6518
3745 6523
3745 6594
3745 6616
3745 6630
3745 6631
3756 4634
3756 6501
3764 6278
3787 5706
3787 5816
3787 5936
3798 5294
3799 4427
3799 5542
3799 5699
3800 3850
3800 3984
3800 5065
3800 6225
3800 6319
3800 6395
3800 6575
3800 6639
3816 4488
3816 5594
3828 6345
3836 5263
3850 4113
3850 6307
3856 4026
3856 4354
3856 5173
3856 5353
3856 5441
3856 6363
3856 6470
3858 5362
3858 5845
3865 6360
3882 6280
3882 6294
3882 6485
3891 4545
3900 4632
3900 5943
3907 6469
3917 3984
3917 4382
3925 5862
3925 6354
3930 4117
3930 4771
3930 5146
3930 5560
3935 5615
3943 4110
3943 5521
3943 6286
3943 6384
3943 6511
3945 4283
3945 6289
3945 6637
3950 4106
3950 4647
3950 6250
3967 4839
3967 5306
3967 6386
3975 4157
3975 4322
3975 5174
3975 5480
3975 6534
3980 4187
3980 4507
3980 6289
3984 4116
3984 4117
3984 4171
3984 4187
3984 4577
3984 4653
3984 4832
3984 4911
3984 5065
3984 5130
3984 5162
3984 5245
3984 5487
3984 5720
3984 6117
3984 6384
3984 6405
3984 6443
3984 6463
3984 6470
3984 6493
3984 6500
3984 6518
3984 6654
4000 6305
4011 6426
4011 6566
4031 4366
4031 4536
4031 4632
4031 5065
4031 5181
4031 5362
4031 5400
4031 5468
4031 5943
4031 6114
4031 6344
4031 6424
4031 6469
4057 5125
4057 5362
4059 6618
4065 6449
4080 4419
4080 6448
4090 4187
4090 4352
4090 5292
4090 5386
4090 5518
4090 6342
4090 6346
4090 6390
4090 6401
4090 6421
4090 6561
4090 6591
4110 5018
4110 5440
4110 5991
4110 6290
4110 6369
4110 6373
4110 6464
4110 6587
4110 6604
4113 5682
4116 5933
4117 4271
4117 4338
4117 4507
4117 4731
4117 5007
4117 5362
4117 5518
4117 5615
4117 5652
4117 6189
4117 6280
4117 6289
4117 6328
4117 6332
4117 6338
4117 6354
4117 6359
4117 6390
4117 6470
4117 6522
4117 6525
4117 6574
4117 6578
4117 6630
4140 6616
4141 4536
4141 4731
4141 5009
4141 6596
4151 5309
4171 5127
4171 5939
4171 6161
4171 6566
4177 4927
4187 4366
4187 4382
4187 4746
4187 4911
4187 4924
4187 5265
4187 5518
4187 5831
4187 5941
4187 6384
4187 6401
4187 6419
4187 6463
4187 6578
4216 6119
4216 6327
4226 6010
4232 6289
4232 6492
4236 6203
4242 6287
4242 6308
4271 5146
4280 6400
4280 6558
4283 5637
4283 5722
4283 6506
4283 6535
4286 5041
4297 5943
4303 6160
4310 6361
4310 6444
4314 6498
4317 4507
4317 6385
4322 5599
4332 4523
4332 6053
4338 6366
4357 6648
4366 4833
4366 6264
4366 6580
4370 6629
4377 5929
4379 4634
4380 4802
4382 6413
4384 5599
4384 6357
4390 5174
4400 5468
4402 5433
4402 5637
4403 6572
4414 4746
4419 5189
4419 6285
4419 6297
4419 6371
4419 6400
4419 6411
4419 6434
4419 6615
4427 5699
4456 4634
4456 6290
4488 4547
4488 4907
4488 6287
4489 6290
4507 5065
4507 5560
4507 6563
4507 6657
4523 4544
4523 4577
4523 5016
4523 5943
4523 6225
4523 6307
4523 6375
4523 6424
4523 6453
4532 6550
4536 5681
4536 6006
4544 5100
4545 6353
4546 6225
4546 6404
4577 4924
4577 5239
4591 6310
4591 6380
4591 6462
4632 5065
4632 5468
4632 5483
4632 5599
4632 5943
4632 6295
4632 6300
4646 6473
4653 6002
4653 6264
4663 5909
4663 6289
4670 5698
4677 6413
4691 4968
4708 6613
4727 5006
4727 6498
4731 4798
4731 4949
4731 5362
4731 5440
4731 5487
4731 5633
4731 5933
4731 6110
4731 6114
4731 6242
4731 6306
4731 6366
4732 6568
4746 6590
4760 5831
4760 6203
4771 5483
4771 6315
4783 5127
4783 5305
4783 6305
4783 6545
4787 4882
4798 4886
4802 6397
4830 5720
4830 5816
4839 4949
4839 5125
4839 5720
4839 5862
4839 6646
4860 6422
4886 5949
4886 6319
4908 6554
4910 6441
4911 5487
4915 6653
4924 5386
4924 5614
4924 5652
4924 5833
4924 5940
4924 6026
4924 6203
4924 6286
4924 6333
4924 6372
4924 6386
4924 6414
4924 6422
4924 6493
4924 6503
4924 6578
4924 6633
4949 5125
4949 5362
4949 6338
4955 6540
4983 5100
5006 5476
5006 5816
5006 6652
5009 5305
5009 6498
5009 6596
5032 6527
5034 6515
5041 5487
5041 5652
5041 6426
5041 6623
5053 6295
5065 5125
5065 5143
5065 5162
5065 5292
5065 5458
5065 5615
5065 6059
5065 6180
5065 6283
5065 6326
5065 6376
5065 6377
5065 6381
5065 6390
5065 6391
5065 6414
5065 6474
5065 6513
5065 6538
5065 6552
5065 6561
5065 6578
5065 6579
5065 6580
5065 6598
5065 6599
5075 6289
5100 5468
5100 5935
5100 6476
5120 6117
5120 6589
5125 5529
5125 6319
5125 6396
5127 5386
5127 5652
5130 5831
5130 6494
5135 5658
5143 5720
5143 6378
5146 6478
5162 6403
5173 6053
5174 6134
5174 6471
5174 6628
5179 5599
5219 6289
5227 6403
5230 6403
5236 6114
5236 6410
5237 6389
5237 6390
5243 6460
5263 6114
5263 6280
5265 5737
5265 6263
5267 5440
5267 6370
5292 5720
5292 6494
5292 6511
5304 6367
5305 5362
5305 5563
5305 5682
5309 6014
5362 5463
5362 5489
5362 5615
5362 5929
5362 6189
5362 6333
5362 6354
5362 6413
5362 6419
5362 6425
5362 6448
5362 6503
5362 6528
5362 6563
5362 6641
5362 6645
5367 6430
5373 6495
5378 6248
5386 6386
5400 6305
5415 6309
5415 6464
5433 5637
5433 6002
5433 6280
5433 6289
5433 6580
5440 5699
5440 6324
5440 6566
5440 6621
5440 6642
5455 5704
5458 6175
5460 6225
5468 6303
5468 6305
5468 6387
5468 6472
5468 6577
5478 6299
5479 6395
5483 6016
5487 5998
5487 6399
5487 6493
5487 6526
5487 6567
5494 6498
5509 6411
5518 5722
5518 6225
5550 6400
5560 6561
5589 5938
5592 6470
5594 6390
5599 5890
5599 6357
5599 6514
5605 6335
5614 6203
5615 5788
5615 6320
5615 6486
5615 6605
5618 6596
5644 6424
5652 5682
5652 6160
5652 6312
5652 6395
5679 6413
5681 5816
5681 6385
5681 6596
5682 6053
5692 5831
5698 6482
5699 6316
5699 6332
5699 6547
5700 6403
5704 6470
5706 6232
5706 6342
5706 6546
5720 5845
5720 6280
5720 6370
5720 6388
5720 6390
5720 6391
5720 6397
5720 6485
5720 6498
5720 6574
5749 6171
5782 6546
5783 6358
5783 6393
5797 6544
5816 5936
5816 6328
5816 6506
5828 6568
5831 5929
5831 6288
5831 6386
5831 6493
5862 6203
5862 6354
5929 6225
5929 6351
5929 6419
5933 6189
5933 6443
5935 6476
5935 6542
5938 6225
5938 6370
5943 6310
5948 6549
5949 6304
5956 6366
5966 6653
5983 6225
6049 6343
6062 6296
6110 6321
6119 6357
6123 6471
6134 6645
6137 6203
6160 6569
6171 6256
6175 6365
6175 6366
6175 6418
6175 6598
6180 6326
6189 6605
6203 6301
6203 6314
6203 6348
6203 6463
6203 6525
6203 6563
6203 6601
6218 6373
6218 6392
6225 6299
6225 6378
6225 6379
6225 6386
6225 6390
6248 6357
6264 6331
6264 6388
6274 6353
6280 6470
6280 6485
6289 6321
6289 6343
6289 6384
6289 6391
6289 6482
6289 6655
6290 6373
6294 6298
6295 6429
6305 6536
6315 6611
6316 6317
6316 6318
6316 6332
6319 6388
6321 6323
6338 6339
6351 6354
6353 6356
6354 6377
6355 6393
6357 6566
6364 6365
6373 6624
6376 6381
6377 6378
6380 6406
6385 6443
6385 6456
6386 6494
6393 6470
6393 6597
6411 6412
6413 6419
6453 6587
6455 6462
6463 6562
6464 6465
6470 6497
6470 6500
6470 6546
6470 6648
6481 6507
6494 6511
6498 6499
6498 6522
6498 6580
6512 6513
6515 6519
6541 6542
6562 6595
6566 6610
6573 6576
6574 6617
6580 6582
6580 6593
6590 6591
6596 6600
6605 6606
6614 6622
6624 6626
6624 6640
6635 6636
