0 14
0 25
0 29
0 30
0 46
0 48
0 64
0 70
0 73
0 76
0 80
0 100
0 103
0 175
0 184
0 198
0 276
0 330
0 408
0 570
0 608
0 611
0 686
0 694
0 696
0 771
0 789
0 859
0 878
0 881
0 948
0 993
0 997
0 1041
0 1051
0 1081
0 1089
0 1108
0 1115
0 1179
0 1196
0 1218
0 1235
1 68
1 206
1 235
1 878
1 1041
1 1078
1 1168
2 14
2 19
2 30
2 77
2 80
2 128
2 168
2 184
2 315
2 367
2 370
2 433
2 477
2 577
2 611
2 621
2 670
2 721
2 801
2 810
2 851
2 873
2 903
2 918
2 950
2 967
2 973
2 993
2 999
2 1016
2 1027
2 1041
2 1061
2 1088
2 1108
2 1118
2 1120
2 1134
2 1137
2 1179
2 1182
2 1191
2 1210
2 1213
3 77
3 97
3 247
3 302
3 461
3 771
3 891
3 1211
4 76
4 79
4 80
4 83
4 109
4 140
4 153
4 184
4 276
4 289
4 432
4 434
4 459
4 570
4 610
4 621
4 659
4 729
4 851
4 865
4 903
4 919
4 950
4 960
4 981
4 993
4 1066
6 140
6 946
7 14
7 29
7 30
7 42
7 76
7 189
7 218
7 451
7 572
7 659
7 760
7 789
7 1067
7 1069
8 76
8 128
13 14
13 30
13 42
13 46
13 48
13 64
13 124
13 190
13 206
13 235
13 275
13 354
13 539
13 570
13 673
13 875
13 946
13 953
13 968
13 1023
14 19
14 26
14 29
14 30
14 39
14 42
14 43
14 46
14 48
14 56
14 64
14 65
14 69
14 76
14 80
14 90
14 94
14 96
14 100
14 103
14 109
14 121
14 124
14 134
14 135
14 146
14 166
14 174
14 184
14 196
14 201
14 206
14 233
14 235
14 238
14 275
14 280
14 284
14 286
14 307
14 315
14 318
14 330
14 335
14 345
14 348
14 370
14 374
14 414
14 431
14 433
14 434
14 451
14 455
14 461
14 477
14 490
14 502
14 516
14 539
14 546
14 552
14 565
14 570
14 577
14 588
14 610
14 618
14 621
14 659
14 670
14 673
14 678
14 703
14 708
14 724
14 728
14 729
14 760
14 771
14 796
14 801
14 813
14 820
14 824
14 836
14 852
14 886
14 891
14 898
14 903
14 917
14 919
14 928
14 935
14 946
14 948
14 950
14 960
14 962
14 963
14 970
14 973
14 981
14 993
14 998
14 999
14 1041
14 1051
14 1057
14 1064
14 1076
14 1091
14 1092
14 1106
14 1120
14 1122
14 1124
14 1130
14 1131
14 1134
14 1139
14 1141
14 1149
14 1152
14 1163
14 1164
14 1177
14 1179
14 1181
14 1193
14 1196
14 1198
14 1199
14 1201
14 1202
14 1205
14 1207
14 1209
14 1210
14 1214
14 1218
14 1220
14 1242
19 25
19 29
19 43
19 48
19 69
19 73
19 76
19 79
19 90
19 94
19 103
19 123
19 141
19 153
19 158
19 174
19 189
19 191
19 201
19 325
19 370
19 434
19 459
19 565
19 570
19 673
19 729
19 805
19 866
19 878
19 903
19 928
19 938
19 953
19 960
19 963
19 979
19 993
19 1012
19 1041
19 1055
19 1081
19 1115
19 1128
19 1130
19 1179
19 1181
25 26
25 29
25 30
25 73
25 75
25 76
25 109
25 113
25 141
25 153
25 158
25 186
25 206
25 235
25 247
25 330
25 341
25 348
25 442
25 461
25 493
25 509
25 518
25 570
25 575
25 577
25 618
25 621
25 659
25 662
25 686
25 708
25 836
25 881
25 891
25 899
25 904
25 912
25 914
25 948
25 967
25 968
25 981
25 997
25 1058
25 1106
25 1128
25 1136
25 1140
25 1211
25 1218
25 1225
26 30
26 42
26 43
26 48
26 69
26 75
26 76
26 100
26 109
26 121
26 134
26 142
26 162
26 189
26 196
26 206
26 233
26 235
26 238
26 289
26 292
26 336
26 394
26 410
26 431
26 461
26 509
26 539
26 554
26 570
26 611
26 662
26 678
26 704
26 729
26 801
26 810
26 824
26 875
26 878
26 899
26 904
26 928
26 946
26 961
26 963
26 993
26 995
26 999
26 1016
26 1023
26 1036
26 1102
26 1134
26 1147
26 1179
26 1193
26 1198
26 1249
28 983
29 30
29 42
29 43
29 47
29 68
29 73
29 76
29 79
29 80
29 88
29 94
29 98
29 103
29 121
29 153
29 158
29 195
29 196
29 201
29 206
29 235
29 238
29 289
29 370
29 403
29 431
29 442
29 451
29 461
29 477
29 486
29 509
29 539
29 570
29 571
29 608
29 613
29 621
29 656
29 670
29 724
29 725
29 729
29 760
29 785
29 805
29 852
29 875
29 881
29 904
29 914
29 928
29 946
29 950
29 960
29 976
29 1055
29 1069
29 1113
29 1124
29 1126
29 1141
29 1177
29 1210
29 1237
29 1245
30 42
30 43
30 48
30 68
30 73
30 76
30 77
30 90
30 96
30 100
30 109
30 121
30 146
30 168
30 190
30 196
30 206
30 216
30 233
30 235
30 238
30 275
30 289
30 336
30 348
30 370
30 451
30 453
30 486
30 487
30 493
30 507
30 519
30 566
30 659
30 662
30 670
30 708
30 729
30 760
30 762
30 786
30 789
30 810
30 824
30 852
30 878
30 887
30 904
30 928
30 948
30 950
30 967
30 1002
30 1013
30 1017
30 1034
30 1036
30 1075
30 1078
30 1091
30 1092
30 1106
30 1167
30 1186
30 1191
30 1198
30 1214
30 1230
30 1235
30 1243
32 760
33 1002
37 73
37 109
37 184
37 370
37 486
37 506
37 570
37 704
37 746
37 813
37 973
37 1039
37 1113
38 276
38 662
38 891
38 899
41 556
41 673
42 43
42 47
42 65
42 75
42 76
42 80
42 97
42 109
42 121
42 123
42 124
42 151
42 175
42 184
42 190
42 195
42 204
42 206
42 240
42 348
42 431
42 461
42 490
42 506
42 572
42 573
42 577
42 588
42 610
42 647
42 662
42 686
42 694
42 708
42 728
42 729
42 801
42 820
42 912
42 914
42 946
42 948
42 962
42 968
42 991
42 993
42 1035
42 1057
42 1069
42 1074
42 1076
42 1084
42 1087
42 1096
42 1106
42 1122
42 1134
42 1141
42 1170
42 1177
42 1179
42 1198
42 1199
42 1214
42 1218
42 1220
42 1245
43 46
43 75
43 84
43 95
43 97
43 108
43 109
43 128
43 140
43 151
43 158
43 184
43 189
43 190
43 201
43 206
43 289
43 335
43 461
43 477
43 539
43 570
43 577
43 644
43 662
43 729
43 805
43 836
43 859
43 919
43 928
43 940
43 946
43 999
43 1028
43 1077
43 1096
43 1105
43 1112
43 1113
46 75
46 76
46 124
46 201
46 235
46 570
46 729
46 760
46 801
46 821
46 875
46 912
46 946
46 952
46 968
46 1035
46 1051
46 1102
46 1106
46 1156
46 1159
46 1160
47 76
47 126
47 153
47 180
47 370
47 384
47 439
47 852
47 1096
48 73
48 97
48 121
48 201
48 240
48 270
48 318
48 336
48 370
48 403
48 433
48 516
48 570
48 771
48 788
48 789
48 859
48 928
48 1002
48 1103
48 1186
48 1226
51 69
51 158
51 852
54 109
56 76
56 109
56 124
56 135
56 447
56 570
56 951
56 1013
56 1028
56 1119
59 659
59 694
60 64
60 76
60 267
60 330
60 501
60 613
60 725
60 823
60 1050
61 461
61 1004
64 76
64 79
64 132
64 151
64 189
64 235
64 275
64 330
64 444
64 461
64 501
64 539
64 570
64 662
64 712
64 831
64 883
64 895
64 934
64 948
64 1025
64 1070
64 1116
64 1137
65 140
65 221
65 236
65 570
65 593
65 946
65 1002
66 741
66 973
68 70
68 189
68 280
68 302
68 348
68 424
68 456
68 507
68 570
68 662
68 789
68 810
68 878
68 999
68 1051
68 1243
69 76
69 140
69 201
69 461
69 570
69 662
69 691
69 785
69 898
69 919
69 1045
69 1196
70 97
70 1057
73 96
73 109
73 121
73 157
73 226
73 295
73 434
73 570
73 691
73 746
73 789
73 805
73 810
73 852
73 928
74 729
74 1177
74 1206
75 77
75 83
75 109
75 140
75 153
75 206
75 221
75 330
75 339
75 451
75 461
75 475
75 518
75 539
75 563
75 613
75 729
75 803
75 897
75 917
75 942
75 950
75 953
75 987
75 1002
75 1005
75 1019
75 1029
75 1054
75 1094
76 77
76 80
76 83
76 84
76 88
76 90
76 94
76 96
76 109
76 121
76 123
76 124
76 132
76 134
76 135
76 153
76 166
76 169
76 174
76 184
76 189
76 196
76 199
76 201
76 206
76 213
76 216
76 235
76 280
76 298
76 330
76 349
76 367
76 370
76 374
76 386
76 387
76 404
76 410
76 434
76 442
76 447
76 451
76 461
76 477
76 490
76 493
76 504
76 506
76 507
76 518
76 539
76 543
76 552
76 565
76 570
76 600
76 610
76 621
76 644
76 659
76 670
76 673
76 686
76 691
76 694
76 696
76 725
76 728
76 729
76 731
76 762
76 772
76 789
76 803
76 805
76 810
76 813
76 821
76 823
76 836
76 852
76 873
76 875
76 881
76 899
76 902
76 904
76 912
76 919
76 928
76 943
76 950
76 956
76 960
76 963
76 967
76 970
76 977
76 980
76 988
76 990
76 993
76 994
76 995
76 1015
76 1045
76 1051
76 1054
76 1057
76 1069
76 1076
76 1081
76 1084
76 1096
76 1100
76 1108
76 1113
76 1116
76 1133
76 1134
76 1141
76 1145
76 1149
76 1167
76 1177
76 1179
76 1185
76 1196
76 1198
76 1204
76 1212
76 1214
76 1237
76 1241
76 1244
77 90
77 109
77 121
77 123
77 126
77 247
77 339
77 348
77 729
77 824
79 80
79 109
79 119
79 128
79 189
79 238
79 291
79 307
79 349
79 442
79 459
79 477
79 610
79 618
79 659
79 729
79 852
79 917
79 993
79 995
79 1021
79 1028
79 1051
79 1084
79 1137
79 1138
79 1185
80 90
80 109
80 121
80 151
80 153
80 158
80 196
80 206
80 304
80 335
80 386
80 432
80 442
80 507
80 566
80 570
80 613
80 621
80 635
80 644
80 789
80 838
80 881
80 903
80 936
80 947
80 969
80 993
80 998
80 1002
80 1007
80 1030
80 1065
80 1076
80 1153
80 1163
80 1177
80 1201
80 1213
82 442
82 725
83 96
83 315
83 370
83 451
83 570
83 1063
83 1198
84 247
84 729
84 946
84 962
84 1128
84 1237
84 1238
88 103
88 121
88 189
88 999
90 96
90 121
90 122
90 240
90 275
90 291
90 370
90 432
90 455
90 461
90 543
90 570
90 577
90 610
90 659
90 703
90 834
90 928
90 1068
90 1072
90 1081
92 960
94 174
94 521
94 621
94 788
94 969
94 1064
95 124
95 206
95 225
95 271
95 694
95 801
95 813
95 848
95 920
95 1057
95 1131
96 97
96 121
96 135
96 174
96 196
96 206
96 370
96 394
96 427
96 451
96 507
96 539
96 565
96 570
96 621
96 703
96 771
96 789
96 878
96 917
96 970
96 997
96 1025
96 1027
96 1108
97 121
97 158
97 290
97 433
97 507
97 539
97 570
97 729
97 836
97 946
97 1031
97 1186
98 449
100 109
100 124
100 247
100 330
100 771
100 946
100 1164
103 151
103 158
103 240
103 384
103 414
103 431
103 565
103 950
108 539
108 789
109 115
109 121
109 123
109 124
109 146
109 151
109 162
109 177
109 184
109 189
109 201
109 204
109 304
109 370
109 383
109 404
109 442
109 459
109 461
109 477
109 486
109 504
109 506
109 519
109 570
109 611
109 618
109 659
109 694
109 721
109 728
109 729
109 774
109 813
109 899
109 903
109 928
109 939
109 946
109 987
109 993
109 1025
109 1045
109 1051
109 1054
109 1108
109 1119
109 1128
109 1141
109 1144
109 1162
109 1163
109 1165
110 950
113 206
115 158
115 204
115 206
115 221
115 303
115 304
115 370
115 461
115 659
115 903
115 1162
119 446
119 506
119 1227
119 1228
121 157
121 184
121 189
121 190
121 201
121 226
121 249
121 315
121 506
121 570
121 577
121 621
121 678
121 729
121 771
121 785
121 789
121 810
121 852
121 875
121 910
121 928
121 948
121 953
121 993
121 1012
121 1041
121 1045
121 1057
121 1068
121 1076
121 1133
121 1145
121 1149
121 1163
121 1177
121 1186
121 1206
121 1217
121 1218
123 140
123 174
123 184
123 195
123 289
123 461
123 506
123 570
123 662
123 712
123 729
123 813
123 904
123 1031
123 1054
123 1120
123 1128
123 1179
123 1196
124 131
124 148
124 206
124 370
124 434
124 442
124 488
124 621
124 882
124 897
124 950
124 999
124 1051
124 1091
124 1177
126 451
126 993
128 140
128 201
128 442
128 570
128 949
128 1002
128 1028
128 1030
128 1060
128 1090
128 1110
128 1125
128 1208
128 1222
130 206
130 962
131 348
132 196
132 201
132 451
132 572
132 659
132 935
132 963
132 1113
132 1128
133 135
133 325
134 142
134 151
134 221
134 247
134 461
134 570
134 577
134 703
134 836
134 881
134 975
134 1031
134 1034
134 1035
134 1037
134 1102
134 1145
134 1198
135 136
135 167
135 174
135 206
135 270
135 289
135 296
135 304
135 311
135 387
135 434
135 444
135 446
135 451
135 477
135 504
135 526
135 528
135 552
135 570
135 589
135 610
135 662
135 686
135 729
135 760
135 846
135 873
135 875
135 903
135 959
135 960
135 963
135 965
135 974
135 994
135 1009
135 1050
135 1052
135 1117
135 1161
135 1197
135 1244
136 434
136 456
140 189
140 190
140 221
140 233
140 507
140 519
140 662
140 729
140 816
140 875
140 919
140 983
140 985
140 992
140 1028
141 201
141 325
146 189
146 570
146 611
146 659
146 694
146 729
146 785
146 789
146 903
146 993
146 1064
146 1067
146 1069
146 1245
148 439
148 621
148 821
148 946
148 1172
148 1179
151 153
151 291
151 442
151 461
151 729
151 852
151 873
151 973
153 174
153 189
153 249
153 280
153 286
153 289
153 307
153 434
153 519
153 556
153 563
153 565
153 570
153 608
153 673
153 704
153 772
153 903
153 952
153 970
153 993
153 1136
154 196
154 881
158 195
158 240
158 284
158 291
158 349
158 384
158 461
158 552
158 565
158 570
158 644
158 686
158 729
158 752
158 813
158 823
158 886
158 903
158 938
158 946
158 950
158 953
158 963
158 993
158 995
158 997
158 1054
158 1079
158 1115
158 1152
158 1250
159 789
162 206
162 249
162 449
162 708
162 824
162 1196
162 1248
166 729
166 760
166 830
166 875
168 712
168 967
168 970
169 184
169 201
174 189
174 233
174 307
174 507
174 524
174 565
174 570
174 851
174 946
174 960
174 977
174 1013
174 1051
174 1081
174 1108
174 1130
174 1237
177 613
177 712
177 729
177 1114
178 519
184 218
184 298
184 446
184 519
184 538
184 595
184 610
184 659
184 712
184 728
184 915
184 1039
184 1041
184 1067
184 1139
184 1141
184 1198
185 952
186 354
186 461
186 608
186 936
186 952
186 967
186 970
186 1040
186 1101
186 1237
188 595
188 729
189 196
189 206
189 370
189 461
189 506
189 565
189 570
189 602
189 618
189 691
189 729
189 731
189 789
189 813
189 852
189 878
189 938
189 952
189 970
189 991
189 993
189 1045
189 1058
189 1079
189 1084
189 1107
189 1143
189 1206
189 1241
190 226
190 351
190 507
190 928
190 946
190 1147
191 238
191 993
191 1057
195 206
195 235
195 238
195 451
195 577
195 1002
195 1035
195 1128
195 1135
195 1146
196 201
196 206
196 233
196 307
196 315
196 370
196 397
196 414
196 451
196 570
196 729
196 846
196 917
196 970
196 1033
196 1179
199 233
199 336
199 370
199 451
199 570
199 611
199 960
199 965
201 206
201 270
201 374
201 461
201 519
201 528
201 570
201 659
201 686
201 788
201 1023
201 1159
201 1191
201 1200
201 1219
203 414
203 577
203 873
204 1152
206 233
206 235
206 238
206 348
206 370
206 374
206 449
206 453
206 506
206 528
206 570
206 613
206 621
206 659
206 662
206 789
206 801
206 813
206 821
206 824
206 836
206 859
206 878
206 912
206 946
206 960
206 968
206 993
206 997
206 1009
206 1011
206 1013
206 1016
206 1028
206 1031
206 1035
206 1053
206 1056
206 1078
206 1196
206 1215
213 613
216 887
218 570
218 1041
221 330
221 370
221 461
221 659
221 859
221 1032
225 442
226 433
226 507
226 570
226 789
226 849
226 1226
233 280
233 354
233 367
233 370
233 414
233 451
233 621
233 946
233 948
233 1018
233 1106
233 1164
233 1210
235 461
235 543
235 570
235 588
235 635
235 779
235 851
235 878
235 903
235 977
235 1023
235 1062
235 1135
235 1164
235 1186
236 539
238 247
238 275
238 451
238 577
238 610
238 621
238 886
238 1010
238 1018
238 1035
238 1036
238 1127
240 289
240 391
240 395
240 570
240 659
240 729
240 813
240 928
240 962
247 287
247 302
247 394
247 461
247 729
247 771
247 846
247 975
249 388
249 948
249 991
249 1106
249 1154
258 303
266 565
267 928
270 486
270 528
270 570
270 673
270 703
270 852
270 1234
273 512
275 307
275 348
275 461
275 506
275 570
275 621
275 678
275 696
275 712
275 729
280 304
280 330
280 367
280 539
280 621
280 673
280 725
280 956
280 1036
280 1059
280 1196
283 546
283 724
283 836
283 1169
283 1189
284 568
286 552
287 771
287 882
287 912
287 948
287 978
287 1176
289 370
289 391
289 451
289 461
289 475
289 477
289 486
289 507
289 610
289 613
289 621
289 644
289 659
289 671
289 728
289 729
289 928
289 934
289 938
289 940
289 959
289 998
289 1077
289 1092
289 1126
289 1179
290 678
291 570
291 613
291 694
291 834
292 570
292 1057
295 789
298 414
298 455
298 1141
302 451
302 570
302 789
302 810
302 875
302 1226
303 539
303 903
304 451
304 610
304 659
304 728
304 886
304 903
304 1141
307 354
307 501
307 565
307 616
307 886
307 936
307 952
307 970
307 1061
312 989
315 348
315 577
315 610
315 618
315 729
315 773
315 950
315 970
315 1013
315 1020
315 1028
315 1145
315 1179
318 836
318 970
330 461
330 539
330 704
330 852
330 1001
330 1015
330 1102
335 506
335 543
335 577
335 618
335 621
335 729
335 928
335 970
335 1008
335 1015
335 1096
336 431
336 611
336 805
336 809
336 810
336 820
336 824
336 891
336 1013
336 1096
336 1149
338 946
339 789
339 821
339 824
339 946
339 1097
339 1106
341 694
348 508
348 563
348 577
348 613
348 618
348 621
348 712
348 796
348 823
348 836
348 948
348 991
348 1010
348 1036
348 1058
348 1164
348 1198
348 1211
348 1247
349 455
349 602
349 1057
354 486
354 659
354 813
354 993
354 1102
367 570
367 809
367 1009
367 1081
370 410
370 414
370 436
370 451
370 459
370 461
370 519
370 570
370 577
370 611
370 621
370 659
370 662
370 670
370 708
370 725
370 729
370 773
370 789
370 904
370 914
370 946
370 948
370 950
370 991
370 994
370 1033
370 1051
370 1056
370 1075
370 1081
370 1083
370 1108
370 1121
370 1128
370 1131
370 1179
374 386
374 477
374 570
374 611
374 703
374 881
374 938
374 1060
375 807
377 900
377 953
377 970
377 1013
384 570
384 852
384 917
384 919
384 963
386 1209
389 519
389 948
390 570
391 1006
391 1023
394 461
394 729
394 948
394 1171
395 1191
396 1141
399 601
399 1204
402 788
403 813
404 1141
406 760
408 570
408 970
408 995
408 1028
410 959
414 659
414 708
414 760
414 824
414 931
414 946
414 976
414 1021
414 1061
414 1120
414 1125
414 1128
414 1216
414 1219
414 1241
417 1042
417 1224
418 771
422 528
423 729
424 570
424 647
424 821
424 881
424 904
424 1155
431 678
431 729
431 824
431 1106
432 486
433 436
433 875
434 662
434 729
434 746
434 852
434 960
434 993
434 1041
439 673
439 1238
442 461
442 519
442 573
442 729
442 903
442 934
442 948
442 1041
444 570
446 610
446 774
446 1077
449 572
449 948
451 507
451 570
451 621
451 662
451 686
451 708
451 721
451 729
451 813
451 816
451 919
451 1013
451 1020
451 1028
451 1057
451 1061
451 1089
451 1104
451 1114
451 1179
451 1244
453 1053
455 652
455 686
455 760
455 950
455 1191
456 760
456 991
459 852
459 1116
461 539
461 570
461 573
461 608
461 644
461 670
461 678
461 728
461 729
461 731
461 760
461 772
461 852
461 878
461 895
461 898
461 899
461 919
461 934
461 946
461 948
461 952
461 963
461 968
461 993
461 997
461 999
461 1004
461 1059
461 1091
461 1106
461 1112
461 1115
461 1179
461 1218
461 1247
467 700
475 917
475 980
475 995
477 493
477 506
477 539
477 570
477 729
477 873
477 938
477 1106
477 1137
477 1210
477 1216
486 507
486 550
486 635
486 694
486 728
486 729
486 897
486 993
486 1024
490 746
490 1190
490 1223
493 760
493 1002
502 613
502 980
502 1177
504 1045
505 985
505 1109
506 729
506 938
506 960
506 1045
506 1069
506 1081
506 1084
506 1107
506 1128
507 565
507 570
507 659
507 875
507 946
507 950
507 970
507 1028
507 1051
507 1096
508 662
508 1051
509 662
509 700
509 724
509 824
509 875
509 1128
516 760
516 813
516 996
516 1179
518 539
518 899
519 659
519 728
519 785
519 852
519 873
519 903
519 948
519 993
519 1021
519 1041
519 1045
519 1057
519 1108
519 1134
519 1233
521 621
526 973
526 1027
526 1216
528 939
528 940
539 572
539 593
539 724
539 725
539 760
539 830
539 831
539 852
539 875
539 919
539 934
539 948
539 950
539 971
539 981
539 982
539 984
539 985
539 1031
539 1092
539 1214
543 895
544 673
544 813
545 659
545 1016
546 1057
546 1060
546 1083
550 603
552 794
554 570
554 810
554 824
556 588
556 852
556 937
556 1057
556 1089
563 610
563 621
563 703
563 836
565 570
565 673
565 703
565 725
565 728
565 813
565 922
565 950
565 952
565 995
565 1015
565 1051
565 1120
565 1142
565 1178
565 1179
565 1185
565 1233
570 608
570 621
570 644
570 686
570 694
570 696
570 723
570 729
570 746
570 772
570 789
570 801
570 810
570 824
570 878
570 881
570 903
570 914
570 922
570 928
570 952
570 954
570 960
570 963
570 964
570 988
570 993
570 995
570 1012
570 1013
570 1016
570 1023
570 1027
570 1040
570 1045
570 1053
570 1058
570 1067
570 1069
570 1070
570 1071
570 1081
570 1084
570 1089
570 1091
570 1102
570 1106
570 1112
570 1177
570 1241
572 944
572 1085
573 1119
575 934
577 610
577 618
577 621
577 670
577 712
577 729
577 801
577 836
577 946
577 1036
577 1041
577 1128
588 644
588 659
588 767
593 859
593 946
593 971
593 1057
593 1069
593 1214
598 1088
599 1068
599 1084
600 610
602 938
602 998
602 1153
608 621
608 1235
610 618
610 621
610 647
610 659
610 694
610 703
610 729
610 760
610 794
610 796
610 883
610 892
610 973
610 993
610 1041
610 1057
610 1064
613 644
613 659
613 728
613 892
613 934
613 938
613 993
613 1057
613 1084
613 1089
613 1179
613 1183
613 1191
613 1198
613 1201
613 1241
613 1246
616 917
616 940
618 621
618 686
618 712
618 851
618 970
618 1036
618 1211
621 673
621 694
621 712
621 721
621 729
621 731
621 748
621 772
621 773
621 801
621 836
621 892
621 904
621 948
621 950
621 954
621 970
621 993
621 1007
621 1020
621 1092
621 1128
621 1198
621 1199
635 686
635 1084
644 1172
644 1173
644 1174
644 1239
647 728
654 973
656 805
659 686
659 694
659 724
659 728
659 729
659 771
659 878
659 914
659 947
659 948
659 1057
659 1108
659 1161
659 1175
659 1191
659 1210
659 1214
659 1243
662 789
662 813
662 904
662 968
662 1013
662 1056
662 1078
670 852
670 1202
671 728
671 1092
671 1218
673 852
673 912
673 963
673 994
673 1007
673 1015
678 805
678 928
678 983
678 1186
686 964
686 991
686 1028
686 1200
691 878
691 963
691 1058
691 1133
691 1200
694 973
694 1201
696 779
696 928
696 948
696 1198
700 724
703 704
703 729
703 758
703 950
703 1038
703 1102
703 1214
704 729
708 928
708 991
712 729
712 785
712 881
712 970
712 1031
712 1047
712 1128
712 1177
712 1234
715 1016
719 852
721 729
721 966
721 967
721 1057
725 937
725 947
725 1057
728 903
728 1000
728 1080
728 1092
728 1177
728 1179
729 789
729 805
729 881
729 912
729 914
729 919
729 928
729 934
729 946
729 947
729 959
729 963
729 970
729 994
729 1001
729 1024
729 1035
729 1036
729 1045
729 1051
729 1083
729 1091
729 1106
729 1120
729 1123
729 1126
729 1128
729 1136
729 1144
729 1160
729 1164
729 1177
729 1191
729 1195
729 1198
729 1199
729 1201
729 1205
729 1217
729 1226
729 1237
729 1249
731 852
731 963
731 1045
746 852
746 963
746 993
746 1190
752 903
758 873
760 891
760 896
760 1059
760 1128
765 1014
767 914
767 938
771 891
771 912
771 928
771 948
771 1002
771 1035
771 1046
771 1211
772 1036
772 1134
773 970
773 1081
773 1128
773 1145
778 915
789 859
789 912
789 922
789 946
789 953
789 963
789 1016
789 1023
789 1028
789 1053
789 1056
789 1069
789 1084
789 1097
789 1099
789 1116
789 1158
789 1182
789 1191
789 1198
796 836
801 836
801 948
801 1190
803 1120
805 928
805 968
809 960
809 1081
810 928
812 952
813 1098
816 952
817 852
817 963
821 946
821 962
823 950
823 994
824 903
824 928
824 946
824 970
824 1180
824 1233
830 878
830 1170
831 982
834 1054
834 1160
836 1036
836 1169
836 1189
836 1199
836 1211
846 946
849 970
852 919
852 922
852 934
852 959
852 993
852 999
852 1059
852 1070
852 1133
852 1151
852 1185
852 1206
859 928
859 1002
859 1214
862 1010
866 946
873 981
873 1133
875 1023
875 1096
878 1071
881 883
881 904
881 1041
881 1183
882 1123
883 904
883 1057
888 1194
891 919
891 934
895 912
895 977
895 1023
895 1033
895 1046
895 1106
899 919
899 963
899 1067
903 904
903 946
903 963
903 1000
903 1016
903 1051
903 1057
903 1128
904 1036
904 1054
904 1111
904 1220
912 948
912 953
912 1106
914 1022
914 1024
917 1055
917 1183
919 943
919 963
919 1087
919 1106
922 1142
928 960
928 996
928 997
928 1009
928 1023
928 1035
928 1046
928 1102
928 1149
929 986
930 937
931 938
931 941
931 945
934 1044
935 1166
936 952
938 998
938 1057
938 1084
938 1089
938 1210
938 1220
938 1241
946 948
946 1032
946 1048
946 1049
946 1091
946 1198
948 978
948 1164
948 1176
948 1188
948 1211
948 1214
948 1230
949 952
949 959
950 1057
950 1092
952 954
952 955
952 957
952 958
952 961
952 1003
952 1007
952 1141
952 1167
952 1184
952 1229
953 970
959 1015
963 991
963 1051
963 1057
963 1198
963 1221
968 972
968 1001
968 1004
968 1035
968 1145
970 1013
970 1028
970 1063
970 1081
970 1092
982 984
991 997
991 1004
991 1036
991 1102
991 1186
993 1011
993 1128
993 1141
998 1057
998 1126
1002 1035
1002 1087
1002 1164
1002 1187
1009 1069
1009 1081
1013 1026
1013 1045
1013 1132
1020 1036
1028 1078
1028 1113
1028 1170
1031 1148
1035 1116
1035 1146
1036 1127
1036 1147
1037 1043
1041 1124
1042 1118
1051 1054
1051 1106
1054 1079
1054 1177
1054 1210
1057 1060
1057 1076
1057 1080
1057 1081
1057 1150
1057 1233
1057 1241
1058 1082
1058 1086
1058 1129
1073 1074
1078 1211
1079 1095
1089 1093
1097 1099
1102 1109
1106 1160
1106 1164
1114 1235
1121 1131
1128 1179
1128 1203
1128 1240
1132 1134
1133 1206
1137 1157
1144 1160
1153 1158
1153 1224
1163 1165
1164 1188
1164 1209
1170 1171
1179 1181
1191 1192
1191 1213
1193 1198
1198 1237
1198 1246
1202 1207
1206 1215
1211 1214
1231 1232
1235 1236
1237 1238
1245 1251
