0 42
0 249
0 1793
0 2741
0 3900
0 5065
0 7350
1 7461
2 1893
3 4783
4 138
7 73
7 76
7 158
7 1366
7 2650
7 4820
7 6596
8 1602
14 1985
14 7326
19 29
19 280
19 762
19 3325
19 7325
25 5236
25 6271
25 7400
25 7407
26 70
26 730
26 1563
26 2149
26 3125
26 3578
26 7290
29 76
29 315
29 852
29 1255
29 1804
29 1959
29 2650
29 3049
29 3405
29 3785
29 3844
29 4280
29 4820
29 5305
29 6498
29 6842
29 7337
29 7342
29 7363
29 7486
29 7494
30 206
30 318
30 1804
30 2149
30 2694
30 3405
30 4882
30 5174
30 6181
30 7429
36 315
36 577
36 762
36 891
36 1335
36 1470
36 4358
36 6498
36 7290
41 76
41 134
41 573
41 1879
41 2324
41 7358
42 76
42 172
42 432
42 539
42 647
42 730
42 752
42 774
42 948
42 968
42 1002
42 1106
42 1255
42 1335
42 1359
42 1365
42 1517
42 1550
42 1687
42 1732
42 2027
42 2136
42 2158
42 2295
42 2694
42 2762
42 3330
42 3573
42 3900
42 3984
42 4117
42 4187
42 4731
42 4783
42 5065
42 5215
42 5415
42 5929
42 6498
42 6779
42 6945
42 7132
42 7236
42 7466
42 7488
42 7541
43 74
43 76
43 140
43 190
43 539
43 1255
43 1359
43 1732
43 1774
43 1893
43 1971
43 1992
43 2149
43 2412
43 2650
43 2818
43 3160
43 3265
43 3520
43 3578
43 3785
43 4080
43 4138
43 4783
43 5384
43 6448
43 6782
43 7274
43 7331
43 7342
43 7347
43 7358
43 7381
43 7385
43 7448
43 7451
43 7477
43 7486
43 7539
43 7548
46 72
46 76
46 172
46 948
46 1002
46 1255
46 1258
46 1793
46 2599
46 2820
46 2970
46 3030
46 3405
46 4157
46 4187
46 4317
46 4763
46 5012
46 6262
46 7444
46 7458
46 7512
46 7551
48 73
48 570
48 6945
56 1058
56 6738
56 7440
59 491
59 7093
59 7437
61 2412
70 190
70 2650
70 2762
70 4031
70 6945
70 7523
72 172
72 236
72 394
72 434
72 2468
72 2598
72 3158
73 138
73 201
73 852
73 1255
73 1941
73 2062
73 2529
73 3844
73 4488
73 5801
73 6124
73 6842
73 7096
73 7290
73 7497
74 1972
74 3030
74 4523
74 6867
75 76
75 117
75 258
75 539
75 729
75 1268
75 1545
75 2412
75 2599
75 2930
75 4216
75 4731
75 5362
75 6189
75 7291
75 7356
75 7463
76 138
76 158
76 201
76 255
76 436
76 572
76 621
76 729
76 762
76 904
76 1255
76 1361
76 1413
76 1470
76 1539
76 1854
76 2114
76 2158
76 2191
76 2233
76 2313
76 2488
76 2529
76 2605
76 2650
76 2762
76 2816
76 2823
76 2825
76 2868
76 3107
76 3420
76 3461
76 3573
76 3676
76 3727
76 4026
76 4117
76 4488
76 4544
76 4731
76 4822
76 4839
76 5041
76 5305
76 5468
76 5487
76 5682
76 6200
76 6448
76 6656
76 6692
76 6779
76 6782
76 7165
76 7290
76 7350
76 7466
76 7467
76 7469
76 7494
76 7495
76 7539
76 7541
77 6498
77 7290
80 774
80 1255
80 3636
80 6498
80 7507
83 318
83 3996
83 4280
83 5566
83 5938
83 6619
83 6860
84 6498
84 6708
87 1058
87 4187
87 6289
87 6448
87 7477
89 2816
90 729
93 1732
93 6498
95 659
95 1359
95 3113
95 5143
95 5154
95 6713
95 7446
95 7499
95 7511
96 100
96 762
96 1255
96 1658
96 1793
96 1877
96 2122
96 2158
96 2255
96 2603
96 5373
97 140
97 4783
100 2158
100 2603
100 4177
100 4673
100 4807
102 948
102 3030
103 2650
103 4232
103 6619
108 4358
109 7501
110 948
110 1255
110 1581
110 2158
110 2169
110 3049
110 3405
110 3520
110 5783
110 6708
110 7123
110 7145
110 7451
111 2694
111 6498
117 442
117 5065
119 2254
128 6467
130 417
130 1608
131 7074
133 2418
133 7319
133 7382
134 255
134 729
134 1002
134 1060
134 1622
134 1636
134 1661
134 1793
134 2396
134 2692
134 5065
134 5305
134 5366
134 5703
134 6498
134 7181
134 7314
134 7516
138 141
138 196
138 201
138 255
138 436
138 444
138 570
138 762
138 852
138 1097
138 1131
138 1243
138 1255
138 1393
138 1470
138 1636
138 1941
138 2158
138 2191
138 2233
138 2492
138 2650
138 3030
138 3229
138 3368
138 3405
138 3573
138 3751
138 3783
138 4544
138 4632
138 4783
138 5065
138 5494
138 6143
138 6467
138 6498
138 7290
138 7299
138 7368
138 7378
138 7438
138 7447
138 7475
138 7486
140 5468
141 403
145 1258
151 5487
151 7375
153 201
153 286
153 490
153 1097
153 1235
153 1256
153 1787
153 1940
153 2191
153 2339
153 2455
153 2627
153 2767
153 3313
153 3417
153 4138
153 4924
153 5215
153 5720
153 5801
153 5931
153 6280
153 7329
153 7330
153 7332
153 7417
153 7438
153 7526
153 7552
154 1732
154 7326
157 7377
158 286
158 928
158 936
158 1243
158 1369
158 1992
158 2114
158 2339
158 2650
158 3281
158 3368
158 3727
158 4283
158 4909
158 5009
158 5305
158 6301
158 6596
158 6936
158 7132
158 7252
158 7327
158 7365
158 7377
158 7441
158 7526
162 4466
169 7266
172 236
172 348
172 729
172 839
172 948
172 1058
172 1255
172 1793
172 1971
172 2149
172 2158
172 2192
172 2437
172 2682
172 3049
172 4216
172 4419
172 6479
172 7127
172 7250
172 7453
172 7461
174 2598
175 2158
184 7495
189 297
189 5949
190 1255
190 1298
190 2418
190 2650
190 3195
190 3785
190 6945
195 710
195 1242
195 4546
195 5366
195 6679
195 7261
195 7336
196 432
196 1058
196 1243
196 1413
196 1561
196 1940
196 1959
196 1992
196 2541
196 3543
196 3578
196 4138
196 5682
196 6867
196 7245
196 7252
196 7326
196 7337
196 7399
196 7485
196 7490
201 442
201 461
201 3850
204 5362
206 7127
216 839
236 1002
236 1013
236 2317
236 2600
236 6842
236 7324
238 3979
238 7123
238 7425
238 7446
240 3844
247 4647
249 1057
249 1255
249 3030
249 3727
249 4783
249 7155
253 1243
253 2864
253 3631
253 5682
255 1255
255 3030
255 7457
258 1148
258 1561
258 2313
258 2864
258 5931
258 6779
259 2762
259 3984
280 407
280 412
280 536
280 729
280 852
280 1365
280 1393
280 1470
280 1745
280 1786
280 1787
280 1893
280 1992
280 2020
280 2534
280 2583
280 2650
280 2762
280 2818
280 2868
280 3107
280 3171
280 3249
280 3281
280 3760
280 4187
280 4783
280 4839
280 6122
280 6463
280 6498
280 6618
280 6638
280 6708
280 6735
280 6738
280 7156
280 7290
280 7358
280 7532
283 1539
286 1115
286 1543
286 3727
286 4138
286 4232
286 6280
286 6319
286 7411
287 948
287 2389
287 4632
287 6498
287 7335
287 7416
290 7393
291 2070
297 410
297 519
297 659
297 697
297 1312
297 1644
297 2233
297 2455
297 2864
297 3763
297 3843
297 3984
297 5487
297 6640
297 7312
297 7428
298 823
298 2254
298 3990
298 6640
298 6779
304 712
304 2114
304 7405
311 1115
311 7156
315 1097
315 3030
315 3171
315 3540
315 5065
315 5938
315 7290
315 7379
339 4177
339 7449
348 610
348 846
348 1724
348 2406
348 2418
348 2437
348 2650
348 2762
348 2821
348 3405
348 4419
348 5849
348 6467
348 7012
348 7074
348 7123
348 7127
348 7252
348 7290
348 7303
348 7306
348 7334
348 7448
348 7453
351 7335
354 2529
354 7377
358 7348
370 1724
370 1959
370 3107
370 6448
370 7221
370 7323
374 7093
377 610
377 6373
381 7337
383 6638
383 7430
384 6619
385 762
390 570
390 1255
390 2280
390 5373
391 4731
403 729
406 6448
407 682
407 899
407 1561
407 2428
407 5703
407 6448
407 6498
407 7463
411 1255
411 1581
411 4177
412 447
412 490
417 1106
417 5706
431 7550
433 7370
434 3281
436 729
436 4226
436 5699
436 6467
436 6498
436 6810
436 6842
436 7290
436 7369
436 7427
442 519
442 2158
442 3326
442 3578
442 3636
442 4187
442 6498
442 7262
447 5659
455 1140
455 1359
455 1973
455 3171
455 6640
455 7155
455 7276
455 7313
455 7386
455 7505
455 7518
456 7018
459 6358
459 7353
459 7355
460 1258
460 1646
461 852
461 1359
461 3520
461 5012
461 5560
461 6498
461 7389
482 588
490 1763
490 2650
490 4456
490 5007
490 5263
491 2627
491 7110
491 7437
493 839
493 3281
499 2786
508 1062
509 839
510 4026
519 1763
519 6779
521 7357
528 1207
528 6738
528 7384
528 7476
532 5560
533 610
533 1958
533 2529
533 5065
536 1899
536 2191
536 2529
536 2818
536 3281
536 6779
536 7276
536 7367
539 852
539 891
539 1006
539 1057
539 1097
539 1393
539 1536
539 2149
539 2199
539 2254
539 2529
539 2674
539 3520
539 4216
539 4317
539 5362
539 5366
539 6448
539 6498
539 6782
539 7291
539 7294
539 7373
545 7288
546 610
546 1608
546 3979
547 3639
563 2762
563 6559
563 7357
565 3649
566 820
568 1106
568 1819
568 2027
568 3850
568 4232
568 4731
568 7466
568 7488
570 762
570 3030
570 3984
570 5658
570 5699
570 7096
570 7165
571 2504
572 1002
573 1255
573 2603
573 2694
573 3083
577 621
577 1232
577 1470
577 1994
577 2158
577 2284
577 2603
577 3044
577 5065
577 5066
577 5305
577 5366
577 6289
577 6709
577 7357
577 7433
577 7460
582 2412
602 1395
602 4366
602 6180
610 1057
610 1470
610 1763
610 2762
610 2767
610 4783
610 5065
610 6463
610 6857
610 7384
610 7460
613 1855
613 4822
613 6448
613 6618
613 7226
613 7499
618 1255
618 7433
621 904
621 3137
621 3171
621 4031
621 5154
621 7279
621 7422
621 7496
621 7514
621 7519
636 1732
636 5366
647 752
647 1035
656 693
656 946
659 948
659 1973
659 2522
659 2529
659 2534
659 2650
659 2762
659 3401
659 3636
659 3787
659 4526
659 6916
659 7290
660 7483
669 1779
669 2158
669 3030
669 4783
669 6373
669 7382
670 6619
682 1365
682 2081
682 3515
682 3737
682 6505
682 6619
691 762
691 2670
691 6124
693 1002
693 1917
710 6362
712 729
712 1214
712 2114
712 4379
712 6559
729 762
729 852
729 1097
729 1135
729 1255
729 1361
729 1793
729 1893
729 2027
729 2114
729 2158
729 2233
729 2315
729 2389
729 2603
729 2650
729 2821
729 2826
729 2948
729 3030
729 3281
729 3900
729 3950
729 4026
729 4138
729 4187
729 4358
729 4592
729 5352
729 5468
729 5929
729 6142
729 6498
729 6623
729 6708
729 6945
729 7181
729 7223
729 7252
729 7290
729 7334
729 7336
729 7363
729 7396
729 7415
729 7447
729 7450
729 7469
729 7494
730 837
730 1057
730 1177
730 1563
730 1636
730 2156
730 2739
730 3065
730 6203
730 6779
752 839
752 2027
752 2389
752 2771
752 3405
752 4419
752 5440
762 1206
762 1255
762 2114
762 2280
762 2603
762 2650
762 2762
762 3078
762 3515
762 4117
762 4242
762 4544
762 4771
762 4822
762 5440
762 5616
762 5720
762 6653
762 6867
762 6916
762 7287
762 7288
762 7325
762 7359
762 7367
762 7417
762 7442
762 7448
762 7509
762 7538
762 7540
774 1359
774 1393
774 1636
774 1786
774 2529
774 2534
774 4507
774 5065
774 5362
774 6779
779 3041
803 2775
803 4839
817 3229
820 7524
821 1561
823 1436
836 2114
836 6247
836 6708
836 7479
836 7514
837 1177
837 1422
837 2605
837 2906
837 7386
837 7488
839 1365
839 2169
839 3030
839 3405
839 4297
839 6373
839 6687
839 7123
839 7379
839 7420
852 1256
852 1365
852 1393
852 1653
852 1745
852 1831
852 1880
852 2024
852 2158
852 2216
852 2529
852 2640
852 2756
852 2762
852 3113
852 3313
852 3515
852 3578
852 4280
852 4488
852 4544
852 4680
852 4731
852 5173
852 5566
852 5801
852 6319
852 6800
852 6817
852 6917
852 7153
852 7198
852 7299
852 7433
852 7440
852 7462
852 7498
852 7540
859 1097
859 2191
859 2489
859 2650
859 4632
859 5783
859 7279
859 7290
875 6619
881 3325
881 3405
881 7346
881 7452
881 7478
886 2428
886 7380
891 1540
891 2199
891 3071
891 4317
891 6779
891 7463
898 4536
898 5816
899 4117
899 4822
899 7177
904 1057
904 1543
904 1972
904 2767
904 2821
904 3648
904 4026
904 4031
904 4523
904 5682
904 6945
904 7478
917 1877
917 1972
917 2730
917 3030
936 1057
936 1255
936 2762
936 3578
938 1395
938 2974
938 4366
946 7290
948 1365
948 1581
948 1854
948 1940
948 1958
948 2319
948 2389
948 2825
948 4419
948 4763
948 6498
948 7093
948 7145
948 7304
948 7320
948 7335
948 7349
948 7416
960 7548
963 1255
963 4419
963 4731
968 1470
968 1539
968 2603
968 3543
968 4673
969 1361
969 1992
969 3111
969 3578
969 7266
997 6448
1002 1056
1002 1242
1002 1255
1002 1335
1002 1517
1002 1600
1002 1732
1002 1793
1002 1908
1002 2142
1002 2412
1002 2804
1002 3071
1002 3996
1002 4283
1002 5305
1002 5366
1002 6779
1002 7359
1002 7368
1002 7443
1004 6770
1035 1527
1036 1543
1036 1804
1036 3157
1036 5938
1036 7074
1036 7442
1041 7281
1048 2204
1048 4323
1054 3865
1056 1793
1056 2027
1056 2199
1056 2317
1056 2323
1056 2694
1056 3405
1056 3573
1056 3950
1056 4419
1056 4882
1057 1393
1057 1470
1057 1540
1057 1854
1057 1992
1057 2254
1057 2762
1057 3038
1057 3093
1057 3388
1057 4187
1057 4708
1057 5215
1057 5362
1057 5929
1057 6463
1057 7252
1057 7373
1057 7438
1057 7471
1057 7541
1058 1745
1058 1836
1058 1893
1058 2284
1058 4419
1058 4466
1058 4731
1058 5783
1058 5933
1058 6779
1058 7116
1058 7285
1058 7381
1058 7477
1060 1413
1060 1636
1060 2627
1060 5616
1060 6596
1062 2086
1062 6498
1085 1255
1092 5949
1097 1359
1097 1763
1097 1877
1097 2434
1097 2762
1097 2767
1097 2868
1097 3030
1097 3122
1097 3745
1097 4117
1097 5783
1097 6779
1099 3049
1099 4251
1099 7339
1099 7350
1106 1359
1106 1392
1106 1636
1106 1779
1106 1819
1106 2027
1106 2254
1106 2455
1106 2529
1106 2943
1106 3030
1106 3195
1106 3245
1106 3405
1106 3415
1106 4783
1106 6498
1106 7289
1106 7431
1106 7441
1106 7466
1115 2529
1115 2627
1115 3281
1115 4909
1115 7156
1115 7472
1115 7534
1122 7430
1128 5551
1131 3405
1131 4479
1140 1520
1144 1243
1144 3420
1144 7140
1144 7448
1148 3330
1148 4731
1148 7414
1177 1413
1177 2529
1177 2599
1177 4088
1177 5720
1191 5066
1191 7326
1196 2256
1196 2529
1196 7374
1198 1278
1198 5362
1198 5682
1198 6373
1198 7505
1199 1732
1200 2158
1206 1604
1206 1745
1206 1844
1206 1880
1206 2158
1206 2529
1206 3078
1206 5720
1206 7467
1207 2460
1207 4187
1214 1255
1232 1255
1232 6945
1235 7290
1242 1413
1242 1763
1242 1907
1242 2762
1242 3745
1242 5267
1242 5703
1242 7517
1243 6860
1243 6867
1243 7132
1243 7362
1243 7525
1249 7315
1255 1258
1255 1390
1255 1732
1255 1786
1255 1793
1255 1941
1255 2027
1255 2062
1255 2158
1255 2191
1255 2214
1255 2603
1255 2650
1255 2786
1255 2954
1255 3030
1255 3458
1255 3484
1255 3573
1255 3785
1255 3844
1255 4507
1255 4544
1255 4632
1255 4763
1255 4783
1255 4997
1255 5041
1255 5440
1255 5801
1255 5929
1255 5993
1255 6124
1255 6161
1255 6498
1255 7223
1255 7236
1255 7290
1255 7294
1255 7310
1255 7320
1255 7433
1255 7441
1255 7447
1255 7451
1255 7461
1255 7499
1255 7539
1256 1604
1256 2122
1256 2529
1256 2627
1256 3023
1256 3171
1256 3458
1256 3515
1256 3751
1256 4488
1256 4632
1256 5041
1256 5362
1256 5801
1256 6782
1256 6800
1256 6816
1256 7239
1256 7258
1256 7462
1256 7547
1258 1383
1258 1646
1258 1732
1258 3975
1258 5699
1268 2599
1268 3377
1268 4317
1268 6189
1268 7291
1276 7266
1278 3125
1278 5682
1281 3405
1281 6779
1298 3528
1300 6448
1304 3281
1321 4113
1335 2650
1335 2956
1335 3171
1335 4536
1335 6498
1335 6596
1335 7382
1335 7532
1351 5065
1351 7470
1359 2762
1359 2930
1359 4680
1359 5065
1359 5125
1359 5305
1359 5849
1359 5929
1359 6779
1359 7252
1359 7332
1359 7359
1359 7365
1359 7420
1359 7454
1359 7466
1359 7511
1361 1393
1361 1855
1361 2233
1361 2762
1361 5065
1361 5720
1361 5929
1361 6638
1361 7314
1361 7367
1361 7420
1361 7486
1365 1940
1365 2158
1365 3107
1365 5949
1365 6319
1365 6782
1390 1540
1390 5305
1392 1451
1392 2948
1392 3313
1392 7342
1393 1470
1393 1505
1393 1855
1393 2114
1393 2233
1393 2422
1393 2762
1393 3113
1393 3171
1393 3639
1393 3751
1393 3760
1393 4059
1393 4117
1393 4488
1393 4839
1393 5065
1393 5681
1393 6189
1393 6279
1393 6782
1393 6817
1393 6994
1393 7281
1393 7314
1393 7329
1393 7368
1393 7440
1393 7495
1393 7543
1395 6180
1413 1626
1413 1687
1413 2233
1413 2428
1413 2694
1413 3551
1413 5378
1413 6448
1413 6779
1413 7290
1418 1915
1418 3171
1418 5066
1422 1636
1422 1793
1422 2504
1422 5362
1422 5366
1422 6779
1422 7290
1422 7359
1426 2081
1436 1831
1441 6498
1451 1661
1451 2948
1451 3067
1454 5384
1469 4090
1469 6738
1469 7471
1470 1505
1470 1636
1470 1855
1470 1899
1470 2114
1470 2191
1470 2355
1470 2422
1470 2694
1470 2762
1470 3171
1470 3420
1470 3760
1470 5362
1470 5566
1470 5681
1470 6189
1470 6279
1470 6498
1470 6618
1470 6619
1470 6779
1470 6994
1470 7067
1470 7276
1470 7277
1470 7278
1470 7279
1470 7290
1470 7299
1470 7329
1470 7346
1470 7402
1470 7433
1470 7440
1470 7486
1470 7512
1470 7517
1470 7543
1483 7333
1483 7506
1510 1940
1510 4949
1510 7399
1510 7413
1517 3330
1517 5783
1521 4572
1521 7377
1527 7145
1539 1788
1539 2816
1539 4358
1539 5468
1540 2804
1540 4731
1540 6448
1540 7541
1543 7383
1545 7520
1550 3984
1550 5065
1561 1732
1561 1972
1561 2839
1561 5034
1563 2184
1571 7445
1572 7321
1581 1793
1581 5890
1581 6498
1593 4544
1600 1724
1600 1818
1600 1958
1600 2255
1604 3458
1612 5141
1622 1745
1622 5816
1622 6735
1622 7357
1622 7447
1625 5362
1625 6862
1625 7493
1626 2254
1636 1855
1636 2191
1636 2254
1636 2355
1636 2396
1636 2599
1636 2902
1636 3458
1636 3461
1636 5366
1636 5616
1636 6779
1636 7346
1636 7359
1636 7360
1636 7361
1636 7387
1636 7402
1636 7405
1636 7438
1636 7454
1636 7473
1636 7482
1636 7486
1646 3203
1646 5468
1661 7266
1667 2019
1667 3074
1667 6448
1687 1793
1687 2956
1687 7033
1687 7541
1691 5720
1697 5560
1704 7093
1709 7394
1717 7405
1724 6945
1732 5362
1732 6189
1732 6362
1732 7252
1732 7512
1737 1819
1742 6498
1745 2529
1745 7285
1745 7376
1747 5682
1763 2233
1763 2767
1763 3012
1763 3416
1763 3631
1763 3649
1763 3984
1763 4138
1763 4653
1763 5487
1763 5682
1763 5724
1763 5940
1763 6654
1763 7312
1763 7326
1763 7337
1763 7352
1763 7359
1763 7399
1763 7534
1763 7545
1763 7552
1774 4392
1778 2156
1779 6619
1786 1854
1786 3265
1786 4632
1786 5143
1786 5720
1786 7379
1787 7290
1787 7358
1788 2650
1788 2816
1788 4572
1788 5468
1793 1971
1793 2149
1793 2598
1793 2603
1793 2783
1793 2956
1793 4317
1793 4419
1793 4731
1793 4807
1793 4997
1793 5065
1793 5305
1793 6479
1793 6692
1793 6779
1793 7035
1793 7345
1793 7443
1793 7551
1804 2418
1804 5682
1804 7308
1804 7318
1804 7383
1804 7469
1804 7523
1806 7290
1807 4317
1807 5267
1807 7036
1818 2694
1818 5141
1818 5305
1818 6867
1818 7342
1818 7345
1818 7370
1819 1972
1819 2027
1819 3195
1819 6498
1819 7289
1820 7290
1824 2930
1824 3122
1824 3405
1824 7250
1825 2934
1825 6596
1825 7290
1825 7438
1831 2136
1831 2223
1831 2488
1831 2583
1831 3171
1831 3313
1831 5309
1831 6782
1831 7011
1831 7482
1836 4802
1836 7116
1854 2694
1854 3405
1855 4117
1877 2149
1877 2317
1877 2412
1877 2529
1877 3049
1877 4783
1877 5596
1877 6708
1877 7012
1877 7283
1877 7394
1877 7551
1893 2606
1893 4670
1899 2295
1908 2286
1908 5366
1940 2295
1940 2603
1940 2868
1940 4981
1940 6619
1940 6738
1940 7290
1940 7456
1941 3229
1941 7310
1958 4057
1958 6945
1959 1972
1959 3107
1959 3122
1971 2199
1971 2396
1971 6708
1971 6779
1971 6945
1972 2775
1972 3195
1972 3417
1972 3843
1972 4523
1972 5931
1972 7252
1972 7488
1973 2650
1973 2762
1973 3065
1973 4297
1973 5065
1973 6686
1973 7155
1973 7326
1985 4494
1985 5154
1985 6559
1985 7326
1990 6448
1992 2583
1992 3649
1992 4187
1992 4507
1992 5362
1995 6692
2011 7337
2011 7392
2012 7034
2019 6430
2019 7283
2019 7329
2019 7417
2020 4467
2023 2142
2023 6448
2023 6498
2024 2529
2024 2756
2027 2406
2027 3195
2027 4380
2027 6629
2027 6708
2027 6945
2027 7127
2027 7450
2027 7461
2057 4702
2062 2158
2070 4106
2070 6708
2070 6860
2081 5938
2081 7425
2098 6122
2101 3458
2101 3799
2102 6283
2104 6498
2114 2529
2114 4544
2114 5215
2114 7278
2114 7290
2118 3405
2118 4572
2122 4297
2122 7116
2122 7291
2124 4117
2124 5308
2124 7098
2136 6498
2142 3330
2142 4317
2148 6800
2149 2418
2149 3528
2149 6479
2149 6708
2156 7347
2156 7376
2158 2233
2158 2412
2158 2603
2158 2627
2158 2888
2158 3515
2158 3745
2158 4088
2158 4117
2158 5065
2158 5362
2158 5366
2158 5641
2158 5720
2158 6189
2158 6448
2158 6498
2158 7236
2158 7290
2158 7447
2158 7466
2184 4080
2184 4783
2191 2389
2191 2529
2191 3026
2191 3078
2191 3388
2191 3458
2191 3945
2191 4419
2191 6143
2191 6203
2191 6817
2191 7096
2192 2255
2192 3171
2197 5224
2199 2389
2199 3330
2204 4466
2204 4731
2204 5236
2204 7307
2208 6619
2214 2529
2214 5468
2216 6319
2216 6817
2223 6779
2223 6782
2233 2694
2233 2762
2233 2943
2233 3420
2233 3850
2233 4069
2233 4090
2233 5065
2233 6498
2233 6654
2233 7322
2245 7338
2254 2264
2254 2396
2254 2583
2254 2762
2254 4117
2254 4187
2254 5125
2254 5215
2254 5592
2254 5939
2254 6375
2254 6640
2254 6779
2254 7438
2255 2317
2255 2319
2255 2603
2255 2650
2255 3024
2255 4031
2255 4419
2255 5384
2255 7523
2256 4116
2260 7385
2272 3111
2272 3693
2284 7290
2292 3281
2292 7433
2313 6862
2313 7401
2316 7304
2316 7309
2317 3405
2317 6708
2317 6753
2319 2389
2319 2762
2319 3673
2323 6779
2324 2437
2324 5125
2324 6708
2339 2650
2339 4731
2339 5857
2346 6686
2355 7454
2389 3041
2389 4763
2389 6708
2389 7127
2389 7335
2389 7450
2389 7474
2396 2650
2396 2825
2396 7368
2406 5966
2406 6373
2406 7337
2406 7426
2408 6498
2411 7378
2412 3975
2412 5440
2418 6779
2422 2529
2424 5618
2428 2762
2437 5125
2437 5596
2437 6479
2455 2762
2455 3381
2455 3984
2455 5325
2455 5933
2459 6448
2472 7425
2488 2529
2488 4488
2488 6124
2492 7290
2504 7438
2511 7537
2529 2650
2529 2670
2529 2756
2529 2762
2529 3013
2529 4138
2529 4280
2529 4488
2529 4544
2529 4605
2529 4632
2529 4680
2529 5154
2529 5305
2529 5720
2529 6124
2529 6498
2529 6782
2529 6800
2529 6817
2529 7127
2529 7290
2529 7350
2529 7367
2529 7417
2529 7433
2529 7440
2529 7467
2529 7480
2529 7486
2529 7498
2529 7513
2529 7529
2529 7535
2562 3405
2562 4546
2562 7412
2562 7418
2562 7551
2583 3171
2583 3325
2583 5362
2583 5682
2589 2930
2589 7277
2598 4380
2598 4466
2598 4702
2598 6692
2598 7549
2599 4216
2603 2650
2603 3024
2603 3171
2603 3195
2603 7290
2605 5065
2606 4138
2627 3458
2627 5801
2627 7093
2640 4088
2640 4488
2640 6817
2640 7116
2650 2694
2650 2762
2650 2902
2650 3107
2650 3171
2650 3649
2650 3727
2650 4138
2650 4670
2650 4702
2650 4731
2650 4783
2650 4860
2650 4909
2650 5066
2650 5154
2650 5215
2650 5294
2650 5415
2650 6122
2650 6498
2650 6653
2650 6735
2650 6883
2650 6945
2650 7282
2650 7289
2650 7290
2650 7336
2650 7379
2650 7511
2650 7539
2650 7541
2663 7337
2669 7305
2682 3515
2691 4088
2692 6122
2694 3420
2694 4059
2694 4546
2694 6498
2728 5493
2741 7350
2756 3078
2756 3515
2762 2767
2762 2868
2762 3785
2762 3943
2762 4117
2762 4187
2762 4382
2762 4467
2762 4839
2762 5143
2762 5215
2762 6546
2762 6619
2762 6625
2762 6916
2762 7314
2762 7326
2762 7511
2762 7541
2764 4488
2767 3281
2767 3294
2767 3417
2767 3984
2767 3990
2767 6332
2767 6559
2767 6988
2767 7223
2767 7252
2767 7268
2767 7301
2767 7326
2767 7505
2767 7534
2775 4839
2775 7335
2775 7486
2783 3417
2804 3023
2804 6203
2816 4910
2816 6842
2818 3076
2818 3168
2818 5613
2818 7093
2818 7399
2820 7294
2821 5938
2821 6916
2823 4507
2831 6498
2864 7352
2868 3573
2868 3917
2868 4088
2868 4488
2868 7287
2868 7332
2868 7347
2868 7438
2868 7487
2888 3676
2888 7530
2906 6738
2906 7259
2919 4088
2919 6448
2919 7335
2923 7491
2930 3122
2930 5154
2950 3816
2956 3049
2956 4216
2956 4317
2956 6189
2970 4544
2974 7340
2985 5720
3023 4507
3023 7433
3024 4783
3030 3648
3030 3676
3030 4031
3030 4280
3030 4419
3030 4544
3030 4783
3030 5066
3030 5135
3030 5478
3030 5938
3030 6810
3030 7450
3030 7505
3030 7539
3038 4117
3041 7416
3041 7441
3049 3405
3049 5384
3065 4670
3065 6770
3065 7414
3065 7541
3071 6498
3072 6498
3076 3168
3076 6679
3078 4488
3107 6448
3107 7037
3111 4403
3111 5065
3113 3578
3113 4117
3113 5100
3113 5720
3122 3631
3122 6373
3122 6653
3122 7308
3122 7484
3125 3405
3125 5682
3125 7492
3135 7489
3137 3171
3154 4187
3158 7289
3158 7548
3160 3745
3160 5641
3160 6362
3160 7326
3166 7371
3166 7410
3168 4050
3168 6448
3171 3540
3171 4783
3171 5305
3171 5720
3171 6596
3171 6619
3171 6800
3171 7317
3171 7441
3190 6498
3195 6498
3195 7500
3203 6498
3217 7335
3226 5912
3239 7518
3250 3764
3250 7428
3251 7238
3281 4839
3281 6280
3281 6596
3281 6782
3281 7252
3283 6448
3294 4924
3294 6618
3294 7155
3313 4632
3313 5041
3313 5720
3313 6319
3313 6817
3313 7350
3325 4116
3325 4708
3325 6180
3325 6596
3325 7526
3326 3787
3326 5616
3326 7329
3326 7368
3329 4523
3337 7290
3377 7127
3377 7449
3377 7508
3381 6375
3381 6782
3381 7083
3381 7256
3381 7392
3405 4015
3405 4419
3405 4546
3405 4860
3405 6262
3405 6479
3405 6708
3405 7074
3405 7127
3405 7223
3405 7302
3405 7390
3405 7409
3405 7425
3405 7449
3405 7458
3405 7473
3405 7529
3415 7386
3417 3785
3417 7377
3417 7379
3420 6498
3453 6498
3453 6779
3458 5720
3458 7043
3461 4117
3461 5362
3461 5493
3461 6596
3461 6779
3473 6448
3477 7501
3484 7236
3484 7458
3501 5681
3501 6619
3501 7368
3506 5949
3515 3639
3515 4488
3515 4680
3515 5217
3515 6800
3515 7153
3515 7433
3515 7513
3528 7450
3543 5366
3554 7290
3573 4860
3573 6779
3573 7211
3578 4117
3578 5366
3592 7337
3613 3990
3623 5265
3631 5034
3631 5682
3636 4832
3636 5125
3636 6059
3639 4074
3639 5065
3639 5720
3639 6994
3639 7397
3639 7482
3639 7513
3648 4392
3648 7475
3649 7440
3649 7536
3649 7542
3703 7531
3727 4798
3727 5265
3727 5816
3727 7290
3727 7293
3728 3947
3737 4110
3737 4190
3737 5065
3737 6735
3742 6373
3745 5641
3745 6618
3745 7384
3745 7542
3745 7543
3764 3984
3785 4523
3785 5468
3785 7379
3787 3975
3787 4031
3787 5816
3787 7329
3787 7433
3799 4731
3799 7155
3799 7541
3800 6498
3800 7290
3813 7297
3819 7290
3828 6619
3828 7382
3843 6916
3891 6800
3893 5931
3893 7386
3917 4187
3947 7376
3947 7395
3950 4647
3950 7250
3984 6619
3984 6779
3984 7132
3984 7384
3984 7396
3992 6629
3996 4117
3996 6165
3996 6498
4001 5703
4011 7379
4026 5853
4031 7552
4057 7033
4057 7489
4059 6498
4086 7351
4088 4488
4088 5594
4090 4187
4090 7316
4090 7343
4090 7521
4106 6779
4116 5143
4116 7290
4117 4632
4117 4822
4117 4981
4117 5065
4117 5720
4117 5921
4117 6189
4117 6448
4117 7294
4117 7361
4117 7447
4117 7473
4117 7552
4135 6058
4138 4242
4138 4839
4138 6448
4138 6640
4138 7502
4157 7394
4171 4392
4176 6498
4187 4488
4187 4839
4187 5871
4187 6289
4187 6779
4187 6867
4187 7259
4187 7276
4187 7298
4187 7316
4187 7335
4187 7431
4187 7521
4190 4280
4190 4702
4190 6640
4190 7294
4199 6448
4201 6844
4216 6638
4216 7291
4216 7356
4236 5215
4236 7384
4280 4572
4280 5041
4280 5065
4280 6467
4283 7365
4297 6498
4297 6596
4297 7290
4317 4536
4317 7444
4358 5468
4358 6498
4366 5308
4366 7110
4370 4419
4370 7466
4377 7486
4380 6942
4382 6448
4382 6494
4382 7489
4390 4860
4390 6448
4392 4632
4392 5305
4392 6666
4419 4763
4419 5596
4419 5869
4419 6453
4419 6498
4419 6708
4419 7127
4419 7306
4419 7449
4427 6448
4456 7252
4456 7512
4466 5236
4466 6306
4466 6448
4467 7299
4488 5720
4488 6124
4488 6203
4488 6612
4488 6779
4488 6800
4488 7090
4488 7284
4488 7376
4488 7440
4493 6619
4546 6262
4546 6708
4546 7012
4546 7074
4546 7261
4546 7412
4546 7449
4572 5550
4577 6779
4577 7245
4590 6280
4592 6619
4632 4783
4632 5921
4632 7181
4632 7401
4680 6817
4702 6289
4702 6867
4731 5362
4731 5468
4731 6189
4731 6289
4731 6448
4731 7307
4731 7382
4731 7462
4731 7477
4752 6448
4763 6429
4783 4839
4783 5478
4783 6463
4783 6596
4783 6810
4783 7326
4783 7364
4783 7367
4783 7401
4783 7425
4783 7450
4783 7494
4820 7398
4822 6448
4822 6498
4822 6945
4822 7382
4839 5065
4839 6280
4839 7541
4860 7327
4895 6225
4909 7156
4924 7300
4924 7327
4924 7331
4924 7545
4985 5783
5009 7290
5012 5494
5041 5487
5041 5801
5041 5931
5041 6200
5041 6549
5041 7307
5041 7377
5041 7526
5065 6059
5065 6498
5065 6640
5065 6735
5065 6883
5065 6916
5065 7186
5065 7278
5065 7282
5065 7283
5065 7316
5065 7326
5065 7331
5065 7332
5065 7357
5065 7378
5065 7382
5065 7391
5065 7452
5065 7470
5065 7482
5065 7485
5065 7513
5065 7529
5066 7382
5120 7325
5125 5366
5125 6779
5125 7382
5143 6596
5154 6779
5162 7238
5267 7116
5267 7294
5292 5706
5305 5468
5305 6596
5305 6942
5306 6640
5306 7404
5325 5682
5340 6916
5352 7447
5362 5649
5362 5699
5362 6189
5362 6448
5362 6779
5362 7367
5362 7373
5362 7402
5362 7415
5362 7463
5362 7493
5362 7512
5362 7541
5366 6289
5366 6448
5366 6770
5366 7333
5366 7401
5366 7516
5378 7368
5440 6375
5440 6708
5440 7358
5440 7372
5440 7463
5441 5801
5468 6498
5468 7357
5468 7366
5468 7523
5478 7425
5487 5831
5487 6640
5487 7522
5487 7534
5493 7541
5560 6619
5560 7186
5560 7347
5589 5682
5589 7379
5599 6770
5599 7399
5618 6498
5641 6362
5681 5720
5681 6619
5681 6789
5681 7368
5682 6373
5682 6505
5682 7293
5682 7308
5682 7337
5682 7362
5682 7499
5698 7280
5699 5720
5699 6474
5699 6810
5699 7367
5720 6122
5720 6513
5720 6573
5720 7013
5720 7350
5720 7361
5720 7367
5721 7339
5801 6800
5801 6817
5816 6596
5816 6860
5831 7316
5831 7435
5831 7452
5831 7545
5859 6782
5890 7441
5929 7290
5929 7481
5933 6189
5936 6448
5938 6735
5938 7308
5938 7379
5938 7383
5938 7496
5939 6779
5966 7123
5993 6498
6010 6467
6051 6448
6143 6467
6160 7399
6189 6357
6189 6448
6200 6619
6203 7295
6203 7413
6203 7435
6203 7443
6203 7486
6203 7487
6203 7506
6223 6800
6245 7471
6247 6382
6280 6498
6280 6816
6289 6710
6289 7155
6289 7424
6319 6498
6319 6800
6319 7411
6373 6867
6373 7252
6373 7377
6373 7515
6421 7526
6440 6498
6448 6894
6448 7333
6448 7443
6448 7463
6448 7541
6463 6779
6467 6842
6474 7406
6474 7408
6494 6623
6494 7489
6498 6619
6498 6842
6498 7107
6498 7286
6498 7319
6498 7342
6498 7357
6498 7378
6498 7475
6505 7298
6513 7311
6559 6779
6576 7486
6576 7544
6580 7195
6580 7348
6596 6936
6596 6945
6596 7116
6596 7186
6596 7290
6596 7296
6596 7413
6596 7529
6613 7420
6618 7093
6618 7261
6619 6789
6619 7379
6619 7403
6623 7033
6623 7489
6625 6893
6640 6779
6640 7352
6640 7428
6640 7435
6640 7545
6644 7439
6654 7252
6654 7412
6654 7490
6686 7510
6708 7236
6708 7491
6708 7517
6710 6779
6713 6816
6738 7300
6779 6945
6779 7252
6779 7382
6779 7402
6779 7412
6779 7463
6784 7306
6800 6817
6800 6917
6800 7153
6800 7433
6800 7547
6810 7367
6816 7462
6817 7433
6842 7457
6860 7419
6867 6940
6867 7018
6867 7337
6867 7533
6883 7468
6916 7326
6917 7156
6945 7379
6945 7436
6988 7341
6994 7440
6998 7328
7034 7359
7034 7452
7083 7503
7092 7367
7096 7457
7110 7421
7119 7359
7140 7432
7153 7270
7184 7398
7186 7331
7186 7342
7186 7347
7195 7280
7201 7252
7211 7386
7236 7447
7236 7530
7245 7379
7261 7363
7285 7286
7290 7292
7290 7388
7290 7553
7299 7354
7326 7490
7326 7541
7329 7330
7343 7344
7348 7372
7359 7538
7377 7466
7378 7423
7381 7402
7401 7516
7412 7418
7431 7434
7440 7535
7445 7459
7452 7455
7457 7553
7464 7465
7491 7504
7527 7528
7528 7546
7542 7543
