0 43
0 96
0 172
0 253
0 1854
0 1877
0 2389
0 2694
0 3484
0 7665
0 7854
0 7869
1 72
1 996
2 3624
2 6842
4 447
4 721
4 2694
4 8096
4 8099
7 48
7 134
7 190
7 370
7 442
7 1002
7 1057
7 1106
7 2106
7 2156
7 2192
7 2529
7 3528
7 3745
7 4117
7 5215
7 5615
7 5616
7 6498
7 7859
7 7938
13 968
14 1392
14 4187
16 3458
19 48
19 97
19 138
19 315
19 621
19 659
19 839
19 1255
19 1787
19 1793
19 2762
19 3648
19 3865
19 4031
19 4317
19 4366
19 5652
19 5720
19 6403
19 6498
19 7289
19 7337
19 7854
19 7936
19 8049
25 837
26 2809
26 3745
26 4317
26 6597
26 7186
26 7938
26 7991
29 76
29 507
29 621
29 1135
29 1255
29 1877
29 2106
29 2321
29 2650
29 2816
29 3195
29 4187
29 5615
29 6224
29 6867
29 7911
29 7926
29 7960
29 8073
29 8095
30 460
30 762
30 1793
30 2694
30 4157
30 4280
30 6744
30 7665
41 1256
41 1359
41 1395
41 1525
41 2767
41 4280
41 7982
41 8064
42 84
42 132
42 172
42 449
42 729
42 968
42 1365
42 1413
42 1600
42 1636
42 1751
42 2396
42 2437
42 2739
42 2821
42 3125
42 3381
42 3405
42 4080
42 4488
42 4771
42 4820
42 4882
42 5065
42 5569
42 6400
42 6779
42 7127
42 7662
42 7714
42 7822
42 7856
42 7883
42 7946
42 7969
42 7987
42 7990
42 8060
42 8073
43 73
43 449
43 451
43 493
43 762
43 839
43 946
43 1057
43 1085
43 1255
43 1348
43 1365
43 1854
43 2406
43 2650
43 2762
43 2962
43 3265
43 4615
43 5215
43 5569
43 5599
43 5985
43 6162
43 6319
43 6498
43 7329
43 7841
43 7856
43 7903
43 7918
43 7920
43 7923
43 7945
43 7960
43 7996
43 7997
43 7998
43 8041
43 8050
46 96
46 153
46 172
46 441
46 836
46 893
46 895
46 948
46 1255
46 1527
46 1793
46 1877
46 2024
46 2156
46 2406
46 2482
46 2674
46 2694
46 3969
46 4997
46 5041
46 6498
46 6708
46 7665
46 7847
46 7874
46 7926
46 7999
48 138
48 240
48 318
48 351
48 762
48 1818
48 2529
48 3528
48 6842
48 7290
56 2762
59 95
59 682
59 1393
59 1985
59 2529
59 2767
59 3882
59 7794
60 7874
65 2868
65 4187
70 544
70 3865
72 2149
72 2694
73 762
73 2816
75 134
75 391
75 539
75 891
75 1097
75 1268
75 2158
75 2603
75 4216
75 4577
75 5215
75 7979
76 190
76 297
76 641
76 837
76 910
76 1198
76 1243
76 1365
76 1413
76 2107
76 2527
76 3195
76 3229
76 3281
76 3891
76 4117
76 5119
76 5215
76 6498
76 6885
76 6975
76 7329
76 7839
76 8051
79 97
79 4860
80 1198
80 7329
82 4855
83 138
83 1813
83 3505
83 4910
83 5468
83 8015
83 8089
84 4080
88 138
88 570
88 2650
88 5637
88 7968
88 7991
89 2816
90 1732
94 7337
95 134
95 659
95 712
95 836
95 1057
95 1393
95 1636
95 2762
95 3171
95 4783
95 5065
95 5329
95 5352
95 6224
95 6280
95 6289
95 7368
95 7881
95 7903
95 7960
95 7962
95 8096
96 510
96 839
96 3166
96 3505
96 7847
97 433
97 3024
97 4783
97 6010
97 7852
97 8068
100 172
100 1877
100 2412
100 3405
100 4632
100 5596
100 7539
100 7947
108 157
108 240
108 436
108 904
108 1085
108 6842
108 8068
110 449
110 1600
110 2406
110 4562
110 7074
114 892
114 2472
114 4839
114 5007
114 5468
123 893
126 2603
128 836
128 2277
128 2280
128 2822
131 3122
131 7903
131 7942
132 449
133 1531
133 5720
134 138
134 158
134 258
134 407
134 577
134 659
134 682
134 729
134 839
134 1002
134 1006
134 1057
134 1268
134 1393
134 1413
134 1703
134 1959
134 1971
134 2280
134 2437
134 2603
134 2650
134 2962
134 3171
134 3326
134 3515
134 3882
134 4092
134 5215
134 5845
134 6498
134 6597
134 7659
134 7828
134 7924
134 8011
135 1268
138 573
138 1787
138 2158
138 2529
138 2650
138 3093
138 3229
138 3405
138 3816
138 3969
138 6842
138 7290
138 7947
138 7960
138 8015
138 8041
138 8089
138 8121
140 307
140 659
140 662
140 2741
140 4117
140 5065
140 5119
141 297
141 1763
141 4187
153 852
153 1198
153 1268
153 1393
153 1554
153 1636
153 2024
153 2627
153 2762
153 3093
153 3501
153 3816
153 4117
153 4187
153 4731
153 5065
153 5637
153 5699
153 6618
153 7213
153 7471
153 7632
153 7839
153 7850
153 7876
153 8015
153 8016
153 8038
153 8073
153 8101
154 8120
156 703
156 1917
156 2107
156 2158
156 2762
156 7027
157 370
157 5935
157 7859
157 8092
158 249
158 507
158 528
158 659
158 917
158 948
158 1036
158 1198
158 1561
158 2762
158 2962
158 3515
158 3727
158 3882
158 3891
158 4138
158 5006
158 6435
158 6528
158 6619
158 6779
158 7090
158 7140
158 7186
158 7281
158 7307
158 7337
158 7471
158 7664
158 7665
158 7752
158 7838
158 7839
158 7840
158 7844
158 7848
158 7854
158 7862
158 7903
158 7936
158 7938
158 7939
158 7941
158 8027
158 8030
158 8031
158 8085
162 5215
162 5849
170 2962
170 3673
170 7236
172 826
172 1002
172 1035
172 1123
172 1527
172 1854
172 1877
172 1971
172 2324
172 2694
172 3049
172 4216
172 4384
172 6788
172 7658
172 7665
172 7699
172 7862
172 7864
172 7947
172 7965
172 8026
172 8084
172 8097
174 6618
184 4187
186 7890
190 2111
190 2962
190 3785
195 4820
195 5018
195 7862
196 315
196 374
196 659
196 762
196 1568
196 1763
196 1813
196 2158
196 2233
196 2762
196 3160
196 3967
196 3984
196 4059
196 5065
196 5682
196 6597
196 7252
196 7399
196 7841
196 7853
196 7888
196 7936
196 7983
196 8078
196 8115
201 374
201 610
201 659
201 762
201 1198
201 1256
201 2529
201 2650
201 3891
201 4448
201 6498
201 6842
201 7938
206 1106
206 6498
206 7896
211 7195
214 8034
216 839
216 5305
222 3171
226 3166
226 4783
226 5141
226 7974
236 2962
239 621
240 953
240 3505
240 5658
240 5720
240 5935
240 6885
240 7634
240 7890
247 1075
247 2762
249 821
249 2472
249 6373
253 1787
258 1268
258 4064
258 7359
258 8032
258 8039
259 449
267 1106
267 4615
267 6522
271 1531
271 4390
280 1390
280 2313
280 2762
280 2845
280 3281
280 3613
280 7924
280 8052
283 3195
284 729
284 7290
286 1106
286 4117
286 4138
286 4171
286 4317
286 5366
287 636
287 1742
287 8021
295 1392
297 531
297 736
297 917
297 1247
297 1763
297 2472
297 2606
297 2620
297 3152
297 3322
297 3984
297 5487
297 5831
297 6224
297 6448
297 6738
297 7399
297 7902
297 8040
301 7902
302 852
302 6292
307 837
307 4187
307 7896
311 1115
312 7646
315 610
315 7662
315 7753
315 7864
315 7903
315 8020
315 8076
318 433
318 573
318 621
318 3024
318 3281
318 4523
318 4771
318 7903
318 8068
318 8100
336 936
338 2111
339 8117
348 441
348 836
348 1877
348 2106
348 3405
349 2081
349 4065
349 4126
349 4366
349 5263
354 374
367 1365
367 3458
367 6122
367 8113
370 801
370 2712
370 2767
370 3160
370 5065
370 7841
370 7903
370 8063
370 8091
370 8094
374 610
383 7734
390 968
390 6498
391 407
391 539
391 891
391 1097
391 1268
391 1413
391 2019
391 2600
391 2603
391 2674
403 1392
403 2313
403 6863
407 442
407 613
407 821
407 919
407 1198
407 1256
407 1540
407 2527
407 2767
407 2868
407 3417
407 4001
407 4216
407 4280
407 4390
407 4771
407 4783
407 5441
407 5935
407 5956
407 6203
407 7924
410 7925
412 621
412 1198
412 2016
412 5007
412 6597
412 7843
417 2762
417 8073
431 1793
431 1877
432 7984
433 4448
436 5699
441 4523
442 2694
442 4888
446 8009
447 3171
447 4092
449 461
449 1057
449 1255
449 1268
449 1369
449 1393
449 1531
449 1854
449 1893
449 1972
449 2019
449 2482
449 2694
449 2962
449 2997
449 3239
449 3405
449 3484
449 3727
449 3787
449 3969
449 4771
449 5065
449 6171
449 6203
449 6498
449 7289
451 3484
451 4873
455 1359
455 2541
455 3745
455 4839
455 7026
455 7252
455 7839
460 570
460 762
460 3166
460 5468
460 5658
460 8024
461 507
461 528
461 729
461 1359
461 1453
461 1540
461 1972
461 2472
461 4057
461 6017
461 6498
461 7941
477 7839
493 1995
507 1422
507 4117
507 8102
510 1298
528 904
528 4216
528 5615
528 5698
528 5769
528 7941
528 8006
528 8023
528 8073
528 8121
531 5352
531 8063
532 3787
532 6692
536 7933
536 7946
536 7961
539 1793
539 2053
539 2412
539 2603
539 2674
539 3515
539 3975
539 4216
539 5236
539 7822
539 8001
544 703
544 4855
545 7839
552 1356
556 2124
556 5065
556 5115
556 6280
556 7703
556 7901
563 736
563 839
563 2762
563 3727
563 5065
563 7662
565 4909
568 1232
568 5501
568 7359
568 7840
570 634
570 4615
570 6467
570 6498
572 1763
572 8016
573 1255
573 1369
573 1854
573 2694
573 3543
573 4632
573 4771
577 712
577 1115
577 1971
577 2111
577 2762
577 2954
577 3012
577 3171
577 5065
577 5456
577 5714
577 5912
577 5938
577 6295
577 6945
577 7032
577 7140
577 7290
577 7659
577 7662
577 7673
577 7864
577 7962
589 2954
599 1002
599 3745
599 5265
599 6230
599 7938
599 8045
602 3882
610 1091
610 1256
610 1813
610 2598
610 2762
610 5487
610 7801
610 7902
610 7929
610 8015
613 836
613 893
613 1198
613 2775
613 5018
613 6224
613 7934
618 712
618 1622
618 1751
618 3158
618 3171
618 3727
618 5065
618 5912
618 6945
618 7140
618 7290
618 7532
618 7648
618 7838
618 7923
618 8018
621 724
621 762
621 839
621 1636
621 1724
621 3461
621 3479
621 3865
621 3969
621 4448
621 4873
621 6708
621 7140
621 7337
621 7841
621 7855
621 7892
621 7903
621 7974
621 8076
621 8121
633 1880
633 4366
633 7471
634 1321
634 2762
636 775
636 895
636 1622
636 4632
636 5065
636 5686
636 6619
636 7290
641 659
641 852
641 1057
641 1206
641 1256
641 1268
641 1365
641 2488
641 2650
641 3078
641 4031
641 4117
641 4771
641 4783
656 946
659 729
659 1057
659 1268
659 1390
659 1636
659 2158
659 2962
659 3072
659 3166
659 3417
659 3882
659 4092
659 4187
659 5065
659 5173
659 5215
659 5569
659 5720
659 5949
659 6498
659 6618
659 7876
659 7938
659 7991
659 7996
659 8008
659 8039
659 8080
680 6656
682 729
682 837
682 891
682 1005
682 1106
682 1177
682 2762
682 5699
682 6810
682 7924
682 7984
693 2150
703 762
703 968
703 2762
703 4771
706 7965
708 1877
708 3122
712 4456
712 5616
712 6289
712 6338
712 6619
712 7962
727 852
727 2529
727 2767
729 762
729 1057
729 1268
729 1413
729 1540
729 1763
729 1972
729 2280
729 3405
729 4131
729 4771
729 5933
729 6498
729 6708
729 6863
729 7290
729 7539
729 7662
729 7801
729 7855
729 7912
729 7915
729 7918
729 7948
729 8076
729 8098
729 8112
736 5910
736 8061
760 3785
762 1177
762 1255
762 1256
762 1268
762 1393
762 1812
762 2255
762 2318
762 2627
762 2712
762 2739
762 2762
762 3856
762 3951
762 3973
762 3975
762 4187
762 5373
762 6162
762 6498
762 7325
762 7364
762 7525
762 7532
762 7664
762 7665
762 7702
762 7749
762 7753
762 7841
762 7874
762 7923
762 7962
762 8013
762 8043
762 8054
762 8065
762 8083
762 8115
771 6498
773 7181
801 2023
801 2107
801 5682
801 6619
801 6692
801 7862
802 1894
803 6595
803 7090
809 2223
810 7931
821 893
821 1002
821 1007
821 1393
821 5935
821 6498
821 6738
823 3239
823 4092
826 839
836 910
836 1179
836 2521
836 2606
836 3505
836 3745
836 4771
836 5215
836 5305
836 6779
836 7862
836 7969
836 7981
836 8076
837 893
837 1198
837 2767
837 4783
837 5215
837 5493
837 6203
837 7541
837 7924
837 7936
839 895
839 1527
839 1788
839 1877
839 2406
839 4080
839 4117
839 4495
839 4771
839 4783
839 7186
839 7337
839 7541
839 7665
839 7872
839 7876
839 7903
839 7924
839 7936
839 7947
846 8058
847 3969
852 1177
852 1256
852 1365
852 1390
852 1483
852 1604
852 1612
852 2177
852 2529
852 3313
852 3515
852 3891
852 4187
852 4585
852 5329
852 6117
852 6165
852 6498
852 6597
852 6816
852 6947
852 7090
852 7794
852 7839
852 7916
852 8101
852 8116
857 6656
859 3975
859 5783
872 5440
872 7845
881 1422
881 2739
881 2767
881 3745
881 5065
881 7975
881 7990
883 4116
886 2818
886 3457
886 3984
886 4187
886 5065
891 1636
891 2600
893 1002
893 1763
893 2730
893 4092
893 4117
893 5352
893 6175
893 6619
893 6623
895 968
895 2295
895 2787
895 2997
895 3969
895 4632
895 6171
895 7665
895 7822
895 7995
895 8054
895 8107
895 8112
897 1106
897 1359
897 1742
897 6498
904 1057
904 1365
904 2158
904 4866
904 5215
904 5935
917 1021
917 2606
917 7902
936 1132
936 1636
936 8106
938 3281
946 7865
948 6597
948 7715
949 7454
968 1793
968 1877
968 2295
968 2669
968 2947
968 3484
968 5828
1002 1922
1002 1971
1002 2150
1002 2156
1002 2406
1002 2412
1002 2962
1002 3283
1002 3313
1002 3816
1002 4882
1002 6498
1002 6597
1002 7119
1002 7359
1002 7659
1002 7665
1002 7855
1002 8090
1005 1060
1005 8118
1006 2603
1006 8021
1007 2762
1007 3760
1007 4138
1007 5442
1012 4117
1013 6498
1035 1877
1035 3000
1035 3049
1035 3950
1035 6253
1036 3012
1036 3405
1036 3745
1036 7907
1039 3856
1041 2223
1041 8029
1051 1256
1051 1531
1051 6165
1057 1106
1057 1198
1057 1361
1057 1393
1057 1531
1057 1636
1057 2158
1057 2223
1057 2254
1057 2313
1057 2455
1057 2527
1057 2762
1057 2767
1057 2970
1057 3239
1057 3474
1057 4038
1057 4092
1057 4187
1057 4448
1057 4708
1057 4957
1057 5133
1057 5305
1057 6087
1057 6618
1057 6779
1057 7454
1057 7481
1057 7734
1057 7752
1057 7801
1057 7865
1057 7895
1057 7933
1057 7947
1057 7970
1057 7982
1057 7990
1057 8004
1058 6498
1058 8011
1075 2027
1075 2123
1081 6498
1085 3125
1085 3951
1091 1115
1097 1268
1097 1531
1097 2053
1097 4117
1099 1793
1099 3951
1106 1321
1106 1365
1106 1483
1106 1531
1106 1636
1106 1877
1106 2295
1106 2650
1106 3381
1106 3516
1106 3728
1106 4138
1106 4632
1106 5065
1106 5215
1106 5720
1106 6566
1106 6947
1106 7840
1106 7878
1106 7924
1106 7933
1106 7972
1106 8019
1106 8028
1106 8072
1115 1531
1115 3984
1115 4187
1115 4379
1115 6280
1115 7534
1115 7868
1115 7930
1115 7952
1115 8093
1123 1527
1123 1877
1123 2962
1123 3969
1136 7910
1144 2868
1144 4138
1144 4187
1144 7541
1144 7924
1145 4523
1148 6448
1164 1972
1169 6498
1177 1383
1177 1470
1177 1691
1177 2158
1177 2280
1177 5270
1177 5720
1177 6122
1179 2472
1179 3158
1179 4419
1179 4882
1197 6623
1198 1636
1198 2527
1198 2627
1198 2650
1198 5007
1198 5263
1198 6596
1198 7398
1199 7708
1206 2627
1206 2947
1206 4949
1206 6947
1211 2669
1232 5783
1232 7874
1232 7903
1233 4117
1242 4431
1243 5637
1255 1298
1255 2529
1255 3281
1255 4783
1255 5179
1255 6467
1255 7471
1255 7665
1255 7997
1255 8054
1256 1388
1256 1531
1256 2158
1256 2488
1256 2529
1256 2627
1256 2640
1256 2762
1256 2868
1256 3313
1256 3891
1256 4117
1256 5036
1256 5720
1256 6122
1256 6623
1256 6947
1256 7213
1256 7359
1256 7547
1256 7742
1256 7752
1256 7794
1256 7936
1256 7984
1268 1369
1268 1959
1268 2412
1268 2482
1268 2603
1268 2720
1268 3166
1268 4138
1268 4216
1268 4382
1268 5267
1268 5440
1268 5599
1268 7548
1268 7665
1268 7810
1268 7979
1268 8001
1276 2256
1281 8029
1298 1702
1298 3756
1298 4187
1298 5215
1300 4323
1300 6319
1312 2868
1312 5352
1312 7983
1321 2254
1321 3313
1321 4382
1321 6498
1321 7924
1348 7119
1348 8048
1359 2158
1359 2254
1359 2313
1359 2692
1359 3093
1359 4187
1359 5006
1359 5036
1359 5362
1359 5616
1359 5637
1359 5831
1359 6224
1359 6528
1359 6584
1359 6779
1359 6975
1359 7090
1359 7281
1359 7801
1359 7843
1359 7858
1359 7861
1359 7870
1359 7904
1359 7938
1359 7962
1359 7990
1359 7996
1359 8015
1361 1636
1361 2472
1361 2762
1361 3417
1361 3728
1361 4092
1361 5065
1361 5362
1361 5569
1361 6319
1361 7329
1361 7690
1361 7850
1361 7901
1361 7924
1361 8015
1361 8033
1361 8062
1361 8073
1361 8075
1361 8087
1365 1374
1365 1623
1365 1917
1365 2158
1365 2674
1365 2970
1365 4117
1365 4632
1365 4771
1365 5362
1365 5729
1365 7109
1365 7236
1369 2406
1369 2603
1369 2720
1369 5440
1369 7236
1375 8099
1388 1593
1388 2529
1388 5089
1388 6800
1390 1483
1390 1636
1390 2321
1390 2692
1390 5720
1390 8051
1392 4357
1392 7999
1393 1483
1393 1517
1393 1531
1393 1539
1393 1644
1393 1787
1393 2529
1393 2739
1393 2762
1393 3171
1393 4117
1393 4138
1393 4390
1393 5065
1393 6498
1393 6503
1393 6596
1393 6779
1393 6842
1393 7186
1393 7843
1393 7861
1393 7869
1393 7870
1393 7876
1393 7882
1393 7890
1393 7901
1393 7933
1393 7958
1395 1525
1395 7857
1413 2603
1413 2762
1413 5036
1413 5065
1413 5368
1413 5682
1413 5816
1413 6160
1413 6280
1413 6842
1413 6955
1413 7862
1413 7919
1413 7947
1413 7957
1413 7960
1413 7984
1413 8089
1419 6618
1419 7896
1419 7899
1419 7900
1422 7902
1426 4239
1432 7213
1448 8089
1454 5267
1454 6779
1470 1531
1481 3195
1483 2692
1483 3578
1483 4783
1483 6867
1483 7973
1510 7763
1510 7890
1517 2846
1517 5616
1517 6779
1517 7699
1521 3865
1527 2324
1527 3405
1527 3484
1527 4419
1527 4882
1527 5305
1527 6708
1527 7665
1527 7855
1527 7999
1527 8057
1531 1636
1531 1922
1531 2527
1531 2762
1531 3745
1531 3891
1531 4170
1531 5065
1531 6224
1531 6597
1531 6779
1531 6842
1531 6885
1531 7329
1531 7869
1531 7932
1531 7933
1531 7938
1531 8008
1531 8017
1531 8071
1531 8073
1531 8096
1531 8118
1539 3461
1539 6842
1539 7870
1539 7876
1539 7923
1540 2254
1540 7539
1540 7828
1540 7938
1554 4187
1563 8073
1568 2158
1568 5065
1581 2027
1581 3377
1600 4523
1600 6373
1604 6640
1604 6800
1622 3171
1622 4536
1622 7886
1622 8099
1625 2254
1636 2158
1636 2472
1636 2488
1636 2603
1636 2756
1636 2762
1636 3515
1636 4117
1636 5036
1636 5215
1636 5362
1636 5720
1636 5933
1636 6528
1636 6779
1636 6873
1636 7337
1636 7904
1636 7941
1636 7998
1636 8004
1636 8015
1636 8036
1658 1972
1658 5682
1658 7665
1658 7903
1664 7993
1667 2606
1667 6203
1667 6498
1667 7947
1680 2762
1687 3065
1702 1877
1724 3479
1724 7201
1724 7845
1732 4187
1732 7548
1732 7840
1732 8073
1737 7997
1742 2053
1742 4031
1742 4632
1742 5468
1742 5599
1742 6498
1745 4280
1745 4771
1747 2762
1749 2313
1749 2767
1763 2158
1763 2223
1763 3322
1763 5065
1763 5352
1763 5682
1763 6108
1763 6403
1763 7887
1763 7888
1763 7968
1768 3171
1768 6596
1774 2424
1774 3171
1774 5009
1774 5784
1778 2598
1778 6782
1778 7839
1778 7893
1785 4731
1786 3195
1786 7876
1787 3229
1787 5720
1787 6779
1787 7801
1793 1877
1793 2627
1793 2694
1793 2962
1793 3461
1793 3865
1793 4031
1793 4131
1793 4384
1793 4634
1793 5550
1793 6162
1793 6549
1793 6863
1793 7074
1793 7398
1793 7611
1793 7874
1793 7897
1793 7905
1793 8068
1794 3171
1794 4783
1804 7337
1804 7997
1807 2529
1807 6294
1807 6779
1807 7662
1807 8015
1812 2762
1812 7491
1812 7938
1813 5700
1813 7326
1818 6498
1825 6597
1831 4092
1831 4187
1831 4488
1845 2529
1854 2472
1854 3484
1854 4771
1854 7856
1877 2105
1877 2412
1877 2437
1877 3405
1877 3484
1877 3745
1877 3951
1877 4164
1877 4448
1877 4632
1877 5038
1877 6498
1877 6945
1877 7337
1877 7749
1877 7853
1877 7918
1877 7922
1877 7926
1877 7939
1877 7960
1877 8025
1877 8041
1877 8042
1877 8112
1879 8090
1880 6619
1880 7902
1893 2741
1893 7935
1893 7947
1894 2816
1911 7951
1917 5501
1917 7027
1917 7307
1917 7662
1917 7947
1922 7119
1958 2730
1958 7874
1959 3281
1971 2694
1971 4370
1971 4882
1971 7845
1971 7855
1971 7889
1972 2105
1972 2762
1972 6062
1972 7839
1972 8089
1972 8095
1985 7950
1985 8095
1990 2389
1990 7894
1992 4187
1995 4031
1995 7398
2019 3501
2019 7291
2019 7967
2019 8090
2023 2412
2024 2156
2024 2606
2024 2767
2024 2868
2024 3515
2024 8003
2027 6162
2027 6400
2027 8115
2053 2603
2053 4216
2053 4771
2053 5553
2053 7930
2053 8093
2062 2816
2081 2534
2081 4092
2081 5331
2098 2158
2107 4523
2107 6498
2107 7289
2111 3505
2111 3648
2111 5065
2111 6108
2122 2674
2124 2627
2124 4092
2124 4144
2124 5065
2124 6347
2124 7850
2124 7901
2124 8033
2124 8110
2148 7662
2149 4370
2156 2762
2156 3347
2156 4632
2156 5616
2156 7359
2156 7938
2158 2437
2158 2529
2158 2562
2158 2756
2158 2762
2158 2821
2158 2868
2158 2947
2158 3078
2158 3745
2158 4117
2158 4187
2158 4632
2158 4771
2158 4783
2158 4882
2158 5065
2158 5362
2158 6738
2158 6916
2158 7665
2158 7841
2158 7846
2158 7853
2158 7912
2158 7964
2158 8056
2158 8117
2177 3515
2192 2674
2192 4116
2192 4390
2192 6407
2192 7847
2204 7307
2214 7855
2223 3417
2223 4187
2254 3154
2254 4615
2254 5938
2254 6597
2254 7769
2254 7924
2254 8046
2254 8064
2255 3067
2256 5511
2256 8015
2256 8027
2280 3195
2280 3405
2280 4632
2280 6498
2280 7090
2280 7658
2287 5265
2295 3381
2295 5021
2295 5816
2295 7995
2297 2472
2297 6134
2297 6842
2313 2739
2313 3065
2313 4957
2313 5006
2313 5366
2313 5625
2313 6528
2318 7170
2319 3975
2324 4216
2324 4419
2324 8002
2334 4783
2334 6916
2343 4236
2343 7875
2355 5720
2389 3049
2389 3169
2389 4419
2389 6615
2389 6708
2389 7889
2389 7989
2389 8012
2396 2472
2396 2739
2396 4117
2396 4957
2396 5305
2406 4031
2406 4216
2406 4419
2406 4839
2406 4964
2406 7855
2406 8117
2412 3951
2412 4882
2412 6779
2418 8104
2423 3969
2423 5948
2437 2482
2437 2820
2437 3461
2437 4031
2437 5933
2437 6619
2437 7659
2437 7841
2437 7845
2437 7979
2455 2527
2472 2762
2472 2970
2472 3049
2472 3969
2472 4117
2472 4419
2472 4771
2472 4783
2472 5948
2472 6162
2472 6171
2472 6267
2472 7856
2472 7862
2472 7879
2472 7924
2472 7947
2472 7980
2472 8007
2472 8042
2472 8063
2472 8067
2482 3505
2482 7659
2488 2529
2488 3578
2488 3891
2488 5309
2488 5720
2488 5845
2494 7937
2521 3745
2521 3969
2526 2919
2526 4050
2526 6779
2526 7525
2527 3226
2527 4092
2527 4377
2527 5065
2527 6625
2527 7924
2529 2762
2529 2868
2529 3313
2529 3417
2529 3856
2529 3891
2529 4164
2529 4634
2529 6203
2529 6498
2529 6885
2529 7290
2529 7337
2529 7525
2529 7632
2529 7722
2529 7742
2529 7801
2529 7843
2529 7863
2529 7869
2529 7873
2529 7891
2529 7920
2529 7928
2534 3075
2534 5615
2534 6224
2562 2581
2562 7853
2581 2627
2581 7853
2583 2739
2583 3973
2583 7252
2583 7863
2598 2762
2598 3381
2598 3969
2600 5845
2603 2720
2603 2820
2603 4117
2603 4216
2606 6203
2617 7901
2617 7970
2619 7398
2619 7912
2620 8029
2627 2762
2627 5265
2627 5720
2627 6015
2627 7015
2627 7433
2627 7801
2627 7903
2640 7714
2650 2694
2650 3313
2650 3785
2650 3969
2650 4117
2650 6619
2650 7673
2650 7848
2650 7876
2650 7907
2650 7924
2650 7984
2650 8015
2650 8035
2650 8041
2664 4373
2669 7905
2674 4216
2674 4771
2674 4981
2674 4997
2674 5440
2674 6087
2674 7584
2674 8073
2691 7805
2692 4187
2692 6584
2694 4368
2694 4384
2694 4771
2694 7699
2694 7823
2694 7853
2694 7862
2694 7905
2694 7924
2696 6708
2698 5714
2712 4456
2712 6108
2712 6373
2712 7201
2730 7840
2733 2767
2733 3158
2733 3984
2733 5065
2733 5682
2733 6625
2739 5065
2739 5720
2739 7973
2739 8120
2741 7959
2756 3578
2756 3891
2756 6117
2756 7281
2756 8050
2762 3160
2762 3613
2762 3649
2762 3727
2762 3745
2762 4092
2762 4136
2762 4839
2762 5065
2762 5119
2762 5442
2762 5996
2762 6224
2762 6683
2762 6686
2762 7032
2762 7326
2762 7533
2762 7861
2762 7869
2762 7870
2762 7922
2762 7924
2762 8070
2762 8073
2762 8096
2767 2818
2767 2822
2767 3093
2767 3613
2767 4280
2767 5065
2767 6203
2767 6280
2767 6549
2767 7090
2767 7534
2767 7839
2767 7877
2767 7880
2767 7883
2767 7924
2767 7933
2767 7982
2767 7984
2767 8075
2775 5018
2775 7801
2795 7847
2795 7851
2816 3265
2816 3461
2816 6842
2816 7923
2816 7974
2818 4783
2818 6595
2818 7791
2818 7839
2821 5938
2821 6267
2822 6810
2822 7471
2825 3745
2825 5615
2825 7924
2840 7665
2846 6779
2868 3515
2868 3856
2868 3947
2868 4771
2868 5065
2868 5518
2868 5637
2868 5720
2868 6224
2868 6373
2868 6779
2868 7703
2868 7901
2868 7938
2868 8029
2868 8041
2868 8073
2902 6945
2919 4187
2943 3171
2943 6975
2947 6842
2947 7949
2954 3171
2954 8018
2961 7912
2962 3067
2962 3673
2962 4187
2962 4605
2962 6467
2962 7855
2962 7872
2962 8049
2964 7881
2970 4632
2970 5305
2970 6549
2970 7433
2970 7936
2997 4117
2997 4771
2997 8043
2997 8108
3010 6403
3012 5938
3024 5468
3026 5941
3026 6618
3026 7983
3026 8085
3030 4190
3030 4448
3030 7841
3030 7895
3070 3439
3070 3947
3076 7901
3078 7839
3078 7920
3093 4783
3093 5615
3093 6352
3093 6467
3111 7840
3125 3381
3125 3816
3125 6498
3125 7951
3125 7960
3158 4771
3158 5912
3158 7901
3166 3461
3166 4671
3166 7852
3171 3265
3171 4536
3171 5065
3171 5690
3171 5845
3171 5912
3171 6280
3171 6429
3171 6596
3171 6945
3171 7673
3171 7885
3171 7886
3171 7920
3171 7938
3171 7954
3177 7787
3195 4615
3195 6842
3195 7922
3233 7998
3239 4866
3239 7359
3239 8075
3262 7606
3262 7863
3262 7866
3265 6375
3265 7984
3281 3967
3281 3984
3281 4771
3281 7932
3283 5065
3283 6498
3307 8009
3313 3578
3313 3856
3313 5720
3313 5857
3313 6062
3313 7893
3322 4783
3322 7839
3322 7991
3325 7898
3326 5845
3337 8069
3377 8007
3377 8064
3381 5352
3381 7991
3388 4187
3388 7801
3405 3484
3405 4964
3405 5783
3405 6171
3405 6708
3405 7035
3405 7074
3405 7127
3405 7823
3405 7856
3405 7924
3405 7969
3405 7989
3405 7996
3405 8042
3417 4924
3417 5569
3417 7090
3417 7398
3417 7924
3420 4390
3453 4765
3453 7801
3458 5720
3458 8005
3458 8009
3458 8060
3479 3969
3479 4783
3479 5468
3484 7665
3505 7997
3515 3745
3515 3891
3515 5720
3515 7794
3515 7838
3515 7938
3528 8054
3543 4138
3573 7665
3578 4771
3578 5006
3578 7916
3579 7313
3613 4403
3613 5831
3613 6738
3627 4092
3631 7991
3636 6347
3636 7632
3646 7744
3648 6842
3649 7708
3720 7007
3727 6280
3727 7733
3727 7839
3728 7924
3745 4187
3745 4283
3745 4317
3745 5065
3745 6224
3745 6448
3745 6498
3745 7329
3745 7742
3745 7840
3745 7843
3745 7876
3745 7883
3745 7890
3745 7924
3745 7930
3745 7947
3745 7988
3745 8073
3745 8089
3745 8116
3753 4860
3753 7991
3760 4138
3764 7742
3816 4117
3816 5119
3816 5594
3816 7992
3816 7994
3825 6618
3843 7887
3856 7090
3858 7953
3882 3973
3882 4117
3882 4839
3882 5018
3882 6280
3882 7290
3882 7673
3882 7860
3882 7877
3882 7904
3882 7917
3882 7938
3891 4187
3891 5720
3891 6122
3917 4366
3917 5065
3947 7904
3950 6108
3950 8057
3951 4080
3951 4419
3951 8073
3951 8074
3967 3984
3967 7991
3969 4117
3969 5305
3969 7035
3969 7127
3969 8041
3973 4632
3973 5065
3973 7101
3973 7433
3973 7752
3973 7891
3973 8096
3975 5783
3975 7665
3984 4092
3984 4187
3984 5215
3984 6686
3984 6779
3984 7329
3984 7846
3984 8061
3989 7910
4031 4523
4031 4783
4031 5550
4031 5686
4031 6686
4031 7036
4031 7884
4031 7926
4031 8068
4031 8094
4038 7947
4038 7966
4050 7399
4059 4771
4086 4924
4090 4239
4090 7846
4090 8031
4092 4144
4092 4488
4092 4632
4092 4949
4092 4971
4092 5065
4092 5115
4092 5179
4092 5569
4092 5879
4092 6224
4092 6347
4092 6528
4092 6779
4092 7329
4092 7844
4092 7865
4092 7983
4092 7985
4092 8000
4092 8006
4092 8017
4092 8071
4092 8118
4116 4632
4116 8068
4117 4138
4117 4171
4117 4187
4117 4216
4117 4317
4117 5065
4117 5119
4117 5560
4117 5637
4117 6017
4117 6224
4117 6333
4117 6597
4117 6842
4117 7843
4117 7878
4117 7881
4117 7907
4117 7924
4117 7936
4117 7938
4117 7947
4117 7960
4117 7976
4117 7987
4117 7994
4117 8008
4117 8041
4117 8089
4131 7398
4136 4187
4138 4187
4138 5265
4138 5366
4138 6619
4171 7184
4171 7822
4171 8099
4187 4190
4187 4924
4187 5021
4187 5215
4187 5352
4187 5493
4187 5682
4187 5720
4187 6122
4187 6403
4187 6467
4187 6505
4187 6584
4187 6615
4187 7032
4187 7090
4187 7359
4187 7824
4187 7871
4187 7876
4187 7890
4187 7921
4187 7956
4187 8065
4188 6294
4190 7801
4216 6623
4216 7845
4226 7923
4239 7846
4280 7839
4283 7329
4283 8062
4309 4702
4317 4783
4317 5065
4332 4370
4332 7922
4357 7971
4366 7857
4366 7876
4379 6280
4382 6498
4382 7213
4382 8053
4384 7539
4384 7855
4390 4632
4390 7398
4390 7903
4419 5173
4419 8012
4421 7359
4448 6498
4456 7647
4456 7824
4466 7307
4488 5065
4488 8116
4493 6619
4523 6062
4523 7903
4523 8100
4536 5912
4536 7659
4536 7662
4536 7886
4536 7923
4536 8099
4562 6373
4577 4671
4577 7839
4577 7867
4605 6498
4612 7548
4632 5362
4632 6435
4632 6779
4632 6863
4632 7073
4632 7840
4632 7924
4632 7972
4632 7994
4632 7995
4632 8068
4632 8113
4653 7860
4684 8035
4691 4765
4731 5041
4731 5487
4749 5616
4749 6779
4765 8022
4771 6467
4771 6498
4771 7073
4771 7856
4771 7957
4783 5699
4783 5935
4783 6431
4783 6549
4783 6597
4783 6842
4783 7325
4783 7364
4783 7398
4783 7665
4783 7895
4783 7926
4783 7938
4783 7974
4783 8004
4783 8059
4783 8068
4783 8073
4783 8088
4783 8100
4808 6779
4839 7090
4839 7326
4839 7869
4839 7932
4860 6779
4860 7991
4866 6566
4882 5305
4882 6162
4882 6708
4882 7127
4882 7611
4882 7955
4885 7991
4888 8073
4909 7902
4924 5265
4924 8010
4924 8016
4938 7824
4949 5615
4949 5720
4949 6498
4949 6619
4949 8055
4964 5596
4964 8054
5006 6203
5006 8008
5007 6224
5007 8122
5009 6596
5012 8121
5021 5501
5036 5487
5041 6333
5065 5119
5065 5265
5065 5329
5065 5615
5065 5637
5065 5720
5065 5849
5065 6087
5065 6295
5065 6528
5065 6779
5065 6842
5065 7290
5065 7611
5065 7891
5065 7901
5065 7903
5065 7905
5065 7907
5065 7910
5065 7911
5065 7923
5065 7934
5065 7941
5065 7962
5065 7969
5065 7996
5065 8015
5065 8018
5065 8038
5065 8041
5065 8060
5065 8068
5065 8073
5065 8089
5065 8103
5065 8105
5065 8122
5084 5682
5084 7201
5100 5698
5100 5816
5119 5831
5119 7281
5119 7670
5119 7816
5119 7820
5119 7960
5119 7994
5141 6842
5151 8082
5215 5366
5215 6467
5215 6625
5215 7090
5215 7961
5236 7979
5263 5352
5263 5569
5263 8089
5265 6263
5265 6584
5265 7933
5267 7822
5305 6779
5305 7539
5305 7845
5306 6280
5306 7929
5329 6505
5329 7977
5352 6623
5362 5720
5362 5891
5362 6779
5362 7924
5366 7956
5366 8036
5427 5720
5427 7714
5427 7794
5431 7938
5440 7584
5440 7845
5468 5686
5468 7066
5468 7924
5468 7974
5468 8068
5468 8076
5468 8092
5468 8094
5468 8100
5476 8081
5493 6224
5550 8068
5560 6498
5560 6625
5560 7878
5560 8114
5569 6448
5594 5845
5597 7357
5613 5941
5615 6224
5615 8006
5615 8018
5616 5720
5616 7359
5616 7921
5637 5720
5637 6625
5652 6597
5652 8013
5681 5849
5682 6373
5682 7924
5686 6692
5686 6779
5686 7822
5690 6917
5698 5816
5720 6203
5720 6280
5720 6319
5720 6435
5720 6498
5720 6539
5720 6779
5720 7329
5720 7714
5720 7744
5720 7794
5720 7882
5720 7890
5720 7988
5720 8005
5720 8006
5720 8017
5720 8023
5720 8101
5724 6779
5769 7880
5816 7903
5816 8081
5831 7913
5845 6779
5849 7591
5891 7903
5933 7976
5935 7895
5935 7947
5935 8034
5938 7906
5996 6782
5996 7887
6017 6435
6017 7844
6045 6596
6062 6498
6062 7403
6067 6867
6087 6779
6122 6885
6134 7981
6160 8097
6162 6779
6162 7611
6171 7261
6171 7665
6203 6435
6203 7329
6203 7824
6203 7882
6203 7883
6203 7901
6203 7983
6203 8033
6224 6779
6224 7290
6224 7822
6224 8114
6230 7913
6280 6498
6280 7843
6284 7984
6284 8012
6289 6619
6290 6373
6301 6498
6319 6947
6319 7924
6319 8069
6373 6779
6373 7948
6448 6498
6448 7337
6463 6779
6463 7842
6467 7140
6498 6712
6498 6842
6498 6955
6498 7335
6498 7364
6498 7548
6498 7658
6498 7752
6498 7840
6498 7852
6498 7905
6498 7912
6498 7924
6498 7929
6498 7941
6498 7978
6498 7984
6498 7999
6498 8009
6498 8025
6503 7927
6528 6779
6576 8008
6595 6640
6595 7090
6595 8044
6596 7398
6596 7659
6596 7886
6596 7912
6596 7923
6596 7972
6618 8089
6619 7090
6619 7662
6619 7839
6619 7848
6619 7864
6619 7926
6619 7951
6619 8018
6625 7902
6625 8063
6640 7337
6640 7642
6640 7744
6640 7917
6640 8010
6686 6738
6692 7840
6692 7912
6708 7855
6738 7945
6738 8040
6779 6948
6779 7306
6779 7326
6779 7330
6779 7454
6779 7791
6779 7824
6779 7845
6779 7862
6779 7956
6779 8017
6779 8028
6779 8070
6779 8099
6779 8119
6810 7471
6810 8067
6842 7976
6867 7841
6867 7874
6867 7906
6867 7951
6867 8059
6942 8091
6945 7290
6945 7915
6945 8042
6947 7924
6948 7119
6948 8073
6975 7236
7027 7743
7032 7818
7034 8073
7036 7865
7066 8068
7090 7849
7090 7924
7122 7662
7140 7290
7147 8096
7155 7862
7181 7845
7266 7947
7266 7960
7289 7337
7289 7840
7290 7673
7290 8018
7306 8037
7326 7950
7330 7956
7348 7703
7396 7953
7396 8005
7398 7840
7398 7912
7471 7935
7525 7876
7533 7924
7533 7991
7534 7782
7606 7866
7654 7921
7656 7665
7664 7867
7665 7855
7665 7862
7690 7869
7690 8110
7699 7944
7737 7963
7743 7838
7743 7903
7763 7828
7782 7841
7822 7845
7822 7924
7822 8025
7824 7854
7824 8047
7839 7930
7845 7979
7855 7909
7855 8074
7861 7870
7862 7969
7862 7980
7869 7908
7869 8067
7871 7945
7876 7878
7887 7888
7887 7914
7902 7930
7911 8014
7921 7943
7923 7986
7924 8015
7930 8093
7939 7940
7941 7982
7965 7966
7984 8073
8027 8030
8064 8067
8065 8066
8075 8079
8075 8086
8077 8078
8099 8113
8107 8109
8110 8111
