0 97
0 3158
0 3203
0 4949
0 7658
0 7947
2 8497
2 8586
4 5844
7 94
7 3122
7 3745
7 6160
7 8469
7 8497
7 8501
12 1917
12 2027
12 8712
14 134
14 138
14 434
14 449
14 461
14 729
14 1002
14 1057
14 1268
14 1359
14 1393
14 1470
14 2156
14 2313
14 2620
14 2627
14 2762
14 3171
14 3676
14 5065
14 5130
14 5471
14 6613
14 6779
14 7083
14 7359
14 7917
14 8146
14 8197
14 8535
14 8567
14 8615
14 8621
14 8630
19 88
19 138
19 158
19 374
19 641
19 762
19 1115
19 1787
19 1807
19 1822
19 1972
19 2529
19 2767
19 2845
19 2970
19 3745
19 4280
19 5041
19 5130
19 7032
19 8054
19 8440
19 8696
25 4333
26 42
26 76
26 110
26 158
26 162
26 172
26 190
26 461
26 509
26 729
26 922
26 1298
26 1636
26 2150
26 2333
26 3125
26 3676
26 4031
26 4171
26 4746
26 5720
26 7658
26 8494
26 8497
26 8502
26 8642
28 762
28 1539
28 3166
28 6280
28 8613
29 73
29 96
29 138
29 781
29 1177
29 1255
29 1793
29 3107
29 3195
29 4358
29 4746
29 6088
29 6160
29 6569
29 6654
29 7634
29 8497
29 8544
30 124
30 436
30 2473
30 4157
37 2762
41 46
41 286
41 1206
41 1792
41 2512
41 2868
41 4632
41 7947
41 8515
41 8523
41 8603
42 84
42 97
42 729
42 839
42 968
42 1085
42 1268
42 1470
42 2027
42 2767
42 3377
42 3745
42 3900
42 4488
42 4949
42 6087
42 6419
42 6686
42 8502
42 8533
42 8592
42 8594
42 8646
42 8650
43 76
43 162
43 424
43 434
43 455
43 656
43 897
43 978
43 1198
43 1255
43 1615
43 1787
43 3676
43 3858
43 5215
43 5362
43 6088
43 6280
43 6498
43 6569
43 7841
43 7987
43 8085
43 8131
43 8260
43 8367
43 8381
43 8467
43 8469
43 8473
43 8490
43 8501
43 8540
43 8541
43 8568
43 8578
43 8615
43 8643
43 8665
43 8707
46 138
46 153
46 267
46 621
46 729
46 895
46 1242
46 1258
46 1268
46 1877
46 2158
46 2463
46 3166
46 3405
46 3856
46 4216
46 4419
46 6419
46 7236
46 7942
46 8484
46 8486
46 8515
46 8686
48 7634
56 5699
56 6018
56 6842
59 6203
60 577
60 1745
60 2100
60 6569
61 1793
61 2412
63 6373
64 2521
65 503
70 729
70 7926
70 8544
72 1937
73 97
73 108
73 138
73 762
73 836
73 859
73 1941
73 4615
73 4641
73 5141
73 5828
74 138
74 810
74 953
74 7926
74 8411
75 76
75 539
75 904
75 2053
75 2199
75 2233
75 2603
75 3313
75 6009
75 7855
75 8626
75 8636
76 134
76 138
76 434
76 821
76 1198
76 1787
76 1917
76 2192
76 2412
76 2437
76 2767
76 3281
76 3800
76 4171
76 4981
76 5065
76 5125
76 6569
76 6779
76 7186
76 8197
76 8416
76 8515
76 8525
76 8620
76 8686
77 83
77 158
77 455
77 510
77 568
77 577
77 621
77 762
77 859
77 1002
77 1359
77 1510
77 1825
77 1972
77 2255
77 2694
77 2767
77 2822
77 3745
77 4026
77 4117
77 4910
77 5127
77 5440
77 5468
77 6203
77 7708
77 8553
80 2762
80 3745
80 5615
80 8197
83 563
83 621
83 904
83 1232
83 1418
83 2694
83 3171
83 5065
83 5801
83 6280
83 6619
83 7266
83 8675
83 8725
84 1106
84 2022
84 3900
84 5215
84 5501
84 6779
87 156
87 8545
88 1788
88 2650
88 3545
88 8567
90 103
90 431
90 1255
90 2379
90 5036
90 7186
90 8700
91 156
91 1550
93 1255
93 4771
94 904
94 1365
94 8444
94 8501
95 1198
95 2762
95 5065
95 6683
95 8538
95 8581
96 97
96 140
96 370
96 390
96 729
96 897
96 1268
96 1742
96 1971
96 2412
96 2603
96 3030
96 3158
96 3676
96 4465
96 4641
96 5127
96 5468
96 5844
97 140
97 226
97 434
97 948
97 1788
97 2282
97 2472
97 3030
97 3166
97 4419
97 4641
97 4783
97 6654
97 7658
97 8260
97 8282
97 8518
97 8576
97 8626
98 3325
98 7236
100 2412
101 1971
108 1177
109 8517
110 172
110 195
110 2603
110 2645
110 2682
110 3592
110 4171
110 6744
110 8260
115 2762
121 6779
122 412
122 1207
122 2081
123 1418
123 2526
123 2956
123 3377
123 4746
123 8673
128 7083
131 610
131 3030
133 3984
133 8400
134 158
134 455
134 573
134 577
134 1106
134 1198
134 1393
134 2526
134 2956
134 4507
134 5366
134 8197
134 8473
134 8497
138 428
138 434
138 449
138 612
138 682
138 728
138 907
138 1135
138 1331
138 1531
138 1622
138 1818
138 1941
138 2326
138 2488
138 2619
138 2762
138 2767
138 2816
138 2969
138 3313
138 3891
138 4031
138 4131
138 4328
138 4339
138 4600
138 5130
138 5265
138 5366
138 5985
138 6569
138 6618
138 6654
138 6842
138 7867
138 8435
138 8448
138 8469
138 8496
138 8509
138 8568
138 8609
138 8632
140 712
140 2943
140 3254
140 5553
141 953
141 1256
153 490
153 1012
153 1057
153 1255
153 1470
153 1807
153 4050
153 4339
153 5041
153 5430
153 5859
153 7760
153 8439
153 8450
153 8497
153 8715
154 6779
156 286
156 836
156 839
156 1335
156 1793
156 1917
156 2027
156 2235
156 3107
156 3676
156 4000
156 4414
156 4807
156 5265
156 6779
156 7236
156 7947
156 7984
156 8197
156 8399
156 8462
156 8479
156 8601
156 8659
158 286
158 311
158 636
158 1115
158 1359
158 1636
158 1972
158 2627
158 3330
158 3727
158 4181
158 4414
158 4693
158 4798
158 5009
158 5265
158 6448
158 6683
158 7034
158 7266
158 7534
158 7792
158 8120
158 8159
158 8416
158 8439
158 8479
158 8486
158 8487
158 8492
158 8497
158 8550
158 8558
158 8586
158 8587
158 8603
158 8699
162 275
172 1056
172 1475
172 1877
172 1971
172 2123
172 2840
172 3592
172 4419
172 4964
172 5553
172 6479
172 6708
172 7054
172 7939
172 8260
172 8643
174 490
184 1812
184 1943
184 2762
184 4561
184 5065
184 5272
184 6280
184 6470
184 7708
184 8077
184 8330
184 8424
184 8440
184 8511
184 8662
190 2123
190 3676
195 1615
195 2334
195 2613
195 2840
195 3592
195 3865
195 5844
195 8197
195 8701
196 446
196 455
196 1543
196 1824
196 2326
196 3784
196 6654
196 7190
196 7252
196 8440
196 8482
196 8497
196 8502
196 8538
196 8560
201 490
201 1206
206 6160
218 2405
226 762
226 4641
226 4783
226 5127
226 8497
236 2603
239 682
239 8600
240 712
240 762
240 1177
240 1600
240 2627
240 5127
240 6467
248 8297
249 267
249 1255
249 1527
249 2645
249 6171
253 258
253 2767
253 6373
253 8454
253 8488
258 407
258 1807
258 2970
258 4187
258 8416
258 8567
258 8688
259 8625
267 762
267 1321
267 1527
267 1943
267 3313
267 8093
270 6569
271 3713
280 712
280 1426
280 2762
280 7525
286 803
286 1636
286 3727
286 3745
286 4117
286 5265
286 8440
286 8491
286 8580
286 8603
286 8639
286 8659
287 2437
287 2645
287 4632
287 5102
291 2762
297 4171
297 4503
302 3426
302 8197
311 6203
311 8559
312 2455
312 8630
318 659
318 8729
330 2412
336 1255
336 3727
336 6619
336 8608
338 696
339 1298
339 3107
339 8260
345 1943
347 8151
347 8346
348 7334
349 3457
351 407
351 7658
351 8643
368 6779
370 1198
370 1247
370 1521
370 2022
370 2235
370 3545
370 3984
370 3988
370 4080
370 4761
370 5471
370 6779
370 7399
370 8297
370 8497
370 8691
374 1426
374 4488
374 8654
378 490
382 7378
383 659
383 1831
383 8067
390 5828
391 5367
403 656
403 1255
403 2845
407 1148
407 1413
407 1636
407 1687
407 2313
407 2762
407 2919
407 3023
407 3281
407 4187
407 4634
407 5237
407 5471
407 6448
407 8159
407 8433
410 5616
410 7839
410 8719
410 8726
411 897
411 5797
412 659
412 5065
412 5720
412 8440
412 8471
419 1198
423 8601
424 2696
424 8467
431 8467
432 839
432 1365
432 1996
432 4236
434 729
434 2027
434 2156
434 2821
434 2919
434 3030
434 3281
434 3377
434 3745
434 7213
434 7760
434 8197
434 8630
434 8694
440 3160
442 461
442 539
442 677
442 1807
442 2522
442 2970
442 3501
442 4507
442 4634
442 5065
442 5616
442 6413
442 6498
442 6779
442 7468
442 8197
442 8500
442 8615
442 8652
444 8444
446 2465
446 2762
446 4187
446 8197
447 6654
447 8567
449 659
449 729
449 895
449 1255
449 1369
449 1393
449 1470
449 1540
449 1793
449 2603
449 3030
449 3171
449 4117
449 4171
449 8272
455 536
455 556
455 821
455 1863
455 2158
455 2627
455 2660
455 2868
455 4382
455 4507
455 4746
455 5119
455 6032
455 7093
455 7266
455 8029
455 8571
455 8572
455 8637
459 2295
461 891
461 1375
461 1536
461 2956
461 3171
461 4600
461 4632
461 6618
461 8225
477 8688
488 8515
490 1002
490 3745
490 5366
494 5560
501 2326
518 4216
518 5367
524 1941
528 3636
528 8015
528 8437
528 8483
530 1418
531 1359
531 2627
531 3281
531 5616
531 7034
531 8432
532 1006
532 1794
532 2126
532 3265
532 4746
532 5102
532 7290
532 7334
532 8342
532 8431
536 5720
536 6779
539 891
539 1359
539 2199
539 2437
539 2674
539 4216
539 5382
539 5616
539 8416
542 1106
542 2970
545 8438
546 2650
546 3107
546 3265
546 4456
546 7334
546 8615
556 1126
556 1745
556 1939
556 2081
556 2243
556 6018
556 6576
556 8658
556 8720
563 699
563 1232
563 1247
563 1622
563 3160
563 5065
563 8573
563 8591
563 8736
565 1365
568 729
568 928
568 1097
568 3107
568 3195
568 3727
568 4358
568 4746
568 4860
568 8469
568 8606
570 1321
572 1994
573 1793
573 2669
577 712
577 2412
577 3400
577 5065
577 8119
577 8411
577 8736
589 2954
589 8483
589 8493
597 7054
599 1002
599 1242
599 8527
610 1091
610 1115
610 1966
610 1973
610 4831
610 4910
610 5263
610 5550
610 5906
610 6108
610 7148
610 8197
610 8221
610 8444
610 8537
610 8686
610 8697
613 4065
613 4358
613 4656
613 4949
613 6613
618 1198
618 2954
618 3487
618 5065
618 7181
618 7838
621 712
621 729
621 836
621 904
621 1426
621 3545
621 3865
621 4031
621 4280
621 4358
621 4910
621 5550
621 5938
621 6654
621 6683
621 7708
621 7841
621 7926
621 8542
621 8573
621 8599
621 8600
621 8634
621 8730
633 5616
633 8575
636 6618
641 1807
641 4092
641 4507
641 5616
641 8577
647 886
647 1824
647 1877
647 2694
647 3405
656 1298
656 2598
656 2645
656 8615
659 1057
659 1321
659 1365
659 1943
659 2821
659 2868
659 4216
659 4339
659 4488
659 4839
659 6618
659 7708
659 8633
671 837
671 4090
671 8306
677 2522
677 8484
682 1831
682 5233
682 8119
696 3528
699 1877
708 7190
712 796
712 3160
712 3405
712 3984
712 8736
726 7093
727 8467
728 3313
729 796
729 897
729 1057
729 1135
729 1255
729 1256
729 1298
729 1359
729 1365
729 1581
729 2650
729 2668
729 2943
729 2970
729 3204
729 3381
729 3676
729 4216
729 4448
729 5041
729 5720
729 6280
729 6448
729 7190
729 7709
729 7926
729 8486
729 8491
729 8494
729 8526
729 8542
729 8558
729 8628
729 8704
730 1365
730 4159
736 1879
736 8090
762 1186
762 1256
762 1393
762 1793
762 1941
762 1972
762 2529
762 2762
762 3023
762 3078
762 3313
762 3325
762 3742
762 4267
762 4605
762 4641
762 5127
762 5237
762 6683
762 6744
762 7266
762 7468
762 7658
762 8085
762 8197
762 8473
762 8487
762 8533
762 8558
762 8576
762 8602
762 8643
762 8665
775 1231
775 8435
781 8367
786 8506
789 7266
801 2053
801 2204
801 8384
803 1115
803 2934
803 8120
803 8686
821 2022
821 2243
821 2919
821 4171
821 7726
821 8159
821 8218
821 8631
823 847
823 1672
823 2255
823 4216
823 6779
823 8593
836 897
836 1724
836 1966
836 2062
836 2255
836 2650
836 2821
836 3377
836 3426
836 3592
836 4031
836 4964
836 5065
836 5305
836 5488
836 5550
836 5644
836 6619
836 6738
836 7334
836 7534
836 7658
836 7942
836 8131
836 8199
836 8297
836 8429
836 8462
836 8516
836 8594
837 839
837 1365
837 4414
837 4746
837 7359
837 7776
837 8483
837 8637
837 8735
839 1057
839 1268
839 1298
839 1361
839 1917
839 2053
839 2313
839 2389
839 2437
839 2767
839 3676
839 3900
839 3984
839 8197
839 8594
846 3592
847 1527
847 2158
847 4419
847 4882
852 907
852 1070
852 1256
852 1470
852 1717
852 2148
852 2529
852 2660
852 2762
852 3088
852 3171
852 3262
852 3313
852 3515
852 3578
852 3751
852 4187
852 4339
852 4467
852 4600
852 4641
852 4680
852 5089
852 5720
852 6280
852 6498
852 7869
852 8093
852 8367
852 8436
852 8465
852 8468
852 8497
852 8510
852 8550
852 8554
852 8620
852 8630
859 2158
859 7658
875 1365
881 3325
881 5699
881 8327
881 8630
881 8633
881 8666
883 3265
883 3865
883 8297
883 8474
883 8482
883 8600
883 8729
886 1002
886 2204
886 2930
886 3023
891 1917
891 2645
891 8623
895 1255
895 2694
895 4632
895 4771
895 4997
895 6569
895 7658
895 7856
895 7942
895 8425
895 8476
895 8523
895 8533
895 8547
895 8665
895 8678
897 1106
897 1793
897 2682
897 4632
903 2158
904 1958
904 3030
904 3648
904 5065
904 5550
904 5644
904 5921
904 6945
904 8018
904 8600
905 7266
907 1115
907 2627
907 5261
907 8367
921 2437
921 5553
928 7186
938 8647
938 8680
948 1232
948 4419
948 6708
948 8601
953 8225
963 8471
968 1703
968 1793
968 1971
968 2255
968 3484
968 5267
968 5553
968 7128
978 6498
995 8499
1002 1393
1002 2526
1002 3377
1002 3717
1002 4949
1002 8446
1002 8509
1002 8522
1002 8541
1005 5066
1006 2019
1006 2645
1006 4656
1007 8497
1011 1807
1011 2694
1012 4765
1019 1206
1036 1972
1036 8440
1036 8556
1041 1426
1041 2970
1051 1361
1051 1393
1051 1985
1056 1877
1056 6064
1056 8497
1057 1198
1057 1622
1057 1636
1057 1774
1057 1787
1057 1793
1057 2192
1057 2762
1057 2825
1057 3265
1057 3854
1057 5036
1057 5102
1057 5247
1057 5553
1057 5592
1057 5681
1057 6470
1057 8429
1057 8466
1057 8586
1057 8670
1058 1812
1060 2868
1060 8713
1070 3313
1103 2158
1103 6177
1106 1470
1106 1804
1106 1971
1106 2255
1106 2529
1106 2583
1106 2696
1106 3313
1106 3543
1106 3745
1106 4632
1106 6108
1106 7855
1106 7944
1106 8608
1106 8665
1115 1256
1115 1321
1115 1426
1115 1543
1115 1792
1115 2057
1115 2619
1115 2767
1115 3313
1115 3330
1115 3727
1115 3745
1115 4187
1115 4831
1115 5065
1115 5261
1115 5859
1115 6654
1115 6816
1115 7952
1115 8120
1115 8367
1115 8440
1115 8450
1115 8534
1115 8552
1115 8603
1115 8609
1135 1786
1135 2650
1135 4000
1135 4456
1140 4656
1140 5720
1144 3784
1148 4746
1177 1941
1177 4641
1177 5658
1177 8197
1186 1732
1198 1510
1198 1636
1198 1672
1198 1793
1198 1804
1198 2199
1198 3166
1198 5493
1198 5550
1198 6779
1198 7236
1198 8571
1206 1255
1206 1787
1206 2669
1206 3984
1206 4641
1206 4746
1206 5041
1206 8515
1206 8567
1206 8568
1207 2762
1207 3307
1207 8630
1223 6059
1232 1917
1242 1359
1242 1703
1242 2199
1242 2645
1242 5368
1242 8380
1247 3405
1247 5065
1247 7969
1255 1321
1255 1822
1255 2027
1255 2158
1255 2255
1255 2313
1255 2619
1255 2645
1255 2650
1255 3030
1255 3313
1255 3405
1255 3727
1255 4031
1255 4117
1255 4981
1255 4997
1255 5012
1255 5065
1255 5130
1255 5679
1255 5720
1255 6419
1255 6498
1255 6569
1255 7236
1255 7266
1255 7290
1255 7658
1255 7665
1255 7710
1255 7856
1255 8018
1255 8260
1255 8429
1255 8468
1255 8515
1255 8533
1255 8564
1255 8592
1255 8601
1255 8613
1255 8632
1255 8638
1255 8640
1255 8642
1256 1321
1256 1531
1256 1717
1256 2158
1256 2660
1256 3313
1256 3458
1256 4641
1256 4949
1256 5430
1256 5560
1256 6435
1256 6548
1256 6816
1256 7266
1256 8225
1256 8436
1256 8463
1256 8475
1256 8510
1256 8671
1256 8674
1268 2319
1268 2603
1268 2645
1268 3166
1268 3405
1268 3787
1268 4216
1268 5849
1268 6121
1268 6479
1268 7982
1268 8497
1268 8681
1268 8729
1278 3488
1298 1709
1298 1917
1298 1994
1298 3528
1298 4080
1298 4456
1298 4746
1298 8099
1309 8505
1311 2956
1312 2512
1312 5859
1321 1470
1321 1880
1321 2756
1321 3313
1321 3751
1321 4452
1321 5100
1321 5430
1321 5720
1321 6319
1321 8093
1321 8197
1321 8671
1331 2885
1335 1825
1340 2750
1359 1807
1359 1831
1359 2156
1359 2313
1359 2326
1359 2762
1359 3676
1359 3713
1359 4216
1359 4822
1359 5362
1359 5616
1359 6467
1359 7516
1359 7531
1359 7604
1359 7754
1359 7917
1359 8485
1359 8557
1359 8614
1359 8621
1359 8622
1361 2868
1361 4561
1361 6018
1361 8441
1361 8443
1361 8495
1361 8506
1364 2529
1364 3751
1365 1745
1365 2756
1365 3110
1365 4140
1365 4216
1365 4488
1365 6569
1365 6779
1365 6885
1365 6947
1365 7067
1365 7266
1365 7708
1365 8503
1365 8589
1369 7236
1375 7434
1388 2529
1392 3872
1392 4949
1392 7290
1392 7993
1393 1470
1393 1636
1393 1717
1393 1943
1393 2044
1393 2243
1393 2326
1393 2529
1393 2762
1393 2868
1393 2919
1393 3093
1393 3171
1393 3636
1393 4092
1393 4117
1393 4746
1393 4949
1393 5237
1393 5427
1393 5616
1393 5720
1393 6088
1393 6413
1393 7034
1393 7266
1393 7652
1393 8218
1393 8466
1393 8477
1393 8482
1393 8577
1393 8604
1393 8639
1393 8655
1393 8713
1393 8724
1406 2767
1413 1470
1413 1864
1413 2668
1413 2741
1413 4171
1413 4216
1413 4981
1413 5844
1413 6448
1413 8197
1413 8349
1413 8615
1413 8630
1413 8640
1413 8681
1418 1773
1418 2902
1418 3405
1418 5065
1418 5933
1426 1958
1426 2756
1426 5065
1426 5143
1426 7266
1426 7708
1426 7924
1426 8197
1426 8467
1426 8484
1458 7871
1458 8624
1470 1824
1470 2156
1470 2369
1470 2868
1470 3171
1470 3636
1470 4092
1470 4117
1470 4561
1470 4746
1470 5023
1470 5237
1470 5415
1470 6738
1470 7034
1470 7652
1470 7708
1470 8228
1470 8454
1470 8466
1470 8496
1470 8540
1470 8584
1510 5237
1510 8320
1510 8509
1517 2645
1517 8705
1521 1788
1521 3545
1521 7399
1527 1615
1527 1971
1527 2319
1527 2603
1527 2645
1527 3951
1527 6419
1527 6708
1536 1917
1539 6280
1540 4216
1540 4280
1540 4600
1540 5616
1540 7754
1543 1959
1543 4591
1543 5487
1543 7201
1543 8470
1543 8668
1543 8672
1550 1972
1550 2767
1561 6842
1563 1703
1563 7792
1563 8606
1600 2027
1600 2255
1612 2282
1612 3030
1615 2027
1615 2472
1615 3377
1615 3405
1622 1915
1622 2902
1622 4171
1622 5681
1622 5785
1622 7181
1622 7947
1622 7993
1622 8609
1625 2762
1625 8571
1625 8644
1636 1745
1636 1785
1636 2598
1636 3110
1636 3636
1636 3984
1636 4117
1636 4746
1636 5237
1636 5362
1636 5616
1636 5720
1636 6088
1636 6618
1636 6654
1636 6779
1636 8015
1636 8461
1636 8466
1636 8495
1636 8509
1636 8540
1636 8586
1636 8625
1636 8634
1636 8639
1636 8640
1636 8670
1636 8699
1636 8730
1640 3865
1644 8563
1657 5174
1657 6618
1657 8444
1658 6708
1665 4746
1672 3023
1680 2767
1687 8433
1687 8545
1690 1973
1717 5956
1717 8225
1717 8409
1717 8549
1732 8631
1742 3325
1742 7926
1745 4216
1745 4339
1745 4605
1745 4908
1745 5720
1745 6569
1745 8197
1745 8562
1763 4746
1763 6373
1763 7148
1763 7266
1763 8588
1768 2122
1768 5844
1773 3400
1773 3727
1779 3487
1779 7984
1779 8429
1779 8652
1785 8439
1786 1787
1786 3107
1787 1917
1787 2158
1787 2820
1787 2888
1787 4380
1787 4600
1787 4949
1787 4981
1787 5441
1787 5592
1787 5720
1787 6088
1787 6203
1787 6280
1787 6360
1787 6618
1787 8504
1787 8567
1787 8595
1787 8604
1787 8618
1788 1819
1788 2650
1788 3648
1788 4392
1792 2767
1792 4382
1792 6619
1792 8197
1793 2412
1793 2482
1793 3325
1793 4419
1793 5012
1793 5844
1793 6708
1793 7290
1793 7666
1793 7855
1793 8260
1793 8297
1793 8408
1793 8486
1793 8530
1794 3171
1807 2197
1807 2650
1807 2970
1807 3204
1807 3745
1807 3856
1807 4280
1807 5263
1807 6498
1807 7093
1807 8054
1807 8503
1807 8666
1812 2046
1812 2789
1812 3850
1812 4117
1812 5065
1812 5272
1812 7266
1812 8218
1822 1971
1822 2619
1822 3171
1822 8515
1824 3951
1824 5065
1824 5966
1825 7513
1825 8093
1825 8429
1825 8714
1831 2081
1831 5720
1831 8508
1854 7944
1864 4981
1869 2255
1869 5415
1877 2562
1877 4267
1877 4964
1877 5174
1877 5550
1877 5596
1877 5699
1877 5966
1877 6479
1877 6615
1877 6708
1877 7266
1877 7787
1877 8399
1877 8472
1877 8533
1877 8718
1893 3357
1915 3564
1915 5720
1915 8197
1917 2022
1917 2962
1917 3125
1917 3405
1917 3676
1917 3756
1917 4131
1917 4807
1917 5065
1917 5501
1917 7290
1917 8260
1917 8541
1917 8623
1941 8473
1943 2762
1958 2822
1958 8635
1962 1985
1962 3107
1962 4632
1971 2255
1971 2389
1971 2412
1971 3283
1971 4419
1971 6280
1971 6570
1971 8197
1972 3984
1972 8119
1972 8306
1972 8736
1973 2762
1973 8497
1985 7714
1985 8297
1985 8520
1985 8550
1985 8702
1994 2970
2019 2645
2019 4216
2019 4981
2019 5844
2019 7081
2019 8476
2019 8519
2019 8539
2022 2027
2022 3900
2022 4000
2022 6373
2023 3029
2023 8515
2027 3107
2027 3479
2027 4807
2027 5366
2027 5553
2027 7787
2027 8456
2027 8594
2044 4822
2044 5237
2053 2412
2053 2603
2053 4731
2053 5551
2053 7034
2053 7128
2053 7463
2053 7984
2053 8416
2053 8433
2053 8586
2053 8644
2057 2529
2057 4910
2062 2158
2062 3545
2062 5127
2064 4056
2064 5720
2064 7813
2070 8727
2079 8416
2081 4092
2089 8466
2089 8645
2098 6223
2102 5686
2114 8515
2122 2645
2122 8425
2123 2645
2123 8494
2124 2868
2124 5265
2124 8543
2142 2674
2148 6280
2148 6619
2156 2762
2156 2767
2156 3745
2156 4187
2156 4488
2156 5471
2156 5550
2156 7266
2156 7359
2156 7917
2156 8482
2156 8497
2156 8720
2158 2472
2158 2692
2158 3787
2158 4280
2158 4380
2158 4419
2158 4765
2158 5551
2158 5682
2158 6549
2158 7181
2158 8260
2158 8558
2158 8564
2158 8665
2158 8686
2177 8589
2180 8029
2180 8441
2192 2645
2192 8615
2197 2767
2197 3745
2197 8460
2199 4216
2199 4981
2199 5493
2199 6419
2199 6843
2199 8425
2199 8466
2199 8515
2199 8676
2204 3984
2204 4731
2204 4761
2204 5891
2223 2767
2223 5859
2223 6160
2223 8484
2235 2762
2235 3405
2235 4671
2235 5699
2235 7525
2235 8487
2243 2767
2243 3322
2243 4839
2243 5119
2243 5615
2243 7093
2243 8432
2243 8439
2243 8474
2243 8543
2243 8645
2243 8658
2245 2970
2255 3484
2255 3951
2255 4157
2255 6744
2256 3984
2256 6280
2256 7841
2256 8717
2280 8197
2282 3030
2282 3648
2286 2956
2292 6280
2292 6385
2313 2767
2313 4822
2313 5023
2313 5362
2313 6413
2313 7976
2313 8416
2313 8433
2313 8562
2313 8572
2313 8614
2313 8700
2313 8713
2319 2845
2319 3856
2319 4419
2319 6467
2319 8688
2324 3169
2324 7710
2324 8433
2324 8716
2326 4338
2326 5065
2326 5102
2326 5493
2326 5699
2389 3169
2389 4419
2389 5553
2396 4216
2405 7186
2405 8429
2406 2472
2412 2603
2412 3158
2412 4171
2412 4216
2412 4419
2412 4964
2412 5065
2412 5844
2412 6867
2412 7236
2412 8472
2428 4507
2428 5237
2437 8505
2456 3759
2456 4419
2463 3030
2463 6419
2463 8151
2472 3377
2472 4092
2472 4419
2472 6088
2472 8513
2472 8532
2482 8689
2512 7857
2512 8197
2521 3745
2522 6280
2522 6385
2522 8416
2526 3405
2526 3950
2526 5366
2529 2767
2529 3030
2529 3313
2529 3415
2529 4680
2529 4858
2529 4949
2529 6280
2529 6435
2529 6817
2529 8221
2529 8225
2529 8367
2529 8447
2529 8468
2529 8491
2534 4771
2534 7987
2562 8681
2583 4507
2583 8439
2583 8448
2583 8466
2589 6618
2594 8681
2598 3843
2598 6618
2598 8712
2599 8613
2600 2603
2603 3030
2603 3405
2603 4171
2603 4216
2603 4419
2603 8182
2603 8197
2606 8439
2613 3865
2627 7236
2627 7268
2627 8463
2627 8624
2640 5720
2645 3024
2645 3165
2645 4419
2645 5373
2645 5468
2645 7855
2645 8197
2645 8260
2649 6779
2650 3204
2650 3545
2650 4280
2650 8131
2660 4181
2660 4641
2660 8266
2660 8367
2660 8550
2668 4771
2668 5553
2668 6692
2668 8197
2669 2795
2669 2888
2669 7856
2669 8578
2670 5720
2674 3049
2674 8490
2691 4839
2691 5615
2691 8110
2692 8477
2694 2919
2694 6570
2694 8497
2694 8632
2718 3158
2718 5599
2739 2762
2739 4117
2739 5237
2739 8586
2756 3313
2756 4641
2756 8225
2756 8416
2762 2868
2762 3075
2762 3238
2762 3392
2762 3613
2762 4092
2762 4117
2762 4216
2762 4489
2762 4656
2762 4839
2762 4949
2762 5615
2762 5720
2762 6373
2762 6413
2762 6683
2762 6779
2762 7034
2762 7708
2762 7743
2762 7816
2762 7927
2762 8015
2762 8197
2762 8221
2762 8228
2762 8466
2762 8484
2762 8488
2762 8534
2762 8581
2762 8616
2762 8621
2762 8641
2762 8653
2762 8656
2762 8727
2767 2868
2767 3417
2767 3988
2767 4028
2767 4050
2767 4181
2767 5065
2767 5130
2767 5471
2767 5616
2767 5720
2767 6203
2767 6373
2767 6779
2767 7186
2767 7201
2767 7538
2767 7841
2767 8159
2767 8320
2767 8344
2767 8367
2767 8433
2767 8441
2767 8444
2767 8448
2767 8457
2767 8459
2767 8464
2767 8543
2767 8550
2767 8706
2767 8715
2767 8717
2773 8556
2789 6470
2789 8297
2795 5471
2795 7658
2795 7856
2795 8260
2820 4600
2820 4910
2820 5720
2821 8591
2845 5679
2845 8567
2845 8638
2860 8384
2868 7521
2868 8679
2888 6570
2888 7186
2919 3745
2919 3799
2919 7067
2919 7726
2919 7944
2919 8159
2919 8492
2919 8580
2943 7398
2943 8615
2954 7838
2954 8515
2954 8524
2956 3313
2956 3405
2956 3984
2956 4507
2956 4600
2956 5382
2956 5616
2956 5844
2956 7710
2956 8673
2970 3745
2970 6498
2970 8630
2970 8666
3000 3377
3001 4088
3023 3313
3023 4641
3023 4949
3023 8468
3026 5652
3029 5933
3030 3166
3030 3592
3030 3951
3030 4031
3030 4465
3030 4879
3030 4910
3030 5844
3030 5938
3030 5966
3030 7658
3030 7926
3030 8085
3030 8197
3030 8411
3030 8440
3030 8542
3030 8568
3030 8609
3030 8729
3041 3592
3057 8440
3062 8684
3065 8433
3065 8482
3071 8197
3078 4949
3088 7869
3088 8662
3088 8664
3093 5306
3093 8093
3107 3166
3107 4358
3107 5553
3107 6569
3107 6654
3110 8052
3111 4403
3122 7969
3122 8617
3122 8672
3125 4080
3154 4187
3155 8225
3155 8732
3155 8733
3158 3203
3158 4400
3158 6220
3158 6448
3158 7236
3166 3865
3166 5141
3166 8411
3166 8440
3166 8722
3166 8729
3171 3487
3171 3649
3171 4382
3171 4656
3171 5008
3171 5065
3171 5427
3171 5615
3171 5912
3171 6280
3171 6654
3171 7034
3171 7290
3171 8429
3171 8440
3171 8465
3171 8546
3171 8608
3171 8609
3171 8714
3180 6498
3184 7813
3195 4746
3195 7942
3204 3745
3204 8587
3238 7841
3239 5592
3239 8454
3239 8459
3239 8495
3281 6289
3283 4380
3307 4656
3307 8620
3313 5089
3313 5801
3313 5956
3313 6817
3313 7709
3313 8589
3322 7174
3325 4031
3325 4708
3325 8197
3355 8524
3377 4688
3377 4787
3377 4882
3377 6708
3377 8197
3377 8551
3388 7083
3405 4787
3405 5125
3405 5305
3405 5362
3405 6570
3405 8551
3405 8638
3405 8673
3417 5034
3453 6779
3453 8151
3457 4746
3457 8713
3458 7359
3458 8562
3485 8630
3487 5065
3487 8429
3487 8524
3487 8608
3488 4746
3490 5853
3501 5362
3505 8626
3515 4680
3515 8332
3515 8367
3515 8686
3528 4199
3528 4641
3528 7236
3545 4523
3545 8061
3545 8119
3545 8499
3545 8537
3545 8543
3564 6619
3592 3865
3592 4419
3592 7699
3592 8197
3592 8346
3613 5592
3613 6779
3613 8197
3613 8708
3636 5237
3636 5616
3636 6779
3636 8583
3636 8639
3646 6280
3646 8503
3648 8626
3673 3843
3673 4358
3673 6373
3676 5278
3676 6619
3676 8659
3717 6448
3727 6280
3727 6385
3727 6429
3727 6939
3727 8384
3745 3856
3745 3984
3745 4171
3745 5263
3745 6498
3745 6618
3745 7067
3745 7334
3745 7468
3745 8054
3745 8228
3745 8440
3745 8491
3745 8497
3745 8502
3745 8503
3745 8577
3745 8675
3784 3984
3784 8159
3787 4171
3787 5616
3787 6280
3787 7266
3787 8608
3800 4536
3843 5065
3843 6373
3856 5857
3865 4910
3865 5682
3865 5938
3865 6267
3865 7714
3865 8297
3865 8444
3865 8728
3900 4031
3900 4038
3900 5501
3900 8594
3907 4591
3925 4971
3925 8183
3945 8563
3950 5305
3951 4419
3967 3984
3967 8560
3969 6686
3973 4949
3975 8260
3975 8685
3979 8576
3980 4656
3980 7034
3984 4171
3984 4339
3984 4746
3984 4949
3984 5265
3984 5652
3984 5681
3984 6867
3984 6942
3984 7041
3984 7434
3984 7993
3984 8080
3984 8284
3984 8477
3984 8531
3984 8567
3984 8624
3984 8695
3984 8699
4011 8519
4011 8616
4011 8717
4031 4632
4031 4910
4031 6002
4031 6619
4031 7841
4031 8411
4031 8556
4031 8675
4038 4419
4038 8333
4040 4600
4050 8603
4059 7148
4064 6939
4067 8458
4080 7399
4080 8440
4080 8462
4090 8119
4090 8667
4090 8711
4092 4746
4092 5592
4092 5616
4092 6018
4092 6576
4092 7034
4092 7652
4092 7742
4092 8432
4092 8478
4092 8484
4092 8491
4092 8495
4092 8525
4092 8558
4092 8577
4092 8662
4092 8724
4117 4216
4117 4339
4117 5125
4117 5237
4117 5382
4117 5921
4117 6990
4117 7032
4117 7266
4117 8471
4117 8497
4117 8532
4117 8587
4117 8595
4117 8675
4131 6160
4171 4317
4171 4536
4171 4746
4171 7839
4171 7944
4171 8197
4171 8644
4181 8550
4187 4414
4187 4656
4187 5100
4187 5265
4187 5592
4187 6125
4187 6448
4187 7032
4187 7081
4187 7093
4187 7869
4187 7970
4187 8418
4187 8477
4187 8662
4187 8695
4187 8703
4187 8713
4190 7709
4199 7236
4199 7939
4216 4949
4216 5367
4216 5551
4216 7604
4226 5065
4280 4600
4280 4910
4280 6280
4280 6945
4280 8542
4309 7236
4317 8550
4317 8640
4332 6220
4339 5362
4339 6203
4358 8014
4382 4746
4382 5329
4382 7093
4382 7970
4403 5592
4403 7801
4403 8448
4403 8649
4414 4746
4414 6203
4414 6738
4414 8077
4419 4882
4419 5100
4419 5596
4419 5699
4419 6064
4419 6419
4419 6570
4419 6744
4419 7699
4419 8197
4419 8489
4419 8513
4419 8530
4419 8547
4425 8608
4448 8494
4465 4641
4465 8411
4467 6280
4467 8452
4467 8461
4488 4949
4488 5720
4488 6738
4507 6779
4507 8482
4507 8484
4523 4841
4523 8440
4536 4761
4536 5065
4536 7181
4536 8608
4545 8409
4545 8584
4561 8484
4591 8470
4600 6618
4605 8613
4615 5468
4632 5400
4632 5550
4632 7335
4632 8260
4632 8462
4632 8615
4634 6498
4634 8604
4634 8655
4634 8666
4641 6817
4641 7236
4641 7658
4641 8282
4641 8411
4641 8440
4641 8567
4641 8568
4641 8573
4647 8638
4656 6613
4656 7034
4656 8582
4656 8620
4667 5065
4680 5891
4680 7186
4680 8225
4688 5616
4693 5487
4702 7714
4702 8603
4703 8683
4731 5553
4731 8644
4731 8663
4746 5036
4746 5065
4746 5720
4746 6448
4746 6738
4746 8151
4746 8416
4746 8442
4746 8651
4746 8661
4761 6619
4765 8567
4771 4949
4771 5553
4771 5891
4783 7926
4783 8706
4787 4882
4787 7855
4807 5366
4807 5367
4822 5844
4839 6470
4839 8439
4855 5938
4858 5089
4860 8440
4862 7109
4866 6021
4879 8600
4882 6121
4882 6708
4882 8445
4882 8716
4904 5362
4904 6448
4904 6779
4904 6990
4904 8596
4904 8717
4908 5215
4908 6779
4908 8471
4910 5005
4910 6280
4910 7708
4910 8440
4910 8444
4949 5720
4949 6779
4949 6817
4949 7290
4949 7993
4949 8159
4949 8197
4949 8595
4949 8598
4964 8399
4964 8643
4981 5267
4997 6619
5006 5616
5008 5912
5008 6142
5018 8635
5023 7976
5036 6448
5041 8367
5041 8487
5062 8197
5065 5471
5065 5720
5065 6360
5065 6385
5065 6448
5065 7032
5065 7081
5065 7093
5065 7290
5065 7359
5065 7708
5065 7813
5065 7838
5065 7869
5065 7969
5065 7970
5065 8015
5065 8018
5065 8221
5065 8333
5065 8408
5065 8440
5065 8455
5065 8459
5065 8461
5065 8466
5065 8477
5065 8483
5065 8520
5065 8526
5065 8538
5065 8550
5065 8602
5065 8604
5065 8608
5065 8609
5065 8612
5065 8621
5065 8645
5065 8648
5065 8652
5065 8653
5065 8669
5065 8675
5065 8706
5065 8709
5065 8715
5065 8731
5066 8386
5066 8460
5089 6817
5104 6373
5119 7970
5119 8472
5125 8197
5127 7658
5130 5831
5141 8462
5174 5553
5179 8497
5215 6779
5215 8471
5237 6413
5237 8093
5237 8197
5265 5615
5267 8380
5306 8715
5329 8333
5329 8602
5329 8619
5352 8671
5362 6413
5362 7463
5362 7993
5362 8433
5362 8451
5362 8614
5362 8692
5366 8514
5367 5699
5367 8605
5373 7855
5373 8564
5382 8655
5415 7093
5415 7186
5415 8624
5427 8584
5440 8509
5440 8541
5441 8613
5468 8626
5468 8706
5472 8528
5487 7534
5487 7792
5487 8380
5487 8522
5493 8448
5498 8587
5501 5891
5501 8630
5505 6987
5550 8486
5551 6769
5553 5967
5553 7947
5560 5574
5560 7266
5615 6576
5615 6686
5616 5720
5616 7194
5616 7754
5616 7855
5616 7987
5616 8483
5616 8555
5616 8577
5616 8730
5652 6569
5681 8342
5682 8508
5682 8696
5699 8260
5699 8700
5720 6223
5720 6413
5720 7359
5720 7468
5720 8159
5720 8367
5720 8444
5720 8484
5720 8508
5720 8510
5720 8535
5720 8562
5720 8607
5720 8710
5720 8717
5720 8720
5720 8723
5816 8498
5828 6978
5828 8535
5831 8507
5844 7710
5844 8541
5844 8701
5857 8562
5859 8463
5864 7471
5933 8416
5933 8545
5938 5966
5966 8556
5967 7236
5967 7658
5996 7969
6010 6654
6010 6942
6010 7190
6010 8467
6018 6576
6059 8579
6064 7335
6064 8462
6064 8471
6064 8533
6125 8434
6125 8484
6160 6945
6203 7869
6203 8474
6203 8477
6203 8525
6203 8543
6203 8552
6203 8571
6220 7007
6220 8646
6223 8197
6280 6385
6280 6619
6280 6817
6280 7952
6280 8197
6280 8554
6280 8582
6280 8597
6280 8686
6290 6373
6310 8643
6319 8225
6319 8475
6349 8478
6353 8737
6373 7533
6373 8457
6373 8464
6385 8720
6413 8562
6419 8510
6448 7463
6448 8480
6448 8640
6467 8626
6467 8688
6470 8297
6470 8558
6498 6842
6498 7666
6498 7856
6498 8018
6498 8367
6498 8388
6498 8606
6570 7855
6576 6779
6582 8110
6619 6939
6619 7093
6619 7266
6619 7534
6619 7792
6619 7972
6619 8226
6619 8400
6619 8440
6619 8480
6619 8524
6619 8656
6619 8682
6619 8691
6619 8696
6692 8397
6692 8429
6692 8539
6692 8569
6708 7611
6708 8413
6738 7109
6738 8273
6738 8497
6779 7266
6779 7468
6779 7652
6779 8197
6779 8297
6779 8344
6779 8433
6779 8466
6779 8471
6779 8484
6779 8490
6779 8504
6779 8516
6779 8520
6779 8526
6779 8529
6779 8536
6779 8622
6779 8639
6779 8652
6779 8717
6816 8570
6839 8687
6867 8512
6916 8617
6916 8696
7034 7089
7034 7266
7034 7708
7034 8481
7034 8484
7034 8558
7034 8577
7034 8608
7034 8713
7034 8724
7093 7792
7096 8411
7096 8615
7109 8159
7119 8540
7128 8182
7186 8515
7190 7252
7190 8297
7190 8384
7236 8657
7238 8588
7266 8569
7266 8694
7290 8486
7290 8515
7290 8535
7307 8691
7334 8475
7378 8459
7398 7838
7398 8494
7398 8734
7533 8408
7538 8484
7546 8197
7546 8537
7637 8655
7652 8364
7658 8197
7658 8260
7708 8608
7760 8566
7760 8585
7792 8567
7792 8610
7792 8691
7855 8260
7855 8705
7855 8716
7871 8735
7903 8512
7969 8297
7984 8567
7993 8197
7993 8428
8018 8484
8067 8297
8067 8559
8077 8529
8077 8695
8093 8367
8093 8449
8093 8453
8093 8559
8093 8613
8119 8297
8119 8562
8131 8565
8143 8159
8151 8346
8151 8408
8159 8367
8159 8454
8159 8525
8182 8435
8197 8408
8197 8480
8197 8481
8197 8533
8197 8534
8197 8571
8197 8622
8197 8638
8197 8684
8197 8710
8225 8367
8225 8449
8225 8453
8225 8475
8259 8698
8259 8704
8297 8576
8297 8599
8297 8622
8297 8634
8297 8729
8308 8707
8323 8548
8340 8382
8364 8477
8364 8484
8367 8453
8371 8676
8409 8589
8411 8446
8411 8574
8413 8721
8416 8471
8416 8688
8433 8693
8435 8688
8437 8438
8437 8440
8481 8484
8483 8493
8494 8521
8515 8555
8515 8608
8515 8609
8515 8615
8520 8536
8526 8655
8535 8568
8558 8561
8567 8568
8567 8611
8567 8688
8589 8590
8614 8692
8621 8622
8626 8671
8627 8628
8628 8629
8630 8713
8645 8660
8651 8661
8658 8677
8685 8690
