0 1264
0 2292
0 2669
0 3676
0 5468
0 10562
0 11025
0 11050
7 444
7 572
8 5272
14 41
14 455
14 691
14 904
14 1413
14 1636
14 7143
14 10878
17 1255
19 762
19 8298
19 9832
19 10489
26 891
26 2696
26 4746
26 7084
29 158
29 4771
29 8197
29 9809
36 70
36 4157
37 158
37 4746
37 10465
38 7097
39 1369
41 158
41 444
41 1977
41 2512
41 2529
41 4731
41 5199
41 5864
41 9472
41 10645
41 10776
41 10905
41 10985
41 11014
42 258
42 636
42 762
42 823
42 837
42 839
42 1057
42 1255
42 1359
42 2297
42 2307
42 2412
42 2581
42 2733
42 2820
42 2821
42 2970
42 3049
42 3676
42 3865
42 3984
42 4092
42 5065
42 5102
42 8197
42 8526
42 8615
42 9458
42 9942
42 11002
42 11066
43 108
43 110
43 119
43 153
43 158
43 201
43 572
43 577
43 1179
43 1255
43 1831
43 2062
43 2650
43 2868
43 3177
43 3330
43 3676
43 4117
43 4493
43 4746
43 4860
43 4949
43 8197
43 8298
43 9124
43 9264
43 9649
43 10166
43 10211
43 10424
43 10873
43 10879
43 10895
43 10941
43 10967
43 10968
43 10986
43 11039
43 11077
43 11091
43 11115
46 434
46 572
46 1255
46 1365
46 2956
46 4949
46 5366
46 8272
46 9469
48 10934
51 5720
56 9483
59 613
61 2453
70 1786
70 2930
70 3030
70 5550
70 9444
70 10166
70 10211
73 570
73 1302
73 1786
73 2062
73 2845
73 6982
73 8298
73 9449
73 9888
75 1170
75 1925
75 4696
75 5362
75 5599
75 6945
75 8144
75 11055
76 568
76 572
76 725
76 1170
76 1255
76 1786
76 2307
76 3676
76 4546
76 4632
76 5052
76 5493
76 5816
76 5864
76 6708
76 6982
76 8197
76 8272
76 8291
76 8298
76 8386
76 8671
76 9120
76 9829
76 9961
76 10211
76 10416
76 10706
76 10831
76 10843
76 10882
76 10883
76 10908
76 10922
76 10925
76 11020
76 11134
77 153
77 258
77 2961
79 546
79 4465
80 11098
83 4746
83 9469
88 2650
88 8917
89 8298
90 1742
94 5363
94 7391
94 8131
94 9766
94 10465
95 577
95 2762
95 4949
95 9264
95 11068
96 97
96 110
96 172
96 636
96 762
96 2118
96 2650
96 3030
96 4000
96 5141
96 9335
96 9977
96 10429
97 637
97 4632
97 4771
97 4783
97 8298
97 9977
97 10780
100 11010
103 1972
103 8917
103 10883
108 1179
108 2650
108 5550
108 9004
108 9860
110 634
110 1255
110 1264
110 1369
110 1372
110 1917
110 2111
110 2255
110 2295
110 2319
110 2453
110 3125
110 3484
110 3528
110 4445
110 4696
110 6708
110 7128
110 8197
110 8970
110 9458
110 9610
110 10450
110 10830
110 10864
110 11004
110 11005
110 11049
110 11053
110 11110
110 11145
119 1521
119 2809
119 6203
119 9124
119 11041
119 11043
120 3361
120 4746
122 659
131 5550
131 7391
131 8144
134 636
134 4949
134 6362
134 9285
135 2730
137 2529
137 6779
140 2453
140 4746
140 4949
140 9323
141 9124
141 10907
151 407
151 1106
153 158
153 506
153 682
153 1576
153 1704
153 2821
153 2845
153 3313
153 3341
153 3856
153 4117
153 4746
153 4949
153 5199
153 5267
153 5363
153 5864
153 6678
153 8119
153 8281
153 9120
153 9469
153 10166
153 10416
153 10871
153 10937
153 10944
153 11011
153 11020
153 11129
154 1365
154 9299
154 9483
157 1244
157 10910
158 406
158 432
158 762
158 904
158 1244
158 1361
158 1972
158 2223
158 2592
158 2845
158 3160
158 3984
158 4117
158 4493
158 4546
158 4746
158 4749
158 4949
158 5065
158 7084
158 7156
158 7290
158 7443
158 7952
158 8131
158 8298
158 8671
158 9469
158 9722
158 9911
158 9942
158 10003
158 10236
158 10416
158 10707
158 10870
158 10879
158 10880
158 10883
158 10889
158 10890
158 10893
158 10908
158 10932
158 10949
158 10965
158 10986
158 11009
158 11011
158 11025
158 11095
162 7851
172 8144
172 9954
174 6618
175 2319
190 946
190 1298
190 1917
190 3195
190 7027
190 7658
195 4230
195 10558
196 478
196 545
196 2323
196 5065
196 6332
196 6650
196 7290
196 7515
196 8140
196 9469
196 9649
196 9789
196 10846
196 10965
196 11015
196 11054
196 11072
196 11127
199 5699
201 374
226 637
226 2650
236 2845
236 4746
236 6945
236 9649
236 9954
236 10166
240 572
240 5141
246 572
247 1298
253 3254
253 5785
253 6373
253 6467
253 9469
258 298
258 447
258 803
258 904
258 1115
258 1576
258 2650
258 2762
258 4117
258 4746
258 5052
258 5479
258 5625
258 5747
258 6203
258 7281
258 7329
258 7674
258 8297
258 9264
258 9323
258 9469
258 9536
258 11007
261 8291
267 6522
273 2756
284 6203
286 8917
287 11050
297 6640
297 8140
297 10886
297 11112
298 1256
298 2821
298 3882
298 5900
302 1144
302 3072
302 6618
302 8272
302 11067
302 11076
304 4949
311 1115
311 1361
311 7156
311 7952
311 10949
315 7391
318 6062
318 6498
338 2284
339 11066
351 3125
354 5031
354 8363
358 10206
370 10706
374 2767
374 9548
374 10755
374 11117
383 1361
383 4140
383 9722
385 6984
388 9469
403 1255
403 1369
403 2845
403 3624
403 5828
403 6498
403 10164
407 610
407 1106
407 1361
407 1540
407 3072
407 4090
407 4136
407 9152
407 11104
407 11135
410 10948
412 610
412 7924
412 10905
423 9483
432 8724
433 8363
434 2453
434 3107
434 4949
434 6965
434 6982
434 9722
434 10880
436 2650
436 8363
442 1268
442 3501
442 4117
442 4632
442 5007
442 5616
442 9469
442 10989
444 577
444 1365
444 2156
444 4523
444 4949
444 5468
444 6945
444 7515
449 1369
449 4216
449 9958
451 6618
451 8758
451 9285
453 1702
455 917
455 1359
455 7515
455 8901
455 9469
455 10236
455 11121
461 8601
461 10883
478 1972
503 762
503 1413
509 10872
510 1694
511 4771
528 4949
528 5493
528 6435
528 8006
528 9483
528 9697
528 10894
528 10916
528 10933
528 10969
528 10979
528 11045
531 3254
531 9469
531 9540
532 4949
539 1925
539 2255
539 4632
539 4731
545 5363
545 10822
546 573
546 659
546 1057
546 2307
546 3984
546 4783
546 5704
546 6332
546 7290
546 7534
546 8197
546 8212
546 10861
556 4746
556 4839
556 8738
556 10892
556 11087
563 7708
568 1255
568 4731
568 4746
568 4771
568 6945
568 8197
568 8467
568 9285
568 9335
568 10831
568 10986
568 11000
568 11027
570 1255
570 4746
572 729
572 891
572 1206
572 1242
572 1268
572 1540
572 2019
572 2255
572 2418
572 2428
572 2783
572 3254
572 3515
572 4632
572 5599
572 6618
572 7236
572 7290
572 7924
572 8272
572 8724
572 9323
573 582
573 1854
573 1877
573 1917
573 3313
573 3484
573 4589
573 4783
573 5857
573 8197
573 9610
573 10206
573 10977
573 11051
573 11070
577 610
577 839
577 904
577 1122
577 1198
577 1702
577 1839
577 2540
577 2650
577 2762
577 3107
577 3785
577 4910
577 4949
577 5036
577 5065
577 5550
577 6189
577 8297
577 8565
577 9246
577 9323
577 9444
577 10831
577 10905
577 10993
577 11013
577 11030
577 11110
577 11115
580 7924
599 10955
604 1361
610 703
610 1057
610 2541
610 2762
610 2845
610 2930
610 4126
610 4839
610 4949
610 7003
610 7190
610 7708
610 8147
610 9120
610 9285
610 9469
610 9474
610 9958
610 10465
610 10905
610 10960
610 11001
610 11048
610 11110
613 8626
613 8724
613 10938
613 11124
618 904
618 1773
618 2599
618 2816
618 5363
618 9124
618 9323
618 9444
618 9469
618 9911
618 10354
618 10831
618 10883
618 11093
620 9010
621 1413
621 2540
621 2816
621 5550
621 6517
621 8131
621 9000
621 9860
621 10966
621 11040
633 967
633 3107
633 9241
633 10166
633 11064
633 11072
634 875
634 1255
636 729
636 762
636 852
636 881
636 1282
636 1877
636 2820
636 3171
636 3254
636 3984
636 4117
636 4632
636 4746
636 4749
636 4949
636 5065
636 5362
636 5363
636 5616
636 5720
636 6618
636 6779
636 7329
636 9469
636 10299
636 10871
636 10967
637 1057
637 4632
637 5012
637 6429
637 7266
637 9010
641 1831
641 5065
641 10882
656 10865
659 1144
659 4092
659 5065
659 5550
659 7290
659 7391
659 8197
659 8257
659 10347
659 10858
669 736
669 1774
673 3072
682 11067
685 11140
703 3322
703 10866
712 9323
725 2529
725 4744
725 6982
729 762
729 1255
729 1540
729 2888
729 2930
729 4585
729 4632
729 4862
729 5036
729 8121
729 8297
729 9152
729 10211
729 10960
729 11066
733 9444
736 2453
736 8596
736 9851
736 11125
760 1361
762 1256
762 1845
762 2453
762 2599
762 2650
762 2756
762 2816
762 2845
762 2956
762 3177
762 3313
762 3882
762 4037
762 4478
762 4746
762 5141
762 5550
762 5857
762 6467
762 6810
762 6982
762 7710
762 7946
762 8197
762 8526
762 9000
762 9425
762 9829
762 10952
762 10957
762 10967
762 10989
773 7397
773 9766
774 1812
774 4092
774 11098
775 1365
796 5065
803 3065
803 4949
817 4949
821 4216
821 11134
826 1242
837 1917
837 2599
837 2621
837 2692
837 3072
837 3683
837 3887
837 4031
837 4117
837 4746
837 4949
837 5720
837 5859
837 5966
837 6332
837 8197
837 8484
837 10040
837 10781
837 10887
837 10952
839 921
839 1057
839 1255
839 2126
839 4632
839 5550
839 10878
839 11054
846 3377
846 3484
852 904
852 1177
852 1255
852 1774
852 2529
852 2756
852 2845
852 3313
852 4488
852 4680
852 4771
852 5720
852 6800
852 6982
852 7364
852 8119
852 8298
852 8510
852 9264
852 9292
852 9431
852 9936
852 10465
852 10871
852 10927
852 10939
852 10962
852 10977
852 10980
852 10990
852 10999
852 11033
852 11044
852 11138
859 2019
859 6490
875 10930
881 1576
881 1636
881 1940
881 2956
881 3224
881 4708
881 4949
881 6779
881 8724
883 9483
891 1917
891 2412
891 10967
892 1361
892 5065
895 1854
895 2307
895 4964
895 8197
895 10166
895 10801
895 10860
895 10908
895 10930
895 10957
895 11050
897 2528
897 8298
898 1361
898 3171
898 4092
898 6596
904 1255
904 1773
904 1972
904 2389
904 4746
904 4949
904 5363
904 7391
904 8565
905 2650
905 9851
921 1255
921 1917
921 3484
921 3543
928 8121
938 8364
946 2845
946 3528
948 5828
963 1413
967 993
967 4746
967 5720
993 2234
993 5141
993 5267
993 5366
993 9152
993 9323
993 11141
1002 1704
1002 2412
1002 3049
1002 3984
1002 4589
1002 4746
1002 5498
1002 7290
1002 9285
1002 9900
1002 10882
1002 11008
1006 9942
1007 2493
1011 1786
1036 5550
1036 6945
1041 10882
1057 1333
1057 1877
1057 3984
1057 5366
1057 5816
1057 7266
1057 7534
1057 10653
1057 10869
1057 10991
1058 2307
1058 4582
1070 1365
1106 1704
1106 2307
1106 2453
1106 2619
1106 6429
1106 10040
1106 10465
1106 10883
1106 11073
1115 9330
1115 9427
1115 9469
1115 10883
1115 10949
1115 11025
1115 11078
1122 1361
1122 2522
1122 4746
1122 7119
1122 7290
1140 1576
1140 5157
1140 9323
1140 11020
1144 5479
1144 9469
1144 10645
1148 5065
1170 1268
1170 1563
1177 3636
1177 5720
1177 8197
1179 1521
1179 4746
1179 5550
1198 2284
1198 4242
1198 6810
1198 8197
1198 9722
1206 5471
1209 4778
1209 5065
1209 8197
1228 10040
1242 1268
1242 1540
1242 3254
1242 4632
1242 5362
1242 6189
1242 6300
1242 7097
1242 8272
1244 9483
1244 10040
1247 9336
1251 2888
1255 1787
1255 1792
1255 1972
1255 2062
1255 2529
1255 2650
1255 2816
1255 2845
1255 3484
1255 3676
1255 3727
1255 3887
1255 3900
1255 3984
1255 4117
1255 4333
1255 4523
1255 4632
1255 4771
1255 5102
1255 5141
1255 5305
1255 5468
1255 6429
1255 6982
1255 7290
1255 7335
1255 7710
1255 7855
1255 7947
1255 8197
1255 8272
1255 9803
1255 10206
1255 10211
1255 10416
1255 10773
1255 10883
1255 10896
1255 10917
1255 11004
1255 11145
1256 2529
1256 2845
1256 3313
1256 3693
1256 3707
1256 5065
1256 6817
1256 6982
1256 8510
1256 10068
1256 10416
1256 10707
1256 10801
1256 10877
1256 10939
1256 10980
1256 11100
1264 5031
1264 8197
1268 1369
1268 1925
1268 3361
1268 4731
1268 5744
1268 5816
1268 6467
1268 8131
1268 10904
1268 11091
1268 11093
1268 11094
1268 11096
1281 3984
1281 8197
1281 9130
1281 10745
1281 11052
1282 7743
1282 10866
1295 3380
1295 4117
1295 6779
1298 1818
1298 2053
1321 2599
1321 3072
1321 3947
1321 9562
1321 10829
1321 10937
1333 4866
1333 9536
1333 10465
1333 11020
1333 11065
1334 9562
1335 2599
1335 5141
1335 5550
1335 8272
1335 10956
1336 9562
1344 10930
1352 11028
1359 1540
1359 2355
1359 2825
1359 2961
1359 4216
1359 4839
1359 5362
1359 6203
1359 7515
1359 9900
1359 10847
1359 10866
1359 10992
1361 1576
1361 1636
1361 2762
1361 4746
1361 4949
1361 5065
1361 5366
1361 7119
1361 7156
1361 7216
1361 7647
1361 7877
1361 7952
1361 8526
1361 8738
1361 9697
1361 10738
1361 10831
1361 10850
1361 10878
1361 10885
1361 10893
1361 10901
1361 10922
1361 10932
1361 10943
1361 10950
1361 10953
1361 10987
1361 11018
1361 11031
1361 11098
1361 11119
1361 11133
1361 11151
1365 1576
1365 2428
1365 2756
1365 3313
1365 3415
1365 3984
1365 4187
1365 4589
1365 4746
1365 4949
1365 5065
1365 5720
1365 6800
1365 6945
1365 7034
1365 7290
1365 8197
1365 8298
1365 9469
1365 10991
1369 2326
1369 2412
1369 2437
1369 3330
1369 3405
1369 3975
1369 4117
1369 5366
1369 7855
1369 8197
1369 10967
1369 11094
1372 2389
1372 5828
1392 9152
1392 9832
1392 10592
1395 11014
1413 2412
1413 8484
1426 5265
1426 10347
1456 5141
1459 1787
1459 2156
1459 6203
1459 9158
1465 11107
1470 1604
1470 4309
1470 5331
1470 10568
1517 10855
1517 10988
1521 5550
1521 8914
1521 9829
1540 5599
1540 9124
1561 5652
1561 5683
1563 2650
1563 6306
1563 6945
1576 1636
1576 2762
1576 2919
1576 3171
1576 4092
1576 4589
1576 4949
1576 5306
1576 5427
1576 6189
1576 6203
1576 6982
1576 8119
1576 8197
1576 8724
1576 10440
1576 10738
1576 10821
1576 10866
1576 10897
1576 10943
1576 10951
1576 11045
1576 11099
1576 11108
1576 11118
1588 6203
1593 10429
1604 2767
1604 6203
1604 10347
1606 8601
1612 7290
1612 9323
1622 10841
1622 10966
1625 10967
1636 1861
1636 2314
1636 2739
1636 3313
1636 3717
1636 4117
1636 4507
1636 4924
1636 5065
1636 5362
1636 5493
1636 5616
1636 6203
1636 6279
1636 6619
1636 6817
1636 7290
1636 7396
1636 8119
1636 9264
1636 9722
1636 10799
1636 10866
1636 10893
1636 10921
1636 10933
1636 10953
1636 11026
1636 11118
1644 3072
1644 3947
1644 4746
1644 10166
1658 4746
1680 8379
1687 2314
1687 11023
1694 1794
1694 3171
1694 4536
1704 10166
1709 3041
1709 4763
1709 8634
1724 1818
1732 6332
1737 2943
1737 6916
1737 10912
1742 2118
1742 2297
1742 6498
1742 7084
1742 8363
1745 4366
1745 4746
1755 2019
1763 4138
1763 10822
1763 10846
1763 10916
1763 11045
1774 6498
1777 3737
1777 9323
1777 10733
1779 5816
1779 6942
1786 1818
1786 2102
1786 2126
1786 3265
1786 4390
1786 4746
1786 6400
1786 8297
1786 8298
1786 9335
1786 9502
1786 10831
1786 10865
1786 10966
1786 10989
1786 11143
1786 11148
1787 2845
1787 6203
1787 9483
1787 10166
1787 10918
1787 10943
1788 2118
1788 3727
1808 2512
1812 3984
1812 8939
1812 10889
1812 10981
1818 1917
1818 3984
1818 6471
1818 8298
1818 10959
1824 2970
1824 4746
1824 5366
1824 5966
1824 9911
1831 6435
1845 2529
1845 2692
1845 10465
1845 10495
1861 5560
1877 2820
1877 8164
1877 8298
1877 9458
1877 10846
1877 10925
1877 10931
1877 10967
1877 11054
1879 2126
1879 10633
1879 10855
1917 2192
1917 2307
1917 2730
1917 3166
1917 3265
1917 3361
1917 4397
1917 5031
1917 6429
1917 6596
1917 6708
1917 7027
1917 8197
1917 8298
1917 8615
1917 8912
1917 9536
1917 10841
1917 10865
1917 11000
1917 11053
1917 11066
1917 11073
1917 11075
1917 11094
1917 11134
1921 3049
1925 4216
1925 5599
1925 10496
1925 10967
1939 4839
1940 7290
1940 9158
1941 4746
1958 8565
1960 4839
1960 11059
1972 2428
1972 5141
1972 7290
1972 8467
1972 9323
1972 10884
1974 8955
1977 4949
1977 10909
2003 2692
2019 3975
2019 5272
2019 6490
2019 9961
2019 10941
2023 4731
2053 9896
2062 2650
2062 9888
2062 10968
2086 10847
2086 10995
2089 8257
2111 7391
2111 8197
2111 9444
2118 5141
2118 8363
2118 10856
2122 10416
2123 2418
2126 2192
2126 10633
2126 10865
2128 10960
2136 11128
2140 10166
2149 4370
2156 2762
2156 3438
2156 4949
2156 5065
2156 7744
2156 8298
2156 9483
2158 4727
2165 9715
2192 6708
2192 9660
2192 10855
2192 10865
2197 2762
2204 4731
2204 6306
2223 2512
2223 7290
2223 8364
2223 11017
2223 11077
2234 10967
2243 9241
2245 5363
2245 10299
2248 11011
2255 3484
2255 3676
2255 9469
2255 10633
2255 10846
2255 10931
2256 4746
2256 4949
2256 5220
2256 9905
2284 6945
2284 10884
2306 9241
2307 2930
2307 4632
2307 4731
2307 5816
2307 6708
2307 10908
2307 10910
2307 11066
2307 11073
2313 5493
2314 2820
2324 5065
2324 7281
2324 8197
2326 11094
2333 10864
2333 10967
2340 11003
2355 4746
2355 5859
2360 8467
2389 3856
2389 5305
2389 7290
2389 7335
2389 7982
2389 8298
2389 10278
2389 11144
2397 9562
2412 6945
2418 3543
2418 4370
2418 7658
2422 4696
2428 2512
2428 2621
2428 2762
2428 4949
2428 6618
2428 6916
2428 7290
2428 7674
2453 3171
2455 11014
2472 5948
2472 10558
2499 6203
2512 10592
2512 11014
2529 2845
2529 3313
2529 3314
2529 3707
2529 4949
2529 5012
2529 6817
2529 6982
2529 7364
2529 8119
2529 8197
2529 8212
2529 10416
2529 10859
2529 10893
2529 10894
2529 10920
2529 10939
2529 10944
2529 10959
2529 11033
2529 11034
2529 11056
2534 10821
2562 10830
2592 4493
2592 7290
2592 8580
2592 11027
2599 9124
2619 7982
2619 8197
2619 10773
2619 10860
2619 11023
2621 4746
2621 8484
2621 10040
2627 2762
2627 4731
2627 10831
2650 2739
2650 2820
2650 2930
2650 3171
2650 4746
2650 4949
2650 5036
2650 5141
2650 5363
2650 6945
2650 7397
2650 7708
2650 8197
2650 9000
2650 9323
2650 9671
2650 9851
2650 10858
2650 10884
2650 10893
2650 10904
2650 10910
2650 11066
2660 10416
2669 10206
2674 6945
2674 9942
2692 3683
2692 4126
2692 4746
2692 5347
2692 10916
2694 4419
2694 5596
2730 8615
2733 7696
2739 4117
2739 4507
2739 4949
2739 5065
2739 5097
2739 9204
2756 3313
2756 7034
2756 10920
2756 10984
2756 11100
2762 2868
2762 3636
2762 3947
2762 3984
2762 4092
2762 4117
2762 4489
2762 4746
2762 4749
2762 4949
2762 5065
2762 5141
2762 5331
2762 5363
2762 5375
2762 5468
2762 5682
2762 5785
2762 6582
2762 6624
2762 6625
2762 6779
2762 7034
2762 7119
2762 7391
2762 7471
2762 7593
2762 7674
2762 8298
2762 8912
2762 9308
2762 9323
2762 9605
2762 9958
2762 10166
2762 10465
2762 10495
2762 10831
2762 10889
2762 10911
2762 10948
2762 11011
2762 11039
2762 11062
2762 11149
2767 3984
2767 4746
2767 4910
2767 5144
2767 5864
2767 6203
2767 8212
2767 8671
2767 9120
2767 9882
2767 10416
2767 10871
2767 10926
2767 10937
2767 11018
2767 11035
2767 11057
2767 11136
2771 10846
2775 9510
2784 10429
2804 6625
2809 5363
2809 10889
2816 2821
2816 3171
2816 6517
2816 8272
2816 9246
2816 10855
2816 10995
2820 9469
2820 10967
2820 10997
2821 3727
2821 5415
2821 6160
2821 7944
2821 8272
2825 2956
2825 4216
2825 4949
2825 6779
2839 10801
2845 3707
2845 3887
2845 5828
2845 6817
2845 6982
2845 7290
2845 8197
2845 10801
2845 10983
2868 4949
2868 5560
2868 9124
2868 11069
2885 4216
2919 4949
2930 4135
2930 6965
2930 7190
2930 8297
2930 8298
2930 9469
2930 9832
2930 10272
2930 10759
2930 10776
2930 11037
2934 4493
2934 8580
2934 10854
2943 10982
2956 3975
2956 3984
2956 4632
2956 4727
2956 4746
2956 5305
2956 5363
2956 8981
2956 9323
2956 9469
2956 9896
2956 10799
2956 10866
2956 10967
2956 11063
2957 10755
2970 5366
2970 10166
3013 6982
3023 3573
3023 6817
3023 10813
3023 11100
3024 4031
3026 3072
3030 3171
3030 5141
3030 7391
3030 7708
3030 8144
3030 8282
3030 8626
3030 10465
3030 10801
3041 9469
3041 10998
3049 3405
3065 9789
3067 10866
3072 3745
3072 4153
3072 4187
3072 4746
3072 5065
3072 8137
3072 9483
3072 10781
3072 10887
3072 10943
3076 4138
3086 5065
3107 5616
3107 6373
3107 10910
3116 6779
3122 10040
3125 4419
3125 8197
3158 10858
3160 7391
3171 5306
3171 6596
3171 7534
3171 8197
3171 9911
3171 9948
3171 9985
3171 10344
3171 10841
3171 10879
3171 10893
3171 10897
3171 10945
3171 11024
3171 11093
3171 11125
3171 11148
3195 4746
3195 7084
3195 7658
3195 10858
3195 10968
3195 11066
3206 8615
3254 9483
3265 7119
3307 6810
3313 3515
3313 4746
3313 4949
3313 6817
3313 6982
3313 7624
3313 8119
3313 10871
3313 10883
3313 10977
3322 7443
3322 9832
3322 10525
3322 11112
3322 11113
3329 4949
3329 10166
3329 10272
3330 3405
3341 9469
3361 3676
3361 6942
3364 8234
3377 9610
3380 3717
3380 7329
3380 9425
3405 4546
3405 5065
3405 10087
3405 10558
3405 10830
3405 11110
3409 4390
3409 5747
3414 8974
3415 4746
3458 6982
3458 9936
3458 10939
3484 4157
3484 8197
3487 9948
3501 4585
3528 3575
3528 8197
3528 10450
3543 9610
3545 5479
3545 10822
3573 10937
3574 10938
3575 4031
3575 9323
3578 4949
3579 9570
3624 10934
3626 4397
3673 9649
3676 3975
3676 4771
3676 5278
3676 5415
3676 7658
3676 8085
3676 8197
3676 9285
3693 10891
3707 6982
3707 8131
3707 9431
3707 10859
3707 10977
3707 11081
3712 11047
3727 4092
3727 4632
3727 6517
3727 9444
3727 9911
3727 10801
3727 10908
3745 11037
3756 4632
3756 9335
3787 4731
3787 5816
3804 10935
3843 9323
3856 8131
3856 10347
3856 10583
3882 11087
3887 7290
3887 10416
3887 10883
3893 4193
3900 5539
3935 5272
3935 8970
3947 4037
3947 4141
3947 10943
3950 4749
3950 6779
3951 5065
3951 11066
3967 7534
3975 5305
3975 8690
3976 10976
3984 4117
3984 4216
3984 4746
3984 4924
3984 4949
3984 5065
3984 5479
3984 5720
3984 6203
3984 8006
3984 8298
3984 9474
3984 9722
3984 10040
3984 10166
3984 10395
3984 10745
3984 10846
3984 10868
3984 10912
3984 10944
3984 11002
4000 6942
4000 9766
4001 8970
4011 4731
4011 4746
4011 6618
4011 9316
4011 10571
4026 9809
4031 4632
4031 6471
4031 9483
4031 9766
4031 10211
4031 10871
4031 10884
4031 11050
4057 4746
4057 10866
4080 10816
4090 9241
4090 9548
4090 10759
4090 10903
4090 10965
4090 11089
4092 7491
4092 8121
4092 8724
4092 8981
4092 10495
4092 10862
4092 10921
4092 10922
4092 10979
4092 11119
4116 7290
4116 8526
4116 8724
4116 10878
4116 10891
4117 4746
4117 6332
4117 6982
4117 7329
4117 8298
4117 9124
4117 9469
4117 9911
4117 9942
4117 10166
4117 10347
4117 10866
4117 10880
4117 10967
4117 10989
4117 11008
4117 11011
4117 11023
4117 11054
4127 11064
4135 4746
4135 6916
4138 5306
4138 9649
4138 9851
4138 10347
4140 6982
4157 6817
4157 7855
4157 8197
4157 11086
4159 9445
4159 10465
4187 4949
4187 10857
4187 10871
4187 10894
4187 10965
4187 11011
4187 11124
4187 11130
4193 6203
4193 10883
4207 10929
4216 4382
4216 4949
4216 4981
4216 7329
4216 9658
4216 9851
4230 4546
4242 5560
4242 10850
4283 4839
4309 7281
4309 7391
4358 5828
4366 10829
4366 11130
4370 5550
4377 10269
4382 4746
4382 6837
4382 8796
4382 10894
4382 11117
4390 10465
4390 10883
4390 10915
4397 7290
4419 9458
4419 11137
4445 8197
4460 8281
4465 7658
4465 8131
4465 9449
4465 10831
4471 11111
4472 5744
4488 5065
4488 6203
4488 6800
4488 6982
4488 7290
4507 5272
4507 9001
4507 9722
4507 11097
4523 5468
4523 9000
4523 9152
4523 10206
4536 7218
4536 11056
4546 6203
4546 9649
4546 9722
4546 10995
4546 11093
4577 4746
4577 6400
4577 9649
4577 9958
4585 10846
4589 4746
4589 5065
4589 5265
4589 6203
4589 8197
4632 5362
4632 5468
4632 5816
4632 6467
4632 6471
4632 6708
4632 7084
4632 7290
4632 7335
4632 8298
4632 8411
4632 10910
4632 11023
4632 11071
4636 7515
4646 10826
4690 10040
4696 6618
4696 9483
4731 5065
4731 5362
4731 6306
4731 6448
4731 6596
4731 8796
4731 9658
4731 9722
4731 11094
4746 4771
4746 4949
4746 5065
4746 5241
4746 5366
4746 5427
4746 5550
4746 5844
4746 6160
4746 6517
4746 6618
4746 6779
4746 6817
4746 7034
4746 7119
4746 7290
4746 7397
4746 8298
4746 8472
4746 8484
4746 8824
4746 9124
4746 9299
4746 9323
4746 9562
4746 9658
4746 10166
4746 10215
4746 10550
4746 10558
4746 10816
4746 10883
4746 10911
4746 10916
4746 11066
4746 11080
4746 11085
4746 11101
4746 11102
4749 4949
4749 6779
4763 4771
4771 5331
4771 6618
4771 8197
4771 8626
4771 9264
4771 9483
4771 10817
4771 10871
4771 10977
4771 11018
4771 11028
4771 11127
4771 11132
4783 5141
4783 11139
4798 10800
4820 6429
4822 5272
4839 7877
4839 8006
4839 9692
4839 10440
4839 10878
4839 10887
4839 10889
4839 10895
4839 10987
4858 11100
4862 7290
4862 10838
4866 11020
4908 10920
4910 9444
4910 10465
4910 11048
4924 6779
4949 5560
4949 5720
4949 6576
4949 7290
4949 7391
4949 8197
4949 8298
4949 8724
4949 8981
4949 9124
4949 9323
4949 9954
4949 10166
4949 10347
4949 10416
4949 10465
4949 10821
4949 10866
4949 10869
4949 10931
4949 10932
4949 10952
4964 5468
4964 6498
4964 7658
4964 9459
4964 10946
4964 11036
4981 7290
4981 10989
5007 9469
5012 8197
5012 10211
5018 11059
5029 10873
5031 6429
5036 5272
5036 6373
5036 9502
5041 9323
5041 10801
5065 5272
5065 5468
5065 6189
5065 6203
5065 6280
5065 6650
5065 6945
5065 7034
5065 7382
5065 8119
5065 8297
5065 8298
5065 9323
5065 9469
5065 9548
5065 9591
5065 9605
5065 10040
5065 10440
5065 10558
5065 10831
5065 10841
5065 10867
5065 10887
5065 10888
5065 10892
5065 10895
5065 10896
5065 10938
5065 10941
5065 10960
5065 10965
5065 10971
5065 10993
5065 11002
5065 11023
5065 11026
5065 11030
5065 11058
5065 11068
5065 11127
5100 6752
5100 9829
5100 10958
5102 8197
5102 8250
5102 8298
5141 5415
5141 6498
5141 8298
5141 8626
5141 10211
5141 11139
5144 6389
5199 10883
5241 6498
5263 11083
5265 9425
5265 9851
5265 10965
5270 6982
5270 9113
5272 5706
5272 6596
5272 9502
5272 10269
5272 10894
5272 10898
5272 10941
5272 11042
5272 11058
5272 11060
5272 11098
5306 8238
5306 9152
5306 10973
5325 10847
5326 9562
5331 11032
5347 8197
5362 6945
5362 9658
5362 11026
5363 6160
5363 6625
5363 6965
5363 7290
5363 7944
5363 7946
5363 8484
5363 8724
5363 9124
5363 9308
5363 9472
5363 9841
5363 9860
5363 10166
5363 10813
5363 10866
5363 10913
5363 10919
5363 10924
5363 10928
5363 10939
5366 10866
5366 10967
5373 10873
5398 9649
5415 8298
5427 10999
5441 6223
5450 5828
5468 5550
5468 6942
5468 8121
5468 8298
5468 8671
5468 9985
5468 10211
5468 10619
5468 10983
5468 11036
5479 6916
5479 9469
5479 9841
5487 8140
5487 9596
5487 10416
5487 10942
5493 6189
5493 9264
5493 10799
5539 8197
5550 7084
5550 8298
5550 9469
5550 10889
5550 10898
5560 6389
5560 10889
5616 9264
5616 10866
5686 10984
5694 10760
5699 8615
5706 10898
5720 6800
5720 7364
5720 7396
5720 9001
5720 10068
5720 10931
5720 10999
5720 11021
5720 11048
5720 11108
5720 11140
5747 10040
5785 6373
5785 7391
5810 10891
5816 11056
5816 11138
5831 10942
5831 11025
5831 11054
5857 6982
5859 10980
5864 6203
5864 8281
5864 9483
5864 11006
5864 11072
5912 9431
5926 9649
5926 10923
5948 8197
5948 10278
5966 6373
5966 7391
5966 7515
5966 8238
5966 9649
5966 10822
5966 10995
5966 11137
5966 11144
6005 10942
6013 7443
6062 10366
6160 9882
6161 9437
6189 10813
6203 7541
6203 7877
6203 9483
6203 9536
6203 9649
6203 9911
6203 10040
6203 10868
6203 10883
6203 10942
6203 10997
6203 11008
6203 11095
6203 11119
6203 11122
6280 7156
6280 9948
6317 8238
6319 8475
6332 6916
6332 7266
6332 10653
6373 6624
6373 6650
6373 7391
6373 7515
6373 9469
6373 10198
6389 10799
6429 9323
6429 10558
6429 10994
6429 11093
6433 8298
6467 6982
6467 9469
6467 9832
6467 10619
6467 10889
6490 9816
6498 6522
6498 9565
6498 9981
6498 10918
6506 9469
6576 9425
6582 9323
6587 7515
6596 7003
6596 7877
6596 8912
6596 9911
6596 11056
6618 6850
6618 8272
6618 9124
6618 10040
6618 10166
6618 11102
6624 9469
6624 11149
6640 10822
6640 10886
6640 10944
6650 7391
6678 9396
6678 10987
6692 7290
6752 7751
6756 8238
6756 11114
6779 6982
6779 8197
6779 8484
6779 8981
6779 9425
6779 10896
6800 10893
6800 10999
6810 8298
6810 10871
6817 6982
6817 7801
6817 10871
6842 6982
6867 10846
6885 8298
6916 6945
6917 10949
6942 7329
6942 9766
6942 10959
6945 7481
6945 10206
6945 11030
6945 11057
6978 8626
6982 9292
6982 9775
6982 9871
6982 9954
6982 10883
6982 10996
7003 8197
7034 7877
7067 10910
7077 11142
7097 8276
7119 11042
7155 10832
7156 7952
7156 10949
7186 10974
7190 8147
7190 9336
7218 10906
7236 10858
7290 7397
7290 7515
7290 7534
7290 7947
7290 8298
7290 9000
7290 9469
7290 10888
7290 10902
7290 10990
7290 11011
7329 10883
7329 11008
7329 11022
7335 7982
7335 10166
7335 11023
7359 10936
7382 11030
7391 8144
7391 8197
7391 8379
7391 9152
7391 9323
7391 9444
7391 9948
7391 10366
7391 10670
7391 10846
7391 10889
7391 11093
7391 11110
7396 8116
7397 10166
7443 10347
7443 10520
7471 10871
7515 10347
7534 9722
7546 8197
7624 10962
7656 10880
7674 9469
7708 8197
7714 11050
7743 8298
7744 9649
7801 11116
7824 9562
7839 10656
7924 10866
7924 11082
7985 11079
8014 8467
8097 8131
8119 9911
8119 10211
8119 11025
8131 9432
8131 11011
8137 9124
8144 9152
8144 9860
8147 8390
8197 8257
8197 8298
8197 8526
8197 8615
8197 8626
8197 8738
8197 9610
8197 9809
8197 9896
8197 10016
8197 10029
8197 10450
8197 10773
8197 10861
8197 10864
8197 10883
8197 10892
8197 10894
8197 10925
8197 10931
8197 10941
8197 10944
8197 10947
8197 10960
8197 10961
8197 10964
8197 10965
8197 11026
8197 11029
8197 11055
8197 11058
8197 11091
8197 11095
8197 11123
8212 10465
8234 10990
8238 9649
8238 9832
8238 9841
8257 8981
8272 8671
8272 9469
8272 11070
8276 11150
8281 10748
8281 11147
8298 8363
8298 8912
8298 9124
8298 9152
8298 9323
8298 9882
8298 10272
8298 10891
8298 10965
8298 11126
8320 11106
8363 9081
8363 9469
8364 11017
8379 9323
8467 8917
8484 11011
8484 11103
8512 10995
8526 10465
8580 8917
8580 10944
8626 9432
8724 9323
8724 9697
8738 10895
8768 10868
8796 9425
8796 9789
8824 9540
8824 10863
8824 10972
8824 11084
8824 11109
8887 9998
8887 11014
8887 11039
8910 11146
8912 10891
8917 10926
8935 11038
8939 10465
9004 9860
9113 9124
9120 9425
9120 10347
9124 10166
9124 10889
9152 10272
9152 10525
9152 10684
9152 10944
9152 11072
9241 10938
9241 11099
9241 11124
9246 9323
9285 10645
9285 10995
9316 9954
9323 9444
9323 9948
9323 9958
9323 10040
9323 10166
9323 10206
9323 10347
9323 10670
9323 10801
9323 10831
9323 10861
9323 10893
9323 10973
9323 11016
9323 11114
9425 10914
9425 10978
9425 11083
9425 11136
9431 10990
9431 11024
9432 11011
9432 11120
9449 11092
9458 10995
9469 9483
9469 9803
9469 10525
9469 10831
9469 11012
9483 10166
9536 10941
9536 11134
9540 11046
9562 10811
9562 10829
9591 11023
9628 10995
9649 9958
9649 10992
9649 10995
9660 10855
9671 10945
9789 10321
9789 10525
9789 11009
9829 10604
9829 11066
9851 10977
9851 10978
9860 10975
9882 9911
9882 10166
9882 10347
9896 10910
9896 10931
9905 10972
9911 10604
9911 11061
9949 10755
9962 10068
9981 10918
10040 10868
10040 11098
10068 10416
10068 10980
10087 10558
10138 10879
10139 11127
10158 10871
10158 10981
10166 10870
10187 10215
10187 10419
10218 10847
10289 11105
10293 10881
10293 10917
10347 10854
10347 10890
10347 10970
10347 11011
10347 11037
10354 10841
10366 10960
10366 11131
10411 10416
10416 10883
10461 10829
10461 10889
10465 10880
10465 10891
10465 11011
10495 10950
10495 10979
10550 10887
10558 10923
10578 10875
10633 11053
10660 10954
10717 10900
10748 10876
10748 11147
10757 10991
10766 10959
10808 10813
10824 10883
10846 10995
10864 10874
10866 11011
10868 10903
10871 10969
10883 10908
10883 10978
10891 10945
10893 11021
10895 10899
10895 10903
10903 10965
10905 10911
10937 10940
10939 11033
10943 10951
10949 10970
10960 10963
10962 11034
10967 10988
10972 11028
10995 11063
10999 11081
11014 11017
11017 11111
11018 11019
11040 11090
11061 11095
11061 11129
11064 11113
11066 11095
11070 11074
11087 11088
11091 11096
11093 11137
