0 762
0 10904
0 11262
0 11288
19 917
26 1917
26 3195
26 4746
26 11066
28 1788
28 6498
29 729
41 1525
41 2223
41 2974
41 3171
41 3811
41 8373
41 8824
41 11188
42 76
42 110
42 122
42 528
42 546
42 573
42 708
42 781
42 1057
42 1854
42 2360
42 2499
42 2529
42 3065
42 3798
42 3897
42 4117
42 4507
42 4746
42 4771
42 5065
42 5215
42 5441
42 5849
42 6576
42 7128
42 9950
42 11155
42 11170
42 11203
42 11308
42 11311
42 11340
43 4008
43 4117
43 7097
43 10166
43 11115
43 11192
43 11259
43 11305
43 11334
43 11363
43 11421
46 196
46 568
46 729
46 4187
46 8887
46 10967
46 11228
46 11264
59 11391
60 8197
61 73
65 461
70 73
70 762
70 2650
70 3177
70 10717
73 96
73 138
73 703
73 762
73 1235
73 1407
73 1904
73 2062
73 2816
73 2839
73 2845
73 5179
73 8323
73 8626
73 9829
73 10203
73 11378
75 11076
76 157
76 315
76 325
76 370
76 407
76 546
76 577
76 618
76 729
76 762
76 821
76 917
76 1235
76 1422
76 1576
76 1604
76 1917
76 2255
76 2313
76 2499
76 2620
76 3065
76 3535
76 3798
76 3811
76 4011
76 4092
76 4485
76 4525
76 4562
76 4577
76 4731
76 4746
76 4749
76 4771
76 4839
76 4949
76 4971
76 5286
76 5550
76 5574
76 5615
76 6373
76 6429
76 6448
76 6596
76 6982
76 7073
76 7097
76 7281
76 7290
76 7391
76 8197
76 8510
76 8659
76 8901
76 8961
76 8969
76 9285
76 9321
76 9414
76 9683
76 10184
76 10416
76 10465
76 10889
76 11066
76 11115
76 11156
76 11161
76 11236
76 11245
76 11309
76 11310
76 11338
76 11340
76 11378
76 11400
76 11401
80 11198
83 315
83 6945
83 11053
88 1521
88 2718
88 3856
88 5550
88 10967
88 11027
88 11228
88 11267
90 8565
90 11145
94 904
94 4562
95 621
95 9216
95 10856
96 433
96 510
96 762
96 1742
96 2118
96 2360
96 2816
96 6498
96 6982
96 7236
96 9122
96 9335
96 10420
96 11305
97 897
97 1972
97 2816
97 4031
97 7658
97 11272
98 2650
98 11340
100 708
100 1298
100 1877
100 5783
100 6171
100 11241
101 2389
108 1179
110 170
110 172
110 325
110 573
110 1481
110 1824
110 2319
110 2389
110 2787
110 2845
110 3158
110 3283
110 3405
110 3592
110 4230
110 4546
110 4882
110 4997
110 5759
110 7128
110 7855
110 8164
110 8197
110 9782
110 9939
110 9954
110 11115
110 11144
110 11145
110 11200
110 11241
110 11252
110 11294
110 11305
110 11329
110 11377
110 11387
110 11414
117 1361
117 1812
117 3171
117 3787
117 3816
117 4117
117 4536
117 4746
117 5265
117 9649
119 412
119 4008
119 10465
122 1361
122 11355
124 11340
124 11382
126 3543
128 382
133 10780
134 572
134 1235
134 3567
134 8298
138 5439
140 407
140 577
140 610
140 729
140 2360
140 2821
141 6982
153 444
153 1115
153 3380
153 3811
153 5143
153 5616
153 5769
153 6059
153 6779
153 8298
153 8981
153 11405
157 762
157 1131
157 3195
157 7290
157 11066
158 568
158 904
158 1604
158 4771
158 6236
158 6264
158 6373
158 7647
158 8085
158 8298
158 8656
158 8712
158 9414
158 9536
158 11027
158 11228
158 11257
158 11274
158 11315
158 11324
158 11344
158 11416
158 11417
158 11421
162 7851
170 8197
172 8164
172 11241
174 10166
184 11332
190 11066
191 621
196 223
196 610
196 2694
196 3545
196 3984
196 5966
196 6203
196 6373
196 9137
196 10846
196 10925
196 11178
196 11179
196 11206
196 11226
196 11275
196 11276
196 11300
196 11347
196 11406
196 11407
196 11424
201 510
201 781
201 2223
201 2529
201 5788
201 11340
204 1636
204 4117
204 6189
204 11251
218 2970
223 1755
223 2519
223 5551
223 9565
226 762
236 572
239 7145
239 10780
240 6498
247 8164
253 2406
253 10198
253 11161
258 297
258 11115
258 11161
280 407
280 6708
280 11263
284 5265
289 11291
297 671
297 1550
297 2970
297 6373
297 7074
297 7647
297 7960
297 8281
297 9605
297 10166
297 10289
297 10321
297 10347
297 11188
297 11213
297 11224
297 11259
297 11300
297 11314
297 11412
297 11424
298 455
298 1359
298 3656
298 4187
298 10465
298 11340
298 11404
302 5699
302 11340
304 669
304 2739
304 4507
304 11203
311 7128
311 11271
315 577
315 618
315 621
315 2192
315 2821
315 6429
315 7391
315 10959
315 11206
318 1788
318 4031
318 10959
325 577
325 904
325 2158
325 6429
325 6916
325 6942
325 9152
325 9323
338 1298
348 610
348 8144
348 9323
348 11294
351 10889
351 11276
354 8224
354 10918
354 10967
368 8724
370 2650
370 4117
370 5065
370 11066
370 11276
370 11419
374 659
374 2223
374 5306
374 10972
374 11061
374 11117
374 11251
383 1576
383 3887
383 8197
383 11293
385 6124
391 1242
391 4981
391 5440
391 9683
403 3543
407 572
407 1359
407 2529
407 4280
407 5362
407 5366
407 5550
407 8197
407 8298
407 9152
407 9683
407 10465
407 11135
407 11272
410 4900
410 10166
410 11161
412 3202
414 11381
424 3405
432 1977
432 2868
432 8724
432 11198
434 3049
434 11318
442 2739
442 4839
442 5616
442 7970
442 10866
442 11170
442 11373
444 3380
444 4187
444 5362
444 11129
444 11340
455 1922
455 3656
455 4187
455 6576
455 8085
455 9425
455 11303
461 566
461 610
461 1604
461 1925
461 5720
461 10201
461 11222
467 1917
482 919
506 3856
508 4746
510 1990
528 2620
528 11229
528 11302
539 3065
539 4280
539 9939
539 11324
546 1106
546 1361
546 1604
546 2527
546 2739
546 3177
546 3195
546 3798
546 4761
546 5215
546 6596
546 6945
546 7697
546 8197
546 11145
546 11405
548 2428
548 11173
556 11202
568 729
568 1179
568 1604
568 2307
568 3381
568 3856
568 5129
568 6429
568 7073
568 8469
568 9683
568 11027
568 11246
568 11269
568 11322
568 11362
568 11379
570 1255
570 2529
571 1576
571 10866
572 875
572 881
572 1268
572 2234
572 4949
572 5102
572 6108
572 8197
572 8298
572 9939
572 10931
572 11201
572 11246
572 11260
573 1786
573 7097
573 10369
573 11176
577 610
577 621
577 904
577 2307
577 2650
577 2692
577 2821
577 4216
577 4632
577 4949
577 6429
577 7391
577 8015
577 8298
577 8565
577 9323
577 9942
577 10206
577 10347
577 11115
577 11131
577 11160
577 11289
592 1763
599 11191
608 7589
608 11329
610 1057
610 2767
610 2816
610 3024
610 4188
610 4382
610 4949
610 5306
610 6806
610 7391
610 8197
610 8298
610 9323
610 9565
610 10551
610 11115
610 11126
610 11188
610 11226
610 11266
610 11304
610 11380
613 1128
613 3983
613 7801
613 7871
613 9158
613 9216
613 11038
613 11142
613 11356
616 11214
618 904
618 2954
618 3171
618 4031
618 4632
618 9246
618 10717
621 729
621 773
621 904
621 2406
621 2724
621 3535
621 4280
621 4771
621 4949
621 5606
621 5647
621 5828
621 6160
621 7391
621 7433
621 8298
621 11248
621 11259
621 11272
621 11273
621 11289
621 11313
633 3107
633 11064
633 11072
647 9613
656 1917
656 7897
656 11207
656 11230
659 729
659 1816
659 2581
659 8298
659 10139
659 11251
660 1917
671 5065
671 6373
671 8147
682 3984
682 4339
682 6618
682 10166
699 6448
699 11340
703 729
703 1235
703 1788
708 1658
708 3673
710 5966
712 1787
725 11157
729 820
729 917
729 948
729 1235
729 1604
729 1755
729 2360
729 3203
729 4117
729 4339
729 4746
729 4771
729 5802
729 6938
729 7290
729 8712
729 8965
729 9683
729 9929
729 10254
729 10780
729 11066
729 11305
729 11310
729 11338
729 11366
729 11379
729 11425
736 1633
760 8659
762 852
762 1235
762 1755
762 2488
762 2529
762 2650
762 2970
762 3160
762 3177
762 3195
762 3313
762 3984
762 5141
762 5828
762 6982
762 8773
762 9829
762 10166
762 10203
762 10304
762 11212
762 11221
762 11259
762 11260
762 11267
762 11272
762 11298
762 11336
762 11358
762 11397
774 1576
774 1812
774 5065
774 8608
774 11064
781 1255
781 2816
781 4783
796 6945
803 11061
820 4632
821 10465
823 6373
836 2070
836 4746
836 8197
836 11241
836 11377
837 4242
837 4949
837 6203
837 7692
837 10184
839 11267
852 1177
852 1361
852 1604
852 2529
852 2756
852 2762
852 3313
852 3515
852 3707
852 4339
852 5430
852 5615
852 6223
852 8208
852 8409
852 8484
852 8928
852 10134
852 11183
852 11301
852 11327
872 11345
875 10054
881 2350
881 4746
891 5366
891 10177
897 1604
897 2930
897 4031
898 6916
898 9152
904 1539
904 1604
904 3535
904 4031
904 4949
904 5828
904 6945
904 7391
904 7433
904 7519
904 7589
904 8565
904 10717
904 11272
904 11303
905 11163
917 1616
917 5065
917 6448
917 7391
917 8147
917 8671
917 9958
917 10995
928 8901
928 9152
948 3203
948 4419
948 4632
948 8121
948 11394
963 5129
993 2970
1002 4419
1002 5494
1002 6779
1002 7461
1002 7855
1002 8164
1002 9939
1002 11256
1002 11284
1002 11400
1011 5065
1012 6498
1017 4370
1035 11423
1036 11294
1057 1940
1057 2762
1057 3636
1057 3798
1057 3897
1057 4397
1057 4949
1057 4971
1057 5616
1057 5816
1057 6945
1057 9925
1057 10465
1057 10813
1057 11142
1060 3029
1060 11203
1106 1831
1106 3195
1106 4746
1106 5471
1106 10166
1106 11164
1106 11214
1106 11279
1115 8298
1122 3270
1122 4507
1122 6810
1135 2307
1140 6324
1144 8147
1144 10889
1144 11347
1144 11348
1148 11328
1169 2111
1177 1636
1177 2428
1177 3636
1177 8197
1177 11210
1179 3125
1193 2589
1193 5018
1193 6389
1193 8164
1193 9299
1198 5065
1198 7093
1198 11170
1206 2355
1206 2488
1206 3313
1206 5720
1206 8409
1206 11236
1232 11276
1235 5272
1235 6448
1235 11267
1235 11297
1242 1971
1242 9683
1242 11346
1244 10848
1255 1458
1255 1604
1255 2062
1255 6498
1255 6779
1255 6982
1255 8197
1255 9152
1255 9829
1255 10166
1255 10203
1255 10304
1255 11198
1255 11292
1256 1904
1256 3313
1256 3707
1256 5857
1256 6223
1256 6362
1256 7801
1256 8298
1256 9829
1256 10203
1256 10967
1256 11183
1256 11236
1264 1369
1264 1517
1264 4525
1264 8197
1264 11403
1268 1369
1268 7097
1268 11228
1278 2762
1281 11299
1298 1917
1298 6873
1298 7236
1298 7855
1298 11241
1300 2395
1300 6867
1300 7583
1300 11241
1300 11301
1300 11340
1319 5366
1319 8197
1321 3811
1321 11038
1351 3856
1359 6810
1359 10177
1359 11196
1359 11245
1359 11274
1359 11296
1361 1576
1361 1636
1361 2724
1361 2739
1361 2762
1361 3388
1361 3816
1361 4037
1361 4092
1361 4117
1361 4187
1361 4471
1361 4949
1361 5265
1361 5574
1361 6576
1361 6779
1361 7589
1361 9017
1361 9929
1361 10040
1361 10273
1361 10437
1361 10879
1361 10969
1361 11087
1361 11115
1361 11133
1361 11202
1361 11282
1361 11292
1361 11293
1361 11318
1361 11355
1361 11358
1361 11361
1361 11393
1361 11399
1361 11416
1365 2350
1365 4117
1365 4507
1365 5551
1365 6982
1365 8197
1365 8484
1365 10273
1365 10465
1369 1971
1369 1994
1369 2919
1369 4117
1369 4216
1369 8965
1369 10054
1369 10166
1391 11147
1401 8085
1401 8917
1401 11061
1401 11340
1426 7933
1448 4746
1470 3490
1470 5493
1470 5616
1483 4117
1483 6779
1483 7589
1517 2589
1517 10967
1517 11256
1521 1788
1521 2718
1521 11267
1539 2816
1539 6982
1539 8298
1540 1925
1540 4949
1563 4949
1563 5616
1563 8197
1563 8928
1576 2582
1576 2762
1576 3171
1576 4092
1576 4117
1576 4471
1576 4771
1576 5143
1576 5616
1576 5802
1576 6448
1576 6806
1576 6810
1576 6945
1576 7281
1576 7290
1576 7589
1576 8197
1576 8298
1576 9653
1576 10738
1576 10821
1576 11023
1576 11181
1576 11182
1576 11257
1576 11291
1576 11293
1576 11334
1576 11361
1580 3816
1602 11376
1604 2529
1604 2767
1604 3543
1604 3984
1604 4280
1604 4746
1604 4949
1604 6448
1604 6596
1604 7034
1604 8298
1604 8409
1604 8712
1604 9323
1604 11214
1604 11250
1622 2954
1625 5083
1636 2156
1636 2534
1636 3501
1636 3897
1636 3983
1636 4092
1636 4117
1636 4746
1636 4971
1636 5551
1636 5616
1636 6779
1636 6810
1636 7119
1636 7674
1636 8298
1636 8981
1636 10236
1636 10717
1636 11165
1636 11209
1636 11223
1636 11287
1636 11296
1636 11353
1666 11280
1709 3041
1709 4763
1717 8409
1724 11366
1724 11386
1742 5141
1742 10352
1742 10780
1742 11066
1744 11096
1745 6362
1755 1917
1755 2412
1755 2650
1755 8626
1755 10203
1755 11066
1763 10289
1763 11126
1763 11258
1763 11268
1774 2255
1774 8197
1786 2627
1786 3727
1786 4216
1786 4731
1786 5215
1786 5891
1786 7897
1786 11143
1786 11176
1788 1818
1788 2255
1788 2307
1788 2650
1788 4031
1788 4390
1788 5141
1788 5468
1794 6498
1794 11290
1804 4746
1804 6938
1804 11352
1812 4746
1812 5272
1812 5551
1818 8626
1824 2762
1824 4419
1824 4546
1824 5966
1824 10166
1824 10995
1824 11377
1836 3283
1845 2529
1854 11313
1877 3951
1877 6373
1877 8197
1877 8578
1877 9939
1877 9954
1877 11377
1879 11207
1887 4731
1887 8272
1887 11076
1890 6769
1904 3458
1908 11150
1917 2307
1917 2943
1917 3125
1917 3992
1917 4011
1917 4525
1917 4746
1917 5065
1917 5469
1917 5615
1917 6117
1917 6596
1917 7245
1917 7897
1917 9536
1917 9919
1917 10054
1917 10633
1917 11066
1917 11075
1917 11134
1917 11207
1917 11295
1917 11384
1922 2522
1922 4746
1922 10347
1922 11303
1925 2741
1925 4731
1925 4802
1925 5362
1925 6448
1925 10967
1958 3535
1971 2255
1971 5366
1971 7128
1971 10633
1972 7433
1972 11066
1972 11186
1977 2612
1985 8512
1988 2192
1990 7335
1994 5933
1994 10918
1994 11280
1996 7589
2023 2053
2023 4731
2023 6448
2026 11400
2027 3543
2027 5966
2027 7658
2027 11330
2027 11379
2053 4731
2059 11227
2062 2845
2062 8272
2063 8409
2070 11241
2086 3673
2086 5682
2086 6945
2086 9152
2089 10969
2089 11385
2095 11342
2102 8970
2105 11340
2118 5141
2118 9335
2122 11390
2123 6160
2123 7658
2123 11218
2124 8824
2149 3479
2156 2762
2156 3388
2156 4746
2158 5739
2158 7290
2158 11419
2162 6498
2184 8965
2192 3171
2192 4822
2192 11283
2234 10988
2248 3283
2255 2619
2255 3592
2255 5596
2255 7481
2255 7674
2255 8164
2255 10633
2255 11091
2255 11292
2255 11329
2256 2406
2256 11115
2268 4216
2286 11405
2302 2529
2302 10644
2306 11389
2307 3798
2307 4731
2307 4761
2307 5215
2307 6429
2307 8297
2307 9323
2307 11023
2313 5065
2313 10813
2313 11061
2313 11251
2313 11344
2317 11340
2319 2389
2319 6362
2319 7097
2319 8901
2319 10272
2323 4280
2324 5891
2324 8965
2324 11330
2333 11265
2355 2529
2355 5272
2357 8197
2360 2583
2360 8197
2360 9958
2360 11066
2360 11340
2381 7034
2389 3676
2389 8901
2389 9161
2389 10713
2389 11144
2389 11252
2389 11305
2406 2529
2406 3545
2406 8197
2406 8297
2418 2878
2428 2529
2428 3897
2428 4187
2450 5021
2450 10273
2453 9939
2455 11340
2463 9781
2472 11402
2488 10203
2489 11278
2489 11346
2499 2970
2499 11340
2527 8484
2529 2756
2529 2839
2529 3313
2529 3811
2529 4680
2529 4746
2529 4858
2529 5430
2529 5788
2529 6362
2529 6596
2529 6982
2529 8298
2529 8323
2529 8409
2529 9147
2529 10040
2529 10203
2529 10347
2529 10420
2529 11153
2529 11158
2529 11228
2529 11274
2529 11298
2529 11340
2534 3867
2534 4746
2534 4949
2534 5065
2534 6223
2534 11235
2551 10166
2582 2762
2583 3476
2583 11370
2583 11372
2589 6160
2598 4507
2599 11346
2599 11351
2612 5468
2612 6498
2612 8121
2619 2840
2619 9919
2619 11190
2619 11269
2619 11390
2619 11414
2620 5049
2620 7804
2620 8197
2620 8824
2620 11161
2621 7589
2621 11038
2627 3811
2627 10181
2627 11340
2650 2809
2650 2959
2650 3983
2650 7589
2650 8409
2650 10321
2650 10347
2650 10717
2650 11340
2650 11350
2650 11413
2660 11027
2674 4216
2674 5440
2692 7690
2692 11185
2694 4370
2694 7461
2694 8901
2694 11277
2694 11329
2724 11126
2732 3229
2739 2762
2739 2767
2739 3026
2739 4117
2739 4839
2739 5720
2739 6280
2739 7897
2739 7927
2739 8298
2739 10273
2745 5720
2756 3313
2756 3515
2756 4680
2756 5065
2756 7128
2756 8409
2756 10166
2762 3088
2762 3567
2762 3897
2762 3990
2762 4090
2762 4117
2762 4187
2762 4507
2762 4577
2762 4839
2762 5065
2762 5272
2762 5306
2762 5615
2762 6576
2762 6806
2762 6885
2762 8197
2762 8382
2762 8484
2762 8970
2762 9323
2762 9565
2762 10166
2762 11166
2762 11181
2762 11184
2762 11247
2762 11323
2762 11332
2764 4949
2767 4138
2767 6116
2767 6618
2767 11136
2767 11187
2767 11238
2767 11274
2767 11279
2767 11340
2775 9510
2785 4187
2785 10184
2787 9280
2800 11321
2816 6842
2816 6945
2816 6982
2816 7589
2816 10166
2818 3322
2820 4485
2820 8373
2820 10717
2820 10925
2820 11291
2821 11115
2821 11126
2821 11239
2822 4031
2822 4632
2822 9323
2839 5949
2840 3041
2845 4117
2845 6431
2845 6498
2845 8298
2845 11329
2878 3203
2878 7658
2888 11260
2907 5471
2919 4949
2919 8824
2919 11163
2919 11271
2919 11339
2923 6203
2923 8197
2930 3325
2930 4419
2930 5966
2930 6429
2930 9323
2930 10198
2930 10347
2930 10967
2930 11115
2930 11225
2930 11294
2930 11340
2934 4909
2934 11163
2943 9536
2943 10465
2950 8197
2954 3029
2954 3171
2954 6429
2954 7290
2959 4746
2970 5788
2970 6938
2970 7583
2970 11066
2974 9472
2974 10139
2974 11061
2989 11241
3001 11183
3023 10203
3024 5065
3024 5141
3024 7391
3024 9152
3024 11162
3026 8656
3029 6429
3030 5672
3030 10633
3030 10780
3030 10959
3030 11023
3030 11053
3030 11126
3030 11160
3031 11272
3041 10027
3041 11171
3041 11402
3065 4090
3065 4981
3065 5551
3065 10166
3065 11212
3072 11119
3088 8484
3091 8210
3107 3202
3113 8409
3113 10925
3158 7855
3160 9323
3171 4092
3171 4117
3171 5265
3171 6596
3171 7119
3171 7290
3171 8197
3171 8955
3171 9246
3171 11023
3171 11219
3171 11251
3177 10959
3177 11267
3195 6362
3195 8917
3195 10166
3202 8272
3202 9323
3203 9536
3203 10347
3204 11170
3206 3458
3217 11064
3262 4157
3267 9459
3270 3458
3281 10166
3281 10321
3281 11270
3283 4589
3283 4882
3283 6708
3283 7855
3283 8197
3283 11223
3313 3707
3313 3811
3313 8166
3313 8409
3313 9323
3313 10925
3322 9137
3322 11211
3368 4007
3377 9610
3377 11403
3380 3388
3380 4731
3380 5362
3380 6448
3380 8373
3380 8910
3380 11291
3380 11340
3388 3636
3388 4117
3388 7801
3388 8197
3388 8659
3388 10925
3388 11340
3405 4230
3405 4546
3405 6108
3405 6498
3405 10995
3405 11200
3405 11240
3405 11330
3409 11361
3442 11283
3456 11163
3458 6982
3458 7801
3458 9936
3458 10920
3476 11340
3479 4370
3490 5493
3501 10299
3501 11356
3515 5720
3515 6223
3515 8409
3515 11236
3515 11369
3535 4280
3535 5065
3535 7391
3540 4523
3540 4771
3543 4370
3543 4746
3543 4949
3543 7658
3543 11305
3545 8298
3545 11115
3545 11224
3545 11343
3567 7589
3573 5065
3573 6779
3573 8197
3573 11353
3574 10938
3574 11095
3579 11254
3592 8197
3613 11372
3636 3983
3636 4187
3636 6189
3636 6203
3636 7281
3636 10273
3648 4783
3648 6945
3648 10959
3656 8364
3656 11019
3656 11064
3673 9649
3673 11294
3677 6982
3677 11322
3707 8166
3707 10203
3707 11183
3707 11327
3707 11411
3717 11340
3727 4216
3727 6619
3727 11163
3774 11282
3793 5065
3793 5267
3793 5272
3793 10589
3793 10780
3798 4746
3798 4771
3798 6596
3811 8197
3867 4949
3882 3973
3882 5308
3882 7970
3882 9425
3882 11254
3893 11287
3897 4577
3897 6779
3897 8197
3897 10465
3897 11184
3930 11182
3947 11254
3951 4370
3951 4746
3951 7589
3951 8197
3951 9939
3951 11294
3952 10780
3969 11403
3983 4187
3983 6203
3983 7801
3983 9565
3983 11396
3984 4117
3984 4746
3984 7690
3984 9124
3984 10166
3984 10846
3984 11188
3984 11251
4000 5141
4001 5009
4011 7970
4011 8659
4031 4632
4031 7391
4031 7945
4031 8197
4031 9152
4031 9323
4031 9860
4031 10352
4031 11162
4031 11199
4031 11272
4031 11366
4037 6203
4090 7690
4090 10035
4090 11231
4090 11408
4092 5065
4092 5616
4092 6203
4092 8724
4092 9950
4092 10465
4092 10979
4092 11153
4092 11165
4092 11187
4092 11198
4092 11302
4092 11318
4092 11355
4092 11358
4092 11370
4092 11399
4092 11408
4110 4749
4110 11340
4117 4670
4117 5065
4117 5551
4117 6117
4117 6160
4117 6189
4117 6618
4117 7589
4117 7674
4117 8197
4117 8298
4117 8613
4117 8659
4117 9124
4117 9323
4117 10040
4117 10166
4117 10254
4117 10465
4117 10633
4117 10967
4117 11161
4117 11241
4117 11251
4117 11257
4117 11291
4117 11340
4117 11395
4135 5966
4136 11219
4138 11340
4157 8928
4171 11338
4187 6448
4187 9017
4187 9152
4187 10040
4187 10184
4187 10425
4187 10969
4187 11217
4187 11220
4187 11306
4187 11307
4187 11310
4187 11405
4187 11408
4216 11345
4230 4882
4234 10959
4239 8197
4239 11108
4242 4746
4242 10273
4242 11028
4242 11123
4243 11329
4280 4949
4280 7034
4283 6618
4323 5720
4339 4949
4339 7396
4339 8197
4339 10425
4370 5966
4370 11256
4419 4546
4419 7391
4419 8164
4419 9613
4419 11256
4419 11394
4460 8281
4485 5265
4489 11247
4494 11340
4507 7128
4507 11203
4507 11205
4507 11340
4528 11340
4532 5966
4536 4822
4536 6596
4536 10879
4536 11148
4545 8409
4546 6362
4546 11145
4546 11240
4546 11252
4546 11265
4562 5468
4562 8297
4577 6373
4577 6429
4577 6779
4577 9649
4577 10747
4577 11064
4577 11304
4589 5065
4591 5682
4591 10166
4591 11115
4632 5468
4632 5550
4632 6429
4632 6498
4632 7982
4632 8197
4632 10780
4632 10959
4632 11027
4632 11037
4632 11160
4632 11366
4632 11394
4632 11414
4641 7658
4670 10967
4680 8197
4696 6708
4696 10465
4731 4746
4731 5362
4731 5440
4731 6708
4731 8796
4731 10280
4731 10967
4731 11129
4731 11172
4731 11189
4731 11197
4731 11207
4731 11212
4731 11216
4731 11367
4731 11409
4746 4749
4746 4761
4746 4949
4746 5065
4746 5363
4746 5616
4746 6448
4746 6596
4746 7119
4746 7674
4746 7749
4746 8467
4746 8970
4746 10166
4746 10866
4746 11013
4746 11064
4746 11161
4746 11168
4746 11182
4746 11251
4746 11362
4746 11363
4746 11381
4749 6779
4771 6203
4771 6982
4771 7589
4771 8901
4771 10166
4771 10181
4771 10201
4771 10763
4771 11167
4771 11246
4771 11264
4771 11272
4822 5272
4822 6429
4822 6596
4822 8970
4839 5065
4839 5672
4839 8197
4839 11087
4839 11175
4839 11202
4839 11245
4839 11254
4839 11303
4862 9919
4882 8164
4904 5616
4910 8773
4910 11281
4924 11095
4949 5616
4949 5938
4949 9529
4949 9559
4949 10416
4949 11161
4949 11198
4949 11212
4949 11228
4949 11235
4949 11340
4949 11421
4964 9459
4997 6784
5009 8970
5009 10040
5012 8613
5012 10713
5029 9610
5036 9502
5065 6071
5065 6117
5065 6203
5065 6596
5065 6779
5065 7281
5065 7391
5065 7985
5065 8164
5065 8659
5065 8961
5065 8970
5065 8974
5065 9017
5065 9323
5065 10035
5065 10206
5065 10409
5065 11056
5065 11221
5065 11247
5065 11277
5065 11303
5065 11307
5065 11308
5065 11309
5065 11310
5065 11312
5065 11322
5065 11337
5065 11372
5065 11373
5065 11398
5065 11401
5065 11405
5065 11408
5065 11418
5065 11419
5100 10203
5129 6203
5129 6448
5141 5179
5141 6009
5141 6498
5141 8626
5141 9335
5141 9341
5141 9829
5141 10465
5141 10780
5141 11053
5141 11066
5141 11272
5267 7290
5270 5345
5270 6498
5270 8969
5270 10959
5270 11298
5272 6596
5272 10166
5272 10354
5272 10938
5305 6429
5305 6448
5306 7970
5306 11226
5306 11398
5308 11292
5331 5560
5345 6124
5362 11197
5362 11303
5366 7855
5366 9939
5366 10717
5400 11233
5440 7097
5440 10717
5440 11091
5468 8298
5468 8901
5468 9152
5468 9829
5468 10201
5468 11218
5468 11228
5468 11246
5468 11267
5468 11272
5471 7589
5471 11178
5479 5682
5494 10054
5521 6467
5521 11340
5539 10166
5550 6373
5550 8197
5550 10321
5550 11160
5550 11161
5550 11199
5551 10139
5560 10166
5606 9246
5611 6576
5615 6596
5616 10177
5618 11340
5635 11293
5672 6429
5672 9323
5720 6362
5720 8969
5720 10040
5720 10425
5720 11108
5720 11223
5720 11236
5720 11279
5720 11301
5720 11363
5720 11370
5720 11376
5720 11405
5721 8197
5721 9280
5739 8659
5760 11215
5769 6576
5783 8197
5784 7589
5788 7855
5788 10763
5802 8981
5828 8901
5828 10054
5828 10203
5828 10558
5828 11265
5828 11272
5828 11298
5831 11224
5862 11061
5864 9807
5864 11270
5891 7855
5891 10054
5948 7855
5948 10278
5966 6373
5966 6448
5966 8147
5966 9285
5966 10166
5966 10846
5966 10967
5966 11115
5966 11144
5966 11226
5966 11232
5966 11258
5966 11300
5966 11329
5966 11379
6059 6779
6071 8197
6071 11340
6108 6498
6108 6618
6160 11066
6160 11217
6162 6867
6162 6945
6171 7855
6171 8965
6196 7737
6203 7871
6203 8411
6203 8656
6203 9152
6203 10040
6203 10461
6203 10866
6203 11061
6203 11142
6203 11158
6203 11169
6203 11170
6203 11174
6203 11258
6203 11259
6203 11307
6203 11309
6203 11318
6203 11333
6203 11337
6203 11354
6203 11359
6203 11401
6203 11416
6223 8409
6223 9516
6232 9789
6232 11270
6362 7855
6362 8409
6373 6429
6373 6945
6373 7073
6373 7769
6373 8190
6373 9565
6373 11216
6373 11242
6373 11276
6373 11310
6373 11340
6373 11347
6373 11371
6389 9323
6389 11246
6389 11257
6429 7391
6429 9323
6429 10054
6429 11023
6429 11160
6429 11203
6429 11216
6429 11234
6429 11269
6429 11384
6431 8124
6435 11340
6448 6596
6448 7960
6448 8197
6448 8901
6448 9919
6448 10206
6448 10347
6448 11158
6448 11172
6448 11277
6448 11318
6467 11272
6494 11275
6494 11306
6498 6704
6498 7319
6498 7548
6498 7589
6498 8197
6498 8981
6498 9683
6498 10055
6498 10780
6498 10918
6498 10963
6498 11167
6498 11246
6498 11402
6548 7041
6548 8409
6566 10304
6576 6779
6576 9425
6576 10273
6576 11292
6596 8121
6596 8970
6596 10879
6596 11056
6596 11288
6596 11367
6618 10166
6618 10967
6618 11330
6618 11340
6619 11417
6640 11221
6678 8712
6692 11269
6708 10054
6708 10420
6708 11204
6708 11252
6708 11260
6708 11264
6756 11365
6779 8197
6779 8656
6779 8961
6779 10633
6779 10717
6779 11155
6779 11221
6779 11287
6779 11323
6779 11328
6779 11400
6779 11413
6800 8409
6800 11183
6816 10416
6867 11294
6873 10134
6916 11115
6938 8197
6945 9323
6945 11261
6945 11325
6945 11340
6982 7620
6982 8409
6982 9292
6982 9871
6982 10166
6982 11159
7034 11013
7034 11087
7041 8409
7073 9152
7074 8147
7097 8197
7110 9092
7119 9925
7119 11165
7119 11182
7127 10558
7128 8409
7128 11203
7236 11305
7281 9929
7281 10273
7290 7620
7290 8298
7290 8969
7290 9323
7290 9536
7290 11023
7290 11257
7290 11272
7290 11360
7290 11421
7290 11425
7329 8409
7335 9954
7335 10166
7335 10461
7335 10713
7335 11037
7382 9998
7391 8297
7391 9169
7391 9246
7391 9323
7391 9744
7391 10206
7391 11066
7391 11256
7391 11294
7391 11312
7391 11340
7391 11397
7433 9152
7433 9323
7481 8197
7481 11276
7510 11179
7589 11276
7589 11340
7589 11371
7589 11392
7620 11064
7624 10203
7647 9342
7647 9911
7647 11274
7658 10203
7692 11072
7697 8409
7737 11269
7749 8712
7749 9152
7801 9323
7801 11116
7801 11340
7801 11420
7839 11161
7851 8197
7855 9613
7855 9939
7855 9954
7855 10201
7855 10203
7855 10558
7855 11201
7855 11241
7855 11278
7855 11307
7855 11377
7870 11064
7871 8197
7871 10040
7871 10166
7945 11276
7945 11422
7960 10321
7969 11340
8015 10645
8067 11155
8085 8917
8093 10181
8093 10411
8099 11338
8121 8970
8121 11402
8124 11400
8124 11401
8144 9152
8147 11242
8164 8197
8197 8260
8197 8298
8197 8608
8197 8970
8197 9285
8197 9474
8197 9610
8197 9954
8197 10054
8197 10184
8197 10420
8197 10558
8197 10633
8197 10713
8197 10925
8197 11023
8197 11153
8197 11207
8197 11230
8197 11237
8197 11241
8197 11252
8197 11266
8197 11293
8197 11311
8197 11340
8197 11375
8197 11379
8197 11384
8197 11409
8208 8409
8208 9428
8212 9722
8218 8738
8224 9152
8225 8409
8272 9124
8272 10166
8272 11345
8276 11156
8276 11201
8281 11224
8298 8484
8298 8912
8298 8970
8298 9536
8298 10465
8298 11037
8298 11115
8298 11267
8298 11388
8333 10465
8409 9113
8409 10925
8409 10962
8409 11183
8409 11228
8409 11318
8409 11327
8409 11334
8409 11411
8411 10465
8469 10054
8484 8961
8493 10959
8507 9156
8561 11179
8608 11064
8613 10713
8626 9432
8698 9235
8724 11334
8796 9285
8824 10321
8824 10972
8824 11161
8824 11310
8824 11359
8888 10558
8901 9152
8908 11272
8917 10656
8917 11163
8917 11271
8965 10054
8970 11023
8970 11234
8970 11285
8970 11295
8970 11311
8970 11344
8970 11350
8974 11340
8980 11009
8980 11418
8981 9124
9124 10166
9137 9789
9147 10347
9152 10272
9152 10763
9152 10972
9152 11276
9152 11320
9161 11142
9168 10938
9168 11177
9168 11334
9169 11192
9241 10166
9323 9998
9323 10954
9323 11305
9341 10465
9379 11267
9425 11083
9469 11267
9472 11342
9536 11376
9565 11276
9565 11304
9565 11354
9613 11317
9629 11400
9647 11340
9683 11299
9722 11142
9722 11291
9744 11256
9776 11340
9789 11117
9789 11136
9789 11178
9825 11340
9851 11344
9882 10347
9898 11340
9925 11152
9929 10273
9939 10054
9939 11278
9958 11066
9958 11276
9958 11286
9958 11397
9962 10347
9977 10780
10027 11402
10040 10273
10040 10969
10040 11064
10040 11340
10040 11371
10054 11384
10054 11421
10068 10416
10068 11027
10068 11369
10093 11340
10166 10177
10166 11104
10166 11180
10166 11198
10166 11213
10166 11251
10166 11307
10166 11336
10185 10272
10185 11148
10203 11378
10272 11115
10273 11349
10289 11105
10347 11339
10366 11281
10425 11116
10461 11251
10465 11355
10495 11282
10566 11251
10660 11155
10717 11284
10745 11208
10903 10965
10938 11064
10954 11340
10967 11293
10995 11129
10995 11255
11019 11064
11028 11061
11037 11350
11061 11095
11061 11129
11061 11221
11061 11274
11061 11362
11064 11395
11064 11408
11066 11214
11066 11326
11075 11253
11085 11126
11087 11249
11129 11340
11145 11208
11153 11154
11165 11182
11169 11174
11179 11193
11194 11195
11203 11205
11214 11283
11241 11377
11241 11386
11243 11244
11267 11329
11267 11331
11267 11362
11268 11274
11270 11274
11270 11335
11272 11273
11274 11340
11276 11386
11315 11316
11315 11319
11322 11325
11329 11364
11330 11368
11340 11348
11340 11357
11340 11410
11340 11415
11341 11342
11354 11374
11375 11376
11382 11383
11400 11401
