0 11723
0 12434
2 2529
2 5720
7 1786
7 2299
7 12469
7 12882
13 96
13 1002
13 2820
13 2825
13 3065
13 3158
13 5440
13 6779
13 7855
13 10273
13 11464
13 12202
14 134
14 6109
19 7749
25 4765
26 158
26 559
26 12690
26 12928
28 138
28 572
28 762
28 852
28 1255
28 2118
28 3030
28 4031
28 4783
28 4873
28 5468
28 5658
28 5926
28 8197
28 8363
28 8885
28 12896
29 190
29 762
29 4026
29 4848
29 7230
29 8411
29 8739
29 12469
29 12756
29 12943
37 1256
37 2313
37 2762
37 4117
41 46
41 1687
41 11051
41 12356
41 12648
42 559
42 1709
42 2313
42 2316
42 3107
42 3592
42 5366
42 5616
42 10040
42 12927
43 76
43 134
43 1056
43 1658
43 1877
43 2453
43 3158
43 4589
43 4746
43 5065
43 5493
43 7710
43 7741
43 8085
43 8197
43 9658
43 10846
43 11141
43 11340
43 11489
43 12341
43 12565
43 12674
43 12792
43 12864
43 12934
43 12940
46 729
46 12434
48 572
59 153
59 1321
59 2256
59 5041
59 5682
59 8197
59 12811
64 762
64 1365
64 2488
64 2670
64 2756
64 6800
64 9292
70 568
70 9565
70 10604
70 12372
70 12831
72 1255
73 226
73 762
73 1169
73 1255
73 1256
73 2488
73 2816
73 4226
73 9573
73 9829
73 11159
73 12747
73 12770
75 8121
76 158
76 412
76 572
76 881
76 1115
76 1521
76 3636
76 3826
76 3856
76 3947
76 5278
76 5616
76 6122
76 7465
76 10268
76 11340
76 11582
76 11696
76 11797
76 12729
76 12795
76 12811
80 11051
83 158
83 221
83 572
83 703
83 2437
83 2529
83 3158
83 3171
83 5649
83 6203
83 6467
83 7081
83 8379
83 9323
83 9469
83 12779
83 12843
84 881
84 8197
84 11582
88 201
88 762
88 1255
88 2389
88 11912
88 12372
88 12811
93 12253
95 4188
96 97
96 190
96 226
96 433
96 461
96 2650
96 2825
96 3030
96 3158
96 3505
96 5141
96 5468
96 8363
96 9977
96 12795
97 8363
97 9421
102 2019
108 2062
109 12434
110 134
110 348
110 647
110 1658
110 1824
110 2324
110 2825
110 3405
110 6108
110 10558
110 11340
110 11568
110 12733
110 12785
110 12793
110 12805
110 12895
114 412
114 5166
115 2529
115 11779
117 729
117 1255
117 1917
117 4822
117 5119
117 5966
117 6373
117 7391
117 9323
117 11340
120 3381
120 9683
122 12901
124 138
128 572
128 10268
130 2767
130 3253
130 4746
130 10268
130 12434
132 572
133 5468
134 221
134 572
134 5366
134 5616
134 6982
134 7391
134 8164
134 8272
134 10409
134 12253
134 12255
134 12469
134 12785
138 206
138 460
138 659
138 730
138 762
138 1115
138 1206
138 1255
138 1365
138 1381
138 1422
138 1972
138 2158
138 2299
138 2437
138 2529
138 2598
138 2773
138 2786
138 2845
138 3030
138 4392
138 4680
138 4765
138 4802
138 4886
138 5012
138 5270
138 5699
138 6816
138 6965
138 7230
138 7391
138 7710
138 7801
138 7946
138 8015
138 8474
138 10068
138 10706
138 11103
138 11656
138 11779
138 12341
138 12434
138 12469
138 12676
138 12680
138 12704
138 12729
138 12747
138 12756
138 12786
138 12811
138 12832
138 12896
138 12906
138 12911
138 12913
141 1732
145 1255
151 4026
151 5785
151 12712
151 12754
153 297
153 1256
153 1321
153 1335
153 1365
153 1459
153 1704
153 2762
153 2767
153 2868
153 5263
153 5306
153 5362
153 5637
153 6816
153 8085
153 9469
153 10713
153 10868
153 11340
153 11422
153 11582
153 11728
153 12332
153 12751
153 12760
153 12766
153 12819
153 12882
153 12894
153 12915
154 8195
156 4731
156 6448
156 11605
158 1300
158 1319
158 1365
158 2255
158 2598
158 2786
158 3030
158 4746
158 5041
158 6429
158 6503
158 6619
158 6982
158 8474
158 10040
158 10347
158 10604
158 10846
158 11340
158 11397
158 11582
158 11605
158 12680
158 12756
158 12760
158 12771
158 12800
158 12858
158 12905
168 519
168 12434
172 9610
172 12731
190 559
190 659
190 2786
190 2888
190 3951
190 8948
190 10632
196 455
196 4059
196 6062
196 7252
196 8512
196 9152
196 11335
196 12709
196 12830
196 12832
196 12857
196 12898
196 12914
201 455
201 852
201 1200
201 1255
201 1256
201 1365
201 1539
201 2299
201 2529
201 2868
201 3313
201 3380
201 3636
201 4605
201 4886
201 4924
201 6500
201 8197
201 12341
201 12694
201 12775
201 12776
201 12811
201 12911
201 12918
201 12936
204 12715
206 3887
221 297
221 549
221 577
221 1242
221 1268
221 2019
221 3158
221 7081
221 9469
221 11340
221 12735
223 572
226 8682
240 572
240 1255
240 7961
253 3592
253 9543
253 10011
253 12719
258 2158
258 4771
258 11597
258 11799
258 12356
258 12680
267 12702
289 12501
297 2784
297 3488
297 3882
297 11531
297 11799
297 12395
297 12690
297 12914
298 6619
302 2437
304 2231
304 6161
311 1115
315 1985
315 7391
315 8512
315 11205
315 12693
330 9536
338 559
338 10930
348 836
348 968
348 1680
348 1824
348 2513
348 3298
348 3405
348 3882
348 4419
348 4570
348 4882
348 5966
348 6389
348 6779
348 8474
348 9610
348 10846
348 11340
348 11381
348 12709
348 12793
348 12804
348 12805
351 9683
370 1563
370 12421
374 455
374 467
374 3984
374 9168
374 11038
374 12674
374 12688
374 12689
383 536
383 572
383 712
383 774
383 2248
383 2756
383 3065
383 3364
383 3636
383 4117
383 4507
383 5362
383 7961
383 12604
383 12890
394 12269
394 12883
403 4860
407 919
407 1242
407 1432
410 12885
412 613
412 729
412 839
412 881
412 2231
412 5615
412 5616
412 9245
412 11220
412 11340
414 1198
423 1256
423 9152
424 2437
431 12881
432 1144
432 2762
432 5550
432 10011
433 8363
433 12784
442 1256
442 3636
442 10040
442 12469
442 12756
442 12771
444 6203
444 11340
444 12832
447 613
447 12255
449 2437
455 536
455 572
455 1365
455 1563
455 1831
455 2767
455 3381
455 4187
455 4746
455 6062
455 6203
455 6448
455 6885
455 7742
455 8197
455 8981
455 9152
455 11340
455 11908
455 12253
455 12323
455 12671
455 12690
455 12756
455 12882
458 8343
461 2342
467 659
467 1917
467 4536
467 6284
467 6596
467 6982
467 10154
467 11808
467 12523
467 12944
490 12783
506 12941
510 12729
528 4092
528 5237
528 5272
528 6324
528 7465
528 8608
528 8981
528 10040
528 10780
528 12416
528 12683
528 12846
536 1831
536 5331
536 12742
556 1531
556 3364
556 3636
556 6203
556 12711
559 1255
559 8197
559 9978
559 10930
565 10519
568 2268
568 2299
568 7961
568 12421
568 12934
570 3856
572 599
572 689
572 729
572 897
572 1030
572 1106
572 1268
572 1636
572 1755
572 1996
572 2255
572 3687
572 3826
572 3830
572 4226
572 5270
572 5468
572 5674
572 6982
572 7634
572 8197
572 11141
572 11464
572 11489
572 12614
572 12735
573 10930
573 11723
573 12345
577 904
577 1563
577 2786
577 2821
577 4059
577 4798
577 6389
577 6467
577 7097
577 7252
577 7391
577 8197
577 8379
577 9323
577 9469
577 11489
577 12125
577 12421
577 12693
577 12718
577 12725
577 12832
577 12871
577 12878
580 881
592 9683
608 852
608 3313
608 12690
610 1013
610 2057
610 2158
610 2762
610 3984
610 4465
610 12709
610 12765
613 2868
613 10011
613 11259
613 12341
613 12848
613 12880
613 12939
618 703
618 1177
618 1550
618 2762
618 2816
618 2954
618 6389
618 6467
618 11397
618 12164
618 12323
618 12523
618 12686
618 12690
618 12757
618 12791
618 12832
618 12871
618 12910
621 762
621 1550
621 6650
621 9323
621 12460
621 12680
621 12816
621 12832
621 12843
634 6203
634 12719
636 897
636 4746
636 12810
636 12876
641 12737
647 2255
647 3405
656 3158
656 12735
659 4187
659 4746
659 5119
659 6373
659 6982
659 7801
659 10347
659 12756
659 12804
682 9565
682 11340
686 5681
690 8913
696 9649
700 3107
703 1917
703 2650
712 7391
712 8379
729 762
729 897
729 928
729 1177
729 1454
729 2316
729 2437
729 3030
729 4523
729 5926
729 6162
729 6373
729 6782
729 7104
729 7290
729 7961
729 8197
729 8411
729 8712
729 8843
729 10040
729 10068
729 11495
729 11947
729 12709
729 12748
729 12757
729 12817
729 12824
729 12895
730 762
730 1255
730 4188
736 12821
760 2437
762 852
762 1206
762 1255
762 1256
762 1539
762 1786
762 1904
762 2437
762 2529
762 2816
762 2820
762 3030
762 3313
762 4031
762 4116
762 5270
762 5550
762 5720
762 5982
762 6817
762 7391
762 8941
762 10846
762 11159
762 11305
762 11605
762 11751
762 11779
762 12665
762 12676
762 12677
762 12682
762 12738
762 12741
762 12747
762 12891
771 10874
773 12794
774 1531
774 2764
774 4092
774 12772
779 1977
779 6429
779 11464
779 12795
781 10293
789 897
789 1169
789 2223
789 6203
789 10604
789 11340
801 4011
801 6448
803 897
803 3708
803 3882
803 4113
803 5831
805 6498
805 10918
817 8197
820 3158
821 12651
821 12738
821 12754
836 2962
836 6467
836 7710
836 9321
836 9469
836 12896
836 12906
837 897
837 5682
837 6373
837 10011
837 10040
837 11141
837 12372
837 12824
837 12854
837 12881
839 881
839 5065
839 10604
839 11489
839 12090
846 3405
846 6108
846 9610
851 1824
852 1256
852 2437
852 2756
852 2762
852 3313
852 3595
852 3707
852 4846
852 5362
852 5615
852 5720
852 6419
852 6800
852 6816
852 6917
852 6947
852 7230
852 7801
852 7961
852 10203
852 11340
852 11582
852 11760
852 11779
852 12206
852 12419
852 12680
852 12710
852 12757
852 12770
852 12773
852 12818
852 12868
852 12880
852 12924
873 2756
873 10789
881 1057
881 1365
881 1531
881 4117
881 4866
881 5493
881 6779
881 7465
881 12691
881 12726
881 12754
881 12763
881 12846
895 10203
897 1242
897 1365
897 1454
897 2428
897 2786
897 2845
897 3307
897 3381
897 3636
897 3816
897 3984
897 4092
897 4390
897 4839
897 5682
897 5831
897 6161
897 6373
897 6817
897 6916
897 7290
897 7391
897 7397
897 7963
897 8604
897 9323
897 9469
897 9565
897 10068
897 10592
897 10913
897 11076
897 11326
897 11340
897 11683
897 11947
897 12022
897 12434
897 12550
897 12614
897 12795
897 12840
897 12849
897 12851
897 12852
897 12888
900 12840
904 3171
904 4187
904 6128
904 7391
904 12816
911 5272
919 1242
921 1917
921 12685
928 4632
928 12714
946 8472
963 6128
963 7230
963 11597
963 12789
963 12821
963 12831
968 2437
968 7710
968 12785
968 12883
993 2816
1002 2286
1002 2762
1002 3405
1002 4058
1002 4746
1002 6108
1002 6779
1002 10268
1002 10631
1002 11427
1002 12565
1002 12719
1002 12785
1002 12879
1002 12895
1006 1255
1006 12760
1012 1612
1028 3072
1036 4591
1036 4997
1036 5550
1036 10846
1036 12532
1041 12700
1044 5119
1044 5616
1044 6779
1044 9708
1044 11328
1056 1709
1056 5272
1056 12341
1057 1704
1057 4746
1057 5065
1057 5720
1057 7034
1057 11666
1057 12070
1057 12932
1106 3381
1106 3636
1106 7290
1106 7944
1106 8197
1106 8466
1106 11103
1106 12237
1106 12846
1106 12847
1106 12906
1115 12501
1115 12677
1115 12682
1115 12905
1115 12937
1122 12700
1140 4092
1140 4839
1140 6301
1144 3636
1144 3984
1144 4188
1144 4746
1144 8974
1144 9596
1144 9683
1144 10011
1144 10604
1144 12372
1144 12612
1144 12707
1144 12709
1144 12902
1148 4216
1148 11696
1177 1985
1177 2762
1177 2767
1177 11340
1177 12840
1179 12788
1198 6373
1205 2437
1206 1256
1206 1365
1206 2158
1206 2437
1206 2816
1206 3388
1206 4113
1206 4187
1206 6203
1206 7801
1206 10592
1206 11340
1206 12665
1206 12721
1206 12746
1223 6945
1223 11531
1232 3984
1235 6124
1242 1375
1242 1540
1242 1848
1242 2786
1242 5125
1242 5362
1242 5366
1242 5616
1242 7710
1242 11533
1242 12674
1255 1786
1255 2255
1255 2437
1255 2786
1255 2888
1255 4419
1255 4546
1255 4746
1255 4771
1255 5100
1255 5270
1255 5468
1255 5658
1255 5992
1255 6498
1255 7335
1255 7457
1255 8043
1255 10268
1255 10280
1255 10889
1255 11305
1255 11463
1255 12565
1255 12747
1255 12771
1255 12832
1255 12875
1255 12918
1255 12919
1255 12931
1256 1691
1256 2488
1256 2762
1256 3313
1256 3707
1256 4746
1256 4846
1256 5440
1256 6817
1256 6917
1256 8712
1256 10203
1256 11340
1256 12341
1256 12680
1256 12690
1256 12694
1256 12721
1256 12746
1256 12747
1256 12770
1256 12790
1256 12813
1256 12818
1256 12858
1264 2437
1264 3484
1264 12090
1264 12785
1265 9469
1268 2053
1268 2062
1268 8164
1268 8712
1268 10273
1268 10311
1268 11427
1268 11489
1268 11605
1268 12680
1268 12749
1268 12760
1268 12780
1278 2775
1280 12856
1290 2437
1290 12735
1298 1917
1298 10930
1298 11779
1318 12896
1319 3030
1321 1459
1321 2603
1321 3947
1335 12911
1359 2762
1359 3030
1359 6779
1359 12797
1359 12822
1361 3636
1361 12809
1361 12892
1365 2158
1365 2529
1365 2762
1365 2919
1365 3313
1365 4113
1365 4187
1365 4771
1365 6982
1365 8282
1365 11076
1365 12253
1365 12756
1365 12810
1365 12840
1369 4216
1369 11427
1369 12614
1375 6248
1375 10631
1375 12660
1402 6324
1413 2762
1413 3158
1413 3826
1413 6498
1413 9708
1413 11340
1413 11779
1413 12739
1413 12740
1413 12795
1413 12810
1413 12824
1422 12253
1422 12341
1483 6373
1517 5125
1517 6248
1517 7097
1517 12614
1521 4216
1521 8948
1521 10011
1521 11141
1527 11489
1527 12785
1529 5468
1529 6498
1531 1604
1531 1985
1531 2254
1531 2756
1531 2762
1531 2919
1531 3307
1531 3364
1531 3636
1531 3707
1531 5065
1531 5615
1531 6189
1531 7465
1531 7801
1531 9168
1531 9245
1531 9323
1531 10040
1531 10867
1531 11340
1531 12469
1531 12570
1531 12701
1531 12734
1531 12742
1531 12772
1531 12797
1531 12810
1531 12832
1531 12889
1531 12944
1539 1941
1539 2437
1539 3030
1539 6301
1539 12729
1540 2245
1540 4117
1540 4746
1540 5272
1540 12734
1543 11907
1550 6429
1550 7391
1563 3107
1563 6373
1563 12614
1563 12738
1563 12755
1571 8197
1571 12839
1604 9168
1604 12864
1604 12872
1605 12664
1610 12935
1636 2868
1636 5065
1636 6324
1636 8724
1636 9168
1636 11051
1657 7391
1657 11340
1658 11305
1658 12161
1660 12702
1664 12759
1687 2313
1687 11051
1689 8608
1704 2767
1704 6389
1704 9152
1709 1779
1709 3166
1709 3951
1709 5948
1709 6108
1709 11489
1709 12090
1709 12676
1709 12785
1709 12795
1709 12834
1709 12841
1724 7749
1724 8682
1742 8363
1752 12709
1752 12798
1763 3488
1786 1917
1786 5272
1786 6373
1786 6596
1786 8642
1786 11817
1786 12469
1786 12860
1787 12612
1788 3166
1788 5141
1788 10347
1788 12760
1794 4117
1804 12804
1804 12865
1804 12899
1812 12847
1818 12255
1831 4507
1854 1877
1854 6362
1863 12804
1863 12814
1863 12832
1875 5616
1875 10040
1875 11108
1877 2158
1877 4997
1877 5468
1877 7611
1877 10930
1877 11340
1877 11489
1877 12870
1877 12883
1877 12895
1879 3030
1879 5891
1879 6429
1879 8197
1879 12090
1879 12718
1915 12878
1917 2255
1917 3158
1917 3541
1917 5891
1917 6429
1917 6596
1917 6619
1917 7397
1917 8164
1917 9157
1917 10930
1917 11779
1917 11808
1917 12090
1917 12245
1917 12299
1917 12582
1917 12651
1917 12761
1917 12795
1917 12812
1917 12832
1917 12912
1917 12928
1960 12522
1971 11568
1972 2118
1972 3843
1972 4523
1972 4632
1972 4746
1972 5415
1972 5550
1972 5864
1972 8682
1972 10347
1972 10438
1972 11779
1972 12421
1972 12830
1985 2156
1985 2428
1985 2762
1985 3636
1985 4188
1985 12253
1985 12840
1985 12924
1994 5822
1995 2118
1995 8411
2019 3125
2019 12760
2024 11340
2027 3283
2027 6108
2027 7391
2027 11475
2027 11489
2027 12444
2027 12695
2027 12910
2027 12918
2052 9446
2053 2204
2053 12465
2057 10068
2057 12840
2062 7230
2089 11722
2102 3984
2105 6362
2118 5550
2118 12716
2118 12871
2126 3158
2131 6448
2148 12812
2149 6811
2156 2762
2156 2868
2156 3947
2156 4488
2156 4839
2156 7391
2156 12323
2158 2472
2158 3283
2158 3984
2158 4771
2158 7230
2158 7391
2158 7674
2158 8119
2158 10604
2158 11582
2158 12773
2158 12824
2192 3158
2223 8197
2231 3636
2231 8067
2231 8197
2231 12672
2240 3307
2245 4117
2245 12734
2254 3636
2254 5493
2254 6779
2254 12312
2255 2437
2255 2919
2255 3158
2255 5948
2255 11475
2255 11582
2255 11723
2255 12466
2255 12620
2255 12680
2256 2868
2256 5550
2256 6982
2256 9469
2256 9841
2256 12832
2284 5926
2299 2845
2299 11037
2313 3636
2313 5625
2313 12570
2319 7741
2324 2787
2324 11489
2324 12466
2333 12785
2334 5682
2334 5831
2334 9152
2342 2529
2342 4117
2355 10713
2355 12895
2355 12915
2381 11244
2381 12777
2389 2472
2389 6788
2389 7391
2389 8796
2389 12927
2393 3030
2399 3573
2399 12927
2423 5948
2428 2762
2428 6203
2428 8732
2428 12915
2437 2816
2437 3313
2437 3856
2437 3954
2437 4058
2437 4419
2437 4507
2437 4723
2437 4886
2437 5270
2437 5893
2437 6947
2437 11103
2437 11340
2437 11489
2437 12466
2437 12758
2437 12759
2453 5373
2453 6945
2453 11514
2455 10314
2455 11799
2472 5439
2472 9610
2472 12090
2488 12670
2488 12743
2488 12746
2488 12747
2504 11808
2513 3826
2529 2756
2529 3313
2529 3578
2529 3636
2529 3707
2529 4113
2529 4117
2529 4924
2529 5102
2529 5864
2529 6122
2529 6650
2529 6800
2529 6947
2529 7710
2529 9882
2529 10011
2529 10068
2529 10347
2529 10780
2529 11582
2529 12227
2529 12465
2529 12469
2529 12501
2529 12614
2529 12694
2529 12729
2529 12736
2529 12746
2529 12747
2529 12765
2529 12875
2529 12879
2529 12882
2534 11582
2592 5157
2598 11340
2599 12727
2603 9829
2603 12676
2628 8093
2628 12430
2650 5831
2650 11340
2650 12469
2650 12728
2650 12734
2669 5412
2670 4488
2694 3856
2694 8164
2694 12829
2739 5625
2739 12930
2750 12874
2756 2919
2756 3313
2756 4113
2756 4680
2756 5036
2756 5041
2756 6548
2756 6800
2756 6917
2756 8566
2756 12694
2756 12736
2756 12746
2756 12769
2756 12826
2756 12890
2762 2919
2762 2956
2762 3545
2762 4117
2762 4839
2762 5041
2762 6916
2762 6982
2762 8282
2762 10273
2762 11340
2762 12152
2762 12174
2762 12706
2762 12708
2762 12804
2762 12840
2764 4092
2764 5272
2767 4092
2767 4117
2767 5272
2767 5615
2767 7230
2767 7801
2767 9152
2767 11108
2767 11340
2767 11908
2767 12279
2767 12323
2767 12669
2767 12696
2767 12701
2767 12704
2767 12728
2767 12765
2767 12942
2775 5831
2784 12692
2786 4216
2786 6982
2786 12680
2786 12832
2787 7855
2787 11489
2816 2919
2816 3030
2816 6448
2816 6947
2816 12245
2816 12680
2816 12702
2816 12811
2816 12871
2820 4117
2820 7961
2820 12680
2820 12702
2820 12729
2821 4135
2821 5938
2821 7391
2821 9323
2825 8197
2825 9245
2826 7196
2845 7782
2845 10068
2868 3636
2868 3947
2868 4839
2868 5049
2868 5065
2868 5831
2868 9168
2868 11141
2868 12341
2868 12909
2888 9421
2888 11489
2912 12676
2915 9245
2919 4117
2919 4236
2919 8119
2919 11340
2919 12680
2919 12690
2919 12808
2943 4746
2943 6128
2943 12946
2956 3158
2956 3592
2956 5616
2956 7097
2956 7710
2956 8124
2956 8197
2956 9245
2956 9323
2956 12570
2956 12915
2958 12411
2970 4523
3030 3826
3030 4783
3030 5141
3030 5415
3030 5926
3030 7391
3030 8043
3030 8197
3030 12806
3030 12920
3041 12727
3072 3636
3072 3984
3072 4839
3072 6109
3072 7741
3072 9829
3072 11779
3072 12698
3107 12883
3113 3313
3122 12532
3125 5272
3125 12862
3155 7760
3155 12087
3155 12746
3158 3461
3158 4523
3158 5471
3158 5615
3158 7465
3158 10011
3158 10273
3158 11340
3158 11489
3158 11582
3158 12565
3158 12614
3158 12735
3158 12785
3158 12793
3158 12810
3166 4031
3166 5468
3166 8363
3166 8411
3166 12716
3171 4026
3171 4117
3171 4746
3171 4798
3171 6429
3171 12761
3195 4026
3238 7391
3238 11577
3239 4026
3283 6373
3313 4113
3313 4366
3313 4746
3313 4886
3313 5270
3313 6816
3313 6817
3313 6917
3313 6947
3313 8732
3313 11328
3313 12743
3313 12747
3313 12813
3313 12858
3364 3636
3364 4839
3380 4746
3380 5649
3380 9245
3380 11533
3380 12729
3381 4117
3381 4746
3381 6498
3381 6817
3381 6982
3381 9683
3381 12795
3381 12888
3388 11340
3405 4882
3405 5948
3405 7127
3405 11489
3405 12833
3409 12651
3447 12699
3461 12245
3487 10730
3515 3856
3515 7230
3526 12825
3528 10930
3541 4187
3541 12762
3541 12881
3545 3592
3545 12804
3573 4117
3573 4216
3573 6982
3573 8195
3573 12358
3578 12813
3578 12818
3592 6945
3592 7391
3592 9152
3592 10789
3592 11340
3592 12245
3592 12614
3595 12746
3624 6498
3636 3800
3636 4200
3636 5615
3636 6203
3636 6324
3636 8739
3636 10040
3636 10273
3636 10780
3636 11103
3636 12469
3636 12640
3636 12691
3636 12754
3636 12771
3636 12772
3636 12797
3636 12863
3636 12913
3636 12933
3648 12245
3648 12902
3707 6800
3707 11037
3707 12779
3708 3882
3727 6885
3798 9292
3798 12710
3816 3984
3826 9472
3826 9565
3826 11141
3826 11779
3826 12795
3826 12881
3836 4144
3843 6373
3843 11340
3843 12932
3856 4886
3856 5353
3856 6817
3856 11103
3882 6429
3882 6945
3882 11259
3882 11531
3882 12929
3887 12756
3893 12832
3947 4839
3947 12739
3950 12719
3951 12719
3953 5272
3953 6324
3953 12469
3954 5801
3954 6947
3969 6108
3969 12469
3975 11489
3975 12269
3975 12859
3984 4092
3984 4187
3984 4839
3984 5265
3984 5366
3984 5682
3984 6109
3984 6373
3984 7433
3984 9394
3984 9596
3984 9658
3984 10040
3984 11779
3984 12022
3984 12227
3984 12306
3984 12395
3984 12434
3984 12469
3984 12826
4000 7434
4011 7252
4011 8085
4011 12676
4011 12718
4026 5560
4031 5415
4031 12676
4032 10011
4048 12855
4058 5366
4058 10273
4058 12747
4059 5550
4080 10816
4090 12814
4090 12821
4092 5272
4092 6324
4092 7491
4092 11597
4092 12570
4092 12701
4092 12723
4092 12737
4092 12750
4092 12756
4092 12772
4092 12838
4113 5041
4113 5857
4113 6618
4113 6800
4113 6817
4113 6947
4113 11340
4113 11489
4113 12747
4117 4746
4117 4771
4117 5041
4117 5493
4117 5616
4117 6189
4117 6982
4117 7801
4117 8195
4117 8282
4117 8474
4117 9633
4117 11340
4117 11683
4117 12253
4117 12469
4117 12555
4117 12675
4117 12680
4117 12690
4117 12709
4117 12734
4117 12747
4117 12756
4117 12767
4117 12768
4117 12771
4117 12796
4117 12797
4117 12804
4117 12858
4117 12875
4117 12879
4117 12880
4117 12882
4117 12903
4140 9326
4144 12916
4144 12917
4157 11568
4157 12666
4187 4746
4187 5272
4187 6982
4187 8711
4187 9596
4187 10040
4187 10868
4187 12356
4187 12698
4187 12744
4187 12774
4187 12775
4187 12844
4188 4746
4188 4765
4200 5272
4216 4384
4216 4507
4216 6448
4216 8195
4216 9658
4216 9829
4216 10011
4216 12565
4216 12780
4216 12904
4234 4848
4236 4382
4239 12306
4358 5270
4366 5560
4370 5439
4370 12245
4370 12828
4382 6982
4382 12332
4382 12364
4390 12674
4393 10409
4419 4546
4419 4882
4419 6788
4419 7127
4419 8197
4419 9610
4419 11489
4419 12785
4456 12651
4456 12725
4465 8411
4465 11489
4465 12709
4493 6619
4507 8067
4507 10273
4523 11489
4536 4632
4536 5272
4536 6596
4536 12358
4536 12582
4536 12944
4546 9610
4562 7391
4577 9565
4605 10068
4615 12729
4632 4731
4632 8043
4632 8411
4632 10311
4632 11495
4632 12601
4632 12714
4680 6947
4723 12429
4731 9658
4731 10604
4731 12090
4731 12674
4746 4765
4746 5831
4746 6448
4746 6467
4746 6982
4746 7119
4746 8682
4746 9124
4746 9323
4746 9594
4746 10040
4746 10604
4746 11182
4746 11340
4746 12253
4746 12469
4746 12676
4746 12730
4746 12760
4746 12800
4746 12840
4746 12858
4746 12881
4746 12906
4765 5550
4765 9683
4765 9978
4765 12676
4765 12799
4771 5560
4771 7391
4771 7801
4771 8197
4771 10967
4771 12774
4783 10730
4783 12713
4798 7391
4839 5366
4839 6189
4839 6324
4839 7465
4839 8608
4839 10347
4839 10730
4839 11259
4839 12682
4839 12739
4839 12750
4839 12751
4839 12754
4839 12756
4839 12795
4839 12820
4839 12832
4839 12901
4839 12915
4846 6800
4860 12421
4866 12754
4873 5468
4882 7127
4882 9610
4882 12719
4882 12785
4882 12823
4882 12834
4882 12869
4886 5065
4891 8382
4909 5831
4909 12760
4924 5637
4924 5864
4924 5917
4924 10273
4924 10314
4924 11340
4924 12395
4924 12668
4924 12669
4924 12687
4924 12696
4924 12704
4924 12857
4924 12891
4924 12914
4924 12915
4971 6203
4971 7391
5012 12875
5036 12717
5041 5831
5041 7391
5041 8474
5041 11340
5041 11422
5041 12811
5041 12840
5041 12936
5065 5615
5065 6203
5065 8379
5065 9245
5065 9709
5065 10438
5065 11328
5065 11546
5065 12299
5065 12732
5065 12891
5065 12895
5065 12932
5066 11103
5100 9596
5102 6885
5102 12903
5119 5864
5119 12667
5119 12698
5119 12707
5119 12735
5119 12750
5119 12921
5125 5366
5125 6779
5125 9978
5141 5415
5141 12738
5141 12776
5157 10040
5159 12651
5176 12795
5263 12880
5267 11568
5270 7230
5270 8740
5272 5615
5272 6324
5272 8197
5272 9323
5272 9469
5272 10040
5272 10713
5272 12255
5272 12356
5272 12683
5272 12690
5272 12696
5272 12697
5272 12698
5272 12737
5272 12774
5272 12846
5272 12944
5306 12332
5362 6189
5362 6448
5362 6800
5362 7674
5362 10068
5362 11340
5362 11533
5362 11605
5362 12323
5362 12332
5362 12815
5362 12832
5362 12856
5362 12873
5362 12904
5366 5616
5366 12756
5373 11489
5427 9877
5427 12771
5440 6448
5468 5785
5468 5926
5468 6128
5468 11489
5468 12714
5468 12729
5468 12843
5468 12875
5471 9683
5471 11340
5471 12941
5493 5649
5493 6779
5493 12741
5493 12810
5522 9152
5550 7991
5550 9683
5550 10011
5550 11141
5550 11962
5550 12676
5550 12798
5550 12804
5560 8739
5560 12469
5560 12879
5560 12882
5560 12903
5615 10040
5616 5720
5616 8067
5616 8484
5616 11203
5616 12726
5625 5720
5637 9565
5637 11340
5681 6596
5682 6373
5699 9658
5699 11037
5699 12760
5699 12779
5720 6800
5720 6917
5720 7290
5720 8067
5720 8433
5720 8566
5720 9431
5720 10789
5720 12237
5720 12358
5720 12419
5720 12743
5720 12746
5720 12757
5720 12770
5720 12832
5744 9536
5744 11464
5769 12629
5785 7398
5785 10027
5831 6982
5831 7434
5831 9152
5831 9596
5831 9882
5831 11103
5831 11565
5831 12364
5831 12879
5831 12906
5862 9152
5862 11779
5862 12940
5864 11340
5891 6448
5891 10409
5917 8197
5917 12614
5926 6108
5926 8885
5926 12421
5926 12853
5926 12865
5948 7855
5966 6916
5966 9649
5966 12801
5966 12830
5992 12827
6062 8281
6062 9152
6108 8712
6108 9152
6108 10268
6108 11568
6108 12245
6122 6467
6122 10347
6125 8197
6128 10930
6128 11645
6160 12946
6203 6779
6203 9565
6203 10011
6203 10265
6203 10314
6203 11038
6203 11340
6203 12018
6203 12222
6203 12253
6203 12612
6203 12721
6203 12722
6203 12726
6203 12741
6203 12789
6203 12809
6203 12817
6203 12915
6248 12735
6284 8197
6288 12760
6301 11565
6373 7059
6373 7190
6373 8768
6373 9152
6373 9157
6373 9469
6373 9868
6373 11779
6373 11817
6373 12696
6373 12719
6373 12738
6373 12755
6373 12801
6373 12824
6373 12835
6373 12853
6373 12861
6373 12931
6373 12947
6389 6429
6389 7391
6389 8197
6389 11340
6389 11912
6389 12756
6421 9594
6421 12434
6429 8043
6429 8164
6429 9633
6429 12582
6429 12614
6429 12787
6429 12837
6429 12871
6429 12878
6429 12943
6448 9789
6448 12465
6448 12674
6448 12718
6448 12904
6467 11463
6467 12729
6473 12845
6498 11723
6498 12675
6498 12690
6498 12753
6498 12776
6503 10737
6513 12237
6596 8912
6596 9848
6596 12253
6596 12255
6596 12582
6596 12651
6596 12812
6596 12817
6596 12860
6618 10166
6618 11340
6619 8085
6619 10347
6619 12718
6619 12893
6640 12857
6644 9625
6650 8197
6650 11683
6685 11779
6692 12764
6779 7391
6779 8739
6779 9245
6779 9529
6779 10268
6779 11340
6779 12887
6779 12906
6779 12907
6779 12934
6782 6847
6800 6817
6800 10068
6817 7230
6817 7396
6817 8197
6817 9323
6817 12332
6817 12469
6817 12747
6817 12786
6817 12795
6862 12832
6873 9877
6916 6982
6916 12804
6917 10068
6917 12760
6945 8948
6945 11427
6945 11531
6945 12681
6945 12807
6945 12934
6947 12718
6982 7093
6982 7434
6982 9469
6982 10280
6982 11103
6982 11234
6982 11463
6982 12253
6982 12840
6982 12858
7034 12892
7037 12826
7059 11340
7059 12696
7097 7391
7097 9323
7127 10268
7127 12719
7230 10068
7230 12434
7230 12747
7252 12683
7290 12756
7290 12791
7306 12884
7329 12434
7335 8121
7335 8298
7335 11340
7335 12841
7335 12877
7391 9152
7391 9323
7391 10068
7391 10438
7391 11205
7391 11267
7391 11797
7391 12430
7391 12705
7391 12725
7391 12728
7391 12732
7391 12816
7391 12821
7391 12823
7391 12832
7391 12871
7391 12902
7391 12924
7403 12866
7433 9596
7465 8981
7534 12589
7534 12729
7545 12703
7589 9421
7611 11489
7634 12894
7647 8144
7710 8197
7710 9152
7710 11037
7742 9474
7749 7782
7749 9958
7749 11779
7801 11436
7801 12825
7855 12565
7944 10268
7944 12846
7991 12655
7991 12784
7991 12922
8015 12434
8067 12745
8067 12748
8067 12889
8085 11141
8085 11340
8119 9152
8119 9868
8140 12923
8144 9152
8144 11799
8158 12945
8164 10409
8164 12614
8164 12735
8164 12787
8195 9323
8195 12795
8197 9152
8197 9572
8197 10268
8197 11205
8197 11489
8197 11495
8197 12245
8197 12466
8197 12565
8197 12727
8197 12735
8197 12739
8197 12782
8197 12785
8197 12883
8272 12727
8293 9757
8298 10314
8298 12756
8379 9323
8379 12732
8380 12856
8387 11962
8387 12804
8387 12842
8437 11565
8438 11565
8469 12908
8472 12792
8472 12931
8474 12550
8474 12735
8484 12734
8494 10930
8570 12488
8608 8981
8613 11582
8682 9152
8682 12709
8682 12784
8698 12733
8740 10068
8740 11340
8740 12734
8740 12746
8740 12786
8787 12862
8824 12744
8849 9152
8917 10202
8948 11141
8981 12018
9036 12791
9037 12678
9037 12729
9048 12752
9124 12676
9124 12779
9152 9469
9152 9868
9152 11335
9152 11489
9152 11799
9152 11907
9152 12185
9152 12355
9152 12372
9152 12395
9152 12421
9152 12469
9152 12680
9152 12693
9152 12765
9152 12804
9152 12809
9161 10633
9161 11108
9168 12355
9168 12421
9245 11340
9292 12710
9323 11115
9323 11340
9323 12164
9323 12323
9323 12460
9323 12677
9323 12686
9323 12760
9323 12832
9323 12843
9425 12937
9425 12945
9458 11340
9469 12832
9480 12798
9483 12550
9543 11489
9543 12245
9559 12913
9565 10273
9565 12434
9565 12746
9565 12851
9572 12614
9596 10868
9596 12762
9610 12719
9649 12463
9721 11464
9757 10592
9789 11696
9789 12002
9789 12355
9829 10283
9848 12299
9848 12763
9848 12764
9877 10273
9877 11141
9882 10347
9882 12550
9882 12760
9888 12702
9909 12881
9978 11489
9985 12253
10011 11103
10011 11582
10018 10040
10040 11582
10040 11766
10040 12253
10040 12683
10040 12756
10068 11340
10068 11422
10068 11826
10068 12279
10068 12501
10068 12756
10068 12893
10157 11779
10166 11340
10184 12926
10231 11582
10231 11779
10268 10558
10268 11203
10268 11683
10268 12895
10273 12253
10273 12434
10273 12758
10288 12832
10293 12875
10311 12795
10347 10604
10347 11228
10347 12760
10347 12925
10347 12937
10409 11141
10409 12943
10438 11340
10555 11340
10558 12841
10592 12550
10604 11582
10604 12501
10604 12756
10604 12903
10624 12760
10632 12245
10713 12206
10737 10868
10789 11340
10846 11779
10867 12840
10868 11142
10868 12774
11037 12753
11101 12861
11103 11340
11103 12253
11115 12804
11141 12792
11141 12860
11141 12903
11141 12918
11203 12321
11203 12812
11203 12836
11286 12372
11299 12861
11305 12676
11340 11568
11340 11578
11340 11582
11340 12022
11340 12253
11340 12323
11340 12434
11340 12653
11340 12690
11340 12696
11340 12706
11340 12707
11340 12709
11340 12721
11340 12722
11340 12724
11340 12734
11340 12756
11340 12779
11340 12799
11340 12814
11340 12819
11340 12832
11340 12883
11340 12886
11340 12887
11340 12888
11340 12900
11422 12940
11427 11489
11450 11779
11464 12785
11489 12245
11489 12614
11489 12735
11489 12787
11489 12883
11489 12927
11568 12719
11568 12795
11582 11779
11582 12757
11605 12856
11645 12861
11723 12795
11728 12720
11779 12355
11779 12532
11779 12655
11779 12704
11779 12723
11779 12734
11779 12795
11779 12804
11779 12835
11779 12918
11779 12920
11799 12185
11808 12614
11826 12070
11881 12731
11943 12629
11943 12701
12002 12840
12018 12355
12092 12754
12245 12345
12245 12865
12245 12902
12253 12469
12253 12840
12253 12858
12253 12888
12253 12903
12255 12299
12255 12467
12279 12524
12279 12550
12299 12358
12300 12673
12332 12372
12341 12734
12341 12814
12355 12356
12358 12901
12372 12421
12372 12469
12372 12941
12395 12586
12416 12881
12430 12784
12434 12734
12434 12756
12434 12882
12434 12900
12465 12735
12466 12785
12469 12881
12523 12684
12532 12719
12550 12851
12550 12905
12559 12650
12614 12787
12614 12859
12614 12878
12614 12934
12679 12680
12719 12841
12719 12867
12727 12795
12735 12850
12738 12755
12739 12740
12746 12790
12747 12858
12751 12766
12751 12778
12751 12881
12756 12840
12760 12881
12763 12764
12767 12768
12774 12781
12784 12922
12785 12883
12787 12897
12795 12839
12796 12797
12802 12803
12804 12807
12804 12840
12832 12878
12840 12882
12865 12883
12869 12870
12875 12883
12881 12943
12883 12894
12883 12895
12883 12897
12883 12910
12895 12897
12897 12903
12912 12938
12934 12948
