2 12106
3 17
7 190
8 7230
8 9565
12 948
13 17
13 2437
13 2645
14 29
14 43
14 196
14 1002
14 1013
14 1321
14 1786
14 3835
14 4113
14 4117
14 4771
14 5065
14 9829
14 12434
14 13138
17 573
17 1255
17 1854
17 2669
17 2795
17 3484
17 13231
19 138
19 258
19 1675
19 5265
26 190
26 559
26 3329
26 6161
26 7290
28 729
28 1551
28 2158
28 3032
28 4358
28 4746
28 4822
28 5468
28 6498
28 6817
28 7097
28 7290
28 8197
28 8494
28 9292
28 9565
28 11751
28 11836
28 13059
28 13087
29 42
29 729
29 2767
29 4216
29 4746
29 5652
29 5849
29 8197
29 9152
29 9529
29 10925
29 12702
29 12981
29 13018
29 13072
29 13077
29 13263
30 2428
30 13014
37 12952
38 12727
38 12883
42 114
42 153
42 536
42 1106
42 2437
42 3524
42 4092
42 4117
42 4589
42 6009
42 7034
42 8272
42 10231
42 10440
42 12832
42 13184
42 13218
42 13219
43 59
43 573
43 762
43 1122
43 1166
43 1255
43 1675
43 2453
43 2822
43 4746
43 8338
43 10198
43 10846
43 11489
43 12106
43 12358
43 12469
43 13029
43 13034
43 13102
43 13118
43 13139
43 13263
43 13264
46 12126
48 73
48 138
48 12287
48 12434
56 13032
59 138
59 139
59 153
59 613
59 762
59 1255
59 1312
59 1321
59 2676
59 3882
59 4135
59 4731
59 4839
59 7290
59 8550
59 11267
59 11418
70 12434
73 108
73 138
73 157
73 729
73 762
73 859
73 1206
73 1235
73 1255
73 2062
73 2158
73 2816
73 3030
73 3368
73 3505
73 3707
73 4031
73 5550
73 5658
73 7230
73 7710
73 8941
73 9444
73 12287
73 12760
73 13260
74 1361
75 2674
75 5616
76 196
76 374
76 729
76 1002
76 1255
76 1298
76 1321
76 2158
76 2692
76 4113
76 4116
76 5270
76 6435
76 11103
76 13066
80 11951
83 546
83 610
83 774
83 1861
83 4031
83 8121
83 9529
83 10789
83 13000
83 13246
84 1854
84 2146
88 108
88 138
88 2650
88 8885
88 10377
90 4390
94 563
94 10717
96 968
96 2111
96 3505
96 5141
97 968
97 2111
97 3032
97 3648
97 13016
100 3975
100 5012
100 6389
100 7335
100 8613
100 12719
108 762
108 1206
108 3785
108 8363
108 10377
109 3072
109 3636
110 573
110 846
110 1879
110 1971
110 2437
110 2453
110 2750
110 3405
110 4177
110 4419
110 6108
110 8197
110 10558
110 11464
110 11475
110 11489
110 11751
110 12719
110 12968
110 13006
110 13045
110 13152
110 13224
113 729
114 138
114 153
114 403
114 1995
114 5141
117 1531
117 1625
117 2313
117 7034
117 7820
117 8197
117 11205
122 3636
122 4872
122 5265
122 9307
122 12193
122 13137
123 12734
124 4117
129 897
129 2888
129 6467
130 13039
131 11779
131 12532
131 12973
132 11751
133 1365
133 12193
134 13074
135 7245
135 10409
137 138
138 141
138 258
138 572
138 774
138 1255
138 1256
138 1786
138 1854
138 2158
138 2650
138 2845
138 2868
138 3636
138 4031
138 4771
138 4886
138 5362
138 6498
138 6619
138 6910
138 7290
138 8750
138 9829
138 11418
138 11751
138 12287
138 12469
138 12471
138 12734
138 12832
138 12839
138 12881
138 12913
138 13001
138 13013
138 13035
138 13059
138 13184
138 13246
139 3856
151 1255
151 9421
153 610
153 774
153 873
153 3100
153 3268
153 4092
153 4839
153 5119
153 5615
153 7801
153 8197
153 9396
153 10890
153 11580
153 11964
153 12088
153 12332
153 12434
153 12604
153 12735
153 12881
153 12959
153 13020
153 13038
153 13175
153 13176
154 13086
157 12287
158 572
158 873
158 1170
158 1788
158 4731
158 4746
158 7290
158 7534
158 7801
158 7982
158 8080
158 8750
158 8930
158 10347
158 10604
158 11340
158 11580
158 11605
158 12036
158 12469
158 12839
158 12881
158 12952
158 12957
158 12997
158 13012
158 13018
158 13024
158 13121
158 13132
158 13153
158 13165
158 13184
158 13250
159 12992
170 9958
170 11751
170 12858
172 968
172 2149
172 3484
172 11475
184 12629
190 1298
190 2619
190 3158
190 3951
190 10717
191 1818
196 348
196 573
196 610
196 729
196 852
196 1106
196 1152
196 1206
196 1232
196 1255
196 1321
196 1786
196 1824
196 1863
196 1959
196 2158
196 2767
196 2868
196 3313
196 3545
196 3826
196 4059
196 4216
196 4248
196 4771
196 5468
196 6650
196 7190
196 7391
196 8467
196 9746
196 10889
196 11305
196 12106
196 12426
196 12471
196 12709
196 12858
196 12914
196 12959
196 13037
198 1854
201 5270
201 5615
201 12727
201 12747
201 12959
201 13024
204 13220
221 1148
221 1413
221 2019
221 2919
221 3065
221 5362
221 8197
221 11463
226 4392
226 9529
236 7335
236 11305
238 5682
240 3032
240 5682
247 946
255 9948
258 434
258 467
258 610
258 613
258 774
258 1605
258 1622
258 3030
258 3313
258 3980
258 4771
258 4839
258 5859
258 7230
258 7335
258 8433
258 9323
258 9409
258 9529
258 9757
258 9865
258 11751
258 12480
258 12709
258 12978
258 13132
271 10040
280 3636
280 6618
280 13066
286 12881
287 2389
287 7699
290 3030
295 3535
297 9789
297 13213
302 1206
304 13068
315 577
315 618
315 712
315 1550
315 1774
315 2256
315 2628
315 2821
315 4188
315 5479
315 6650
315 7391
315 9246
315 13147
318 4031
318 4523
318 5550
336 467
345 9469
348 431
348 2324
348 2406
348 2472
348 2521
348 3484
348 4419
348 4943
348 5966
348 6429
348 6788
348 7647
348 8197
348 11241
348 11751
356 1365
374 881
374 898
374 1359
374 1365
374 4839
374 5427
374 6779
374 11103
374 11164
374 12214
374 12469
374 12727
374 12878
374 12885
374 12912
374 12959
374 13037
383 423
383 1365
383 1985
383 13001
399 2767
399 3377
399 10347
403 1106
404 13026
407 1300
407 1786
407 2956
407 3158
407 12883
408 6910
408 9789
408 13132
408 13170
410 13086
412 545
412 634
412 839
412 11340
412 11779
412 13158
412 13197
412 13199
412 13246
423 2428
423 8197
423 11943
423 12036
423 13001
431 456
431 1877
431 1917
431 3030
431 3107
431 6618
431 6942
431 11241
431 11489
433 13016
434 1058
434 7391
435 528
435 1636
435 4746
444 4523
444 4731
444 5720
444 13132
447 4507
447 4839
447 7311
448 1917
448 9776
455 8796
455 13239
467 1636
467 4507
467 11360
467 11936
467 12299
467 12812
467 12836
467 12984
467 13009
467 13020
467 13160
506 2785
506 11463
510 1255
510 3113
510 4358
510 9829
519 1058
528 572
528 1531
528 3636
528 4092
528 8608
528 10040
528 10718
528 11565
528 12471
528 12907
528 12959
528 12996
528 13003
528 13021
528 13024
528 13073
528 13079
528 13105
528 13131
528 13212
536 5849
544 8626
545 12709
546 2696
546 4031
546 7290
546 12358
556 4839
556 5308
556 12233
556 13084
559 3283
563 618
563 13248
565 10908
568 729
568 1917
568 1959
568 4956
568 7391
568 9157
568 9851
568 12874
568 12977
568 13018
570 1206
572 696
572 2019
572 2158
572 2437
572 2820
572 3381
572 4216
572 5699
572 7335
572 11751
572 12883
572 13129
572 13200
572 13211
573 729
573 1255
573 1709
573 1861
573 2118
573 2255
573 2437
573 8197
573 8750
573 9529
573 10369
573 10409
573 11489
573 11836
573 12070
573 13045
573 13185
573 13200
573 13216
577 618
577 2592
577 2919
577 3030
577 4536
577 4943
577 4968
577 6429
577 7230
577 7311
577 7944
577 8068
577 11531
577 12760
577 13074
577 13095
577 13110
577 13209
580 4765
586 12961
599 1255
599 4026
599 13180
608 13257
610 729
610 2529
610 2694
610 3158
610 3453
610 3854
610 5430
610 7190
610 7311
610 7391
610 9152
610 9323
610 9469
610 9565
610 9757
610 10249
610 10789
610 11531
610 12488
610 12801
610 13020
613 4839
613 13167
613 13195
618 1256
618 1861
618 4031
618 4113
618 5084
618 6429
618 6910
618 7290
618 8608
618 9444
618 12358
618 12634
618 13040
618 13095
618 13138
618 13184
621 1622
621 2970
621 4031
621 9444
621 10889
621 12760
621 12961
621 13074
621 13102
621 13114
634 839
634 1255
634 4187
634 6810
634 9829
636 9446
641 6513
647 7790
647 12543
656 708
656 839
656 1917
656 2472
656 3592
656 4419
656 11489
656 12719
659 1177
659 9619
659 11751
682 852
682 2756
682 3313
682 6548
682 9309
686 729
686 1255
686 4536
686 5720
686 12358
708 839
708 1298
708 1563
708 1917
708 6448
708 6619
708 10409
712 2816
727 5362
729 736
729 1135
729 1255
729 1863
729 1879
729 2158
729 2412
729 3030
729 3158
729 3935
729 4419
729 4632
729 4746
729 4771
729 4943
729 4956
729 5948
729 6373
729 6549
729 7290
729 8912
729 9746
729 10705
729 10846
729 11751
729 11912
729 12881
729 13004
729 13016
729 13049
729 13056
729 13178
729 13183
729 13184
729 13225
729 13252
730 1365
730 2756
730 3856
730 4092
736 9323
736 13183
753 5305
760 3072
762 1206
762 1255
762 1593
762 2062
762 2106
762 2158
762 2676
762 3158
762 3313
762 3980
762 4113
762 4956
762 4981
762 5270
762 6982
762 8843
762 8941
762 10321
762 11141
762 11397
762 12036
762 12702
762 12760
762 13027
762 13249
771 12126
774 1531
774 2089
774 2255
774 2437
774 2529
774 2650
774 2764
774 3030
774 3636
774 3980
774 4092
774 5012
774 5272
774 7290
774 8298
774 9409
774 10040
774 10440
774 13066
781 897
781 7290
803 4382
803 13254
821 1786
823 4358
823 10369
824 968
837 1459
837 4382
837 10040
837 11340
837 11779
839 1854
839 4419
839 5012
839 6373
839 7311
839 7335
839 10207
839 10846
839 11103
839 11489
839 11817
839 12735
839 12760
839 12881
839 12994
839 13023
839 13056
839 13102
839 13139
839 13158
839 13196
839 13207
839 13253
846 3000
846 4177
846 4546
846 10781
846 12719
846 13166
852 2756
852 2762
852 3313
852 4366
852 4846
852 5720
852 5849
852 6267
852 6817
852 7230
852 8208
852 8367
852 8409
852 9158
852 9565
852 10440
852 13068
852 13112
852 13154
852 13252
873 10789
873 11340
881 9922
881 11951
881 13009
881 13253
885 8363
891 12913
897 1255
897 1861
897 5550
897 12885
898 1255
898 4589
898 5616
898 6779
898 10268
898 12967
900 12881
904 2158
904 4117
904 13086
911 12299
917 13177
928 13128
928 13200
935 11751
946 1854
946 8472
946 13204
948 3405
948 4419
948 13009
948 13207
968 1877
968 2111
968 2255
968 4216
968 8197
968 9122
968 11489
968 12735
968 12787
968 13189
978 7335
1002 1280
1002 4384
1002 5065
1002 7855
1002 8197
1002 10040
1002 10781
1002 11751
1002 12913
1002 13070
1002 13154
1002 13198
1002 13218
1006 3165
1006 4092
1006 4216
1006 8272
1006 10040
1011 3578
1011 5476
1012 9158
1036 5682
1036 11751
1036 12760
1041 1057
1041 6189
1056 13002
1057 1177
1057 2355
1057 12858
1057 13085
1057 13138
1058 2432
1058 3381
1060 11360
1060 12984
1106 2943
1106 3935
1106 4523
1106 6549
1106 10040
1106 11703
1106 12959
1106 12966
1106 13022
1106 13072
1115 11565
1115 12991
1115 13190
1122 2739
1135 1232
1144 1704
1144 3166
1144 9829
1144 12707
1144 12985
1144 13043
1144 13166
1152 11751
1166 4749
1170 1917
1170 2598
1170 6448
1170 8197
1177 2762
1177 3088
1177 3636
1177 4092
1177 8197
1177 10231
1177 11943
1177 12434
1177 12962
1185 11836
1206 3023
1206 3313
1206 4366
1206 5270
1206 5720
1206 8298
1206 8367
1206 9292
1206 9407
1206 12106
1206 13087
1206 13157
1206 13158
1206 13264
1223 2767
1223 7230
1223 7391
1223 9610
1223 11531
1232 7203
1232 13102
1235 9444
1242 1540
1242 1861
1242 2919
1242 5682
1242 10850
1242 11565
1242 11751
1242 12469
1242 12735
1242 12839
1242 13034
1242 13089
1255 1321
1255 1732
1255 1755
1255 2158
1255 2412
1255 2845
1255 3030
1255 3368
1255 3670
1255 4113
1255 4116
1255 4632
1255 5270
1255 5658
1255 6328
1255 6435
1255 6498
1255 6965
1255 6982
1255 7230
1255 7290
1255 7855
1255 8173
1255 8197
1255 8411
1255 8613
1255 8941
1255 9529
1255 9829
1255 10705
1255 10925
1255 11103
1255 11203
1255 12070
1255 12126
1255 12358
1255 12883
1255 12885
1255 12994
1255 13078
1255 13087
1255 13103
1255 13134
1255 13174
1255 13200
1255 13207
1255 13208
1255 13240
1255 13246
1255 13253
1256 1466
1256 1593
1256 3707
1256 5720
1256 6817
1256 9292
1256 9309
1256 10440
1256 11836
1256 12385
1256 12746
1256 12965
1256 13115
1256 13197
1264 3000
1264 9458
1264 12719
1268 4981
1268 6108
1268 11489
1280 2199
1298 1917
1298 3158
1298 8197
1300 13175
1312 1361
1312 9757
1312 10890
1312 13181
1321 1458
1321 1972
1321 2739
1321 4113
1321 5065
1321 5308
1321 9829
1321 11943
1321 11951
1321 12579
1321 12881
1322 1604
1322 2158
1322 4092
1359 2762
1359 3636
1359 5440
1359 7034
1359 12797
1359 13173
1359 13221
1359 13246
1361 2617
1361 3636
1361 3800
1361 10040
1361 11141
1361 11683
1361 11947
1361 12983
1361 13077
1361 13149
1361 13150
1361 13181
1365 5119
1365 6779
1365 6982
1365 7034
1365 7760
1365 10040
1365 11436
1365 12358
1369 2111
1369 2149
1369 2255
1369 2489
1369 3484
1369 3616
1369 5366
1375 8608
1375 10796
1392 4031
1392 9776
1392 10294
1392 11951
1393 7034
1413 12469
1413 13093
1418 3727
1418 13254
1437 12953
1454 12760
1458 12983
1459 4092
1459 4187
1459 7034
1466 4011
1466 4562
1466 7041
1466 12488
1470 1552
1470 12434
1501 5308
1501 10139
1510 3065
1514 2868
1514 13201
1517 12727
1517 12883
1521 3158
1523 2970
1523 13086
1523 13124
1531 1636
1531 2762
1531 3692
1531 3947
1531 4771
1531 4971
1531 5119
1531 5362
1531 6161
1531 6328
1531 6982
1531 8298
1531 9256
1531 9307
1531 9323
1531 9529
1531 10040
1531 10440
1531 11504
1531 11797
1531 11947
1531 12469
1531 12727
1531 12885
1531 12965
1531 13001
1531 13039
1531 13065
1531 13113
1531 13167
1531 13173
1531 13187
1539 2816
1540 2229
1540 3636
1540 4981
1540 11751
1540 12469
1550 2111
1550 7391
1550 9469
1551 1742
1552 7742
1552 10040
1552 10450
1552 11203
1552 13242
1552 13259
1561 13269
1570 12961
1571 12839
1571 13010
1577 6373
1604 3409
1605 4731
1605 5682
1605 8698
1605 11751
1622 4536
1622 6429
1622 8608
1622 12760
1636 2313
1636 2756
1636 2822
1636 3636
1636 3984
1636 6189
1636 6513
1636 7674
1636 8433
1636 9245
1636 10040
1636 12832
1636 13038
1636 13041
1636 13063
1636 13085
1636 13153
1636 13166
1636 13184
1636 13186
1657 1854
1657 5084
1657 7120
1657 9998
1657 10789
1658 12881
1658 13130
1664 13241
1675 8467
1687 2313
1687 4731
1687 12358
1709 1854
1709 2027
1709 2694
1709 3158
1709 3405
1709 3673
1709 4419
1709 5439
1709 6453
1709 9610
1709 11475
1709 12795
1709 12963
1709 12992
1717 4113
1724 10717
1742 4031
1742 5550
1755 5599
1763 11141
1786 1917
1786 5215
1786 10409
1786 10846
1786 12036
1786 12469
1786 13139
1786 13140
1786 13196
1786 13201
1787 7230
1788 6109
1788 10604
1794 4117
1804 5439
1804 13023
1804 13031
1812 13120
1824 8119
1825 7311
1825 10908
1836 11514
1854 2146
1854 2324
1854 4117
1854 6108
1854 7306
1854 7391
1854 7611
1854 7942
1854 8197
1854 9610
1854 13130
1854 13191
1854 13194
1861 4117
1861 5560
1861 5699
1861 12881
1863 3032
1863 3417
1863 6942
1863 11340
1863 12814
1863 12881
1863 12885
1863 12959
1872 12961
1875 4589
1875 5720
1875 12913
1877 10409
1877 11489
1877 13182
1877 13215
1879 1917
1879 2437
1879 2574
1879 6373
1879 6429
1879 11817
1879 13269
1899 4092
1899 4771
1904 3856
1917 2255
1917 3283
1917 3676
1917 5816
1917 5948
1917 6429
1917 7097
1917 7290
1917 7391
1917 9323
1917 9776
1917 9920
1917 10409
1917 10705
1917 10846
1917 11203
1917 11360
1917 11817
1917 12090
1917 12812
1917 12881
1917 12883
1917 13022
1917 13033
1917 13049
1917 13058
1917 13103
1917 13203
1917 13232
1928 6817
1952 2053
1952 7820
1952 12358
1952 13248
1962 13073
1971 4419
1971 6708
1971 7855
1971 8197
1971 11751
1971 13233
1972 11205
1972 11779
1972 12760
1972 12985
1979 8885
1985 2256
1985 5479
1985 7732
1985 13020
1986 4171
1986 11103
2019 2574
2019 4117
2019 5305
2019 5440
2019 8272
2019 12735
2019 12883
2019 13034
2019 13081
2027 6277
2027 8197
2027 9610
2027 10207
2027 10846
2027 11972
2027 12994
2027 13256
2052 13020
2053 3107
2053 3283
2057 2529
2057 8093
2062 6498
2062 8843
2062 8941
2062 9829
2062 9888
2062 11267
2062 11305
2062 13185
2089 3421
2089 9409
2089 10040
2089 13244
2111 2650
2122 11514
2123 13182
2124 5308
2124 9757
2149 3616
2149 4370
2149 8197
2149 13120
2149 13188
2149 13234
2156 12447
2158 2767
2158 2816
2158 4031
2158 4177
2158 4216
2158 4366
2158 4382
2158 5270
2158 6203
2158 7290
2158 7982
2158 12702
2158 12748
2158 12985
2184 2255
2191 9565
2191 11836
2215 13016
2223 6161
2234 6779
2248 5308
2255 2406
2255 2453
2255 2750
2255 6708
2255 7335
2255 8613
2255 10207
2255 11464
2255 12469
2255 13103
2256 5119
2256 9948
2256 11340
2256 12488
2256 13054
2256 13111
2267 13013
2268 2455
2274 9396
2286 5297
2297 6498
2306 3579
2307 8608
2313 5362
2313 8433
2313 10450
2313 12358
2313 13065
2313 13179
2313 13262
2318 5720
2318 13138
2324 5439
2324 5966
2324 9610
2324 12090
2326 9782
2333 3283
2333 7306
2334 6373
2389 2714
2389 2888
2389 3670
2389 5012
2389 6108
2389 7855
2396 8433
2406 2437
2406 3484
2406 3634
2406 4841
2406 5966
2406 11751
2406 13060
2408 12878
2412 4216
2412 7760
2428 10040
2428 12726
2428 12983
2437 2529
2437 2619
2437 2767
2437 3484
2437 4523
2437 5012
2437 5948
2437 7855
2437 8124
2437 9829
2437 11340
2437 11751
2437 12727
2437 13054
2437 13063
2437 13139
2453 2669
2453 11464
2453 12795
2453 12883
2455 12355
2455 12997
2488 3313
2488 6817
2488 9292
2488 11836
2488 13115
2489 12242
2494 13247
2521 2762
2521 7391
2521 7647
2528 6481
2529 2670
2529 2767
2529 4846
2529 5720
2529 6624
2529 6800
2529 8367
2529 9309
2529 9321
2529 10203
2529 11078
2529 12839
2529 12957
2529 12965
2529 13036
2529 13055
2529 13090
2529 13091
2534 2589
2534 4038
2534 4116
2534 7760
2534 10231
2534 11751
2541 8272
2562 4546
2562 11475
2567 8067
2574 7855
2574 12883
2583 13066
2589 7335
2592 3171
2592 3727
2592 7391
2592 10604
2598 3283
2598 4663
2603 4216
2605 6161
2607 3313
2607 3707
2607 5270
2617 13032
2627 3313
2627 3458
2628 7391
2640 5720
2645 7855
2645 12787
2650 3158
2650 11751
2650 13123
2656 11778
2660 12471
2669 12883
2669 13130
2670 13015
2676 3158
2682 2767
2682 9425
2682 9465
2692 4037
2692 12814
2694 6108
2694 9610
2694 11241
2694 13126
2714 12719
2730 5682
2730 12954
2739 3984
2739 10440
2748 8121
2756 2956
2756 3707
2756 4113
2756 4846
2756 7041
2756 8093
2756 9871
2756 10984
2756 12469
2756 12550
2756 12746
2756 12832
2756 12858
2756 13112
2756 13154
2762 3854
2762 4092
2762 5254
2762 5849
2762 8298
2762 9565
2762 10789
2762 10911
2762 12469
2762 13054
2762 13066
2762 13090
2762 13143
2762 13221
2762 13268
2767 2821
2767 2822
2767 2868
2767 3030
2767 3313
2767 3973
2767 4092
2767 4117
2767 4382
2767 5615
2767 6332
2767 6435
2767 6650
2767 7190
2767 7538
2767 9152
2767 9465
2767 9829
2767 10040
2767 10440
2767 10788
2767 12036
2767 12084
2767 12881
2767 12942
2767 12959
2767 12960
2767 13020
2767 13035
2767 13071
2767 13133
2767 13153
2767 13184
2767 13199
2767 13214
2775 5084
2775 11751
2786 9529
2795 13185
2816 5144
2816 6842
2816 8298
2816 9596
2816 12702
2816 13172
2820 2919
2820 10850
2820 12874
2820 12913
2820 13069
2820 13246
2821 4968
2821 9323
2821 12036
2821 13114
2822 3636
2822 3707
2822 4839
2822 6817
2822 7230
2822 7391
2822 7634
2822 7801
2822 12388
2843 2845
2843 6498
2864 13073
2868 3030
2868 5267
2868 9323
2868 11340
2875 12760
2888 10830
2919 3065
2919 4731
2919 5362
2919 13086
2930 10846
2943 3381
2956 11751
2956 13081
2956 13273
2995 5550
3024 3030
3030 3368
3030 3826
3030 4031
3030 4177
3030 4358
3030 4523
3030 5550
3030 7230
3030 9409
3030 9444
3030 11475
3030 12193
3030 12987
3030 13076
3030 13092
3032 3648
3032 4031
3032 5468
3032 5828
3032 7443
3032 9366
3032 9444
3032 9610
3032 12719
3032 13056
3032 13074
3041 6108
3041 9610
3041 10369
3041 12543
3041 13233
3041 13253
3049 4419
3056 9829
3065 4731
3065 5119
3065 5616
3065 11463
3065 11963
3065 12447
3065 12735
3072 3745
3072 13019
3100 4382
3100 6618
3100 7034
3100 13144
3107 10409
3113 5270
3113 12912
3125 3380
3158 5599
3158 5946
3158 7017
3158 9444
3158 10207
3158 10440
3158 10850
3158 11141
3158 11786
3158 12907
3158 13004
3158 13172
3165 4216
3166 8068
3166 10925
3166 13027
3168 5472
3171 3330
3171 4092
3171 5501
3171 6435
3171 6506
3171 7290
3171 9323
3171 12358
3171 13110
3171 13196
3175 7327
3175 10347
3195 4746
3195 6160
3204 13028
3239 13195
3267 12709
3283 4390
3283 4964
3283 5699
3313 3707
3313 4113
3313 4746
3313 4771
3313 4858
3313 6817
3313 7230
3313 9292
3313 9407
3313 10984
3313 11751
3313 13059
3326 10796
3329 6429
3329 12981
3330 6429
3330 7391
3364 3636
3368 6498
3368 7230
3377 4080
3377 7855
3380 5649
3381 8099
3381 13073
3405 5966
3405 6108
3405 6360
3405 7611
3405 12031
3405 13145
3405 13182
3409 9922
3415 6161
3447 4663
3453 3692
3453 10249
3458 4949
3484 11751
3484 12090
3487 6429
3487 9877
3490 13028
3524 9407
3526 6779
3526 12979
3526 13195
3535 11376
3545 7190
3545 9746
3545 12760
3550 13206
3573 4216
3573 12874
3573 13013
3578 9292
3592 7391
3592 9152
3592 11340
3592 12719
3608 10890
3636 3945
3636 4971
3636 5215
3636 6982
3636 7534
3636 8197
3636 8298
3636 8981
3636 9409
3636 9446
3636 10040
3636 10440
3636 11797
3636 11943
3636 12640
3636 12691
3636 12772
3636 12913
3636 13044
3636 13163
3636 13173
3636 13238
3636 13254
3648 4523
3648 5550
3648 8885
3648 9444
3670 5012
3670 5366
3676 8197
3676 12883
3687 9948
3707 5270
3707 5720
3707 6548
3707 6817
3707 6947
3707 8234
3707 8409
3707 9158
3707 10984
3707 12385
3707 13115
3707 13252
3727 5948
3727 6429
3727 10040
3727 12388
3727 13243
3740 8912
3745 13246
3779 10939
3816 13220
3826 6624
3826 9565
3826 11779
3856 6910
3882 3893
3882 3973
3882 4382
3882 4822
3882 5084
3882 5306
3882 9562
3882 9800
3882 11259
3882 12975
3882 12986
3882 13254
3891 12961
3893 5263
3893 13044
3935 5816
3935 6708
3935 8272
3935 9157
3943 8740
3947 4839
3947 10813
3947 13019
3951 12719
3954 12961
3969 8608
3969 9610
3973 4839
3973 8373
3973 12975
3975 5305
3975 11489
3984 4663
3984 8197
3984 10868
3984 12416
3984 13020
4000 6305
4002 5084
4011 10347
4011 12815
4022 13066
4031 4523
4031 5550
4031 5946
4031 6223
4031 7290
4031 8068
4031 8173
4031 8885
4031 9152
4031 9529
4031 12358
4031 12425
4031 12760
4031 13016
4031 13019
4031 13053
4031 13164
4037 4092
4037 6203
4037 13011
4038 10369
4038 13191
4059 4116
4059 4731
4059 5479
4059 6373
4059 9746
4080 7855
4090 12814
4092 6497
4092 7290
4092 7311
4092 7491
4092 8298
4092 10440
4092 11103
4092 11797
4092 12629
4092 12701
4092 12977
4092 13032
4092 13066
4092 13079
4092 13084
4092 13119
4092 13184
4113 4187
4113 4771
4113 5144
4113 6817
4113 6910
4113 10889
4113 12036
4113 12088
4113 12874
4113 12940
4113 12990
4116 9425
4117 4746
4117 5102
4117 5362
4117 5615
4117 5720
4117 6161
4117 7034
4117 7742
4117 8433
4117 9829
4117 10003
4117 10440
4117 11203
4117 11565
4117 11751
4117 12469
4117 12471
4117 12675
4117 12881
4117 13012
4117 13034
4117 13070
4117 13143
4117 13151
4117 13154
4117 13173
4117 13176
4117 13184
4117 13242
4117 13246
4135 9152
4135 11340
4140 12965
4141 13156
4144 13066
4157 13271
4171 13033
4177 4419
4177 4546
4177 12719
4187 6223
4187 7290
4187 10040
4187 11797
4187 12881
4187 12988
4187 12990
4187 13090
4187 13210
4187 13221
4216 4746
4216 7749
4216 9565
4216 12106
4216 12388
4216 12881
4216 12985
4232 12501
4242 4746
4248 4924
4266 7855
4266 8796
4266 12719
4283 13038
4358 5658
4366 5263
4366 11683
4366 11751
4366 13226
4370 5948
4382 9425
4382 11548
4382 11728
4382 12480
4382 13008
4382 13044
4384 6453
4419 4546
4419 6108
4419 6708
4419 9379
4419 9610
4419 9994
4419 11489
4419 12031
4419 13130
4419 13145
4419 13182
4507 5362
4507 13160
4523 5550
4523 13139
4523 13164
4536 7097
4536 8608
4536 9877
4536 11360
4536 11808
4536 12928
4536 13040
4536 13209
4544 12702
4546 6277
4546 11475
4546 12031
4589 7034
4589 11809
4591 7120
4632 8411
4632 12313
4632 13125
4632 13164
4632 13241
4634 13223
4663 6619
4663 9323
4663 11360
4663 12881
4680 6817
4731 4904
4731 6373
4731 7104
4731 8930
4731 9195
4731 9529
4731 10409
4731 10705
4731 12465
4731 12760
4731 12998
4731 13230
4746 5652
4746 6373
4746 6910
4746 7119
4746 7290
4746 7749
4746 8712
4746 9458
4746 9565
4746 10409
4746 10604
4746 12106
4746 12469
4746 12881
4746 12985
4746 13025
4746 13123
4746 13174
4746 13235
4746 13237
4746 13255
4765 10717
4765 12881
4765 12985
4771 4956
4771 4981
4771 5720
4771 6189
4771 9565
4771 12036
4771 12795
4771 12812
4771 13004
4771 13029
4781 13052
4783 10818
4822 6429
4822 7290
4822 10409
4822 10850
4822 12358
4839 5308
4839 10789
4839 11051
4839 11797
4839 11912
4839 12233
4839 12913
4839 12975
4839 12999
4839 13017
4839 13153
4846 5720
4846 13112
4855 6498
4855 9444
4855 12231
4858 6947
4858 8208
4858 11544
4866 9409
4866 13195
4882 10558
4882 11203
4904 6810
4904 12998
4909 13078
4924 13141
4924 13213
4924 13217
4943 6429
4943 10558
4949 10440
4971 5720
4971 8281
4981 5966
4981 10850
4981 12214
4981 12719
4994 12881
5012 6429
5012 8613
5012 12388
5031 10409
5065 8097
5065 13114
5065 13166
5084 5119
5084 12763
5084 13254
5093 8467
5100 5948
5102 7742
5102 12719
5119 8119
5119 9948
5119 11164
5119 12323
5119 12332
5119 12469
5119 12707
5119 12971
5119 12983
5119 13047
5119 13127
5119 13131
5119 13199
5119 13245
5119 13258
5125 13009
5144 7290
5144 8298
5144 12550
5193 6498
5215 6779
5215 8484
5254 5312
5267 10166
5270 6982
5270 9829
5270 12036
5270 13029
5270 13087
5272 6506
5272 13199
5278 9157
5305 6429
5305 6619
5305 12795
5305 13161
5306 13274
5308 7742
5308 9152
5308 12921
5308 13030
5331 12814
5362 8433
5362 9307
5362 11751
5362 12128
5362 12710
5362 13057
5362 13070
5362 13230
5366 7855
5366 11751
5373 8197
5427 6328
5427 12839
5427 13157
5440 13103
5468 5828
5468 8068
5468 8626
5468 9366
5468 10705
5468 10925
5468 11427
5468 12287
5468 12858
5468 12987
5468 13075
5472 8974
5472 12970
5472 13192
5472 13236
5479 7391
5487 6332
5487 10321
5493 12358
5493 13065
5550 6498
5550 7104
5550 7391
5550 8197
5550 9444
5550 11523
5550 12881
5550 13073
5550 13083
5560 12952
5560 13019
5609 12070
5615 7097
5615 10531
5615 12604
5615 13001
5615 13085
5616 6779
5616 7760
5616 11797
5616 13068
5616 13186
5616 13238
5672 12966
5682 6373
5682 11565
5699 12779
5720 6267
5720 6817
5720 7170
5720 7760
5720 8158
5720 8367
5720 8433
5720 9292
5720 9323
5720 9565
5720 10347
5720 10788
5720 11751
5720 11836
5720 12471
5720 12748
5720 12881
5720 13029
5720 13048
5720 13157
5720 13173
5720 13184
5720 13242
5720 13253
5720 13254
5816 8272
5816 10409
5831 6223
5831 8080
5831 11565
5831 11580
5831 12958
5831 12970
5831 13141
5849 9565
5849 11751
5849 12710
5849 13203
5849 13224
5859 12965
5862 11548
5926 10846
5938 13171
5946 8119
5946 9152
5946 9444
5946 9746
5946 11115
5946 11141
5948 11464
5966 9458
5966 9610
5966 9868
5966 11340
5966 12801
5966 13155
5992 12469
6062 11548
6062 11779
6108 7335
6108 9994
6108 11489
6108 12719
6124 10925
6160 12287
6161 6223
6161 6413
6161 10068
6161 11644
6161 12214
6189 8197
6189 13044
6203 8067
6203 8493
6203 10788
6203 11578
6203 12233
6203 12579
6203 13020
6203 13071
6203 13107
6203 13111
6203 13143
6203 13165
6223 7093
6223 8225
6223 11565
6223 12982
6277 12719
6328 7290
6328 8515
6362 10040
6368 6429
6373 8750
6373 9157
6373 9469
6373 9868
6373 10343
6373 10846
6373 12614
6373 13022
6373 13050
6373 13054
6373 13067
6389 12036
6389 13176
6389 13184
6429 7311
6429 7391
6429 9257
6429 9877
6429 11464
6429 12358
6429 12634
6429 12874
6429 13000
6429 13168
6431 7290
6431 9158
6448 8930
6467 6910
6497 12358
6498 7230
6498 7398
6498 8626
6498 9444
6498 10416
6498 10925
6498 11514
6498 11751
6506 9529
6548 10984
6548 13154
6596 7290
6596 8608
6596 11360
6596 12299
6596 12957
6596 12959
6596 12984
6596 12993
6618 7093
6618 13132
6619 7311
6619 10604
6619 11605
6619 11912
6619 13025
6619 13078
6619 13168
6624 9565
6640 13217
6650 13020
6713 7097
6734 12434
6779 9469
6779 10796
6779 11463
6779 11797
6779 12070
6779 12214
6779 12760
6779 12912
6779 13138
6779 13259
6788 12719
6810 12471
6810 13197
6817 8197
6817 9292
6817 9407
6817 9469
6817 12313
6817 12746
6817 13013
6817 13020
6817 13068
6817 13115
6817 13184
6842 12036
6842 12702
6910 12355
6910 12891
6916 7443
6916 9529
6942 13020
6942 13132
6942 13139
6945 9757
6982 8363
6982 12702
6982 12858
7034 7742
7034 8158
7034 11809
7034 13070
7034 13173
7034 13197
7041 10984
7055 10040
7071 7391
7093 12471
7097 11203
7104 12883
7120 8885
7120 13146
7128 7855
7190 9459
7190 9746
7190 12760
7213 13083
7213 13127
7230 7391
7230 9323
7230 10203
7230 12471
7230 12795
7230 12881
7230 13054
7281 12913
7290 7534
7290 10850
7290 10908
7290 11912
7290 12358
7290 12385
7290 12748
7290 12760
7290 12980
7290 13095
7290 13118
7290 13134
7290 13196
7311 9323
7311 13017
7311 13061
7335 8121
7335 8613
7335 9565
7335 11751
7335 13208
7391 7942
7391 8608
7391 9998
7391 10198
7391 10409
7391 11397
7391 12832
7391 13114
7391 13168
7391 13248
7396 13199
7398 8642
7398 9529
7398 10040
7443 11340
7443 12719
7464 12912
7464 12983
7491 13226
7534 8515
7534 13028
7611 8124
7611 10558
7611 11475
7699 11464
7709 12876
7714 12795
7741 13137
7760 9309
7760 9565
7760 13015
7760 13096
7790 13101
7801 8197
7801 10040
7801 12036
7839 11565
7855 8173
7855 12727
7855 12883
7855 13081
7855 13227
7944 11751
7952 11565
7982 8197
7982 12885
8067 11797
8067 13111
8080 10592
8093 8367
8093 10068
8093 11078
8093 11951
8093 13083
8097 13114
8119 12471
8119 12985
8121 8613
8121 12070
8124 8197
8124 10902
8124 11751
8124 13122
8144 10347
8147 13067
8158 12945
8164 12735
8173 12719
8197 8298
8197 8411
8197 9280
8197 9610
8197 9829
8197 10207
8197 10781
8197 10813
8197 10818
8197 11489
8197 11751
8197 11943
8197 12358
8197 12719
8197 12885
8197 12955
8197 12964
8197 12968
8197 12977
8197 13001
8197 13005
8197 13006
8197 13126
8197 13198
8231 10409
8259 8632
8272 10409
8272 10789
8281 12159
8281 12957
8281 13098
8281 13265
8298 11836
8298 12106
8298 13119
8338 12388
8351 11565
8363 11305
8363 11751
8367 10068
8411 12126
8433 12312
8469 12760
8472 9683
8472 11305
8472 12883
8472 12963
8472 13261
8484 13246
8493 13066
8494 9366
8567 12881
8604 9446
8604 13104
8608 9529
8608 11360
8608 13209
8613 9529
8613 12388
8613 13253
8656 13097
8712 10409
8740 12951
8750 11340
8750 12434
8764 13086
8885 9152
8885 9469
8885 11267
8912 11951
8912 12313
8930 9425
8981 9001
8981 10040
8981 10268
8981 11103
8981 11565
8981 12358
8981 13238
9036 10409
9036 12883
9036 12885
9071 10409
9122 13075
9122 13229
9147 10347
9147 11951
9152 9543
9152 9789
9152 10377
9152 11267
9152 11523
9152 12472
9152 12760
9152 12914
9152 12970
9152 12974
9152 13056
9152 13067
9152 13117
9152 13214
9152 13228
9152 13234
9152 13245
9157 13140
9158 12858
9168 13105
9168 13254
9168 13275
9187 9829
9256 10040
9280 11489
9292 9565
9292 11836
9292 13115
9299 12986
9321 10789
9323 11340
9323 11397
9323 11751
9323 12832
9323 13051
9323 13054
9352 13107
9409 13195
9425 9465
9425 11548
9425 11779
9425 12550
9425 12957
9425 12997
9425 13066
9425 13087
9425 13094
9444 11141
9444 13074
9444 13102
9446 13222
9458 11101
9458 11340
9458 12144
9469 9543
9469 10850
9469 11779
9469 12954
9469 12974
9469 13067
9469 13275
9480 12798
9543 11267
9559 12913
9565 9746
9565 11836
9565 12881
9565 12985
9565 13073
9565 13125
9649 12985
9746 11912
9746 13155
9757 11951
9789 12426
9789 12760
9789 12956
9789 13067
9789 13108
9789 13132
9789 13135
9829 10818
9829 11203
9848 12582
9851 13134
9868 12995
9882 10347
9920 12614
9922 11103
9958 11340
9958 11751
9961 12815
10018 10040
10040 10730
10040 11103
10040 11779
10040 12193
10040 12253
10040 12983
10040 13010
10040 13113
10040 13163
10040 13270
10068 12471
10068 12501
10068 12832
10068 13047
10068 13121
10197 12972
10201 13082
10203 13064
10273 11751
10273 13184
10293 10788
10321 12985
10341 13254
10347 11565
10347 11912
10347 12471
10347 12501
10347 12760
10347 12997
10347 13083
10347 13094
10347 13141
10369 12787
10377 11779
10409 11340
10409 12465
10409 12883
10409 12955
10409 12969
10409 12984
10409 12987
10409 13086
10416 12471
10440 12358
10440 13151
10440 13202
10475 13061
10477 10592
10604 13008
10705 12614
10737 13174
10737 13220
10789 11397
10789 13017
10789 13090
10789 13254
10813 12983
10813 13173
10846 11779
10889 11340
10889 12421
10913 11251
10939 10984
10966 13086
11037 13136
11101 13031
11103 11951
11103 13038
11141 12760
11141 12987
11141 13102
11203 11808
11203 12255
11203 12984
11203 13063
11203 13070
11203 13143
11203 13219
11203 13242
11234 11751
11251 13099
11267 13023
11291 12913
11305 13185
11340 11751
11340 12760
11340 12832
11340 12952
11340 12959
11340 12977
11340 13042
11340 13054
11340 13161
11340 13193
11340 13225
11360 12358
11382 12760
11464 12727
11489 12787
11489 12883
11509 12698
11514 13169
11531 13020
11548 12088
11548 12760
11565 11779
11565 11799
11565 12355
11565 12426
11565 13135
11565 13141
11565 13148
11568 12543
11568 12582
11568 13219
11568 13273
11605 12488
11683 12913
11728 13142
11751 12388
11751 12735
11751 12760
11751 12858
11751 13124
11751 13184
11751 13186
11751 13191
11751 13201
11779 12532
11779 12760
11779 12987
11779 13200
11779 13245
11779 13268
11779 13272
11797 12070
11799 12709
11799 12997
11799 13213
11809 13061
11912 13134
11943 13032
12031 12719
12088 12471
12088 12501
12090 12388
12090 12795
12106 13097
12106 13100
12136 13178
12193 13021
12193 13113
12204 12944
12231 13128
12242 12795
12245 13053
12245 13078
12245 13128
12255 12641
12287 12912
12355 12480
12355 13037
12355 13132
12355 13135
12356 13205
12358 12434
12358 12882
12358 12984
12358 13198
12372 13067
12388 12727
12410 12954
12421 12787
12421 12985
12426 13020
12434 13086
12469 12735
12469 13080
12469 13184
12469 13188
12471 12795
12471 12840
12471 12885
12501 12952
12506 13023
12550 13061
12550 13102
12550 13121
12582 12812
12614 13008
12614 13018
12683 12801
12683 13106
12693 13147
12709 12784
12711 13109
12718 12997
12719 12946
12719 13006
12719 13045
12719 13054
12719 13159
12734 13012
12735 12983
12735 13049
12735 13057
12735 13196
12735 13198
12735 13263
12760 12784
12795 12874
12795 13004
12795 13103
12801 13020
12801 13155
12844 13133
12865 13008
12874 13103
12878 13197
12881 12959
12881 12988
12881 13073
12883 13185
12898 13088
12912 13048
12912 13087
12912 13196
12922 12981
12948 13033
12948 13035
12949 12950
12959 12973
12959 13156
12965 12976
12983 12984
12983 12989
12985 13228
12987 13102
13005 13007
13016 13072
13020 13083
13026 13226
13044 13046
13061 13062
13066 13162
13066 13171
13076 13083
13081 13089
13083 13096
13083 13098
13086 13251
13107 13108
13113 13116
13143 13151
13162 13163
13184 13197
13207 13208
13266 13267
