12 4826
13 762
13 859
13 1854
13 2437
13 3461
13 11723
14 1365
14 2313
14 2956
14 4159
14 13061
19 5439
19 13389
25 110
26 921
26 1917
26 1996
26 3107
26 4032
26 8197
26 13354
26 13439
28 48
28 76
28 287
28 1255
28 1281
28 2255
28 3313
28 4187
28 4910
28 5468
28 8298
28 9323
28 9776
28 11186
28 11489
28 12630
28 12735
28 12878
28 13352
28 13429
29 43
29 729
29 839
29 1255
29 1709
29 2437
29 4032
29 6160
29 9407
29 9449
29 13482
33 13061
36 9421
36 11305
37 13355
42 201
42 839
42 2692
42 6108
42 7203
42 7290
42 9245
42 12356
42 13309
42 13394
42 13424
42 13567
43 2592
43 2627
43 2868
43 3113
43 4032
43 4746
43 5468
43 5633
43 7852
43 8224
43 9625
43 10911
43 11452
43 11724
43 12304
43 12469
43 12760
43 13061
43 13289
43 13290
43 13354
43 13375
43 13385
43 13408
43 13417
43 13421
43 13438
46 4031
46 4419
46 12126
46 13178
46 13363
48 94
48 226
48 621
48 762
48 1514
48 3528
48 4910
48 5141
48 5658
48 6498
56 138
56 10440
56 13150
57 10409
57 13289
59 108
59 138
59 153
59 190
59 196
59 621
59 729
59 938
59 1206
59 1255
59 1256
59 1312
59 1321
59 1804
59 1879
59 2062
59 2529
59 2650
59 2816
59 3158
59 3166
59 3381
59 3707
59 4117
59 4187
59 5487
59 5566
59 5912
59 7093
59 7230
59 7290
59 8515
59 8887
59 9152
59 9469
59 10139
59 11305
59 11779
59 12471
59 12718
59 12881
59 13311
61 921
61 2453
70 13518
72 226
73 2062
73 3166
73 6945
73 9444
74 11305
76 762
76 1126
76 4423
76 4577
76 5439
76 7290
76 8197
76 9158
76 10925
76 11797
76 13339
76 13416
76 13430
77 1170
77 13531
83 6365
83 8197
83 11489
83 11779
83 12760
83 13501
83 13583
84 1281
84 5439
84 13555
88 108
88 158
88 568
88 1013
88 1058
88 2650
88 7230
88 8682
88 11580
88 13360
88 13384
94 8131
95 1177
95 2081
95 2762
95 6867
95 13466
100 1917
100 2694
100 11489
100 11786
108 138
108 190
108 432
108 4117
108 9469
108 12452
110 708
110 1264
110 1875
110 4570
110 6108
110 13276
113 1709
113 1836
113 8682
113 10931
117 410
117 613
117 2156
117 3574
120 3631
121 3648
122 158
122 13137
122 13476
123 7939
123 10114
129 11305
129 13510
134 891
134 1636
134 2234
134 2600
134 3239
134 4419
134 5366
134 5703
134 7128
134 7659
134 9466
135 904
135 13283
138 510
138 539
138 608
138 621
138 762
138 904
138 1170
138 1206
138 1235
138 1255
138 1365
138 1787
138 2078
138 2816
138 3030
138 3177
138 4632
138 4771
138 5270
138 5468
138 6630
138 7290
138 8131
138 8901
138 9158
138 9444
138 10068
138 11378
138 11562
138 11851
138 12716
138 12760
138 13178
138 13284
138 13302
138 13352
138 13355
138 13390
138 13430
138 13484
138 13503
138 13525
140 4765
140 10440
141 190
141 5308
153 852
153 950
153 1170
153 1177
153 1206
153 1321
153 1418
153 1552
153 2756
153 4216
153 6435
153 6625
153 6945
153 8093
153 8367
153 8550
153 11051
153 12018
153 12126
153 12550
153 12630
153 12735
153 12760
153 12875
153 13061
153 13178
153 13313
153 13353
153 13384
153 13389
153 13425
153 13430
153 13442
153 13511
153 13525
153 13547
153 13551
153 13558
154 5560
156 1244
156 8467
157 762
157 2062
158 736
158 852
158 881
158 1002
158 3800
158 4092
158 4117
158 4171
158 4216
158 4771
158 5468
158 6162
158 7290
158 7364
158 7534
158 8225
158 8367
158 8796
158 8952
158 9143
158 9425
158 9446
158 9851
158 10040
158 10062
158 10231
158 10347
158 10409
158 10440
158 10869
158 11562
158 11565
158 11575
158 11797
158 12716
158 12760
158 12881
158 12982
158 13016
158 13272
158 13295
158 13330
158 13339
158 13354
158 13360
158 13378
158 13381
158 13388
158 13430
158 13437
158 13455
158 13476
158 13500
158 13573
162 1996
170 13590
172 2149
190 946
190 2062
190 3158
190 3528
190 6705
190 13386
191 315
191 577
191 5439
191 6062
191 13488
195 7302
196 201
196 1144
196 2733
196 3298
196 3826
196 3838
196 4117
196 4349
196 4949
196 6618
196 6867
196 9323
196 9543
196 10440
196 10525
196 10592
196 10846
196 10952
196 13088
196 13275
196 13466
199 572
201 546
201 1321
201 4187
204 455
204 8625
204 10636
204 13381
204 13601
216 13508
221 315
221 621
221 839
221 2694
221 3158
221 4731
221 5938
221 13489
226 1255
226 3030
226 4523
226 5141
226 6429
226 6942
226 7391
226 8768
226 12883
258 412
258 1013
258 2868
258 4349
258 11548
258 13287
258 13295
258 13353
267 8411
280 1322
280 8093
287 2149
287 4419
287 7984
287 10027
287 10293
287 13363
289 3826
290 3030
297 3160
297 13307
304 13482
311 7156
315 563
315 577
315 618
315 2437
315 2954
315 3171
315 3487
315 6429
315 7391
315 8093
315 10409
315 13312
315 13429
315 13431
318 13569
338 968
348 1877
348 6453
348 8721
348 11464
348 11489
348 12366
348 13494
349 9292
349 13444
349 13511
352 1177
354 8224
359 8093
370 6867
370 7852
374 539
374 1115
374 1255
374 1812
374 2868
374 3484
374 3838
374 3984
374 4011
374 4144
374 5900
374 10040
374 11214
374 12200
374 12531
374 12735
374 13393
374 13400
374 13530
377 2027
377 2472
382 2107
383 2762
383 13066
383 13254
383 13437
391 2019
391 8197
407 897
407 1170
407 1244
407 11452
407 13395
407 13489
412 1636
412 3054
412 3381
412 4702
412 5104
412 5331
412 5720
412 6203
412 10869
412 11326
412 11340
412 11546
412 13010
412 13511
412 13539
413 12878
423 13292
431 1481
431 1709
431 2694
431 9152
432 2785
432 5593
433 897
433 6498
434 897
434 3856
434 6942
434 13372
442 4117
442 5272
442 9245
442 10440
442 13574
444 5682
444 7230
444 11340
446 4136
447 659
447 11051
455 1115
455 2522
455 4216
455 8738
455 10869
455 11051
455 13286
455 13326
455 13350
455 13351
455 13369
460 13484
461 4771
461 13313
461 13337
467 4562
467 8682
467 12358
510 524
510 836
510 1255
510 1941
510 2816
510 3648
510 4031
510 6467
510 7290
510 8918
510 12760
510 13429
511 3636
521 6498
528 839
528 4168
528 9851
528 11565
528 12255
528 13500
528 13532
528 13533
528 13539
528 13557
531 4708
531 13312
536 1636
536 2956
536 4216
536 4746
536 11203
536 13066
536 13324
539 4731
544 2437
546 3177
546 3381
546 3409
546 11214
546 13334
546 13382
556 4092
556 8682
556 13066
556 13285
556 13312
556 13396
556 13474
563 13020
563 13325
568 3107
568 8682
568 11565
568 12881
570 2437
570 3856
572 1755
572 3826
572 8939
572 11489
572 13439
573 621
573 2258
573 2694
573 4031
573 11305
573 13194
573 13386
573 13390
573 13420
573 13435
577 736
577 813
577 904
577 1917
577 1972
577 2158
577 2437
577 2954
577 3185
577 4092
577 4765
577 6108
577 6429
577 6559
577 9168
577 9285
577 10409
577 12125
577 12358
577 12787
577 13189
577 13325
577 13355
577 13462
577 13589
599 3865
610 1177
610 1763
610 1812
610 4309
610 6942
610 7391
610 9951
610 12801
610 13279
610 13362
610 13412
612 6984
612 8363
613 837
613 1972
613 5119
613 9024
613 9483
613 13444
618 852
618 3104
618 5008
618 6429
618 7290
618 8682
618 9771
618 10440
618 10846
618 11430
618 11666
618 12345
618 12543
618 13312
618 13315
618 13329
618 13360
618 13383
618 13508
618 13612
621 1177
621 1298
621 1732
621 2437
621 2650
621 2733
621 3826
621 4280
621 4855
621 4910
621 5439
621 5938
621 6373
621 6429
621 6734
621 6945
621 7190
621 7487
621 8068
621 8131
621 8197
621 9565
621 9851
621 11397
621 11921
621 12125
621 13325
621 13355
621 13362
621 13444
621 13488
621 13544
621 13577
621 13578
634 1877
634 6435
634 13261
636 12760
647 5125
647 12543
656 3271
659 2258
659 2428
659 2688
659 4589
659 5699
659 13061
682 6800
686 4507
686 10040
708 1243
708 2255
708 12719
712 4968
712 8379
712 12125
721 13463
729 1128
729 1232
729 1255
729 3171
729 3457
729 4092
729 5468
729 5550
729 5912
729 6867
729 7290
729 8367
729 9446
729 9924
729 10850
729 11360
729 12760
729 12878
729 12982
729 13016
729 13061
729 13216
729 13311
729 13333
729 13387
729 13419
729 13434
730 11951
736 2437
736 6429
736 10409
736 11605
736 13295
736 13573
753 2019
762 946
762 1206
762 1256
762 2062
762 2645
762 2816
762 3856
762 4113
762 5089
762 5270
762 6945
762 7230
762 8918
762 9158
762 9175
762 10352
762 10970
762 11548
762 13349
762 13405
762 13406
762 13415
762 13417
762 13433
762 13456
762 13543
762 13570
773 3030
774 3636
774 8197
774 11565
774 13066
774 13259
781 1788
781 5468
781 9851
781 10293
789 2825
789 9122
803 2256
803 4839
803 7107
803 13595
805 6373
805 13281
821 1057
821 2868
836 897
836 4117
836 13305
837 1459
837 1552
837 4126
837 4746
837 6619
837 11436
837 12304
837 12760
837 13376
837 13400
837 13430
839 881
839 1359
839 1854
839 1917
839 2149
839 2437
839 2816
839 3166
839 6594
839 8197
839 10440
839 11269
839 12205
839 12760
839 13373
839 13384
839 13400
839 13583
839 13603
846 11797
846 13366
852 1185
852 1206
852 1232
852 1256
852 2057
852 2158
852 2488
852 2529
852 2627
852 2756
852 3313
852 3487
852 3634
852 3707
852 4092
852 4117
852 4216
852 4452
852 4761
852 4839
852 4846
852 4858
852 4949
852 5089
852 5720
852 6108
852 6435
852 6576
852 6779
852 6800
852 6947
852 7290
852 8093
852 8197
852 8208
852 8928
852 9565
852 9775
852 10544
852 11836
852 12875
852 12878
852 12880
852 13318
852 13333
852 13335
852 13422
852 13445
852 13467
852 13480
852 13485
852 13503
852 13508
852 13547
857 1702
859 13439
881 1057
881 1917
881 9143
881 12434
881 13328
881 13350
881 13495
883 8068
891 5703
891 8868
891 13298
897 3624
897 5386
897 5939
897 6160
897 7290
897 11269
904 4045
904 4216
904 5179
904 5362
904 10440
904 12125
904 13014
904 13327
904 13360
904 13373
907 8367
907 13061
921 1917
921 12719
928 5468
928 13352
946 2027
946 3528
948 4419
963 10453
963 10999
963 13020
963 13342
963 13376
963 13455
963 13603
968 1372
968 1877
968 2019
968 2027
968 3484
968 5468
968 6594
968 7515
968 11305
968 11326
968 11464
968 13189
999 1636
999 8281
1002 2199
1002 2669
1002 4117
1002 5052
1002 6108
1002 10651
1002 10941
1002 11203
1002 11568
1002 13298
1002 13320
1002 13400
1002 13489
1002 13491
1005 5769
1006 2645
1006 12735
1006 13314
1012 13352
1035 2123
1035 4384
1035 4419
1035 11299
1035 12719
1036 1877
1036 2406
1036 8068
1036 13397
1041 13061
1048 7290
1056 6108
1057 2868
1057 3239
1057 3381
1057 3869
1057 4117
1057 4761
1057 6945
1057 9407
1057 13184
1058 2915
1060 4746
1106 2111
1106 4708
1106 6984
1106 8197
1106 11214
1106 12434
1106 13355
1106 13382
1115 7156
1115 9147
1115 10003
1115 11051
1115 12713
1115 12760
1115 12937
1115 13414
1115 13442
1115 13443
1115 13549
1122 13493
1126 3984
1126 4187
1144 2149
1144 2733
1144 6332
1144 9152
1144 10040
1144 10846
1144 13306
1148 13306
1152 5041
1169 6945
1170 4117
1170 4731
1177 2762
1177 4117
1177 6373
1177 6867
1177 7391
1177 9323
1177 11340
1177 11742
1177 13341
1185 12878
1198 5720
1198 10040
1206 1256
1206 1657
1206 1877
1206 2529
1206 2756
1206 3313
1206 3856
1206 4113
1206 4117
1206 5270
1206 5427
1206 5859
1206 6124
1206 7230
1206 7515
1206 8197
1206 8298
1206 9775
1206 10440
1206 11340
1206 12126
1206 12735
1206 12875
1206 13061
1206 13066
1206 13111
1206 13284
1206 13318
1206 13348
1206 13496
1206 13525
1232 2527
1232 3969
1242 5006
1242 13563
1244 3811
1244 4117
1255 2111
1255 2255
1255 2650
1255 2674
1255 3166
1255 3381
1255 3484
1255 3636
1255 3670
1255 3676
1255 4135
1255 4632
1255 5143
1255 5174
1255 5468
1255 5633
1255 6800
1255 8197
1255 9147
1255 9407
1255 9444
1255 10440
1255 11305
1255 11548
1255 12064
1255 12716
1255 12804
1255 12883
1255 13337
1255 13344
1255 13380
1255 13382
1255 13409
1255 13447
1255 13484
1256 2437
1256 3313
1256 3707
1256 4064
1256 4910
1256 4949
1256 6800
1256 9152
1256 9407
1256 10939
1256 13284
1256 13348
1256 13490
1256 13523
1264 2437
1264 3676
1264 5633
1268 1517
1268 7939
1268 11452
1281 3484
1281 4456
1281 5272
1281 6373
1281 6615
1281 7335
1281 12614
1282 11947
1295 12760
1312 10890
1312 12524
1312 13265
1312 13347
1321 4113
1321 11851
1321 11951
1321 13299
1321 13547
1325 1917
1325 2919
1325 10409
1331 3975
1331 13502
1333 11204
1335 5008
1335 7391
1359 5104
1359 5493
1359 7760
1359 9158
1359 13351
1359 13405
1359 13505
1361 2756
1361 2762
1361 2956
1361 3953
1361 4839
1361 9565
1361 10040
1361 10869
1361 11848
1361 12531
1361 13393
1361 13437
1361 13542
1361 13613
1365 3381
1365 3420
1365 3945
1365 4216
1365 10440
1365 13316
1369 5052
1369 5468
1369 12730
1370 5363
1370 12125
1372 8224
1383 12126
1390 4390
1392 1794
1392 4632
1392 5633
1392 6942
1392 7190
1392 13420
1392 13523
1392 13573
1392 13597
1393 5362
1393 10040
1393 13307
1398 1436
1413 1917
1413 4771
1413 5052
1413 13573
1418 8197
1418 11340
1418 12550
1426 13528
1481 1836
1481 12126
1481 13471
1510 9625
1517 3330
1517 9625
1517 13375
1521 2437
1521 2669
1527 2122
1527 2453
1527 2669
1527 3670
1527 8197
1527 11305
1527 11384
1527 11489
1527 12117
1527 12749
1527 13337
1539 3814
1551 5615
1551 13092
1552 1763
1552 2081
1552 3054
1552 3171
1552 3420
1552 3707
1552 4589
1552 4771
1552 5237
1552 7203
1552 7534
1552 8515
1552 11103
1552 12304
1552 12630
1552 12760
1552 13212
1552 13297
1552 13365
1552 13405
1552 13457
1552 13615
1561 13269
1563 13073
1581 1709
1581 4370
1581 7391
1593 9158
1599 13600
1604 9152
1612 2816
1612 4031
1622 1777
1622 4632
1622 7391
1622 9393
1622 10409
1622 11797
1622 13356
1622 13431
1633 5468
1636 2313
1636 4045
1636 4589
1636 5649
1636 9245
1636 10440
1636 11779
1636 11797
1636 11954
1636 13178
1636 13259
1636 13297
1636 13339
1636 13345
1636 13386
1636 13400
1636 13459
1636 13482
1636 13505
1636 13507
1636 13567
1657 1854
1657 5065
1657 8686
1657 13369
1658 3461
1658 3670
1658 12804
1664 12749
1672 6942
1709 5432
1709 7939
1709 10724
1709 11305
1717 8409
1717 13556
1742 13016
1755 2111
1755 8918
1763 3826
1763 9993
1763 12801
1763 13370
1763 13497
1763 13586
1774 13487
1778 4117
1786 1972
1786 6708
1786 13355
1787 2062
1787 2816
1788 6945
1788 9421
1788 9818
1788 10970
1788 13508
1794 4562
1794 12471
1794 13356
1804 13361
1804 13430
1813 7534
1831 13594
1834 2762
1834 7593
1836 12388
1854 2027
1854 4370
1854 4731
1854 11797
1854 12883
1854 13276
1854 13384
1861 13184
1863 8093
1875 2437
1875 10409
1875 10558
1875 11452
1875 13458
1877 3071
1877 5159
1877 5948
1877 6945
1877 7515
1877 11305
1877 11489
1877 12719
1877 13344
1877 13434
1877 13506
1877 13587
1879 8197
1879 12090
1879 12883
1894 5093
1896 7855
1896 12565
1917 1996
1917 3030
1917 3107
1917 3325
1917 3756
1917 4216
1917 5159
1917 6867
1917 8467
1917 9610
1917 9771
1917 9915
1917 10409
1917 10558
1917 11134
1917 11269
1917 11326
1917 11797
1917 12425
1917 12719
1917 12735
1917 13058
1917 13189
1917 13253
1917 13332
1917 13401
1917 13469
1917 13514
1917 13519
1921 4117
1921 9122
1921 11512
1940 9568
1971 5141
1971 11384
1971 11751
1972 4949
1972 9152
1972 9168
1972 12434
1972 13497
1972 13499
1973 7391
1973 11779
1977 13352
1985 2256
1985 9285
1990 3075
1996 2868
1996 12205
2019 4216
2019 8197
2019 9308
2019 9625
2019 13446
2027 3041
2027 3107
2027 4419
2027 6220
2027 6867
2027 8197
2027 9421
2027 11489
2027 12465
2027 12719
2027 13366
2027 13386
2027 13408
2027 13447
2027 13483
2027 13603
2046 13066
2053 4216
2057 3313
2057 3707
2057 5720
2062 2816
2062 5270
2062 9122
2062 12630
2081 2762
2081 3980
2081 13357
2086 3843
2089 2582
2089 2923
2089 8428
2089 9323
2089 13355
2089 13393
2102 12358
2105 4843
2107 9000
2111 2650
2111 6945
2111 13431
2118 10323
2118 13016
2122 3484
2122 3670
2123 6108
2123 11723
2126 10558
2132 2437
2146 5849
2146 9168
2146 13301
2149 2406
2149 3166
2149 3592
2149 3943
2149 3975
2149 6108
2149 8197
2149 11241
2149 12982
2149 13365
2149 13488
2156 9158
2156 13430
2158 3166
2158 4117
2158 4765
2158 4949
2158 5143
2158 7230
2158 7391
2158 9322
2158 10347
2158 12304
2158 12434
2177 12878
2189 4349
2192 8147
2199 2599
2199 5849
2199 8272
2199 11203
2199 11568
2225 6373
2225 6867
2225 11779
2234 6779
2234 11751
2234 13186
2234 13273
2240 3501
2249 12614
2254 3636
2254 6108
2254 9245
2255 5468
2255 8068
2255 8197
2255 11269
2255 13607
2256 4949
2256 9948
2256 11565
2256 11958
2256 12345
2256 12366
2256 13010
2258 2650
2258 13355
2286 5703
2286 9625
2286 13186
2297 5468
2299 12126
2306 4839
2313 2529
2313 3953
2313 4117
2313 4216
2313 5362
2313 6162
2313 6800
2313 8738
2313 9321
2313 9712
2313 10040
2313 10249
2313 10440
2313 10651
2313 12128
2313 12710
2313 13178
2313 13254
2313 13298
2313 13393
2313 13588
2313 13616
2324 10558
2324 13454
2326 9782
2342 2767
2355 11779
2355 13307
2369 5621
2369 8515
2389 12409
2389 13504
2396 11751
2397 8281
2406 7426
2408 11214
2408 11779
2408 12878
2428 4589
2428 6413
2428 11011
2437 2650
2437 2669
2437 2821
2437 3030
2437 3673
2437 3969
2437 4390
2437 4771
2437 4910
2437 5065
2437 5179
2437 6498
2437 6867
2437 8197
2437 9323
2437 9407
2437 10249
2437 11605
2437 11751
2437 12434
2437 13186
2437 13307
2437 13410
2437 13541
2437 13544
2437 13610
2453 3405
2453 5373
2453 8197
2453 11514
2472 4570
2472 4882
2472 6453
2472 8084
2472 8197
2472 9217
2472 11751
2472 13184
2472 13404
2472 13454
2472 13567
2488 4771
2489 11464
2492 9565
2522 4216
2522 13584
2529 3313
2529 3707
2529 3708
2529 4092
2529 4168
2529 7534
2529 9168
2529 9425
2529 10203
2529 10440
2529 11214
2529 12735
2529 12880
2529 13422
2529 13508
2529 13523
2529 13597
2534 9323
2534 11929
2583 11051
2598 3528
2598 7391
2598 13321
2598 13339
2600 5703
2603 12858
2616 5468
2627 3030
2627 3313
2627 3707
2627 4949
2627 6429
2627 12531
2627 13061
2627 13347
2627 13523
2628 4910
2628 13456
2645 4117
2645 4632
2645 4731
2645 10293
2645 10409
2645 12735
2645 13322
2650 2762
2650 2821
2650 4523
2650 5141
2650 6373
2650 6885
2650 6945
2650 8068
2650 8197
2650 12746
2650 13295
2650 13430
2650 13554
2669 4117
2669 4216
2669 5427
2669 7982
2669 12358
2674 3166
2674 8197
2674 13498
2682 12242
2692 3947
2692 4187
2692 4471
2692 4577
2692 4949
2692 5272
2692 5329
2692 7290
2692 10925
2692 10938
2692 12630
2692 13330
2692 13453
2692 13591
2694 4038
2694 4826
2694 6108
2694 8197
2694 11241
2694 13339
2733 6867
2739 5616
2739 6354
2739 12418
2739 13218
2756 2956
2756 3313
2756 4537
2756 8484
2756 12878
2756 13061
2756 13425
2762 3088
2762 5272
2762 6885
2762 7391
2762 8515
2762 9565
2762 9951
2762 10869
2762 11184
2762 11548
2762 12434
2762 13061
2762 13066
2762 13279
2762 13327
2762 13419
2762 13432
2762 13445
2762 13459
2762 13550
2762 13598
2767 11370
2767 13353
2775 7742
2775 8686
2775 13254
2775 13359
2783 11565
2786 11305
2789 13061
2795 4333
2804 3171
2804 9848
2816 3676
2816 4771
2816 5468
2816 6945
2816 7290
2816 8131
2816 8901
2816 9444
2816 11489
2821 12801
2821 13308
2822 11548
2845 5468
2845 10925
2845 13061
2868 4866
2868 6203
2868 9152
2868 9565
2868 13184
2888 5174
2888 12883
2907 13293
2923 5272
2934 13323
2947 6498
2954 3171
2956 3166
2956 3330
2956 5237
2956 5272
2956 5703
2956 6108
2956 9625
2956 11203
2956 12358
2956 13273
2956 13339
2956 13358
2956 13462
2964 9565
2964 13184
2970 4026
2970 10651
2970 13496
2984 5703
3000 6108
3024 9323
3030 3166
3030 4632
3030 6945
3030 8363
3030 8918
3030 9446
3030 9683
3030 9771
3030 11475
3030 13313
3030 13337
3030 13430
3041 8197
3041 9610
3041 10558
3041 13447
3041 13506
3054 9168
3054 13066
3054 13499
3065 4904
3065 5119
3071 9994
3075 7894
3104 4536
3104 7391
3107 6867
3107 9334
3107 9444
3113 3313
3113 4771
3113 7230
3158 3457
3158 6108
3158 8197
3158 12465
3165 4171
3165 4632
3165 12324
3166 3648
3166 4031
3166 4632
3166 4935
3166 5141
3166 5468
3166 6062
3166 6945
3166 7335
3166 7621
3166 8363
3166 8939
3166 9122
3166 11269
3166 11514
3166 12340
3166 13420
3171 3707
3171 4117
3171 6108
3171 9446
3171 11037
3171 12358
3171 12543
3171 12732
3171 12839
3171 13339
3177 13517
3195 6498
3239 3838
3239 5616
3239 8298
3239 8890
3239 9161
3239 10409
3239 10450
3239 11203
3239 12885
3239 13297
3239 13303
3251 13546
3298 9841
3298 11779
3313 3707
3313 4771
3313 4949
3313 5560
3313 6816
3313 6947
3313 7230
3313 8208
3313 9516
3313 10249
3313 12355
3313 12878
3313 13417
3313 13422
3313 13425
3313 13503
3313 13523
3330 4536
3330 4771
3330 6429
3330 7391
3330 10409
3330 12719
3361 13428
3368 4746
3368 9407
3368 13570
3377 4826
3377 5912
3377 6108
3377 6220
3377 13583
3381 4113
3381 4771
3381 5672
3381 6108
3381 7982
3381 9486
3381 10321
3381 10440
3381 12126
3381 12959
3381 13321
3381 13382
3381 13400
3405 3484
3405 3634
3405 6108
3405 10231
3405 13390
3405 13462
3405 13529
3420 4117
3420 9565
3442 13542
3447 12902
3456 8467
3456 13323
3456 13360
3457 3636
3457 4092
3457 4187
3457 8515
3457 11565
3461 11514
3484 3670
3484 6220
3484 13337
3484 13366
3487 5008
3487 6429
3487 13508
3515 12839
3515 13371
3526 9168
3526 13279
3526 13351
3528 13261
3528 13415
3545 6373
3545 10846
3551 9326
3573 13409
3574 13535
3574 13582
3579 13479
3608 7742
3608 8293
3608 10869
3617 8630
3631 9683
3634 6779
3636 4117
3636 5237
3636 5649
3636 9245
3636 9565
3636 10062
3636 10911
3636 11565
3636 12304
3636 12746
3636 13259
3636 13267
3636 13280
3636 13330
3639 10314
3648 5141
3648 9444
3648 13429
3670 5270
3670 8197
3673 3826
3676 7290
3693 13555
3707 4117
3707 4949
3707 6548
3707 8208
3707 9158
3707 10273
3707 13417
3707 13610
3727 9573
3727 13466
3756 4632
3756 12425
3756 13189
3779 10939
3785 12452
3785 13097
3785 13184
3787 13304
3800 8197
3800 11203
3814 8298
3826 6942
3826 9152
3826 11779
3826 13444
3838 8197
3838 9152
3838 10040
3841 4216
3841 12735
3843 11203
3856 4216
3856 6576
3856 9152
3856 9469
3856 9855
3856 10440
3856 10999
3856 12630
3882 8682
3882 13254
3893 10492
3923 5141
3923 13355
3935 6708
3947 13476
3953 11568
3980 10440
3984 5550
3984 9143
3984 13400
4000 5267
4000 8197
4011 9483
4011 13489
4011 13522
4011 13553
4018 10746
4031 5236
4031 6945
4031 7710
4031 8068
4031 8363
4031 8367
4031 9444
4031 13308
4031 13310
4031 13388
4031 13407
4031 13448
4031 13583
4032 4746
4032 13355
4038 9628
4045 6618
4045 10440
4057 10040
4057 13521
4059 11531
4059 13365
4059 13557
4090 13543
4092 4117
4092 4144
4092 4771
4092 9143
4092 9446
4092 10290
4092 10869
4092 11103
4092 11565
4092 12193
4092 12434
4092 13374
4092 13396
4092 13402
4092 13482
4092 13507
4092 13509
4092 13558
4092 13599
4113 7230
4113 10440
4113 12760
4113 13284
4113 13498
4117 4187
4117 4216
4117 4589
4117 4746
4117 4949
4117 5052
4117 5237
4117 5362
4117 5551
4117 6189
4117 6203
4117 6596
4117 6800
4117 6917
4117 6945
4117 7230
4117 7515
4117 7534
4117 8068
4117 8466
4117 9204
4117 9326
4117 9610
4117 9633
4117 9712
4117 9851
4117 9868
4117 10040
4117 10249
4117 10347
4117 10440
4117 10651
4117 10846
4117 10866
4117 10911
4117 11565
4117 12358
4117 12434
4117 12630
4117 12735
4117 12760
4117 12875
4117 12982
4117 13016
4117 13186
4117 13255
4117 13262
4117 13298
4117 13302
4117 13303
4117 13334
4117 13339
4117 13354
4117 13356
4117 13365
4117 13400
4117 13405
4117 13430
4117 13450
4117 13457
4117 13484
4117 13489
4117 13496
4117 13530
4117 13534
4117 13557
4117 13560
4117 13574
4117 13593
4117 13594
4117 13614
4126 6203
4126 9409
4126 9789
4126 13481
4144 6593
4157 8928
4159 5682
4168 7743
4171 6648
4171 11204
4187 8768
4187 9474
4187 10040
4187 13345
4187 13400
4187 13500
4187 13512
4216 4390
4216 4677
4216 5362
4216 6779
4216 6945
4216 9920
4216 10409
4216 10440
4216 11305
4216 11653
4216 11836
4216 12735
4216 12881
4216 12883
4216 13439
4216 13452
4216 13508
4216 13574
4234 4707
4249 13576
4253 7290
4280 6062
4280 12345
4280 13455
4280 13488
4301 11141
4339 13508
4382 5900
4382 13383
4382 13400
4384 6453
4384 12727
4390 5159
4390 9446
4390 12139
4390 13282
4419 6108
4419 9217
4419 10558
4419 11384
4419 11489
4419 11703
4419 12735
4419 12749
4419 13363
4419 13366
4419 13504
4419 13506
4419 13569
4456 7548
4460 13605
4493 6619
4507 11908
4507 13297
4507 13378
4507 13558
4518 12881
4536 5912
4536 6648
4536 7391
4536 8608
4536 10850
4536 13515
4546 13408
4562 4910
4562 7391
4570 5596
4570 10278
4577 11779
4589 5720
4589 8067
4632 5141
4632 5236
4632 5468
4632 6498
4632 7104
4632 8411
4632 9444
4632 10293
4632 12126
4632 12421
4632 13313
4632 13356
4632 13484
4634 13223
4677 11305
4680 12880
4702 12161
4702 13061
4702 13355
4702 13540
4708 5672
4708 12434
4731 5362
4731 6189
4731 9195
4731 9321
4731 9920
4731 10409
4731 11531
4731 12090
4731 12719
4731 12735
4731 13291
4731 13314
4731 13315
4731 13385
4731 13464
4731 13489
4734 13560
4746 4949
4746 5272
4746 6498
4746 6867
4746 9124
4746 9152
4746 11340
4746 11751
4746 12126
4746 12253
4746 12760
4746 13066
4746 13235
4746 13253
4746 13365
4746 13383
4746 13463
4746 13566
4753 13061
4759 5649
4759 10018
4765 13430
4771 5468
4771 7290
4771 8411
4771 9924
4771 12716
4771 13351
4771 13396
4771 13415
4771 13417
4771 13430
4771 13451
4771 13560
4771 13599
4771 13604
4771 13610
4783 9573
4783 12340
4783 12630
4819 6593
4826 5849
4826 7391
4826 8197
4826 10409
4826 11203
4826 12304
4826 12388
4826 12735
4839 9175
4839 9245
4839 9712
4839 10040
4839 11340
4839 13254
4839 13285
4839 13334
4839 13540
4839 13611
4855 7391
4855 9444
4855 10323
4866 10040
4866 13393
4866 13530
4879 13061
4882 6108
4904 9483
4910 6498
4910 8175
4910 12902
4910 13061
4910 13258
4916 11568
4917 11203
4924 13378
4924 13443
4949 11214
4949 12760
4971 6373
4971 9152
4971 10789
4997 6785
4997 12719
4998 5141
4999 6618
4999 7229
4999 8515
4999 10347
5009 6648
5012 11762
5012 12735
5012 12839
5012 13337
5012 13352
5065 10869
5065 10911
5065 13364
5089 6800
5089 8589
5102 9628
5104 13066
5119 5329
5119 8686
5125 6453
5141 5143
5141 6945
5141 8363
5141 8918
5141 9444
5141 9573
5141 11269
5141 11740
5141 13016
5141 13355
5141 13517
5143 11340
5159 8197
5159 12425
5159 13514
5174 8347
5174 9280
5174 12883
5236 12425
5237 7034
5237 11214
5237 12358
5263 13511
5267 8197
5270 5468
5270 13103
5272 5720
5272 11103
5272 11204
5272 13066
5272 13280
5272 13535
5272 13567
5306 12550
5306 13274
5306 13586
5308 8738
5308 10890
5308 13367
5308 13546
5340 11141
5362 9195
5362 12710
5362 13462
5362 13534
5362 13588
5362 13610
5363 13342
5366 8097
5366 11751
5366 13462
5373 8197
5373 11305
5375 13492
5386 8197
5386 12434
5440 11489
5468 6945
5468 9152
5468 9421
5468 9851
5468 9924
5468 10705
5468 11514
5468 11740
5468 12716
5468 13016
5468 13281
5479 6734
5488 5828
5493 12358
5493 13505
5550 7104
5550 10850
5550 13288
5550 13361
5550 13368
5550 13569
5550 13583
5551 6619
5551 6917
5551 12885
5558 6498
5560 13432
5560 13440
5560 13614
5599 13541
5616 11912
5616 13066
5616 13433
5633 10496
5633 11305
5649 9446
5658 6498
5658 12630
5672 9486
5681 9776
5703 8124
5703 9466
5703 10472
5703 11568
5703 11751
5718 11305
5720 6800
5720 7230
5720 9152
5720 11836
5720 13061
5720 13298
5720 13313
5720 13457
5720 13467
5720 13551
5720 13559
5720 13585
5785 8494
5801 13406
5831 10592
5831 10684
5831 11565
5831 12230
5831 13313
5831 13381
5849 6162
5849 6453
5849 9168
5849 9217
5849 11943
5849 12421
5849 13320
5849 13440
5849 13475
5912 6596
5912 6984
5912 8515
5912 10062
5912 10409
5912 12760
5946 11141
5948 12719
5966 11531
5966 11751
6002 8311
6009 13355
6062 12719
6108 6160
6108 7290
6108 7335
6108 8197
6108 9152
6108 10558
6108 11241
6108 12719
6124 11378
6128 9446
6134 13020
6160 6705
6180 12200
6203 6332
6203 8962
6203 10040
6203 10061
6203 10062
6203 10789
6203 11565
6203 13473
6203 13511
6203 13521
6203 13561
6220 11305
6284 13520
6332 11340
6365 6618
6373 6667
6373 6867
6373 7190
6373 7443
6373 8768
6373 9469
6373 9868
6373 9993
6373 10409
6373 10558
6373 10846
6373 11397
6373 11779
6373 11958
6373 12014
6373 12784
6373 13294
6373 13295
6373 13309
6373 13361
6373 13362
6373 13364
6373 13377
6373 13391
6373 13412
6373 13434
6373 13466
6373 13562
6389 11184
6413 10062
6413 13534
6429 7290
6429 9323
6429 10409
6429 11037
6429 11779
6429 12358
6429 12425
6429 13295
6429 13429
6429 13469
6429 13553
6431 10925
6435 9323
6435 10558
6435 12358
6435 12885
6448 10321
6448 10409
6448 11548
6448 11562
6448 13489
6453 8124
6467 13569
6479 13409
6498 9152
6498 9444
6498 9620
6498 10918
6498 11565
6498 11740
6498 12304
6498 12630
6498 13178
6498 13281
6498 13313
6498 13371
6498 13420
6498 13474
6498 13548
6582 11848
6594 8843
6594 10558
6594 13366
6594 13454
6594 13568
6594 13580
6596 9446
6596 11797
6596 13593
6618 10440
6618 13383
6619 9323
6619 9888
6619 9920
6619 11565
6619 12543
6619 12613
6619 12760
6619 12881
6619 13061
6619 13323
6619 13508
6619 13514
6619 13593
6619 13614
6624 11397
6648 9776
6648 12735
6667 11779
6779 8721
6779 9446
6779 10062
6779 10866
6779 10911
6779 11370
6779 11779
6779 12710
6779 13066
6779 13259
6779 13286
6784 9610
6785 13529
6800 8093
6800 9407
6800 10203
6800 10273
6800 10651
6800 10999
6800 12735
6800 12880
6800 13425
6800 13485
6842 7534
6867 9323
6867 9868
6867 10409
6867 10846
6867 11779
6867 12760
6867 13444
6885 13400
6916 10440
6917 9147
6942 10409
6942 12943
6942 13295
6942 13412
6945 7391
6945 8197
6945 9444
6945 12727
6945 13061
6945 13607
6947 8208
7034 8197
7034 12358
7034 13530
7034 13535
7034 13561
7034 13591
7034 13599
7093 13462
7104 12425
7107 11051
7109 9425
7109 9789
7109 11340
7109 12719
7128 9466
7156 13414
7170 12366
7190 7749
7190 9469
7190 13469
7230 7534
7230 10347
7230 13318
7290 7534
7290 8093
7290 9326
7290 9446
7290 10061
7290 10544
7290 11326
7290 11653
7290 12358
7290 12425
7290 12613
7290 12760
7290 13311
7290 13329
7290 13380
7290 13400
7290 13413
7290 13578
7290 13607
7311 13061
7335 13447
7335 13477
7364 11548
7391 8068
7391 9158
7391 9323
7391 9625
7391 10040
7391 10347
7391 10409
7391 11037
7391 11742
7391 11779
7391 12543
7391 12719
7391 13168
7391 13294
7391 13312
7391 13325
7391 13365
7391 13429
7391 13431
7391 13487
7391 13589
7398 13365
7443 10409
7464 10440
7464 13280
7464 13403
7464 13555
7487 11728
7487 13546
7515 13061
7531 8197
7531 10558
7534 8093
7534 8515
7534 10925
7534 11779
7534 12550
7534 13596
7546 13602
7589 13321
7593 9245
7593 11415
7659 8197
7710 11305
7741 13137
7749 11779
7839 10440
7855 11384
7855 13338
7855 13343
7855 13603
7944 9245
7944 13328
7984 8197
7984 8630
7984 12126
8068 12295
8093 8367
8093 9152
8093 9516
8093 13299
8093 13307
8093 13313
8093 13422
8093 13480
8097 13462
8121 8613
8131 13061
8147 13178
8197 8291
8197 9352
8197 9610
8197 10040
8197 10450
8197 10558
8197 11384
8197 11489
8197 11568
8197 12126
8197 12242
8197 12358
8197 12388
8197 12727
8197 12735
8197 12787
8197 12883
8197 13066
8197 13178
8197 13284
8197 13298
8197 13515
8197 13592
8197 13609
8208 12880
8224 11427
8225 8367
8238 13066
8272 11568
8272 13317
8281 11562
8281 12709
8281 13331
8281 13575
8281 13579
8298 9152
8298 13061
8298 13269
8298 13312
8298 13527
8338 12388
8347 12795
8364 13453
8367 10006
8367 10068
8367 12525
8367 12550
8367 13061
8367 13422
8411 12126
8467 8796
8467 12543
8467 12881
8467 13323
8472 13261
8484 10290
8484 11762
8484 13355
8515 9915
8515 10651
8515 11565
8515 12613
8515 13455
8515 13468
8515 13572
8521 13387
8565 13346
8565 13368
8583 11943
8608 13515
8613 13257
8613 13337
8613 13447
8613 13484
8682 9152
8682 12372
8682 13312
8686 11340
8686 13017
8712 11269
8712 12760
8738 13312
8768 9958
8796 13323
8836 13421
8843 13447
8868 12388
8868 13452
8912 13527
8915 13331
8918 9444
8939 13262
8992 13460
9024 9472
9122 12543
9122 13229
9122 13420
9143 9446
9147 11779
9147 12550
9152 9407
9152 11565
9152 11580
9152 12356
9152 12395
9152 12434
9152 12656
9152 12760
9152 13373
9152 13386
9152 13444
9152 13448
9152 13466
9152 13548
9152 13583
9168 13580
9175 11340
9197 9326
9217 11299
9245 10633
9245 11340
9245 13212
9285 10409
9285 11195
9285 11954
9285 12366
9285 13583
9292 11836
9294 13425
9321 10789
9323 12255
9323 12719
9323 12875
9323 13020
9323 13066
9323 13280
9323 13294
9323 13429
9323 13435
9323 13474
9323 13509
9323 13536
9323 13564
9326 12735
9334 11326
9352 9789
9393 11037
9407 11548
9425 10978
9425 11779
9425 12760
9425 13272
9427 11548
9437 13336
9444 11269
9444 11305
9444 12340
9446 10409
9446 12406
9446 13355
9446 13521
9446 13557
9469 11267
9469 13275
9474 11051
9480 12798
9483 11340
9486 13061
9516 13485
9543 11141
9559 11751
9562 13436
9565 10651
9565 13184
9565 13432
9568 11452
9610 10558
9610 12735
9616 13340
9625 13578
9705 13518
9771 10409
9771 12358
9775 12735
9789 11565
9789 11580
9789 12426
9789 13381
9789 13423
9789 13472
9789 13596
9869 13439
9888 13508
9920 10409
9920 10994
9958 11779
9993 12784
10003 13457
10027 13560
10040 11565
10040 11779
10040 12719
10040 13017
10040 13524
10062 12193
10068 10347
10068 11851
10068 13371
10068 13384
10068 13422
10068 13430
10068 13443
10068 13568
10145 11762
10216 13526
10272 13608
10288 11779
10293 13456
10321 12985
10347 11548
10347 11851
10347 11951
10347 13300
10347 13360
10352 11305
10352 11723
10409 10558
10409 11194
10409 11195
10409 11203
10409 11340
10409 11797
10409 12760
10409 13168
10409 13291
10409 13385
10409 13469
10409 13553
10440 11568
10440 12126
10440 12735
10440 12881
10440 12982
10440 13150
10440 13316
10440 13317
10440 13475
10440 13508
10450 11568
10450 12719
10479 13589
10492 13522
10520 12760
10558 11797
10558 12188
10558 12883
10558 13366
10592 11397
10592 11565
10592 12355
10684 11565
10766 11269
10789 11340
10789 13254
10789 13266
10789 13369
10789 13464
10846 12801
10846 13486
10866 13334
10869 12531
10933 13441
10941 12787
10941 12883
10994 13189
11037 13328
11051 13534
11061 12018
11061 13565
11062 13280
11072 11548
11103 13001
11103 13592
11173 12473
11184 13522
11194 11195
11203 11340
11203 11568
11203 11929
11203 12366
11203 12984
11203 13320
11203 13339
11203 13426
11203 13574
11234 11751
11241 13438
11241 13603
11251 13436
11299 13529
11305 11514
11305 11723
11305 12804
11305 13128
11326 12425
11340 11370
11340 11548
11340 12018
11340 12366
11340 12760
11340 13286
11340 13364
11340 13372
11340 13423
11340 13464
11340 13466
11340 13500
11340 13543
11340 13548
11340 13557
11382 13309
11384 12719
11397 11779
11397 12456
11430 12456
11432 11751
11464 13477
11489 12795
11514 13563
11548 11562
11565 12355
11565 12959
11565 13088
11565 13405
11565 13524
11568 13298
11575 12358
11601 11762
11728 13392
11740 13016
11751 13516
11762 13453
11779 12126
11779 12656
11779 12760
11779 12801
11779 13061
11779 13268
11779 13295
11779 13307
11779 13362
11779 13365
11779 13557
11799 13088
11809 12193
11851 12531
11908 12358
11943 13328
11943 13350
11943 13478
11943 13571
11947 12630
11951 13272
11951 13568
12048 12881
12070 13337
12090 12388
12092 13555
12117 12388
12161 13427
12161 13463
12188 12719
12295 13484
12304 13061
12304 13365
12355 13088
12355 13170
12355 13354
12355 13418
12358 13298
12358 13304
12358 13329
12358 13393
12358 13514
12388 13128
12388 13449
12388 13451
12421 12735
12434 13400
12465 12719
12469 12746
12471 13384
12471 13497
12550 13313
12614 13477
12649 13061
12718 12881
12719 13020
12719 13230
12719 13394
12719 13408
12719 13419
12719 13438
12719 13447
12727 12735
12735 12795
12735 13186
12735 13284
12735 13332
12735 13339
12735 13358
12735 13545
12735 13561
12746 13302
12760 12912
12760 13255
12760 13307
12760 13360
12760 13384
12760 13573
12787 13332
12839 13061
12875 13061
12883 13189
12883 13211
12883 13332
12883 13337
12885 13560
12885 13572
12885 13609
12943 13379
13016 13308
13017 13430
13017 13522
13020 13061
13061 13066
13061 13280
13061 13300
13061 13313
13061 13316
13061 13365
13061 13384
13061 13385
13066 13171
13066 13280
13066 13345
13066 13437
13066 13474
13083 13333
13083 13371
13083 13394
13083 13408
13097 13557
13108 13296
13170 13378
13189 13332
13189 13502
13230 13461
13265 13411
13277 13278
13298 13513
13313 13360
13318 13319
13318 13525
13325 13606
13355 13530
13355 13561
13361 13368
13361 13397
13368 13569
13390 13506
13398 13399
13414 13549
13442 13443
13462 13465
13468 13470
13486 13519
13508 13540
13508 13552
13537 13538
13555 13581
13568 13570
13602 13615
