0 13422
2 5616
3 5703
4 536
7 636
7 1361
14 729
19 432
19 3856
19 10706
26 2437
26 2650
26 11326
26 14124
26 14235
26 14338
28 2081
28 6498
28 10706
29 76
29 83
29 610
29 897
29 1255
29 1990
29 2364
29 3177
29 3648
29 5550
29 7274
29 7391
29 9109
29 9323
29 14062
30 239
30 3344
36 12643
41 59
41 196
41 9152
41 10201
42 839
42 968
42 1361
42 2355
42 3811
42 8197
42 11214
42 12366
43 134
43 138
43 510
43 568
43 897
43 968
43 1179
43 1552
43 2627
43 2888
43 2919
43 2970
43 3093
43 3104
43 3865
43 6124
43 6842
43 7668
43 7787
43 9027
43 9422
43 11257
43 11269
43 11738
43 11947
43 12304
43 12366
43 13316
43 13801
43 13844
43 13933
43 13979
43 13981
43 13994
43 14034
43 14046
43 14062
43 14106
43 14332
43 14334
46 897
46 1877
46 7213
46 12550
46 12709
46 12719
46 12992
46 13061
46 13184
48 88
48 4116
56 13998
61 1369
61 2158
70 621
70 3653
70 5501
72 110
72 3484
72 12388
72 12869
73 5270
76 88
76 141
76 158
76 1126
76 1200
76 1593
76 1917
76 2728
76 4909
76 5018
76 5100
76 5270
76 6124
76 6143
76 6708
76 7093
76 8298
76 11360
76 11779
76 11912
76 12434
76 12885
76 13380
76 13774
76 14006
76 14062
76 14068
76 14081
76 14083
79 1122
79 13061
83 140
83 608
83 11452
83 13082
83 13515
83 14221
84 6708
88 93
88 108
88 510
88 897
88 1235
88 6498
88 11779
88 12295
88 13977
88 14278
94 1514
94 4135
94 14182
95 14182
96 730
97 3648
97 10780
100 108
100 897
100 2762
100 2816
100 3352
100 4031
100 5468
103 138
108 1786
108 1879
108 2062
108 2107
108 3785
108 5270
108 6618
108 7274
108 8567
108 9152
108 11162
108 11352
108 11362
108 12366
110 120
110 580
110 656
110 1255
110 1854
110 2027
110 2255
110 3616
110 5948
110 7659
110 12643
110 12869
110 13390
110 13781
110 13981
110 13986
110 14004
110 14009
110 14208
110 14216
110 14269
113 5432
122 703
122 5125
134 572
134 897
134 1115
134 1563
134 4731
134 7097
134 8197
134 12672
134 13061
138 510
138 762
138 1200
138 1206
138 2621
138 3707
138 4909
138 5430
138 6506
138 7090
138 9152
138 10061
138 10293
138 11676
138 11738
138 12434
138 13978
138 14024
138 14030
138 14062
138 14090
140 762
140 1002
140 5468
140 8515
140 10273
140 12341
140 14352
146 13083
153 312
153 2767
153 3415
153 4117
153 4948
153 5119
153 5396
153 5441
153 5616
153 6867
153 8197
153 8550
153 8682
153 8969
153 9394
153 9757
153 10068
153 12366
153 13061
153 13989
153 14038
153 14051
153 14062
153 14109
153 14134
153 14136
153 14138
153 14148
153 14155
153 14251
153 14256
153 14301
153 14332
155 338
156 6867
157 839
158 2019
158 4731
158 6062
158 8365
158 9868
158 10409
158 10461
158 11452
158 12366
158 12713
158 13061
158 13565
158 13928
158 14029
158 14033
158 14062
158 14064
158 14171
158 14326
172 897
172 968
172 1836
172 2472
172 3634
172 5029
172 8513
172 10278
172 13981
172 14300
186 223
186 1361
189 1255
189 14024
190 510
190 729
190 3528
190 3935
190 5759
190 7787
190 11326
196 859
196 1483
196 1990
196 9841
196 11738
196 12366
196 12376
196 13082
196 14174
196 14333
201 6429
201 8451
201 9896
204 407
204 1552
204 2081
204 3307
204 4216
204 4746
204 10203
204 11504
204 13975
204 14211
206 4731
221 897
221 2111
221 13082
223 729
223 1106
226 14329
239 904
239 2128
239 13544
240 6300
240 6498
249 948
253 1200
258 839
258 7281
258 9175
258 10040
258 11779
258 12366
258 14062
258 14135
267 1255
276 1002
276 9285
280 14233
280 14337
283 2816
285 3624
287 2280
287 10860
287 14319
297 3545
297 3984
297 8147
297 8159
297 9789
297 9841
297 12985
297 13793
297 13889
297 13992
297 14029
298 2256
298 4059
298 14026
304 886
304 3687
304 6431
312 2756
312 4339
312 14189
315 4059
315 7391
315 14062
315 14152
318 1788
318 13544
324 9168
338 13981
338 14084
354 13844
354 14061
370 2650
370 3177
370 4632
370 11326
370 13988
374 2231
374 9469
403 14342
405 573
405 4216
405 9285
407 2692
407 4117
407 10203
407 12885
407 13184
407 13871
407 14062
410 13017
410 14006
410 14258
412 536
412 839
412 3969
412 5616
412 14093
432 9241
447 7290
451 11779
455 1359
455 2225
455 3526
455 3843
455 4216
455 5720
455 8567
455 10409
455 13184
455 14051
455 14062
455 14287
461 1002
461 1917
461 2956
461 3040
461 6596
461 13271
461 13578
461 14014
461 14062
461 14114
461 14274
465 13061
467 1917
467 2504
467 4397
467 7122
467 10293
467 12253
467 12672
467 14067
467 14120
467 14121
467 14204
482 13316
490 13184
501 14190
506 12366
510 1879
510 3528
510 9444
510 11159
519 14062
524 6124
528 5383
528 7003
528 12255
528 13838
528 14224
531 897
531 1812
531 14035
531 14189
532 546
532 3072
532 4746
532 11255
532 12630
536 613
536 1206
536 1361
536 3636
536 5125
536 7034
536 12161
536 14293
536 14334
539 1365
545 1179
545 6940
545 14060
556 1361
556 2256
556 2762
556 6351
556 13061
556 14090
556 14334
559 13298
562 13061
563 618
563 3075
563 12366
563 14343
568 1255
568 1653
568 1917
568 3107
568 4117
568 6847
568 9458
568 10347
568 13973
568 14112
568 14188
568 14196
568 14225
572 1268
572 2019
572 2111
572 4216
572 4948
572 7034
572 7541
572 13707
572 13973
573 836
573 2297
573 3352
573 4216
573 4771
573 9285
573 9449
573 9568
573 11269
573 12656
573 12869
573 13986
573 14018
573 14054
573 14227
574 3057
577 618
577 671
577 729
577 904
577 2256
577 4201
577 4798
577 7000
577 7391
577 8097
577 9174
577 13429
577 13589
577 14152
604 610
608 823
608 2122
608 6498
608 11305
608 12795
610 1985
610 2541
610 2822
610 3030
610 3166
610 4059
610 4187
610 6885
610 9246
610 9469
610 9757
610 10399
610 11383
610 11531
610 11738
610 12366
610 13082
610 14053
610 14133
610 14178
610 14244
610 14271
610 14307
611 9595
613 1053
613 3093
613 4831
613 10620
613 12599
613 13987
613 14013
616 13184
618 3474
618 4031
618 5911
618 7391
618 12125
618 12341
618 13429
618 14085
620 1361
621 897
621 904
621 1242
621 3737
621 8451
621 10206
621 10366
621 11257
621 11645
621 11779
621 12366
621 12532
621 14030
621 14062
621 14131
621 14182
634 5340
634 11340
634 13061
647 794
647 839
647 3634
647 4771
652 8962
652 10636
652 14163
652 14207
656 11269
656 12090
656 13981
656 14208
660 1552
660 2355
660 2504
660 3636
671 3843
671 4731
671 8119
682 762
700 13735
703 881
703 1636
703 4839
703 9323
703 11269
703 11943
712 4702
729 1057
729 2645
729 2956
729 5119
729 5432
729 7034
729 7290
729 8190
729 8197
729 8846
729 10293
729 10530
729 10846
729 12023
729 13355
729 13808
729 13968
729 13993
729 14006
729 14046
729 14126
729 14282
729 14332
730 1793
730 13680
731 6779
736 1295
736 1298
736 4866
736 5362
736 8608
736 8659
736 10293
736 10789
736 11340
736 12023
736 14280
738 14001
760 14162
762 773
762 852
762 1879
762 2062
762 2255
762 2627
762 2756
762 3707
762 5468
762 6124
762 6618
762 7991
762 8367
762 9896
762 10706
762 11257
762 12869
762 13082
762 14062
762 14123
762 14136
762 14199
762 14246
762 14262
773 859
773 6062
773 14052
773 14200
781 3456
803 5018
813 1359
821 6708
821 13991
823 3166
823 5468
823 7855
823 14355
836 1200
836 2297
837 2124
837 3599
837 4126
837 5119
837 10035
837 10491
837 12434
837 13838
837 13987
837 14107
837 14119
839 1786
839 1917
839 2364
839 4731
839 5144
839 5432
839 8298
839 9245
839 9599
839 12023
839 12090
839 13707
839 13967
839 14208
846 1854
846 3405
846 3935
846 5125
846 8382
852 2057
852 2355
852 2529
852 2627
852 2756
852 2762
852 3313
852 4680
852 5615
852 6800
852 8208
852 8566
852 8567
852 10068
852 10301
852 12366
852 12718
852 13966
852 13996
852 14002
852 14055
852 14071
852 14073
852 14093
852 14139
852 14151
852 14197
852 14202
852 14264
852 14323
857 14018
857 14019
858 6373
858 8119
858 9152
858 10789
859 1106
859 4632
881 11947
881 13844
881 14024
881 14171
881 14304
886 6817
891 4216
891 8948
897 1106
897 1148
897 1361
897 1365
897 1792
897 1958
897 1972
897 2156
897 2762
897 2816
897 3329
897 3388
897 3882
897 4577
897 4783
897 5007
897 5706
897 6498
897 7000
897 8364
897 9152
897 9285
897 10558
897 12253
897 12672
897 13844
897 13955
897 14105
897 14125
897 14261
897 14311
897 14345
904 1242
904 3648
904 3737
904 5141
904 9323
904 12341
904 13184
904 14125
907 13061
919 5633
946 11269
946 11326
948 3041
948 3935
948 10027
948 13390
948 14022
948 14106
968 4216
968 7345
1002 1242
1002 2313
1002 2333
1002 2472
1002 3484
1002 4216
1002 7097
1002 10015
1002 10203
1002 10846
1002 12341
1002 12434
1002 12719
1002 13316
1002 13451
1002 13514
1002 14028
1002 14052
1002 14083
1002 14114
1002 14129
1002 14161
1002 14198
1002 14288
1005 1361
1005 12672
1005 13961
1006 4632
1006 11125
1006 12795
1011 14062
1012 1206
1012 14272
1035 3634
1035 3969
1041 2313
1041 3093
1041 9757
1053 5119
1057 3093
1057 5809
1057 8969
1057 13943
1057 14272
1057 14313
1060 7122
1060 9913
1060 13033
1106 1604
1106 1996
1106 2816
1106 4632
1106 4766
1106 5396
1106 5706
1106 6708
1106 13699
1106 13807
1106 14006
1106 14088
1106 14190
1106 14219
1106 14251
1115 5859
1115 6203
1115 9147
1115 9427
1115 10636
1115 13061
1115 14256
1122 1365
1126 10520
1144 1179
1144 1763
1144 3177
1144 7749
1144 7991
1144 10329
1144 12366
1144 12376
1144 12719
1144 14029
1144 14238
1148 4216
1148 9771
1171 1921
1179 2313
1185 2529
1185 6947
1185 14255
1185 14301
1200 1206
1200 1256
1200 1593
1200 1879
1200 2756
1200 2816
1200 2970
1200 3313
1200 3329
1200 4339
1200 6143
1200 6618
1200 7186
1200 9220
1200 11382
1200 11452
1200 11607
1200 11676
1200 11947
1200 12148
1200 12366
1200 13184
1200 13595
1200 14059
1200 14062
1200 14073
1206 2529
1206 3030
1206 3329
1206 3707
1206 5859
1206 6506
1206 9896
1206 12665
1206 13380
1206 14024
1206 14062
1206 14148
1223 13361
1223 14266
1242 1369
1242 1413
1242 2140
1242 2156
1242 3329
1242 3352
1242 4117
1242 4216
1242 4309
1242 4536
1242 5560
1242 5616
1242 5633
1242 5703
1242 6498
1242 10558
1242 13973
1255 3030
1255 3727
1255 4419
1255 4577
1255 4632
1255 5100
1255 5430
1255 7760
1255 8197
1255 9036
1255 11779
1255 12090
1255 13468
1255 13514
1255 13578
1255 13707
1255 13980
1255 13985
1255 14014
1255 14123
1255 14138
1256 2256
1256 2355
1256 2545
1256 2650
1256 2756
1256 3313
1256 3484
1256 3707
1256 3887
1256 4545
1256 5012
1256 5720
1256 5859
1256 6800
1256 12358
1256 13184
1256 13318
1256 13935
1256 14002
1256 14062
1256 14128
1256 14148
1256 14160
1256 14202
1256 14222
1256 14230
1264 4216
1268 3352
1268 3935
1268 4216
1268 4731
1268 5616
1268 7097
1268 8197
1268 13390
1268 13707
1268 13933
1268 14180
1276 13184
1298 2297
1298 10293
1298 14158
1321 6143
1321 14109
1333 8912
1333 9158
1333 12434
1333 14057
1333 14304
1335 1794
1335 4632
1335 12876
1345 13184
1359 1552
1359 1824
1359 1831
1359 2140
1359 5616
1359 6779
1359 12885
1359 14039
1359 14062
1359 14066
1359 14098
1359 14188
1359 14327
1359 14336
1361 1413
1361 1517
1361 1552
1361 1831
1361 2583
1361 2627
1361 2762
1361 3356
1361 3636
1361 4117
1361 4231
1361 4466
1361 4471
1361 4577
1361 4839
1361 4886
1361 4909
1361 5119
1361 6180
1361 6203
1361 6779
1361 7034
1361 7186
1361 7541
1361 7674
1361 7924
1361 10440
1361 10620
1361 12304
1361 12341
1361 12358
1361 12672
1361 12924
1361 13173
1361 13184
1361 13514
1361 13548
1361 13821
1361 13912
1361 13943
1361 14012
1361 14039
1361 14067
1361 14072
1361 14090
1361 14093
1361 14101
1361 14117
1361 14128
1361 14137
1361 14212
1361 14228
1361 14241
1361 14334
1361 14341
1365 2728
1365 4092
1365 5720
1365 7541
1365 10040
1365 12341
1365 13318
1365 14068
1365 14253
1369 1664
1369 1854
1369 2255
1369 2489
1369 3405
1369 4466
1369 5119
1369 11464
1369 12442
1369 14041
1369 14281
1375 13676
1392 13989
1392 14002
1392 14006
1406 13184
1413 1917
1413 7541
1413 14052
1422 13066
1432 2756
1466 5859
1476 7290
1483 5845
1483 6779
1483 13178
1510 14052
1514 7391
1514 8941
1514 11645
1521 14046
1527 8197
1527 13708
1527 13984
1539 2816
1539 4116
1539 9896
1539 11257
1540 13184
1550 14340
1551 8093
1552 1636
1552 2627
1552 2762
1552 3029
1552 3412
1552 3687
1552 3887
1552 4766
1552 5125
1552 5720
1552 8197
1552 8433
1552 9152
1552 10040
1552 11738
1552 12358
1552 13061
1552 13173
1552 13548
1552 14030
1552 14097
1552 14117
1552 14128
1552 14198
1552 14222
1552 14257
1552 14317
1563 1917
1563 5340
1563 12090
1563 12341
1568 4031
1578 13086
1600 11779
1604 4117
1604 7589
1605 5383
1612 6498
1612 13281
1612 13544
1622 7122
1622 10206
1622 11452
1622 12341
1625 5616
1628 4057
1628 10213
1628 14298
1628 14302
1636 2728
1636 5845
1636 6431
1636 6779
1636 7000
1636 10492
1636 12858
1636 14006
1636 14084
1636 14165
1642 2919
1658 3484
1675 11779
1687 4731
1691 1793
1709 7659
1709 12090
1724 14062
1737 12366
1742 7620
1742 7787
1742 8688
1742 13993
1752 4188
1763 2437
1763 5550
1763 11066
1763 12801
1763 13989
1763 14025
1763 14181
1763 14310
1773 6429
1778 13844
1778 14002
1778 14276
1779 7391
1786 11269
1786 14024
1786 14030
1786 14144
1786 14191
1788 5468
1792 14059
1794 11452
1794 14291
1818 6498
1818 7787
1818 8941
1824 14336
1825 4031
1831 2762
1831 2956
1831 4092
1831 4632
1831 5294
1831 8484
1831 12366
1831 14234
1831 14286
1835 11214
1836 2453
1836 8197
1836 11203
1854 2027
1854 2062
1854 2255
1854 3405
1854 4216
1854 5560
1854 10071
1854 12253
1854 12869
1854 13781
1854 13976
1854 14054
1861 13184
1863 14059
1877 6108
1877 6867
1877 9152
1877 14250
1877 14339
1879 2062
1879 2816
1879 3528
1879 4157
1879 9888
1879 11779
1879 12090
1885 2529
1885 9152
1885 11779
1908 14037
1917 2019
1917 2333
1917 2437
1917 2729
1917 2956
1917 3265
1917 4059
1917 4216
1917 4731
1917 5031
1917 5432
1917 5946
1917 6596
1917 6619
1917 7122
1917 7391
1917 7944
1917 8630
1917 9422
1917 9897
1917 9928
1917 10705
1917 10816
1917 11269
1917 11326
1917 11999
1917 12090
1917 12712
1917 13981
1917 14121
1917 14158
1917 14214
1917 14235
1929 13061
1952 5415
1952 13429
1958 14182
1959 7871
1970 13953
1971 13390
1972 13082
1972 14064
1972 14223
1978 13184
1985 2762
1985 7391
1985 9469
1985 13838
1985 14307
1996 4589
1996 14006
1996 14030
1996 14126
1996 14187
2019 2437
2019 2669
2019 2956
2019 4216
2019 4731
2019 5362
2019 5891
2019 7097
2019 7391
2019 9771
2019 11533
2019 12465
2019 14037
2019 14086
2019 14249
2019 14250
2019 14344
2027 3900
2027 5029
2027 5093
2027 7074
2027 9599
2027 11718
2027 12287
2027 12643
2027 13261
2027 13390
2027 14011
2027 14078
2027 14208
2044 11051
2045 4216
2057 2756
2057 3313
2057 6817
2057 13061
2057 14231
2062 14147
2070 6708
2109 14088
2109 14116
2111 12125
2122 4731
2122 5270
2122 12709
2122 14114
2122 14140
2124 4092
2124 4589
2124 6889
2124 9913
2124 10620
2124 13436
2124 13831
2124 14119
2124 14215
2124 14287
2124 14322
2124 14330
2126 8948
2140 2674
2140 2956
2148 3313
2149 14062
2156 2919
2156 3329
2156 4216
2156 4339
2156 5769
2156 7541
2156 12672
2156 13844
2156 14062
2156 14251
2156 14267
2156 14292
2158 2428
2158 2437
2158 14167
2158 14332
2177 3023
2197 12434
2204 4731
2215 4783
2215 5119
2223 7107
2223 11762
2231 5119
2233 11779
2240 3501
2243 9422
2243 14016
2254 14062
2255 3158
2255 4771
2255 7963
2255 8197
2255 10780
2255 12090
2255 12409
2255 13380
2255 13390
2255 13707
2255 13846
2255 13981
2255 14030
2255 14161
2255 14216
2255 14279
2256 2762
2256 4059
2256 4092
2256 4924
2256 6373
2256 6889
2256 9246
2256 9444
2256 9469
2256 10399
2256 11234
2256 11901
2256 12355
2256 12366
2256 12532
2256 12655
2256 12801
2256 13844
2256 13889
2256 14181
2256 14254
2256 14280
2267 14279
2284 5938
2286 6248
2297 4280
2297 9449
2313 2650
2313 3093
2313 3313
2313 3356
2313 4117
2313 4216
2313 9446
2313 9703
2313 10440
2313 11738
2313 12358
2313 14062
2313 14118
2313 14130
2313 14198
2313 14205
2313 14316
2313 14320
2313 14335
2319 4419
2319 12643
2324 10558
2333 12719
2333 14036
2334 4031
2334 10409
2355 3484
2355 5720
2357 13980
2364 3528
2369 5165
2389 6108
2389 12409
2389 13390
2389 13707
2405 3023
2405 6779
2405 12366
2406 13590
2428 14012
2428 14270
2437 4419
2437 6435
2437 13707
2437 13801
2453 3484
2455 4746
2455 4765
2455 13965
2472 3969
2472 9449
2472 10268
2472 12719
2472 12749
2472 14079
2472 14269
2488 14148
2489 3158
2489 9280
2489 11125
2489 14157
2522 4507
2529 2756
2529 3313
2529 5809
2529 6203
2529 6817
2529 8298
2529 8550
2529 10040
2529 12630
2529 13083
2529 14006
2529 14055
2529 14062
2529 14071
2529 14202
2529 14230
2529 14262
2529 14264
2529 14268
2534 2728
2534 4585
2534 7000
2543 7391
2545 14202
2562 4546
2562 9323
2562 14266
2583 5551
2583 7034
2589 3313
2589 6165
2589 6618
2592 14280
2598 9312
2598 14196
2598 14208
2620 6782
2621 14062
2627 3226
2627 3307
2627 4839
2627 5615
2627 9152
2627 9168
2627 10273
2627 11738
2627 13061
2627 14085
2627 14159
2627 14325
2627 14350
2640 8566
2645 4419
2645 5270
2645 7000
2645 10203
2650 4187
2650 5141
2650 8626
2650 8870
2650 9993
2650 10780
2650 12869
2650 12992
2650 13067
2650 14062
2650 14278
2663 14172
2669 12716
2669 12869
2674 10409
2676 8941
2692 5340
2692 10592
2692 12434
2692 13680
2692 13976
2692 14038
2692 14041
2692 14215
2694 8298
2694 10846
2694 12341
2694 13707
2694 14041
2694 14245
2704 13082
2706 8630
2728 5119
2728 10789
2729 13519
2730 5946
2730 7122
2730 13434
2739 5616
2739 7281
2739 14062
2756 3313
2756 4366
2756 4680
2756 10284
2756 12366
2756 12672
2756 14138
2756 14243
2756 14284
2762 3441
2762 3687
2762 4577
2762 5560
2762 6203
2762 6373
2762 6945
2762 7391
2762 8197
2762 8870
2762 11064
2762 11184
2762 12366
2762 13804
2762 13997
2762 14013
2762 14053
2762 14072
2762 14093
2762 14181
2762 14188
2762 14224
2762 14271
2762 14350
2767 3415
2767 5655
2767 5831
2767 8711
2767 8846
2767 11125
2767 11565
2767 12453
2767 13965
2767 13969
2767 14038
2767 14159
2767 14325
2775 8682
2796 12672
2816 2919
2816 3648
2816 5141
2816 5270
2816 6498
2816 9027
2816 9152
2816 11257
2816 11269
2816 11382
2816 11779
2816 13544
2816 14059
2816 14199
2821 9323
2825 2956
2825 5616
2825 6779
2825 13316
2845 6124
2868 8364
2888 11125
2912 12643
2919 12304
2919 14062
2930 4731
2930 8119
2934 7307
2934 13760
2943 10201
2956 3984
2956 4216
2956 4632
2956 4882
2956 5703
2956 5720
2956 7097
2956 11103
2956 13082
2956 13947
2956 14037
2956 14114
2956 14180
2957 4798
2957 4839
2957 6429
2957 10492
2958 10164
2970 14062
2970 14164
2970 14235
3014 14062
3020 13061
3029 4092
3030 9158
3030 12992
3030 13544
3041 3377
3041 14009
3041 14106
3093 4216
3093 4465
3093 4771
3093 5551
3093 8197
3093 10440
3122 11565
3165 4216
3165 4731
3165 7097
3165 10015
3165 11533
3165 13954
3165 14074
3166 3648
3166 6498
3166 8688
3166 8918
3166 9109
3166 9444
3166 10918
3166 14078
3171 3484
3171 4798
3171 7122
3171 10604
3171 13184
3171 13978
3171 14244
3195 11066
3224 14041
3278 3707
3307 3526
3307 5706
3307 5720
3307 14202
3313 3856
3313 4140
3313 5720
3313 5757
3313 8566
3313 8567
3313 10068
3313 12672
3313 13422
3313 14138
3313 14139
3313 14151
3313 14197
3313 14284
3329 3381
3329 6618
3329 6945
3329 7391
3329 12341
3329 12434
3329 13067
3329 13889
3329 14062
3344 4419
3344 7097
3344 13707
3344 13718
3344 14208
3352 12442
3368 4771
3368 11751
3368 12434
3377 3935
3377 5125
3377 6781
3377 14014
3377 14047
3381 4765
3381 6708
3381 6781
3381 14040
3381 14232
3388 14217
3405 4466
3405 5036
3405 7391
3405 9683
3405 12719
3405 12749
3405 13261
3405 13707
3405 13986
3405 14153
3412 5340
3412 11607
3412 14117
3447 5018
3447 9534
3456 6917
3456 13565
3456 14244
3458 11103
3458 13926
3461 10273
3461 14337
3461 14353
3484 6708
3484 10027
3484 12409
3484 12719
3484 14129
3501 5616
3501 9446
3509 10301
3515 4271
3515 4545
3515 13485
3526 10213
3526 13681
3526 14170
3528 3935
3528 4771
3528 5093
3528 9027
3528 14006
3528 14196
3535 13967
3541 5550
3543 13844
3545 13889
3545 14049
3573 4216
3574 13811
3578 3595
3578 8225
3578 14062
3595 12746
3599 11779
3608 9045
3616 12388
3636 4092
3636 4117
3636 4886
3636 12255
3636 12366
3636 12434
3636 13184
3636 14032
3636 14055
3636 14090
3636 14217
3648 8918
3648 8941
3648 10831
3648 14061
3653 10168
3692 14041
3707 4680
3707 8459
3707 8566
3707 10061
3707 10203
3707 14081
3707 14148
3727 14337
3737 12341
3737 13014
3764 8367
3785 9449
3843 4047
3843 9246
3843 14093
3856 4948
3856 14136
3865 13275
3882 4949
3882 6143
3882 8682
3882 11340
3882 14005
3887 7290
3887 13355
3935 6373
3935 6624
3935 6867
3935 9469
3935 12023
3935 14041
3943 12376
3951 10278
3969 12719
3975 4216
3975 7668
3984 4187
3984 4632
3984 4831
3984 6779
3984 11548
3984 12985
3984 13184
3984 14097
3996 9323
4000 14182
4011 9246
4011 12053
4011 14064
4011 14275
4023 8281
4031 4536
4031 5383
4031 7104
4031 8224
4031 8941
4031 9000
4031 10831
4031 11779
4031 11920
4031 12425
4031 12709
4031 14062
4031 14125
4031 14251
4031 14262
4031 14329
4038 13531
4057 4866
4057 5684
4057 6889
4057 9152
4059 5966
4059 6373
4059 9323
4059 11105
4059 11531
4059 14049
4059 14113
4092 4231
4092 4924
4092 5362
4092 6889
4092 9158
4092 10040
4092 11901
4092 13316
4092 13470
4092 13492
4092 14000
4092 14032
4092 14102
4092 14117
4092 14334
4113 4746
4113 5270
4113 6467
4113 9444
4113 9449
4116 5141
4116 10040
4116 10268
4116 14104
4117 4216
4117 4904
4117 5383
4117 5809
4117 7281
4117 8596
4117 9312
4117 10040
4117 10203
4117 11326
4117 11533
4117 12304
4117 12355
4117 12358
4117 12366
4117 13082
4117 13173
4117 13457
4117 14022
4117 14062
4117 14075
4117 14083
4117 14234
4135 6498
4135 10366
4135 13184
4135 14329
4151 14323
4187 5655
4187 8197
4187 9168
4187 9469
4187 10868
4187 12022
4187 13548
4187 13681
4187 13829
4187 14013
4187 14043
4187 14068
4187 14090
4187 14097
4187 14107
4187 14124
4187 14132
4187 14170
4187 14217
4187 14244
4188 9152
4188 9323
4201 8097
4201 13325
4216 4731
4216 5366
4216 5633
4216 8124
4216 8197
4216 8948
4216 8981
4216 9771
4216 10071
4216 12358
4216 12366
4216 12442
4216 12709
4216 13082
4216 13184
4216 13516
4216 13921
4216 13926
4216 13973
4216 14037
4216 14074
4216 14103
4216 14348
4228 4731
4228 5362
4232 7391
4234 9444
4271 9312
4271 13912
4271 14012
4283 13066
4339 6817
4339 9599
4339 14272
4339 14286
4339 14312
4349 9246
4349 11779
4349 12366
4357 11340
4357 11548
4370 9458
4370 13707
4388 14261
4390 4731
4390 12341
4419 8272
4419 9458
4419 10027
4419 12090
4419 12883
4419 13390
4419 13707
4419 13976
4419 14041
4466 5816
4466 6134
4466 12358
4466 12434
4467 14315
4485 7391
4488 13715
4507 14026
4518 4909
4523 10884
4523 13082
4536 5415
4536 7391
4536 13033
4536 13514
4536 13515
4536 14056
4536 14067
4536 14204
4545 5859
4545 14160
4546 6570
4546 12869
4546 14041
4577 6373
4577 14062
4577 14080
4582 13519
4583 10860
4585 11203
4585 11340
4589 7000
4589 10366
4589 11195
4589 11340
4589 14187
4600 12366
4621 6781
4632 5720
4632 6498
4632 8224
4632 8484
4632 9787
4632 10273
4632 12795
4632 12858
4632 14024
4632 14252
4636 8197
4652 6885
4680 13485
4702 14186
4708 14190
4731 4752
4731 5362
4731 5432
4731 6017
4731 6448
4731 6619
4731 8659
4731 9073
4731 10705
4731 11197
4731 11533
4731 12125
4731 12366
4731 12465
4731 13067
4731 13973
4731 13981
4731 14003
4731 14064
4731 14092
4731 14094
4731 14155
4731 14157
4731 14180
4731 14206
4746 4783
4746 5263
4746 7000
4746 13226
4752 7067
4765 9285
4765 9961
4771 8197
4771 8918
4771 10860
4771 11162
4771 11269
4771 12148
4771 12434
4771 13390
4771 14006
4771 14046
4771 14062
4771 14079
4771 14123
4771 14138
4771 14142
4771 14143
4771 14190
4783 8224
4783 8521
4783 8688
4783 12340
4783 13118
4783 13578
4783 13967
4783 14044
4783 14318
4798 6429
4798 7290
4798 7391
4798 14337
4831 4866
4831 10520
4831 13468
4831 14296
4839 5263
4839 6143
4839 8682
4839 9562
4839 10492
4839 11051
4839 11504
4839 13821
4839 14076
4839 14093
4839 14101
4839 14163
4839 14228
4855 8918
4855 12656
4855 14018
4866 7034
4866 8134
4882 5366
4882 12749
4886 6203
4895 10520
4895 10636
4895 12366
4904 5362
4904 6017
4909 6619
4909 8197
4909 13807
4909 14050
4924 8367
4924 8451
4924 9285
4924 14145
4924 14332
4948 5720
4948 8566
4948 9565
4948 12366
4949 7391
4949 14166
4949 14272
4968 14093
4998 8175
5009 6596
5009 12712
5012 8567
5018 5084
5029 8197
5029 13390
5031 7000
5032 11779
5036 12719
5038 10846
5038 14062
5040 8298
5040 8969
5083 7463
5084 5119
5084 7034
5102 6203
5102 14298
5119 7281
5119 8364
5119 9352
5119 9548
5119 9737
5119 10040
5119 10329
5119 11340
5119 12255
5119 12366
5119 12672
5119 12749
5119 13184
5119 13889
5119 13965
5119 14039
5119 14040
5119 14072
5119 14107
5119 14146
5119 14242
5119 14260
5119 14322
5119 14341
5125 8197
5129 6618
5129 9469
5141 6498
5141 7290
5141 7787
5141 8175
5141 8626
5141 8688
5141 9109
5141 9449
5141 9543
5141 10780
5141 11246
5141 12601
5141 13993
5230 7391
5261 14024
5263 14093
5265 8682
5265 8887
5270 5757
5270 6124
5270 6498
5270 8626
5270 9027
5270 13380
5270 13991
5270 14262
5272 14124
5306 7391
5306 12604
5306 14118
5340 10068
5340 12358
5354 13061
5362 5616
5362 6889
5362 9446
5362 9933
5362 10409
5362 11197
5362 13067
5362 13825
5366 6248
5366 11103
5366 11504
5366 12053
5373 12409
5383 5720
5396 7034
5427 14270
5432 11326
5432 13976
5432 14173
5439 14354
5440 7097
5441 12366
5468 5558
5468 6498
5468 7266
5468 7290
5468 7787
5468 8054
5468 8175
5468 8367
5468 8918
5468 9543
5468 10917
5468 10918
5468 11246
5468 11257
5468 12643
5468 12719
5468 13095
5468 13707
5468 14010
5468 14021
5468 14061
5468 14078
5468 14081
5468 14196
5468 14227
5468 14262
5468 14329
5471 11548
5471 12366
5472 14303
5493 13173
5494 10042
5501 7290
5501 8494
5550 7391
5550 7991
5550 11779
5550 13061
5550 13368
5550 14030
5558 6498
5558 9109
5560 6779
5560 14062
5560 14093
5574 11184
5599 7097
5615 5845
5616 5720
5616 7281
5616 8119
5616 11184
5655 7391
5657 14087
5658 10780
5697 11269
5697 11779
5720 6800
5720 8197
5720 8208
5720 8367
5720 8566
5720 10203
5720 10592
5720 13674
5720 14002
5720 14209
5720 14251
5737 6780
5737 7391
5737 9168
5757 6817
5759 8197
5809 9326
5809 14285
5828 14006
5831 11565
5831 12376
5831 12655
5831 14334
5845 10440
5857 13983
5859 6203
5859 9711
5859 13318
5859 14148
5859 14201
5859 14230
5859 14289
5911 9323
5911 13686
5938 14027
5946 7464
5966 13965
5966 14046
5966 14096
6017 9771
6062 11548
6062 11779
6087 14062
6124 6143
6124 6498
6124 8298
6134 13082
6143 10068
6143 14197
6161 8391
6180 14000
6180 14267
6203 6885
6203 11061
6203 12022
6203 14107
6223 13422
6248 14213
6310 12869
6332 14263
6351 7391
6351 11943
6358 12795
6373 6624
6373 6867
6373 6942
6373 8119
6373 8190
6373 9458
6373 10789
6373 11548
6373 11779
6373 12366
6373 12644
6373 13889
6373 13933
6373 13988
6373 14008
6373 14049
6373 14091
6373 14168
6373 14223
6373 14275
6373 14295
6373 14332
6389 6498
6389 7382
6389 10975
6413 9168
6429 7000
6429 7290
6429 10604
6429 11048
6429 11269
6429 14081
6429 14280
6431 7000
6431 14217
6435 11154
6448 14214
6467 14030
6490 8948
6498 6506
6498 6596
6498 7787
6498 8175
6498 8688
6498 9444
6498 10780
6498 10975
6498 11740
6498 11920
6498 13281
6498 14010
6498 14062
6498 14213
6498 14299
6596 10975
6596 11452
6596 12255
6596 12712
6596 12795
6596 13033
6596 13933
6596 14023
6596 14204
6596 14206
6596 14277
6618 10347
6618 12366
6618 12760
6618 13829
6618 14064
6618 14284
6619 8659
6619 9312
6619 13990
6619 14064
6619 14081
6619 14112
6640 10789
6640 14058
6644 13531
6692 14196
6708 8197
6708 8272
6708 10027
6708 11779
6779 13178
6779 13286
6779 13681
6779 14341
6781 8197
6800 6917
6800 10068
6800 13996
6801 8981
6817 8550
6817 10040
6817 11452
6817 13184
6817 13991
6817 13996
6817 14312
6827 14077
6847 10347
6847 14185
6867 7391
6867 10846
6867 11738
6867 12801
6867 13741
6867 13889
6867 13967
6867 14020
6867 14193
6867 14310
6885 8912
6916 14196
6917 14050
6940 11340
6945 7391
6945 9152
6978 14123
7000 9152
7000 9897
7000 10040
7000 11269
7000 12358
7000 13242
7000 13514
7000 13735
7000 13913
7000 14081
7000 14226
7000 14282
7000 14291
7000 14344
7007 11103
7007 11134
7007 14236
7034 7186
7034 7491
7034 8364
7034 9422
7034 9714
7034 12358
7034 12434
7034 12924
7034 13178
7034 13514
7034 14083
7034 14102
7034 14169
7034 14204
7034 14217
7034 14317
7093 8567
7093 14095
7093 14190
7096 14078
7096 14106
7097 7855
7097 8197
7097 12388
7097 12442
7120 14027
7122 10816
7186 8868
7190 10399
7190 11383
7190 14082
7190 14240
7213 14038
7226 14115
7234 13968
7266 8515
7274 9152
7274 13368
7281 14265
7290 10206
7290 12434
7290 13970
7290 14006
7290 14039
7290 14062
7290 14184
7290 14280
7335 9787
7335 13531
7335 14014
7340 14043
7391 7942
7391 8608
7391 9073
7391 9152
7391 9444
7391 9458
7391 10206
7391 10461
7391 10604
7391 11184
7391 11343
7391 11452
7391 12023
7391 12125
7391 12341
7391 12358
7391 12366
7391 12604
7391 12672
7391 12719
7391 12760
7391 13226
7391 13429
7391 13589
7391 13844
7391 13972
7391 13974
7391 14045
7391 14052
7391 14062
7391 14081
7391 14085
7391 14092
7391 14100
7391 14113
7391 14115
7391 14134
7391 14152
7391 14226
7391 14343
7392 14021
7392 14061
7403 11066
7428 13735
7491 13061
7491 14012
7491 14093
7491 14102
7491 14120
7541 10273
7589 14232
7647 14007
7659 7855
7659 12388
7690 11184
7699 8197
7760 14034
7839 12434
7855 13972
7855 13984
7855 13985
7855 14161
7855 14216
7855 14300
7871 10035
7871 13715
7924 14093
7944 14124
7963 14331
7991 8917
7991 9993
7991 13067
7991 13082
8026 14070
8054 10293
8061 11066
8067 9312
8093 11048
8093 12525
8093 12876
8093 13991
8119 10789
8124 10558
8124 13298
8137 14338
8175 9444
8175 11382
8175 14059
8197 9285
8197 9352
8197 9928
8197 10027
8197 11269
8197 12672
8197 13399
8197 13708
8197 13801
8197 13808
8197 13955
8197 13995
8197 14157
8197 14210
8197 14256
8197 14273
8197 14300
8197 14347
8197 14350
8225 12419
8272 10015
8272 11125
8272 11464
8272 12425
8272 12749
8272 13978
8272 13979
8272 14165
8281 14203
8290 14297
8298 8912
8298 9444
8298 13829
8363 13707
8364 13476
8364 13998
8367 10068
8367 13422
8367 13844
8433 9789
8433 13793
8451 9285
8451 11779
8451 13889
8484 14083
8513 14188
8515 10061
8515 13033
8550 13965
8565 14084
8566 9565
8567 11125
8567 13722
8567 14062
8608 8981
8608 12255
8613 13531
8626 10071
8630 12090
8630 12205
8659 14338
8682 8887
8688 13967
8688 14059
8712 14208
8712 14235
8752 11464
8752 12869
8846 11779
8887 9257
8887 10329
8912 14227
8917 9156
8941 9446
8950 14065
8981 12672
9011 14110
9017 14351
9124 13978
9137 10456
9152 9469
9152 9787
9152 9913
9152 10201
9152 10724
9152 11269
9152 11920
9152 12366
9152 13082
9152 13548
9152 13889
9152 13989
9152 14051
9152 14060
9152 14089
9152 14122
9152 14182
9152 14196
9152 14218
9152 14266
9152 14291
9168 11738
9168 13184
9168 13681
9168 13976
9168 14013
9168 14155
9174 9323
9257 12355
9285 9961
9285 12719
9285 14275
9312 12434
9312 14115
9312 14192
9323 10206
9323 10831
9323 11343
9323 11738
9323 12341
9323 12760
9323 13184
9323 13974
9323 14062
9323 14075
9323 14266
9323 14291
9323 14343
9394 9469
9394 12366
9422 14259
9431 14073
9431 14127
9444 10918
9444 13544
9444 13808
9444 13970
9444 13981
9446 14083
9446 14332
9449 12869
9449 13986
9449 13994
9449 14041
9449 14221
9469 10284
9469 11340
9469 14179
9469 14218
9469 14307
9536 14190
9559 12341
9565 12366
9568 10558
9568 14153
9703 13715
9714 14130
9746 11162
9757 13061
9775 14002
9787 10027
9789 10201
9789 12366
9789 13785
9789 13990
9789 14025
9789 14174
9789 14333
9818 10366
9841 12709
9841 13889
9841 14015
9841 14098
9851 14309
9896 14123
9928 12442
9993 11305
9994 12532
10027 12090
10027 13955
10027 14106
10040 12253
10040 12721
10040 13312
10040 13667
10040 14177
10040 14209
10056 11779
10061 10293
10068 13422
10068 14005
10068 14006
10068 14062
10068 14197
10068 14308
10139 14322
10166 13184
10201 13965
10206 13429
10268 13676
10268 14232
10268 14260
10273 12304
10273 14257
10278 11779
10283 14148
10284 14284
10293 10917
10293 12425
10293 14123
10321 12421
10321 14029
10321 14303
10332 12434
10347 12022
10347 13061
10347 14065
10347 14095
10347 14134
10347 14135
10347 14136
10347 14225
10347 14229
10347 14270
10366 14182
10387 11269
10387 13707
10399 14240
10409 12023
10409 13654
10409 14171
10409 14249
10440 11504
10461 12304
10461 14062
10491 13773
10492 13548
10520 10620
10520 13595
10520 14033
10520 14064
10558 10846
10558 13451
10558 14155
10592 13976
10690 14013
10705 12388
10724 12460
10730 12716
10730 13226
10734 12648
10789 11533
10808 14333
10816 12090
10816 12716
10868 12022
10868 13838
10889 13844
10931 13061
11051 14322
11061 13838
11066 13382
11105 11799
11105 14340
11127 12366
11141 12023
11159 14068
11184 12434
11184 13184
11184 14168
11203 11465
11203 14076
11214 14030
11251 12366
11269 11326
11269 11779
11273 14239
11299 14008
11340 12304
11340 12341
11340 12434
11340 12760
11340 13548
11340 13976
11340 14031
11340 14038
11340 14051
11340 14062
11340 14076
11340 14092
11340 14161
11340 14218
11340 14284
11340 14343
11343 13653
11382 14059
11383 11742
11452 12358
11465 11779
11465 12366
11504 13061
11531 12366
11548 11565
11548 12366
11548 12421
11548 12434
11548 12550
11548 14064
11723 13981
11728 14005
11779 12366
11779 12506
11779 12656
11779 13707
11779 13889
11779 13981
11779 13991
11779 14053
11779 14239
11835 14302
11835 14320
11835 14324
11901 13061
11943 14026
11943 14058
11947 12366
11999 14122
12022 13061
12022 14232
12070 14034
12125 14048
12161 13987
12161 14334
12178 13082
12253 12672
12253 13061
12253 13178
12255 14067
12287 13844
12295 12665
12295 14262
12304 13372
12304 13707
12304 14038
12304 14062
12312 14198
12341 12434
12341 12885
12341 13014
12355 13773
12355 13965
12355 14156
12355 14163
12358 13033
12358 13514
12358 14121
12358 14130
12358 14272
12366 13184
12366 13889
12366 13978
12366 14032
12366 14045
12366 14075
12366 14111
12366 14201
12376 13773
12388 12709
12388 13708
12388 13933
12395 14122
12421 12985
12425 12876
12434 13184
12434 13590
12434 13971
12434 14179
12434 14237
12442 13361
12442 13801
12525 13565
12550 14154
12579 14001
12601 14294
12655 13992
12655 14042
12672 13061
12672 13492
12672 14069
12672 14263
12672 14330
12719 13995
12727 13735
12760 14112
12795 13981
12795 14037
12795 14063
12832 14183
12839 14321
12844 13312
12858 14062
12876 14151
12878 14123
12883 13676
12883 13981
12883 13995
12883 14023
12885 13844
12962 13978
12985 13067
12985 14122
12985 14356
12992 13563
13017 13969
13061 13178
13061 13313
13061 14062
13061 14081
13061 14102
13061 14225
13061 14280
13061 14285
13061 14349
13083 14030
13086 14062
13168 13589
13184 13978
13184 14169
13184 14341
13261 13707
13280 14102
13318 14148
13318 14272
13382 14220
13447 14066
13492 14000
13555 13957
13590 14008
13595 14283
13623 13688
13680 14006
13680 14124
13681 13715
13681 14013
13699 14084
13708 13954
13715 14069
13715 14101
13773 14117
13773 14135
13773 14303
13773 14325
13774 13844
13812 14017
13844 13883
13844 14046
13854 13992
13888 13986
13889 13965
13959 14213
13965 13967
13965 13999
13965 14064
13967 14145
13967 14159
13976 14141
13978 13982
14006 14187
14010 14034
14018 14019
14059 14199
14062 14093
14062 14328
14093 14099
14106 14108
14149 14150
14175 14176
14194 14195
14247 14248
14254 14255
14282 14290
14303 14346
14305 14306
14307 14314
