0 3088
0 4117
0 4585
0 9649
0 14949
2 1604
2 13813
7 2592
7 2650
7 2958
7 14677
8 3088
12 14461
13 1517
14 2919
14 4216
19 108
19 5550
19 6945
19 14338
25 5831
26 946
26 3653
28 3648
28 7714
28 8363
29 42
29 48
29 76
29 226
29 414
29 510
29 724
29 852
29 1483
29 1694
29 1917
29 2816
29 2888
29 3166
29 5468
29 6498
29 14773
29 14978
36 968
41 298
41 8093
42 133
42 412
42 837
42 1198
42 1359
42 1413
42 1917
42 2956
42 3592
42 4589
42 4783
42 6448
42 6779
42 10068
42 12358
42 14130
42 14417
42 14836
42 14843
42 14978
42 14997
42 15087
43 56
43 76
43 110
43 140
43 608
43 809
43 946
43 1198
43 1255
43 2603
43 3030
43 3166
43 3528
43 3856
43 5129
43 6569
43 6728
43 8930
43 9469
43 10068
43 10706
43 12715
43 13566
43 14233
43 14378
43 14777
43 14826
43 14889
43 14976
43 15028
46 110
46 1242
46 3405
46 6569
48 318
48 762
48 1338
48 1788
48 4031
48 4783
48 9444
56 158
56 14418
56 14789
56 15058
59 76
59 158
59 1256
59 1407
59 1763
59 2223
59 2756
59 3313
59 4783
59 5261
59 5692
59 5831
59 5859
59 9425
59 14989
61 3680
61 14946
64 2529
64 2957
64 7534
72 6404
73 1256
73 4523
73 9888
76 461
76 577
76 608
76 729
76 1413
76 1604
76 1694
76 1917
76 2334
76 4216
76 4783
76 5270
76 6435
76 6779
76 8298
76 9865
76 10706
76 13061
76 14735
76 14818
76 14833
83 133
83 724
83 904
83 2650
83 5468
83 6945
83 7534
83 7733
83 8298
83 9425
83 14717
83 14848
83 14905
84 133
84 573
84 839
84 948
84 6779
84 13707
84 14886
89 2816
94 4031
95 2762
95 14737
96 97
96 110
96 573
96 762
96 3405
96 3505
96 4783
96 6784
97 2215
97 3458
97 5141
97 8363
97 13281
97 14908
100 158
100 172
100 1268
100 1877
100 14971
103 2650
103 2930
103 14677
108 138
108 762
108 1198
108 2730
108 3690
108 4332
108 4615
108 4746
108 5270
108 5278
108 7371
108 9888
108 10846
108 14338
108 14677
108 14726
108 14928
108 15050
108 15053
109 15028
110 809
110 903
110 1268
110 1640
110 1854
110 2149
110 2333
110 2389
110 2406
110 2669
110 3067
110 3166
110 6569
110 7128
110 8124
110 8710
110 12040
110 12090
110 12442
110 14838
110 14910
110 14915
110 15065
110 15081
110 15086
115 10040
115 13631
115 14761
115 14794
120 14677
126 5831
131 2406
133 2149
133 4031
133 6429
133 14732
134 2816
134 10941
138 158
138 258
138 524
138 570
138 730
138 904
138 1514
138 5270
138 5278
138 5831
138 6124
138 6842
138 7749
138 8298
138 9829
138 12358
138 12366
138 13838
138 14062
138 14710
138 14735
138 14738
138 14741
138 14763
138 14816
138 14829
138 14877
138 14885
138 14905
140 446
140 3458
140 3690
140 5682
140 8298
140 10273
140 11340
140 13061
140 14661
140 14906
140 15040
141 5065
141 14677
145 4746
145 14876
153 3592
153 5616
153 5692
153 8119
153 14731
153 14763
153 14791
153 14973
157 573
157 1454
157 2389
157 2529
158 453
158 571
158 960
158 1115
158 1198
158 1242
158 1255
158 1321
158 2057
158 2256
158 2459
158 2762
158 2820
158 2919
158 3456
158 4216
158 4663
158 4731
158 5173
158 5451
158 6124
158 6779
158 6917
158 7326
158 8197
158 8282
158 8567
158 8666
158 8674
158 9294
158 9430
158 9444
158 10520
158 10883
158 11108
158 12075
158 12159
158 12620
158 13061
158 13184
158 13676
158 13807
158 13838
158 14030
158 14204
158 14337
158 14434
158 14779
158 14815
158 14831
158 14833
158 14844
158 14860
158 14877
158 14884
158 14895
158 14905
158 14923
158 14924
158 14945
158 14956
158 14978
158 14987
158 15023
158 15040
172 2319
172 6453
172 15055
184 2650
190 14928
195 2313
195 4117
195 7855
195 15073
196 2299
196 8119
196 8969
196 9789
196 14800
196 14816
196 14923
196 14927
196 15051
201 3281
201 10706
201 14917
204 659
204 1552
204 11103
204 11184
204 14794
226 1697
226 3505
226 4615
226 6498
235 2694
236 3243
253 8119
253 8567
258 1255
258 1413
258 1792
258 14906
258 15012
258 15070
258 15081
267 10347
280 298
280 1002
280 1365
280 2756
280 2816
280 5241
280 8298
280 9444
280 13061
280 13631
280 14233
280 15076
287 2612
287 4771
287 13363
297 3636
297 9168
297 14904
298 2256
298 6779
298 8067
298 11082
298 11392
304 4216
304 6576
304 10068
315 621
315 1198
315 1737
315 3030
315 7391
315 7738
315 8093
315 8298
315 14677
315 14788
315 15027
318 839
318 983
318 1514
318 4783
318 6945
318 14866
318 14980
335 3458
336 5065
338 1298
338 14792
348 6373
351 1321
351 14677
351 14840
354 14971
370 456
370 3107
370 6650
370 14958
370 15032
374 4798
374 11565
374 14903
374 15054
382 8969
383 528
383 1763
383 3636
383 5306
383 7034
383 7946
383 10850
383 14130
383 14335
390 2603
399 1140
407 1517
407 3329
407 8272
408 1831
408 3065
408 4731
408 10846
412 2081
412 4589
412 9168
412 12161
412 13889
412 14848
412 14887
412 15015
414 568
414 917
414 5119
414 8119
432 14846
433 1742
433 2215
433 3166
433 6498
434 3856
434 14748
434 14753
451 647
453 546
453 852
453 1552
453 5747
453 9536
453 10068
453 14062
455 11127
455 14828
456 9789
456 11523
461 528
461 1661
461 2674
461 2868
461 6429
461 7372
461 8197
461 9081
461 14746
467 3104
467 7208
467 11853
467 13514
467 14204
467 14802
467 15074
475 11392
478 621
478 2149
478 6867
478 7190
478 8119
478 11531
499 1824
499 2930
499 9649
506 15077
510 904
510 1206
510 3648
510 4031
510 5706
510 6498
510 6779
510 7290
510 7947
510 14916
511 6498
524 5270
524 14966
528 5065
528 14783
528 14930
531 1812
531 4116
531 5551
531 5672
532 11255
536 8067
536 12358
544 1369
546 568
546 1854
546 9536
546 10684
546 10846
546 10998
546 14957
556 2762
556 14759
565 837
565 1276
565 10347
568 729
568 4771
570 1199
570 3166
570 14905
573 762
573 839
573 1298
573 1877
573 2694
573 2825
573 3166
573 5812
573 6785
573 11269
573 13477
573 13707
573 13781
573 14583
573 14796
573 14985
577 608
577 618
577 762
577 773
577 5550
577 6429
577 6912
577 7326
577 7391
577 8387
577 8635
577 10409
577 10706
577 11269
577 11853
577 12341
577 14713
577 15031
577 15036
602 8281
608 618
608 1255
608 2592
608 3329
610 897
610 1242
610 1985
610 3592
610 8272
610 11531
610 12018
610 12940
610 14062
610 14784
610 14809
610 14837
613 2437
613 8298
613 12161
613 12885
618 1198
618 2592
618 2954
618 6429
618 6912
618 12164
618 12182
618 12341
618 14728
618 14928
621 712
621 724
621 1198
621 5065
621 8635
621 13889
621 14767
621 14824
621 14978
634 14853
636 729
636 5560
636 6435
641 4092
641 11376
641 11565
647 5270
647 10450
647 13718
647 14583
647 14796
659 2081
659 2762
659 4117
659 8887
659 10358
659 14688
659 15064
670 10273
682 2756
682 2762
682 6618
686 14338
700 839
700 1917
729 809
729 968
729 1198
729 1402
729 1563
729 1604
729 1694
729 2225
729 2529
729 2607
729 3177
729 3592
729 3979
729 4019
729 4216
729 8567
729 10846
729 11255
729 11269
729 11645
729 11779
729 12161
729 13061
729 13477
729 13889
729 14030
729 14142
729 14417
729 14748
729 14751
729 14771
729 14880
729 14892
729 14943
729 15001
729 15019
729 15047
729 15048
730 1256
730 1778
730 2529
730 2762
730 4731
730 5230
730 12550
730 14756
736 1255
736 4117
736 4216
736 4904
736 7000
736 8659
736 14745
736 14824
736 14825
753 5494
760 14162
762 1206
762 2650
762 4845
762 5550
762 9829
762 9888
762 10483
762 12090
762 14891
762 14943
762 15050
773 2762
773 14747
774 14921
781 2674
781 3505
781 5468
781 8197
781 10706
781 10918
789 2255
789 5270
789 12090
789 12442
789 12614
789 14899
794 903
794 6779
801 2053
803 918
803 2131
803 11565
809 2437
809 3856
809 14892
817 14738
823 1255
823 15039
837 2287
837 5715
837 8054
837 8272
837 11344
837 14739
837 14800
837 14831
837 15040
837 15085
839 2408
839 2650
839 3592
839 4080
839 4746
839 6945
839 7128
839 8197
839 9787
839 11269
839 11645
839 13981
839 14757
839 14818
839 14821
839 14867
839 14889
852 1177
852 1206
852 1256
852 1483
852 1552
852 1563
852 2057
852 2095
852 2156
852 2529
852 2670
852 2756
852 3313
852 4231
852 5720
852 6223
852 6280
852 7230
852 7290
852 8225
852 9309
852 9757
852 11679
852 12385
852 13061
852 13881
852 14017
852 14338
852 14418
852 14514
852 14525
852 14748
852 14803
852 14817
852 14880
852 14905
852 14906
852 14931
852 15002
852 15057
859 8224
859 13707
875 904
881 1604
881 4589
881 10409
881 14062
881 14496
881 14736
881 14967
885 1206
885 10347
891 1687
891 7444
892 7391
897 1691
897 3243
897 5468
897 11340
897 12885
897 14866
903 1413
903 1636
903 6779
903 14964
904 1255
904 2095
904 4231
904 6867
904 8298
904 8567
904 8969
904 13889
907 1551
907 10472
917 938
917 9168
918 10273
928 968
938 15070
946 1742
946 2027
946 4746
948 13447
950 13061
960 2223
963 1198
963 3415
963 14837
963 14994
968 2027
968 10071
968 12762
970 2694
983 1694
995 1115
996 6429
996 14886
996 15047
1002 2600
1002 3950
1002 4230
1002 7444
1002 8197
1002 10311
1002 13178
1002 14373
1002 14794
1002 14906
1002 14964
1002 14997
1002 15006
1005 4092
1005 9431
1006 2019
1006 2599
1006 2674
1006 2762
1006 15040
1041 6779
1041 11401
1041 13178
1048 12442
1057 1636
1057 2313
1057 3253
1057 13478
1057 14787
1057 14906
1057 14962
1057 14968
1060 6429
1097 1242
1097 2599
1097 14892
1106 7326
1106 10231
1106 14304
1115 1256
1115 3592
1115 4798
1115 4809
1115 5451
1115 8298
1115 9425
1115 11925
1115 11951
1115 13807
1115 14062
1115 14791
1135 14342
1140 1763
1140 14907
1141 14983
1144 1278
1144 1763
1144 2730
1144 2930
1144 5065
1144 5119
1144 6867
1144 7801
1144 8119
1144 10846
1144 11779
1144 11844
1144 12784
1144 13942
1144 14738
1144 14807
1144 14927
1144 15017
1148 14883
1152 13965
1177 3707
1177 8093
1185 14911
1198 1365
1198 1413
1198 1514
1198 1831
1198 2762
1198 4117
1198 5720
1198 6618
1198 6769
1198 7391
1198 8969
1198 9323
1198 11103
1198 11184
1198 11779
1198 13061
1198 13817
1198 15039
1198 15081
1198 15089
1206 2816
1206 5141
1206 5658
1206 5684
1206 10347
1206 12015
1214 7480
1223 14869
1232 1786
1232 3313
1232 4116
1232 13253
1242 10941
1242 14997
1247 14766
1255 2062
1255 2122
1255 2158
1255 2650
1255 2762
1255 3158
1255 3368
1255 5468
1255 5831
1255 6005
1255 7190
1255 11305
1255 12040
1255 13061
1255 13707
1255 13881
1255 14799
1255 15012
1256 2057
1256 2148
1256 2529
1256 2756
1256 3313
1256 4771
1256 5065
1256 5720
1256 7480
1256 9309
1256 10068
1256 11158
1256 14880
1256 14881
1256 14905
1256 14917
1256 15077
1264 1792
1264 2334
1264 2787
1264 4771
1268 1413
1268 2408
1268 2669
1268 3352
1268 6505
1268 8868
1268 14843
1268 14847
1268 14858
1268 14950
1278 2428
1298 10930
1298 13981
1312 4746
1312 8119
1321 8712
1321 9562
1321 12434
1321 14973
1321 15030
1333 3086
1333 4866
1335 4783
1335 5468
1359 1422
1359 2762
1359 3984
1359 13061
1359 14747
1359 14870
1359 14875
1359 14884
1359 14928
1359 15007
1359 15077
1361 3195
1361 4746
1361 14130
1361 14759
1361 14774
1361 14871
1365 3253
1365 13061
1365 14905
1365 14955
1369 1664
1369 2645
1369 4771
1369 14824
1369 14989
1374 5831
1374 11565
1374 14338
1379 8961
1381 2411
1381 14898
1392 5215
1398 14017
1402 7924
1402 9195
1402 10268
1413 2149
1413 2408
1413 2762
1413 4216
1413 4589
1413 7000
1413 8596
1413 10472
1413 10575
1413 13178
1413 14816
1413 14843
1413 14978
1422 1563
1422 6779
1454 2389
1454 8197
1474 14823
1483 2627
1483 5615
1483 12161
1510 4924
1511 14547
1514 2333
1514 5550
1514 10450
1517 3841
1517 8197
1517 14677
1517 14848
1521 10846
1539 8298
1539 14955
1551 2529
1551 2583
1551 8093
1551 12193
1552 1831
1552 2739
1552 2820
1552 3984
1552 4216
1552 7534
1552 8961
1552 12358
1552 12366
1552 13154
1552 13514
1552 14273
1552 14419
1552 14733
1552 14740
1552 14777
1552 14801
1552 14829
1552 14876
1562 6505
1563 2762
1563 5560
1563 10068
1563 11340
1576 11340
1588 14827
1593 3458
1604 2095
1604 3636
1604 4117
1604 4924
1604 5119
1604 5560
1604 6779
1604 11947
1604 13061
1604 14338
1604 14790
1604 15004
1604 15009
1606 14688
1622 2756
1625 5616
1636 2464
1636 3501
1636 4589
1636 5560
1636 6189
1636 6779
1636 8197
1636 8961
1636 9168
1636 9312
1636 10268
1636 10684
1636 12341
1636 12358
1636 13061
1636 13178
1636 13298
1636 13514
1636 13631
1636 13821
1636 14062
1636 14130
1636 14304
1636 14686
1636 14737
1636 14748
1636 14755
1636 14760
1636 14769
1636 14794
1636 14851
1636 14870
1636 14906
1636 14921
1636 15003
1636 15008
1636 15085
1640 1824
1640 5966
1640 12124
1640 14824
1640 14929
1643 15060
1657 14748
1658 2762
1658 8197
1658 14826
1661 5681
1687 7000
1687 12672
1691 3707
1694 5468
1709 13707
1709 14863
1709 15016
1724 5144
1732 9809
1737 7034
1737 11286
1737 14815
1737 14978
1742 3166
1742 14980
1763 7252
1763 10311
1763 13942
1763 14685
1763 14896
1763 14914
1763 14923
1763 14986
1763 15042
1763 15067
1787 2529
1787 3458
1787 10347
1787 14338
1788 2095
1788 6062
1788 11066
1788 11392
1788 12488
1788 14309
1792 4771
1794 4357
1794 5065
1794 7181
1794 11421
1794 11853
1812 2762
1812 15036
1818 4783
1818 8298
1818 14980
1818 14993
1824 13707
1831 2762
1845 5720
1845 10068
1845 14338
1854 3377
1854 6360
1854 6784
1854 8197
1854 15056
1877 2437
1877 5144
1877 6108
1877 10311
1877 13707
1877 14725
1877 14858
1877 14915
1877 14951
1877 14963
1877 14994
1877 15029
1877 15051
1908 9446
1917 2592
1917 4216
1917 8642
1917 8659
1917 10311
1917 10313
1917 10911
1917 11269
1917 11779
1917 11853
1917 12090
1917 12388
1917 13981
1917 14469
1917 14802
1917 14920
1917 14957
1917 15001
1917 15074
1931 2256
1941 5119
1966 9323
1971 3166
1971 12342
1972 8659
1972 11066
1972 11286
1972 12372
1973 11779
1977 14969
1985 2057
1985 2256
1985 5833
1985 8119
1985 9469
1985 10040
1985 10130
1985 12018
1985 14610
1985 14798
1985 14809
1985 14845
1985 14878
2019 4216
2019 9920
2019 15014
2023 8197
2027 6785
2027 10313
2027 14863
2027 14963
2044 4216
2056 15054
2057 2529
2057 2756
2057 3313
2057 3707
2057 6548
2063 14441
2070 4080
2081 2762
2095 3313
2095 3636
2095 3707
2095 3856
2095 4090
2095 6498
2095 8298
2095 10939
2095 14859
2107 2255
2107 4116
2107 6596
2111 11758
2118 3158
2118 3505
2118 15022
2122 2650
2124 3380
2124 4460
2124 8119
2124 13184
2124 14930
2124 14978
2128 6945
2128 13590
2131 2762
2131 11683
2148 2756
2148 3313
2149 3528
2149 4783
2149 8197
2149 8969
2149 11269
2149 15040
2149 15041
2149 15047
2156 2762
2156 13061
2156 14062
2156 14927
2158 5560
2158 10492
2158 12643
2158 14418
2158 14767
2158 14796
2158 14799
2169 9829
2192 4771
2215 2816
2215 3166
2215 3648
2215 5468
2215 6498
2223 3545
2223 5100
2223 5831
2223 9562
2223 10347
2223 11565
2223 13061
2223 14849
2223 14865
2225 3107
2225 10766
2225 11779
2240 11715
2255 3067
2255 8197
2255 10998
2255 12090
2255 14752
2255 14757
2255 14796
2256 2767
2256 3307
2256 4059
2256 5550
2256 5551
2256 8119
2256 9323
2256 10040
2256 11184
2256 11343
2256 11531
2256 13478
2256 14784
2256 14871
2284 14748
2286 5699
2287 3984
2297 13288
2299 10231
2313 4216
2313 5616
2313 7326
2313 11184
2313 11758
2313 13061
2313 14991
2319 2406
2319 2408
2319 3592
2319 13696
2319 14971
2319 15051
2324 4216
2324 13178
2324 13954
2334 2930
2334 8197
2340 3158
2381 6505
2389 2888
2389 12643
2389 13477
2389 13781
2389 14675
2389 15041
2406 4532
2406 6373
2406 6785
2408 2472
2408 2694
2412 4171
2412 12614
2428 8196
2428 14872
2428 15007
2437 2762
2437 2816
2437 8124
2437 10472
2437 12442
2437 12477
2437 14062
2437 15023
2451 5468
2451 8472
2451 12985
2453 5788
2455 5263
2455 14677
2464 8272
2469 14338
2472 2930
2472 3592
2472 7699
2472 14824
2488 9124
2488 9829
2522 4589
2522 5119
2522 13954
2529 3023
2529 3313
2529 5720
2529 5831
2529 5857
2529 6223
2529 6280
2529 6435
2529 6817
2529 9431
2529 10273
2529 11340
2529 13707
2529 14062
2529 14418
2529 14434
2529 14617
2529 14744
2529 14748
2529 14803
2529 14880
2529 14965
2534 13061
2547 13631
2574 8197
2592 2919
2592 3171
2592 4135
2592 4309
2592 6280
2592 7000
2592 7391
2592 13653
2592 14677
2592 14815
2598 3515
2598 10068
2598 14818
2599 15038
2603 4771
2603 11340
2603 11381
2603 14688
2603 14724
2603 14727
2607 13061
2607 14338
2612 4771
2617 14865
2650 4117
2650 5715
2650 6448
2650 10846
2650 12477
2650 14525
2650 14677
2650 14866
2650 14872
2650 15023
2669 3049
2669 8197
2670 3458
2670 14656
2674 4670
2674 8298
2674 9865
2676 2730
2692 2950
2692 4771
2692 8870
2692 14765
2692 14800
2694 3166
2694 3592
2694 9919
2704 12126
2729 10409
2739 4117
2739 6189
2739 8961
2756 3313
2756 5431
2756 6817
2756 7167
2756 10347
2756 10846
2756 11392
2756 14160
2756 14716
2756 14833
2756 14870
2756 14880
2756 14905
2756 14931
2756 15040
2762 3088
2762 3636
2762 4092
2762 4216
2762 4382
2762 4746
2762 5681
2762 5833
2762 5849
2762 6576
2762 6779
2762 7034
2762 7391
2762 8363
2762 11340
2762 11343
2762 12040
2762 12161
2762 13061
2762 13889
2762 14062
2762 14748
2762 14784
2762 14861
2762 14912
2762 14974
2762 14975
2762 14992
2762 15026
2762 15044
2762 15083
2762 15090
2767 9722
2767 11562
2786 5468
2786 15022
2787 3484
2787 14892
2816 5468
2816 7093
2816 8298
2816 9444
2816 13889
2818 3501
2820 14777
2821 7391
2821 12182
2821 14847
2845 13061
2868 11340
2868 14919
2882 13515
2888 9683
2902 3646
2902 5831
2919 10347
2930 5550
2930 12784
2930 13653
2930 14677
2950 6576
2952 4924
2952 5119
2954 6429
2954 7391
2956 4670
2956 4822
2956 6779
2956 7444
2956 10068
2956 12114
2956 12358
2956 14769
2956 14882
2957 7391
2957 14916
2962 14261
2970 6569
2970 8272
3023 6779
3023 14626
3023 14777
3023 14964
3030 14798
3030 14944
3039 14879
3041 6315
3041 14805
3053 8281
3065 4171
3065 10293
3065 14733
3072 14142
3076 11696
3076 14921
3088 6498
3088 13061
3107 4117
3122 6373
3158 15021
3160 7326
3161 5100
3166 3405
3166 4572
3166 5468
3166 6945
3166 7391
3166 8363
3166 14754
3171 6124
3171 6429
3171 6779
3171 10068
3171 12358
3171 13226
3171 14204
3171 14820
3171 14829
3171 14832
3171 14873
3171 14978
3177 5468
3177 11779
3177 12358
3183 14831
3195 5715
3253 6576
3253 9323
3253 11103
3253 13681
3253 14740
3253 14967
3307 10130
3307 14995
3313 3707
3313 5270
3313 6817
3313 8225
3313 9956
3313 10273
3313 10347
3313 14338
3313 14880
3313 14931
3313 14944
3313 15040
3329 10231
3329 10387
3329 14767
3336 14740
3352 4216
3368 14937
3368 15033
3377 3592
3380 13838
3380 14930
3405 3592
3405 4882
3405 5715
3405 6629
3405 9683
3405 11383
3405 12614
3405 12719
3405 14014
3405 14734
3405 14858
3405 15086
3412 14872
3412 15040
3415 12614
3439 12501
3442 9536
3458 10130
3458 14992
3458 15057
3458 15077
3484 7128
3501 8197
3501 14829
3501 14876
3503 14547
3505 14773
3505 14830
3505 15033
3515 8363
3515 10068
3515 10859
3515 14880
3528 14725
3528 14939
3528 15051
3545 7190
3545 8119
3545 11696
3545 14338
3545 14766
3545 14779
3545 15017
3573 15070
3578 11334
3592 4783
3592 5065
3592 6867
3592 7391
3592 8197
3592 9379
3592 9444
3592 10366
3592 11779
3592 12719
3592 14770
3592 14948
3608 4065
3616 14655
3623 14947
3627 9472
3627 10461
3634 15056
3636 4589
3636 4924
3636 13061
3636 14338
3636 14740
3636 14940
3636 15077
3648 4031
3648 6978
3673 10846
3676 10068
3690 5278
3690 6947
3707 5616
3707 6435
3707 7741
3707 9757
3707 14712
3707 14748
3707 14774
3707 14791
3707 14859
3737 11016
3737 14938
3785 5468
3787 6746
3800 5715
3811 10268
3816 15040
3836 14338
3841 4731
3856 9444
3856 13061
3856 14677
3887 14935
3943 14956
3948 5141
3950 5849
3950 6779
3950 15015
3975 14792
3976 15049
3979 5468
3984 8567
3984 9565
3984 10684
3984 14875
4011 4731
4011 14794
4011 14973
4031 8197
4031 8688
4031 8969
4031 9444
4031 10450
4031 13429
4031 14732
4031 14754
4031 14814
4031 15045
4057 14729
4057 14806
4059 5479
4059 9789
4080 7391
4080 12090
4090 8364
4090 9168
4090 10938
4090 14841
4090 14879
4092 14434
4092 14759
4092 14835
4092 15019
4092 15020
4106 11055
4116 8363
4116 14771
4116 15089
4117 5065
4117 5616
4117 6817
4117 8712
4117 9425
4117 9633
4117 10268
4117 13178
4117 13298
4117 13515
4117 13631
4117 14024
4117 14304
4117 14469
4117 14753
4117 14801
4117 14838
4117 14848
4117 14885
4117 14949
4117 14967
4117 14990
4117 14992
4117 15073
4117 15077
4126 6124
4126 7779
4126 14373
4135 14885
4157 7000
4171 7480
4171 11421
4171 13178
4171 13515
4187 5900
4187 10231
4201 14952
4216 6779
4216 7372
4216 7444
4216 9285
4216 14748
4231 9536
4231 14748
4231 15061
4248 14766
4248 14927
4280 5550
4280 10387
4309 10604
4310 15030
4323 7398
4323 8494
4339 10231
4357 7000
4382 14987
4409 5652
4419 14743
4419 14821
4445 6569
4445 12643
4465 14342
4488 14749
4507 8197
4507 14794
4523 6945
4523 8298
4523 13260
4523 15022
4536 5065
4536 12358
4536 14204
4536 14873
4536 15074
4546 8512
4546 9649
4546 13718
4546 14014
4546 14796
4572 14588
4576 8409
4577 7867
4589 7034
4589 8124
4589 14906
4615 5468
4615 7392
4615 8298
4615 8363
4615 11779
4663 8281
4731 5501
4731 5616
4731 6280
4731 6640
4731 9633
4731 9865
4731 10409
4731 12366
4731 13230
4731 13489
4731 14338
4731 14653
4731 14847
4731 14892
4731 14924
4731 15011
4746 4949
4746 6779
4746 7749
4746 10846
4746 14847
4746 15056
4771 5119
4771 7326
4771 8298
4771 9337
4771 9352
4771 9474
4771 9757
4771 10684
4771 11468
4771 11565
4771 11645
4771 11951
4771 12358
4771 14712
4771 14737
4771 14748
4771 14816
4771 14844
4771 14848
4771 15030
4783 5715
4783 6124
4783 6429
4783 8298
4783 8712
4783 9444
4783 10231
4783 11808
4783 13707
4783 13925
4783 14728
4783 14776
4783 14823
4783 14824
4783 14832
4783 14891
4783 14990
4783 15048
4783 15051
4783 15084
4798 14903
4822 6779
4822 7516
4828 14977
4839 5493
4839 14784
4839 14936
4845 6640
4845 8824
4845 11340
4860 14677
4866 5065
4866 14378
4866 14967
4882 13718
4882 14810
4904 5616
4904 10440
4904 14731
4904 14733
4904 14777
4904 14846
4904 14906
4924 6867
4924 13646
4924 14223
4924 14373
4924 15046
4949 7741
4949 14338
4962 12463
4981 12614
4981 15011
5012 14796
5036 7924
5065 5824
5065 7326
5065 8197
5065 10409
5065 10938
5065 11383
5065 12358
5065 13676
5065 14304
5065 14906
5065 14949
5065 15022
5065 15031
5065 15036
5065 15038
5065 15039
5065 15044
5065 15059
5065 15066
5105 15072
5116 5270
5119 5215
5119 6280
5119 6618
5119 8816
5119 9158
5119 10766
5119 12885
5119 13696
5119 14304
5119 14373
5119 14760
5119 14786
5119 14834
5119 14844
5119 14927
5119 14978
5119 15030
5119 15040
5141 5658
5141 8298
5141 14338
5141 14856
5173 11382
5230 9323
5230 14338
5265 14909
5267 8363
5270 6842
5270 7371
5270 9888
5270 14944
5278 14677
5306 13298
5334 15048
5362 5720
5362 7534
5362 9920
5362 14998
5366 14801
5366 14846
5366 14999
5366 15023
5366 15077
5383 13653
5428 14724
5441 13422
5468 6498
5468 6945
5468 7714
5468 8298
5468 8472
5468 8969
5468 9633
5468 10918
5468 11340
5468 13515
5468 13936
5468 14655
5468 14713
5468 14729
5468 14751
5468 14758
5468 14814
5468 14826
5468 14891
5468 14899
5468 14944
5468 14980
5468 15040
5501 6944
5501 11779
5550 5692
5550 7749
5550 7991
5550 9444
5550 11269
5550 11779
5550 12784
5550 12985
5550 13448
5550 14758
5550 14928
5560 6435
5560 12670
5560 14851
5615 14787
5616 5649
5616 5720
5616 6189
5616 12358
5616 13298
5616 13954
5616 14793
5652 10846
5655 9073
5658 8298
5658 15075
5684 14677
5692 5831
5692 11779
5692 12784
5699 14729
5715 8054
5715 11922
5715 13178
5715 14338
5720 7534
5720 9829
5720 10347
5720 13061
5720 14930
5720 15002
5724 12715
5816 14800
5824 6779
5831 5900
5831 11779
5831 12183
5831 12477
5831 13088
5831 14338
5831 14822
5831 14911
5831 14917
5831 15071
5844 14855
5849 8124
5849 10268
5849 13462
5849 13802
5849 14783
5849 14792
5849 14915
5849 15065
5857 11565
5859 10068
5859 10939
5900 14064
5900 14965
5922 7839
5966 11531
6062 11286
6062 13624
6124 9829
6124 12125
6124 14373
6124 14932
6169 7674
6180 14804
6203 10869
6203 14837
6203 14878
6203 14879
6223 8225
6223 9956
6280 6429
6280 9757
6280 13061
6315 8121
6332 6373
6332 6435
6332 10321
6332 11779
6332 14878
6338 8197
6373 6650
6373 6867
6373 8712
6373 9322
6373 11347
6373 11779
6373 14764
6373 14784
6373 14811
6373 14818
6373 14866
6373 15027
6429 7000
6429 8682
6429 10409
6429 10604
6429 11203
6429 11779
6429 12164
6429 12341
6429 12358
6429 13226
6429 13515
6429 14204
6429 14338
6429 14752
6429 14838
6429 14886
6429 14902
6435 14874
6448 6640
6448 8659
6448 11286
6448 13646
6448 13681
6448 14373
6448 14833
6448 15038
6448 15039
6474 14979
6498 8969
6498 11159
6498 12784
6498 14842
6498 14856
6498 14891
6498 14988
6498 15000
6498 15075
6569 8197
6569 12388
6569 13409
6569 14342
6576 6779
6576 8682
6576 10440
6576 13061
6576 14922
6593 14781
6596 11195
6596 14802
6618 12434
6618 14943
6619 10596
6640 8119
6640 14822
6640 14894
6640 14934
6640 15046
6650 11779
6692 10722
6692 14877
6728 9559
6779 7034
6779 7326
6779 7585
6779 8383
6779 9158
6779 9168
6779 9446
6779 10472
6779 12358
6779 13061
6779 13178
6779 13838
6779 14030
6779 14737
6779 14763
6779 14777
6779 14833
6779 14844
6779 14846
6779 14886
6779 15020
6779 15024
6779 15038
6779 15084
6784 14929
6784 14941
6817 12878
6817 14712
6817 15057
6867 8567
6867 10311
6867 11531
6867 12124
6867 12662
6867 13889
6867 14890
6867 14928
6867 15025
6912 7391
6916 13590
6917 7924
6917 12620
6917 12885
6917 14860
6942 11779
6945 14832
6947 10006
7000 8298
7000 8515
7000 8596
7000 10802
7000 11340
7000 11344
7000 11568
7000 11808
7000 12114
7000 12358
7000 12477
7000 13033
7000 13253
7000 13802
7000 14373
7000 14394
7000 14417
7000 14469
7000 14733
7000 14737
7000 14769
7000 14785
7000 14832
7000 14877
7000 14906
7000 14913
7000 14953
7000 14964
7000 14968
7000 15068
7034 11127
7034 12114
7034 14345
7034 14737
7034 14769
7034 14816
7034 14978
7081 10684
7097 7391
7097 9323
7119 12019
7128 11464
7128 12795
7128 14817
7136 13707
7190 11531
7290 7534
7290 8298
7290 13881
7290 14740
7290 14901
7290 14993
7290 15035
7290 15091
7292 14901
7326 7391
7326 8197
7326 10273
7326 11203
7336 12716
7336 14892
7364 12550
7371 14988
7372 8197
7391 7733
7391 8119
7391 9323
7391 11360
7391 11383
7391 12341
7391 14748
7391 14772
7391 14845
7391 14885
7391 14911
7391 14916
7391 14928
7391 15031
7398 7586
7398 8170
7398 8216
7398 9919
7398 11037
7398 12783
7398 14734
7398 14765
7444 12614
7454 14916
7464 14835
7534 14901
7585 12924
7585 13817
7674 8363
7674 13707
7674 14265
7674 14760
7699 8197
7699 10558
7738 9444
7749 10846
7839 11286
7840 8666
7855 14858
7855 15023
7855 15065
7944 11269
8093 12341
8119 8293
8119 8567
8119 11382
8119 11779
8119 14948
8124 10387
8124 10558
8124 12795
8147 13653
8197 8298
8197 8347
8197 11299
8197 11498
8197 12159
8197 12643
8197 13033
8197 13061
8197 13676
8197 14783
8197 14819
8197 14892
8197 14964
8197 14999
8197 15084
8221 10040
8225 14931
8272 12434
8272 14727
8272 14747
8272 14953
8272 14997
8281 14516
8282 10520
8293 15026
8298 8912
8298 8969
8298 9444
8298 11340
8298 12341
8298 13061
8298 14677
8298 14965
8298 14993
8347 14796
8363 9444
8364 13838
8364 14841
8370 14748
8378 12940
8383 14949
8387 10366
8484 13821
8484 15003
8550 13061
8567 9958
8567 15013
8608 11629
8608 14886
8626 14751
8659 11779
8666 14976
8703 13097
8712 8868
8712 9809
8712 11066
8712 11779
8712 13925
8712 14062
8712 14204
8712 14767
8712 14957
8712 15032
8824 14786
8868 14915
8870 9168
8870 14130
8887 14525
8912 14993
8961 10071
8961 13178
8969 10604
8969 14501
8969 15022
8974 14948
8981 14748
9122 15000
9124 10283
9124 13978
9124 14606
9168 10040
9168 10130
9168 12358
9168 13061
9168 14850
9168 15031
9245 10040
9245 15019
9285 10040
9285 10850
9285 12662
9285 14982
9285 15066
9309 9829
9309 14338
9323 9633
9323 10604
9323 11343
9323 14772
9323 14784
9323 14845
9337 12550
9425 14727
9425 14833
9430 13681
9431 10068
9431 14712
9444 11531
9444 14442
9444 14713
9444 14820
9444 14924
9444 14944
9446 15022
9469 11214
9469 12366
9469 14978
9536 14887
9536 15019
9562 14759
9562 14864
9628 9649
9649 12463
9703 14804
9709 10450
9714 14949
9757 11951
9757 14017
9789 11562
9789 14956
9791 13515
9809 11779
9829 14418
9845 14700
9888 14727
10027 13447
10040 14204
10040 14765
10040 14913
10040 14921
10040 14965
10040 15085
10068 12358
10068 14017
10068 14024
10068 14717
10068 14745
10068 14763
10068 14791
10068 14849
10068 14905
10068 14917
10068 14931
10231 13298
10231 14738
10231 14760
10231 15004
10236 10846
10273 11127
10273 13017
10273 14062
10283 11947
10293 14798
10293 14888
10311 10409
10321 12940
10347 11562
10347 14617
10347 14779
10347 14862
10387 12442
10409 10941
10409 14653
10409 14731
10409 15063
10409 15066
10472 14130
10472 14926
10520 12620
10520 14919
10558 13061
10558 14743
10558 14785
10558 14792
10558 14795
10579 14782
10580 12760
10604 11779
10604 14338
10604 14987
10624 14854
10713 12090
10734 14948
10789 14728
10789 14848
10789 15073
10846 11779
10846 12066
10846 14871
10846 15053
10869 14970
10930 11269
10939 12385
10998 12827
11016 14938
11037 15092
11053 11340
11061 14387
11101 14868
11101 14928
11141 15027
11184 11344
11184 11758
11184 14688
11184 14748
11184 14806
11203 12928
11205 14777
11269 14417
11269 14709
11286 12366
11286 12372
11305 12614
11340 13061
11340 14062
11340 14373
11340 14753
11340 14767
11340 14784
11340 14833
11340 14883
11340 14948
11340 14956
11340 14981
11340 15031
11340 15039
11340 15040
11340 15080
11344 12996
11344 14660
11347 11779
11381 12477
11382 13942
11383 11531
11475 14928
11512 13462
11514 14899
11514 14942
11565 12550
11568 14949
11568 15007
11568 15037
11568 15038
11762 12159
11779 11844
11779 11925
11779 12656
11779 13807
11779 14062
11779 14727
11779 14750
11779 14825
11779 14923
11779 14972
11779 15027
11779 15078
11799 14779
11835 14775
11853 13515
11947 14148
11951 14860
12040 14795
12040 14838
12070 14876
12070 14969
12070 15062
12090 12442
12090 12614
12090 14892
12114 12358
12114 14801
12114 14918
12186 14686
12295 14677
12342 14839
12342 14852
12358 13061
12358 14204
12366 12372
12366 14829
12434 14767
12477 13017
12488 14309
12499 13097
12531 14948
12550 14062
12550 14338
12614 12719
12614 13462
12614 14778
12716 15005
12719 14915
12719 14990
12795 13232
12795 14792
12795 14797
12876 14921
12881 14976
12940 14338
12940 14748
13014 14768
13017 14816
13017 15077
13033 14959
13061 14418
13061 14877
13061 14906
13061 14911
13061 14964
13061 14978
13061 14996
13061 15003
13184 14748
13322 14853
13368 14871
13478 14730
13514 14204
13674 14338
13676 14906
13838 14930
13881 14748
13893 14688
13954 14882
13981 14937
13981 14972
14014 14417
14017 15057
14062 14716
14064 14829
14064 14965
14130 14906
14142 14713
14160 14338
14175 14857
14215 14525
14289 14815
14303 14791
14304 14753
14338 14703
14338 14748
14338 14774
14338 14803
14338 14816
14338 14847
14338 14848
14338 14895
14338 14940
14338 15027
14373 14762
14417 14583
14418 14525
14418 14748
14418 14776
14418 14804
14418 14961
14418 14992
14525 14804
14529 14681
14583 14770
14606 14943
14677 14726
14677 14738
14703 14726
14710 14741
14712 14742
14722 14726
14737 14780
14738 15010
14740 14933
14748 14776
14748 15043
14755 14918
14781 15018
14807 14808
14812 14813
14829 14876
14876 14877
14887 14900
14892 14910
14892 14915
14892 14949
14892 15006
14892 15023
14892 15065
14893 14894
14896 14897
14906 14961
14922 14925
14930 15069
14949 14984
14949 15064
14949 15079
14949 15082
14953 14960
14954 14955
15011 15013
15033 15034
15033 15041
15037 15038
15039 15088
15051 15052
15084 15087
