1 948
2 4589
2 10304
2 12814
2 15039
2 15651
4 528
4 8082
7 573
7 6448
7 11568
14 6448
14 12985
19 12550
26 151
26 946
26 1551
26 3676
26 6009
26 7290
26 8494
26 10864
28 573
28 1255
28 3505
28 3624
28 3716
28 6373
28 6429
28 8298
28 8712
28 11376
28 11933
28 15317
28 15512
28 15698
29 9487
29 9809
29 10040
29 12419
29 15031
29 15305
29 15389
29 15476
29 15622
29 15674
40 12287
41 2762
41 4339
41 5308
41 15206
41 15511
41 15621
42 455
42 839
42 1002
42 1402
42 1604
42 1630
42 1917
42 3107
42 4140
42 4589
42 6779
42 8197
42 9431
42 9775
42 10817
42 11203
42 11751
42 13696
42 14677
42 14903
42 15299
42 15422
42 15505
42 15540
42 15553
42 15581
43 1298
43 1917
43 4589
43 6453
43 7852
43 8197
43 9245
43 10203
43 13061
43 15106
43 15438
43 15439
43 15451
43 15453
43 15513
43 15529
46 2529
56 8298
59 15642
70 108
70 1370
70 15668
72 5948
73 762
73 964
73 1206
73 2845
73 5270
73 6143
73 15450
73 15462
75 2019
76 96
76 1255
76 1630
76 2131
76 2307
76 4140
76 4731
76 6047
76 6062
76 6143
76 6448
76 6810
76 7290
76 8082
76 8272
76 8961
76 10293
76 10604
76 14677
76 15406
76 15450
76 15553
76 15634
80 15636
82 897
83 133
83 1917
83 2326
83 10342
83 13361
84 839
84 2027
84 9599
84 15695
93 239
93 15495
95 3592
95 15668
96 97
96 239
96 897
96 1742
96 3166
97 315
97 781
97 897
97 1255
97 1755
97 1818
97 2118
97 2995
97 3158
97 5141
97 5468
97 6062
97 15585
108 140
108 5270
108 5652
108 7371
108 9809
108 15241
108 15269
108 15462
108 15470
108 15657
110 1804
110 2389
110 2771
110 3158
110 4080
110 4177
110 4704
110 4783
110 5009
110 6162
110 7944
110 11489
110 12719
110 12760
110 15466
110 15496
110 15509
110 15558
110 15563
110 15612
110 15638
110 15647
115 15576
115 15616
117 383
117 5272
117 5720
117 6779
117 7290
121 7397
124 610
124 13061
133 134
133 1232
133 4171
133 5272
138 762
138 1255
138 1604
138 1636
138 2767
138 2845
138 3023
138 3887
138 4113
138 4544
138 5247
138 5616
138 6431
138 10925
138 13016
138 14981
138 15031
138 15438
138 15560
138 15636
138 15657
141 15450
151 162
151 2762
151 7290
151 15349
153 1787
153 5859
153 9431
153 10684
153 11340
153 15311
153 15337
153 15567
153 15684
153 15691
156 1359
156 10304
157 15241
158 455
158 682
158 762
158 852
158 904
158 1115
158 1365
158 1604
158 2592
158 2919
158 3707
158 4113
158 4144
158 5125
158 6448
158 6779
158 6917
158 7290
158 8281
158 8567
158 9431
158 10314
158 10604
158 11605
158 12366
158 12760
158 14657
158 14677
158 14948
158 15031
158 15120
158 15246
158 15299
158 15305
158 15337
158 15471
158 15505
158 15508
158 15513
158 15525
158 15540
158 15542
158 15543
158 15553
158 15561
158 15567
158 15601
158 15602
158 15617
158 15621
158 15633
158 15640
158 15641
158 15657
158 15661
158 15665
158 15676
169 2961
172 2389
172 7782
172 11489
172 15457
172 15533
184 3245
184 13026
184 15668
190 8472
195 3572
196 1763
196 6434
196 7991
201 510
201 1255
201 5089
201 5468
201 6434
201 7230
201 10730
201 13355
201 14142
201 15296
201 15547
201 15640
203 681
204 1667
204 15428
204 15505
206 897
206 15547
226 7444
240 2845
253 1612
253 6373
258 1255
258 5179
258 11696
258 14657
258 15697
280 3072
280 9152
280 15505
280 15616
287 7290
287 9722
297 5173
297 7985
297 15288
297 15652
297 15700
303 4216
304 852
315 6062
315 6448
315 15527
318 883
318 2118
318 3125
318 4523
338 11269
354 14677
370 736
370 15500
374 8604
382 3505
382 5270
383 455
383 8197
383 10730
383 12358
383 14631
399 12672
399 14627
410 15566
411 7658
411 15686
412 2762
433 2118
434 2741
434 8688
444 4731
444 5386
444 9152
447 8197
447 15616
455 602
455 610
455 682
455 2534
455 2663
455 2692
455 2762
455 3171
455 3509
455 3592
455 4971
455 5179
455 5493
455 5616
455 6246
455 6373
455 9312
455 10314
455 10347
455 10440
455 10477
455 11340
455 11505
455 11696
455 12022
455 12178
455 12421
455 13163
455 14267
455 14906
455 14945
455 14992
455 15031
455 15514
455 15518
455 15519
455 15575
455 15601
455 15614
455 15625
455 15636
455 15657
455 15661
455 15671
455 15680
456 6650
461 762
461 1255
461 1256
461 1268
461 2915
461 3023
461 3388
461 4565
461 5720
461 7801
461 10558
461 10604
461 15613
465 15341
467 15623
477 682
483 8370
502 15693
506 15581
510 577
510 1255
510 1612
510 1636
510 9122
510 15476
519 10911
524 1792
524 2845
524 15450
528 8979
528 15627
528 15634
545 15625
546 573
546 1540
546 2882
546 3046
546 5065
546 7000
546 14142
546 14442
546 15504
556 3503
556 4530
556 15581
565 4092
568 15269
571 15644
572 1877
573 762
573 1369
573 1917
573 2307
573 2694
573 3158
573 3528
573 4248
573 4523
573 5141
573 5468
573 5788
573 6108
573 6247
573 7097
573 7760
573 7855
573 8363
573 9071
573 11718
573 12090
573 13016
573 14142
573 14677
573 15450
573 15491
573 15705
573 15707
577 621
577 729
577 1514
577 2919
577 3987
577 5094
577 7097
577 11340
577 13017
577 13653
577 15038
577 15249
577 15302
577 15442
577 15460
577 15500
577 15527
577 15672
592 621
592 4130
592 11981
592 12579
592 14215
592 15670
602 4092
602 14948
610 682
610 1763
610 1774
610 2762
610 7034
610 7391
610 7428
610 7903
610 8379
610 9143
610 9168
610 11531
610 12358
610 12366
610 13653
610 14677
610 15114
610 15476
610 15502
610 15555
610 15627
610 15657
613 2762
613 4589
613 6434
613 6867
613 15031
613 15508
613 15521
618 1255
618 3355
618 5144
618 12634
618 15525
618 15687
621 2762
621 3158
621 3329
621 4059
621 5065
621 5294
621 6047
621 6810
621 12125
621 13016
621 13280
621 14767
621 15454
621 15527
621 15705
621 15718
634 1345
634 8816
636 1223
636 4731
659 1636
659 4187
681 2692
682 897
682 1106
682 1359
682 1365
682 2762
682 3286
682 3707
682 4031
682 7290
682 8298
682 8630
682 9152
682 9444
682 11340
682 13017
682 15450
682 15515
712 2762
712 8379
713 1255
713 1792
729 836
729 839
729 1787
729 1792
729 2062
729 3313
729 4177
729 6867
729 7391
729 7782
729 12719
729 15450
729 15493
729 15541
729 15664
729 15665
729 15678
729 15680
729 15716
730 4113
730 15398
736 5237
736 6867
736 8816
736 10817
762 852
762 2676
762 2762
762 3107
762 3624
762 4031
762 5089
762 6062
762 6619
762 6945
762 7147
762 7190
762 8197
762 11267
762 15120
762 15518
762 15561
762 15572
774 4092
774 4589
774 13026
774 14906
774 15592
774 15616
774 15666
774 15724
781 897
781 5468
781 6498
781 9487
781 15470
791 2816
794 3415
794 6640
796 6108
803 15353
803 15624
824 10558
836 6373
837 2919
837 10040
837 15299
837 15520
837 15667
839 1278
839 2027
839 2412
839 3405
839 4419
839 8298
839 9599
839 11269
839 15563
839 15649
839 15664
852 1256
852 1321
852 1345
852 1361
852 2052
852 2529
852 2705
852 2796
852 3313
852 3707
852 4339
852 4545
852 5089
852 5757
852 6548
852 6817
852 7186
852 7364
852 8197
852 8225
852 9565
852 10068
852 10203
852 11158
852 12366
852 12419
852 14253
852 14272
852 14323
852 14338
852 14748
852 14906
852 15206
852 15260
852 15444
852 15452
852 15464
852 15478
852 15510
852 15525
852 15536
852 15551
852 15694
852 15698
859 15445
875 1106
875 2149
875 3676
875 5049
875 8363
881 15637
883 3528
883 5550
883 14713
883 15184
886 15616
891 15494
892 2687
892 5018
897 1792
897 1868
897 2027
897 15437
904 1255
904 2592
904 2650
904 2919
904 6867
904 10203
917 10198
938 15574
946 1917
946 5141
946 8494
946 8796
946 11326
948 4080
948 8272
948 15096
962 2389
963 15039
968 3158
968 6714
1002 1422
1002 1636
1002 2627
1002 2767
1002 3330
1002 4731
1002 5788
1002 6779
1002 9444
1002 9460
1002 10203
1002 10941
1002 14213
1002 15244
1002 15485
1002 15533
1002 15620
1002 15657
1002 15704
1005 6448
1005 12253
1006 4981
1017 6448
1036 10766
1036 15550
1041 2762
1041 14906
1041 15575
1057 4092
1057 4727
1057 10730
1057 15592
1057 15673
1091 6062
1106 1333
1106 4866
1106 5049
1106 8567
1106 8630
1106 11214
1106 13696
1106 14205
1106 15450
1106 15490
1106 15667
1106 15671
1106 15730
1115 2057
1115 2223
1115 12550
1115 14846
1115 15114
1115 15641
1128 5720
1140 5560
1140 15592
1144 8688
1144 11127
1144 11340
1144 12655
1144 13735
1144 15469
1161 1917
1177 7230
1198 1604
1198 2762
1198 6047
1198 6779
1198 8197
1198 9071
1198 11184
1198 12643
1198 12716
1198 13163
1198 15505
1206 5270
1206 7230
1206 15468
1206 15564
1206 15571
1232 1422
1232 2930
1232 5616
1232 5649
1232 6448
1232 6945
1232 15702
1233 1255
1242 1255
1242 1787
1242 4987
1242 6429
1242 6810
1242 7000
1242 10203
1242 13061
1242 14311
1242 15457
1255 1622
1255 1792
1255 2027
1255 2255
1255 2307
1255 2437
1255 2845
1255 3313
1255 3670
1255 3707
1255 4117
1255 5468
1255 5658
1255 7000
1255 7290
1255 8197
1255 10203
1255 10293
1255 10304
1255 14771
1255 15440
1255 15450
1255 15547
1255 15716
1255 15730
1256 2529
1256 2762
1256 3707
1256 4565
1256 5089
1256 5720
1256 10203
1256 14253
1256 14906
1256 14981
1256 15241
1256 15478
1256 15593
1256 15597
1256 15641
1256 15657
1256 15685
1256 15694
1256 15703
1264 1529
1264 3670
1264 8173
1264 15466
1268 4589
1268 14062
1268 15287
1278 6373
1298 15022
1300 2756
1300 6945
1312 6505
1312 12531
1321 15431
1341 15672
1359 3254
1359 4589
1359 6779
1359 9822
1359 10304
1359 10409
1359 11683
1359 15438
1359 15505
1359 15672
1359 15720
1361 6576
1361 9565
1361 14906
1361 15577
1361 15581
1361 15621
1365 2756
1365 2919
1365 7961
1365 15244
1375 15507
1375 15525
1375 15537
1379 12643
1390 4727
1392 12643
1392 15691
1395 15519
1395 15590
1402 1636
1402 6779
1413 2019
1413 11568
1418 3687
1418 7391
1418 8298
1418 9285
1418 10730
1422 6779
1436 2705
1510 2816
1510 4731
1510 10304
1514 10717
1514 15442
1529 15302
1540 4171
1540 15505
1540 15722
1563 2412
1593 2488
1593 12366
1604 2756
1604 3171
1604 5366
1604 8197
1604 11340
1604 14906
1612 9444
1612 10684
1612 15512
1622 4232
1622 15471
1625 15494
1630 2730
1636 2453
1636 2762
1636 4339
1636 4536
1636 4589
1636 4727
1636 5366
1636 6246
1636 7516
1636 8179
1636 8494
1636 9045
1636 10203
1636 10304
1636 10492
1636 10730
1636 13735
1636 14417
1636 14631
1636 14906
1636 15430
1636 15434
1636 15438
1636 15501
1636 15503
1636 15504
1636 15505
1636 15540
1636 15553
1636 15597
1636 15600
1636 15626
1636 15665
1640 6102
1640 10766
1644 2529
1675 15678
1709 15443
1709 15466
1717 3707
1717 8409
1717 8447
1732 12760
1742 2118
1763 3592
1763 4113
1763 6373
1763 6434
1763 12022
1763 15413
1773 15669
1774 2307
1774 14677
1787 13061
1788 2062
1788 9341
1792 4113
1792 6945
1792 10203
1792 13578
1792 15731
1794 15543
1804 3479
1804 5012
1804 6162
1804 9683
1804 10558
1804 15653
1824 2694
1824 3405
1824 4546
1824 9649
1831 11504
1831 13026
1836 15537
1845 5720
1845 15517
1854 4419
1854 12643
1875 6598
1877 5788
1879 1917
1917 2243
1917 2326
1917 3381
1917 5272
1917 7852
1917 9071
1917 10817
1917 11326
1917 12716
1917 15039
1917 15303
1917 15477
1917 15500
1922 15504
1958 10684
1959 15560
1972 6434
1972 10314
1972 11751
1972 15606
1973 5065
1990 15635
2019 2413
2019 4731
2019 5267
2019 5362
2019 14213
2019 15565
2027 4419
2027 4546
2027 12090
2027 15412
2027 15443
2027 15456
2044 15504
2057 2223
2057 2762
2057 5692
2057 8067
2062 3107
2062 7391
2062 11779
2081 2930
2102 10304
2102 15732
2111 4481
2117 9977
2124 8264
2124 15039
2124 15040
2124 15404
2131 4731
2169 4731
2169 7391
2191 3646
2192 2453
2197 15546
2199 8272
2199 15120
2199 15708
2215 4523
2223 3381
2223 6280
2223 15114
2231 4057
2231 15472
2240 15534
2243 15461
2255 15443
2256 9469
2256 13965
2256 14677
2256 15546
2256 15592
2256 15608
2258 5558
2268 4339
2272 14062
2278 3653
2307 2816
2307 2845
2307 4031
2307 10293
2307 11376
2307 15483
2313 5616
2313 15671
2319 11779
2324 12719
2333 15466
2355 15505
2364 9683
2389 3484
2389 5788
2389 8173
2389 11489
2389 11933
2389 12409
2389 15096
2389 15466
2389 15558
2389 15701
2389 15717
2411 15482
2412 15022
2412 15120
2428 4501
2428 15465
2428 15634
2428 15666
2437 9994
2437 11751
2437 13061
2453 7290
2488 4908
2522 4092
2522 6619
2529 3313
2529 3707
2529 5757
2529 8447
2529 10068
2529 10203
2529 10314
2529 12419
2529 13696
2529 14142
2529 14338
2529 14718
2529 15206
2529 15464
2529 15536
2529 15542
2529 15626
2534 11751
2535 8630
2535 14597
2562 15607
2565 2582
2582 3412
2583 3023
2592 15269
2599 15350
2599 15643
2619 4232
2663 4577
2663 6916
2663 14748
2663 15530
2669 15457
2669 15558
2687 5018
2687 10558
2692 5215
2692 9312
2692 15473
2692 15582
2694 3330
2694 4826
2694 5788
2694 9444
2694 12719
2694 15261
2694 15302
2694 15554
2705 5720
2705 7230
2705 13154
2705 14264
2705 15685
2730 6867
2739 15505
2741 15450
2756 2762
2756 3707
2756 4908
2756 5089
2756 5757
2756 6947
2756 7281
2756 10203
2756 10273
2756 11504
2756 13318
2756 15421
2756 15446
2756 15616
2762 3152
2762 3442
2762 3945
2762 4339
2762 4377
2762 4577
2762 4771
2762 5065
2762 5615
2762 6779
2762 6945
2762 8586
2762 9152
2762 9168
2762 9312
2762 9444
2762 9958
2762 10492
2762 11184
2762 11340
2762 11683
2762 13017
2762 13280
2762 14906
2762 15114
2762 15419
2762 15453
2762 15458
2762 15505
2762 15592
2762 15616
2762 15694
2762 15702
2767 3509
2767 3592
2767 4059
2767 5720
2767 6373
2767 8711
2767 10684
2767 12643
2767 13686
2767 13838
2767 15434
2767 15690
2767 15714
2771 11299
2771 15647
2775 15488
2775 15618
2786 5141
2786 5468
2786 6498
2816 3648
2816 5550
2816 7991
2816 10314
2816 12022
2816 15627
2820 15726
2821 15495
2822 14677
2822 15672
2825 15063
2845 6431
2845 10304
2845 13694
2845 14142
2845 15296
2845 15406
2845 15440
2845 15462
2845 15547
2845 15739
2868 15630
2882 3171
2906 15736
2919 4187
2919 6160
2919 11340
2919 12643
2919 13017
2919 15567
2930 10846
2930 11340
2930 11605
2930 12719
2930 13361
2930 13696
2930 14784
2930 15484
2934 4232
2934 6429
2934 10383
2995 15585
3023 13061
3026 6448
3030 3415
3041 4080
3041 9722
3046 14417
3065 5616
3065 15528
3065 15583
3086 4171
3086 9152
3104 13515
3104 15525
3107 9071
3123 14493
3125 15453
3155 3707
3155 6548
3155 8447
3155 12770
3155 15536
3158 4577
3158 4632
3158 12342
3158 14915
3158 15451
3158 15707
3161 3453
3166 7559
3166 15450
3171 3355
3171 4187
3171 7976
3171 11851
3171 12643
3171 14767
3171 15432
3171 15434
3171 15525
3171 15681
3171 15730
3183 5831
3183 15511
3226 3313
3226 4140
3254 10203
3254 11340
3281 3381
3286 4382
3286 8586
3307 13026
3307 15616
3313 3707
3313 4545
3313 5089
3313 5757
3313 6947
3313 10203
3313 12718
3313 14253
3313 14323
3313 14716
3313 15478
3313 15510
3313 15536
3313 15542
3313 15661
3322 5493
3329 8298
3329 9469
3330 5065
3330 6453
3330 8712
3330 11340
3355 6429
3355 7290
3355 7311
3377 15730
3381 13696
3405 8012
3405 12005
3405 15554
3412 6779
3412 9444
3420 15588
3446 9469
3446 15433
3456 6917
3456 15641
3458 3707
3484 4783
3484 5305
3484 5720
3484 6779
3484 10203
3484 11751
3484 12090
3495 15398
3501 15473
3505 3624
3505 15558
3509 5366
3509 5900
3509 6618
3509 14906
3543 5948
3545 7190
3545 15688
3545 15719
3578 15444
3592 4059
3592 4135
3592 5065
3592 6867
3592 7647
3592 11340
3592 13088
3592 15568
3624 5270
3624 15400
3636 15487
3636 15665
3648 5141
3670 7097
3673 13930
3676 6448
3687 8298
3692 15492
3693 8298
3707 4140
3707 4339
3707 4908
3707 5757
3707 6223
3707 6435
3707 8447
3707 9431
3707 9985
3707 10203
3707 11683
3707 13696
3707 14272
3707 14677
3707 14719
3707 15260
3707 15452
3707 15542
3793 15734
3811 6598
3816 15341
3855 11340
3865 6453
3865 10558
3882 15572
3882 15642
3887 6810
3887 7290
3969 6779
3975 10941
3975 15717
3986 3996
4011 5386
4011 6246
4011 9510
4011 10596
4011 12643
4011 15624
4011 15659
4011 15693
4031 7714
4031 15742
4057 5616
4057 15472
4057 15524
4059 15413
4080 11751
4090 9312
4092 10869
4092 11844
4092 13026
4092 14205
4092 15031
4092 15322
4092 15505
4092 15592
4092 15627
4092 15666
4092 15699
4092 15724
4113 5065
4113 14251
4116 8961
4117 6817
4117 13696
4117 14342
4117 15438
4117 15494
4117 15506
4117 15542
4117 15680
4130 14001
4135 7326
4135 15527
4138 15529
4140 10203
4140 15422
4140 15618
4171 10203
4187 5493
4187 8298
4187 10040
4187 10203
4187 11751
4187 13686
4187 13735
4187 14665
4187 14903
4187 15429
4187 15625
4187 15676
4187 15677
4187 15715
4187 15730
4193 15505
4216 5119
4216 8298
4216 10730
4216 15505
4232 4731
4232 5468
4232 9323
4248 4523
4271 15616
4280 15579
4302 7326
4339 11184
4339 14272
4339 14507
4370 6062
4377 15668
4382 5308
4382 14335
4382 15299
4382 15690
4419 5876
4419 8173
4419 15638
4419 15654
4448 15579
4523 14677
4536 7976
4536 9323
4536 10558
4536 12358
4536 13676
4536 15498
4536 15513
4536 15525
4536 15553
4536 15592
4536 15721
4545 14253
4546 6867
4546 9649
4546 15412
4546 15711
4556 14514
4565 5720
4577 6810
4577 15114
4577 15458
4582 7000
4589 6203
4589 8197
4589 11568
4671 15552
4702 10789
4702 13017
4727 5006
4727 14906
4727 15597
4731 6189
4731 11853
4731 13298
4731 15039
4731 15090
4746 15010
4749 6779
4749 14597
4765 6779
4765 15363
4771 13696
4771 15039
4771 15538
4771 15640
4771 15648
4783 15664
4783 15682
4783 15696
4798 4924
4798 5265
4798 5546
4802 8197
4802 15022
4832 14142
4839 5065
4839 5386
4839 5900
4839 9152
4839 12672
4839 15562
4839 15640
4839 15671
4839 15693
4839 15728
4858 15551
4860 10347
4860 15269
4866 5119
4882 11489
4882 12719
4882 15443
4893 15444
4905 15444
4908 15444
4924 7953
4924 9920
4924 13735
4924 15467
4924 15497
4924 15662
4949 15299
4949 15450
4971 9143
4987 5362
5006 15505
5006 15587
5009 5272
5012 11933
5018 13696
5018 15353
5021 14142
5049 8363
5065 5119
5065 7480
5065 8379
5065 9245
5065 9469
5065 11203
5065 11683
5065 12358
5065 13280
5065 13361
5065 13735
5065 14442
5065 14767
5065 14948
5065 14992
5065 15059
5065 15431
5065 15434
5065 15441
5065 15460
5065 15479
5065 15484
5065 15487
5065 15492
5065 15505
5065 15534
5065 15553
5065 15562
5065 15664
5065 15672
5089 6947
5089 8208
5089 14253
5100 15680
5102 6708
5102 11489
5102 15096
5119 5616
5119 10203
5119 10314
5119 11184
5119 11340
5119 11751
5119 12716
5119 15039
5119 15373
5119 15498
5119 15564
5119 15645
5119 15660
5119 15675
5119 15691
5119 15702
5119 15718
5119 15723
5125 5616
5125 10569
5125 14906
5125 15553
5125 15604
5141 6062
5141 14142
5141 14281
5159 13676
5173 6624
5215 11340
5224 6203
5224 6389
5267 11340
5267 14213
5270 5759
5270 10203
5270 12665
5270 15450
5270 15499
5270 15598
5272 9312
5272 15305
5272 15480
5272 15498
5272 15525
5272 15621
5272 15698
5272 15706
5294 8298
5305 7855
5308 14017
5308 14948
5329 12022
5340 6373
5340 12716
5362 13082
5362 15063
5366 6429
5366 10558
5366 13298
5366 15302
5366 15507
5366 15534
5373 10941
5386 6618
5386 10558
5386 14903
5468 7208
5468 10304
5468 12287
5468 13694
5468 14142
5468 14751
5468 15539
5468 15586
5471 13735
5480 15721
5546 9323
5550 6062
5550 15606
5551 15505
5560 10177
5560 12104
5615 6189
5615 15039
5616 5649
5616 5822
5616 6498
5616 6640
5616 6810
5616 6862
5616 8197
5616 9712
5616 10789
5616 11184
5616 11203
5616 15240
5616 15505
5616 15507
5616 15553
5616 15636
5616 15738
5649 6448
5652 15269
5658 7371
5658 15440
5658 15450
5692 9444
5692 10684
5692 14239
5699 13081
5720 5757
5720 6435
5720 11924
5720 12366
5720 13318
5720 15542
5720 15658
5720 15694
5747 15366
5787 14906
5788 5849
5788 15302
5822 6779
5822 15363
5831 8816
5831 10684
5831 14904
5831 15463
5831 15528
5831 15544
5831 15591
5831 15700
5831 15713
5849 10989
5859 15260
5900 15474
5900 15663
5906 15249
5929 15316
5949 8093
5949 15337
6009 7290
6009 15490
6062 15453
6062 15585
6102 8712
6108 13981
6134 15184
6143 7290
6143 8364
6162 6779
6189 14597
6197 15513
6203 6389
6203 15562
6203 15584
6203 15645
6223 6947
6272 15299
6272 15596
6280 11851
6328 15398
6373 6624
6373 6781
6373 6867
6373 7190
6373 7399
6373 8119
6373 9958
6373 10198
6373 10766
6373 14784
6373 14903
6373 15591
6373 15614
6429 7000
6429 8515
6429 10383
6429 10604
6429 11360
6429 11605
6429 15441
6429 15627
6429 15727
6434 6867
6434 12760
6434 13017
6434 13361
6434 14110
6448 8659
6448 11340
6448 15039
6448 15186
6448 15287
6448 15302
6448 15541
6448 15691
6448 15714
6453 11751
6453 12090
6463 15698
6472 15586
6498 7953
6498 11340
6498 14142
6498 15433
6498 15476
6498 15478
6498 15589
6498 15715
6505 10491
6516 9323
6548 7944
6548 15206
6593 7413
6593 12844
6598 11568
6605 8604
6618 10558
6618 11340
6618 14955
6618 15693
6619 15627
6623 14767
6624 6867
6624 9469
6624 15678
6640 6810
6692 14767
6779 7281
6779 10304
6779 11184
6779 11751
6779 15299
6779 15458
6779 15506
6779 15614
6779 15689
6810 13280
6810 15398
6810 15553
6817 8567
6817 12022
6817 12419
6817 14272
6817 14323
6817 15468
6817 15580
6867 7391
6867 7399
6867 8286
6867 10604
6867 10684
6867 11340
6867 12760
6867 15302
6867 15606
6867 15607
6867 15646
6867 15657
6867 15674
6867 15678
6867 15679
6867 15684
6867 15735
6894 15287
6917 9427
6917 14846
6917 15567
6917 15641
6945 7391
6945 15526
6947 15536
6964 15526
7000 7480
7000 9312
7000 9822
7000 11568
7000 15039
7000 15541
7000 15721
7034 10314
7034 15534
7097 7230
7097 8197
7097 11340
7097 11568
7097 12342
7097 14535
7119 15459
7143 11641
7186 13318
7190 7399
7190 15619
7190 15688
7208 7391
7208 12125
7230 14264
7230 14981
7230 15450
7273 15550
7290 8961
7290 10383
7290 10730
7290 12643
7290 13981
7290 15092
7290 15398
7290 15501
7290 15680
7311 10117
7326 9469
7326 14677
7364 10068
7391 8298
7391 9323
7391 10558
7391 11360
7391 12125
7391 12634
7391 13061
7391 14677
7391 15114
7391 15184
7391 15302
7391 15441
7391 15589
7464 15599
7480 11568
7516 9712
7516 15240
7516 15553
7532 15592
7532 15634
7621 13735
7621 15733
7699 7872
7701 12253
7738 14677
7782 9952
7839 10347
7839 15498
7839 15544
7855 15558
7944 12643
7991 10347
7991 15269
7991 15430
8012 11751
8015 13316
8061 9152
8061 15549
8082 8515
8093 15567
8093 15595
8093 15615
8119 8298
8119 13653
8119 15449
8119 15672
8147 15039
8147 15651
8197 9045
8197 10203
8197 10730
8197 11051
8197 11933
8197 12090
8197 12672
8197 13061
8197 15302
8197 15518
8197 15559
8197 15616
8225 15615
8272 15708
8281 12550
8281 15621
8286 15025
8298 12513
8298 15454
8298 15460
8298 15705
8347 15600
8363 14142
8364 15610
8379 9444
8472 15127
8494 13981
8494 15092
8494 15599
8515 10730
8515 11340
8515 14767
8515 15680
8567 8712
8567 12022
8567 15447
8567 15561
8586 9565
8604 9469
8604 15625
8630 15675
8654 15472
8659 8712
8688 11340
8712 15114
8712 15573
8790 10347
8796 15439
8816 9789
8816 10347
8816 15474
8870 12358
8887 15502
9045 14572
9071 15303
9143 12353
9143 14569
9143 15518
9147 9427
9152 9920
9152 10323
9152 15434
9152 15534
9152 15549
9168 13280
9168 15114
9168 15450
9323 10558
9323 14677
9323 15681
9385 14001
9427 14791
9431 15694
9444 9791
9444 10604
9444 15438
9444 15470
9444 15471
9444 15483
9444 15508
9444 15512
9444 15611
9444 15622
9444 15718
9460 15120
9460 15261
9469 11548
9472 10477
9483 10172
9510 15693
9529 11951
9565 14906
9596 12022
9599 10198
9649 15606
9711 15676
9712 14906
9712 15505
9775 15464
9789 15679
9789 15691
9888 15598
9985 10068
9994 15491
10027 15096
10027 15509
10040 15486
10068 15206
10068 15311
10068 15337
10068 15557
10068 15567
10068 15615
10198 15270
10198 15453
10198 15645
10203 10314
10203 13578
10203 15244
10203 15609
10203 15639
10249 10860
10277 15357
10314 11340
10347 10440
10347 15246
10347 15269
10347 15467
10477 13017
10491 15442
10492 15604
10520 12760
10520 15269
10558 11340
10558 15550
10558 15654
10592 15729
10636 11779
10684 15510
10690 14335
10690 15419
10730 11504
10730 13515
10730 15592
10747 15489
10766 13361
10766 15435
10816 15548
10869 11184
10869 14948
10869 15505
10913 15591
10939 12385
11016 14938
11103 11340
11127 15714
11141 11383
11299 13017
11299 13060
11326 12716
11340 13803
11340 14767
11340 14930
11340 15113
11340 15299
11340 15591
11340 15601
11340 15602
11340 15628
11340 15645
11340 15664
11344 14660
11344 15518
11344 15520
11360 12178
11376 14767
11376 15498
11475 15453
11504 15108
11504 15453
11504 15592
11514 15499
11514 15643
11568 11751
11568 13061
11696 12380
11696 15474
11751 15505
11751 15537
11751 15620
11751 15638
11779 15395
11808 15453
11844 13334
11844 15316
11844 15740
11908 15713
12090 13981
12125 15249
12125 15525
12253 15581
12254 15502
12287 13355
12342 15707
12358 14631
12358 15240
12358 15471
12358 15519
12358 15525
12358 15627
12358 15633
12366 13653
12460 14972
12525 15615
12531 14948
12550 15246
12643 12719
12655 15316
12719 15261
12719 15453
12719 15558
12784 15435
12815 15428
12844 13280
12885 14205
12885 15541
13014 15249
13017 13088
13017 15705
13017 15715
13026 15592
13061 14906
13061 15031
13061 15113
13061 15114
13061 15275
13061 15311
13061 15505
13163 15631
13163 15737
13280 14017
13280 14337
13280 14597
13280 14627
13280 15479
13280 15508
13280 15569
13280 15634
13318 15450
13325 13361
13334 14906
13355 15432
13515 15471
13651 13696
13654 15022
13735 15436
13735 15534
13735 15606
13843 15631
13963 15709
13990 15448
14017 15502
14017 15538
14017 15562
14062 14338
14062 15430
14062 15657
14142 14417
14221 15629
14222 15616
14251 15603
14267 15535
14337 15516
14337 15572
14409 15525
14417 15657
14418 15538
14572 15532
14572 15581
14596 14948
14596 15632
14606 14943
14657 15269
14657 15505
14677 15570
14771 15675
14771 15730
14906 15317
14906 15447
14906 15501
14906 15502
14906 15553
14906 15575
14906 15592
14906 15605
14906 15616
14906 15640
14906 15648
14906 15741
14930 15114
14948 15576
14948 15692
14992 15305
15010 15039
15011 15565
15022 15457
15022 15558
15031 15114
15041 15710
15052 15493
15114 15331
15114 15453
15114 15614
15120 15261
15120 15638
15127 15493
15144 15145
15147 15269
15149 15481
15169 15582
15186 15505
15206 15311
15206 15567
15211 15453
15244 15434
15244 15605
15257 15672
15266 15505
15293 15441
15299 15730
15302 15707
15303 15424
15316 15679
15337 15398
15341 15524
15389 15455
15398 15650
15404 15474
15405 15408
15425 15436
15444 15446
15448 15601
15469 15578
15474 15475
15474 15662
15487 15505
15504 15505
15505 15534
15505 15640
15505 15722
15511 15652
15522 15523
15531 15532
15541 15545
15556 15557
15592 15593
15593 15634
15594 15595
15636 15738
15640 15648
15641 15683
15655 15656
15669 15672
15672 15720
15689 15712
15718 15725
