2 7
2 70
2 4544
2 6728
2 11641
2 15039
2 15947
2 15993
2 15995
4 15747
7 42
7 1831
7 2650
7 10203
7 14677
13 6867
13 11066
14 11912
14 11928
26 76
26 258
26 338
26 730
26 2102
26 6448
26 8197
26 9928
26 11066
26 15899
28 76
28 453
28 621
28 1177
28 1206
28 2959
28 2969
28 3846
28 4615
28 5658
28 5692
28 7290
28 10068
28 10273
28 15114
28 15353
28 15751
28 15753
28 15967
28 15985
29 3528
29 5173
29 5822
29 11066
30 10203
36 11066
40 12287
41 2223
41 5692
41 8947
42 162
42 573
42 729
42 839
42 852
42 1002
42 4187
42 5616
42 6429
42 6708
42 8630
42 8961
42 9722
42 10869
42 12716
42 14597
42 15708
42 15776
42 15787
42 15914
43 403
43 1790
43 1845
43 2057
43 4544
43 4749
43 6940
43 6945
43 7000
43 7779
43 9245
43 11344
43 12760
43 14784
43 15553
43 15708
43 15749
43 15891
43 15892
43 15898
43 15915
48 573
61 2169
70 577
70 621
70 4135
70 8068
70 11538
70 11750
70 15050
76 96
76 108
76 110
76 621
76 1032
76 1106
76 1255
76 2057
76 2062
76 2158
76 2682
76 2868
76 3528
76 3692
76 5468
76 6498
76 6594
76 8626
76 9462
76 10203
76 11066
76 11376
76 13276
76 14420
76 15127
76 15450
76 15553
76 15753
76 15754
76 15892
76 15974
76 15982
83 618
83 813
83 13361
83 14767
83 15830
83 15856
83 15979
83 15997
84 5305
84 6708
84 15802
94 621
94 1514
94 8131
95 644
95 1140
95 2762
95 5912
95 8974
95 11383
95 11750
95 14677
95 14748
95 15044
95 15418
95 15861
95 15893
95 15978
95 15996
95 16005
95 16009
96 226
96 573
96 1664
96 3158
96 7290
96 9280
96 11751
96 13578
96 15708
97 1255
97 8363
100 2489
103 9462
108 1445
108 2062
108 6867
108 9000
109 9649
110 839
110 2406
110 3405
110 4964
110 5049
110 6277
110 6708
110 9421
110 10278
110 11066
110 11751
110 12090
110 15044
110 15127
110 15185
110 15558
110 15779
110 15796
110 15804
110 15822
110 15902
110 15921
110 15990
113 4232
117 5272
118 1298
122 1126
122 5616
122 8654
122 11809
134 11751
138 179
138 201
138 275
138 302
138 490
138 510
138 1845
138 2762
138 2767
138 3624
138 5203
138 5616
138 6124
138 6728
138 7230
138 7290
138 10068
138 12358
138 13016
138 13017
138 13061
138 14062
138 14597
138 15170
138 15372
138 15389
138 15743
138 15849
138 15870
151 1796
153 455
153 1636
153 2650
153 4339
153 5616
153 6143
153 15811
153 15837
155 13981
156 1002
156 6779
156 9446
157 1232
157 11376
157 15994
158 3313
158 6728
158 13178
158 15751
158 15777
172 6453
172 6708
172 10278
172 15185
172 15261
172 15796
172 15884
179 8473
184 1365
184 4092
184 13026
184 15592
184 15846
184 15886
190 11066
195 577
195 7274
196 1990
196 16024
201 455
201 3364
201 6143
201 7230
201 9888
204 15745
204 15764
226 7392
226 8626
238 13735
239 8131
240 8363
247 4135
247 15804
253 1255
253 5757
258 297
258 490
258 1106
258 1365
258 1763
258 1917
258 5065
258 9892
258 10203
258 11568
258 12355
258 12760
258 13981
258 14767
258 14904
258 14906
258 15389
258 15494
258 15708
258 15971
258 16007
267 8515
286 8119
286 15714
297 1763
297 4924
297 6448
297 13017
297 15714
298 5065
298 15965
302 15844
304 4092
304 6351
304 8067
304 12097
304 14597
304 14747
304 15856
304 15883
307 3307
307 6867
307 15714
312 3867
315 577
315 1763
315 2767
315 5692
315 6728
315 8512
315 14461
318 3125
338 573
338 11269
356 3307
370 2334
370 10846
370 12668
370 15909
374 5065
374 5119
374 14748
374 15746
374 15821
377 573
383 412
383 4339
383 6801
383 7143
383 11851
383 14572
383 14597
383 15593
383 15780
390 1255
399 15316
406 5469
407 1563
407 2406
407 4465
407 7311
407 13097
407 14906
408 15714
410 15714
411 2970
412 1393
412 4589
412 8067
412 8912
412 14572
424 15793
442 3945
442 5119
444 15031
447 15309
453 6498
453 10203
453 13061
455 490
455 897
455 1365
455 2313
455 4117
455 5692
455 6801
455 6867
455 9762
455 10477
455 14417
455 14597
455 15305
455 15505
455 15746
455 15837
461 467
461 852
461 1002
461 1256
461 5720
467 960
467 4536
467 5119
467 13514
467 15786
488 2919
490 1206
490 1365
490 2868
490 3086
490 3313
490 4031
490 4187
490 4577
490 5102
490 5119
490 5362
490 9762
490 9948
490 15271
506 15705
510 1763
510 14856
510 15995
516 1255
524 9462
528 641
528 774
528 5900
528 10040
528 13178
528 15786
531 4283
531 5119
531 14284
539 9444
546 5468
546 9421
556 3503
556 15862
568 1232
571 852
573 621
573 762
573 1369
573 1854
573 2051
573 2437
573 3030
573 3648
573 4370
573 5141
573 10323
573 14210
573 15156
573 15749
573 15813
573 15884
577 904
577 1057
577 1483
577 1622
577 1773
577 2081
577 3125
577 3945
577 7274
577 7290
577 7391
577 8974
577 13981
577 14535
577 15027
577 15848
577 15892
577 16010
608 1563
608 5468
608 6498
610 1751
610 11340
613 4589
613 11244
618 621
618 813
618 852
618 1198
618 3355
618 5065
618 5089
618 7391
618 9323
618 12262
618 13686
618 15687
618 15846
618 15856
618 15896
618 15991
618 15997
621 904
621 1445
621 1514
621 2762
621 5141
621 5822
621 9323
621 11750
621 12097
621 13316
621 13361
621 15192
621 15800
634 14930
641 15792
647 12760
656 730
656 762
656 11066
656 13981
656 15763
659 729
659 1422
659 1604
659 1636
659 2762
659 4187
659 5119
659 5173
659 8298
659 11103
659 14948
659 15299
682 14767
685 13061
694 4465
712 904
712 3137
712 7074
712 13361
712 15672
729 839
729 881
729 1812
729 2762
729 5012
729 5119
729 8298
729 9462
729 9628
729 10846
729 11066
729 11096
729 11489
729 12668
729 14906
729 15742
729 15754
729 15795
730 2102
730 4731
730 11066
730 11376
741 2919
753 1422
762 1365
762 1845
762 2650
762 2762
762 15121
771 897
774 4092
774 4187
774 5616
775 1527
781 2809
789 8961
803 1198
803 3608
803 15777
837 5119
837 6708
837 15762
837 15955
839 1106
839 1812
839 1854
839 2762
839 3030
839 4370
839 6708
839 7290
839 8298
839 9421
839 9599
839 10846
839 11269
839 11376
839 12358
839 14677
839 15759
839 15887
839 15978
846 11344
852 1206
852 1255
852 1256
852 1717
852 1763
852 2355
852 2488
852 2529
852 2756
852 2868
852 3023
852 3313
852 3458
852 4339
852 4771
852 5065
852 5089
852 5692
852 5720
852 5757
852 6947
852 7290
852 8515
852 10203
852 10984
852 11928
852 12358
852 12419
852 13298
852 14323
852 14748
852 15260
852 15599
852 15985
852 16006
875 8197
879 1445
879 15912
881 2767
881 15905
881 15933
891 4731
897 1612
897 1804
897 3984
897 6594
897 9444
897 13185
897 14856
897 15184
897 15923
903 15299
904 2762
904 4390
917 15714
920 2767
920 15714
946 2027
946 3166
946 5468
946 13981
948 2389
948 2406
948 11096
948 14446
948 15887
948 15903
948 15908
960 6429
960 13653
968 1255
968 3158
968 5270
968 5658
968 9122
968 13281
1002 1369
1002 1413
1002 1517
1002 2756
1002 5119
1002 5305
1002 5822
1002 8961
1002 9446
1002 11751
1002 11972
1002 12643
1002 15044
1002 15593
1002 15789
1002 15869
1002 15947
1005 5065
1012 4092
1012 4615
1012 15951
1036 5065
1036 15129
1036 15749
1036 15904
1036 15963
1041 15299
1048 5703
1048 12090
1053 15810
1057 1636
1057 2762
1057 6203
1057 6779
1057 13280
1057 15592
1060 4577
1106 9529
1106 11844
1106 13735
1115 1361
1115 2057
1115 5065
1115 5089
1115 7399
1115 8682
1115 9147
1115 11862
1115 13061
1115 15196
1115 15705
1115 15746
1115 15932
1126 5119
1126 11504
1140 4382
1140 8887
1140 11184
1144 1604
1144 8197
1144 8974
1144 13735
1144 15039
1144 15825
1144 15879
1147 1255
1148 1636
1148 2240
1148 15505
1177 1255
1177 1436
1177 3707
1177 7532
1177 8831
1198 2915
1198 9536
1198 13735
1206 1436
1206 2650
1206 3349
1206 4615
1206 5616
1206 5720
1206 5757
1206 14002
1232 2628
1232 11376
1242 1540
1242 4216
1242 4987
1242 11751
1242 13903
1242 14906
1242 15389
1242 15553
1255 1732
1255 1774
1255 1792
1255 2062
1255 2682
1255 2787
1255 2845
1255 2970
1255 3313
1255 3844
1255 4544
1255 4615
1255 5041
1255 5100
1255 5270
1255 5345
1255 5468
1255 5682
1255 6277
1255 6569
1255 9462
1255 10323
1255 10558
1255 11489
1255 15121
1255 15299
1255 15593
1255 15804
1255 15818
1255 15887
1255 15902
1255 15995
1256 2057
1256 2158
1256 2705
1256 3193
1256 5720
1256 5757
1256 6143
1256 7230
1256 7290
1256 8961
1256 10869
1256 11928
1256 12770
1256 15797
1256 15878
1256 15887
1256 15993
1278 15353
1298 1917
1298 3484
1310 1990
1312 15026
1312 15862
1319 8197
1321 2767
1321 5757
1321 15705
1321 15973
1325 1622
1325 5009
1333 15846
1338 14514
1359 2762
1359 5065
1359 5366
1359 5616
1359 6203
1359 7000
1359 8604
1359 9444
1359 13061
1359 13298
1359 14597
1359 14677
1359 14906
1359 15039
1359 15720
1359 15945
1359 15966
1361 2428
1361 2692
1361 2762
1361 2868
1361 3945
1361 5012
1361 5757
1361 10273
1361 13061
1361 14748
1361 15553
1361 15670
1361 15746
1361 15861
1361 15890
1361 15915
1365 1561
1365 2868
1365 3945
1365 5102
1365 5757
1365 15846
1369 2027
1369 2333
1369 3405
1369 12643
1379 15211
1392 5215
1392 15762
1393 2767
1393 4092
1393 5720
1393 14597
1393 15852
1393 15986
1394 12358
1395 6205
1395 15930
1407 1604
1407 9888
1413 2756
1413 8272
1413 14210
1422 10068
1422 11340
1422 13061
1426 5119
1445 7391
1445 9152
1445 9958
1445 11269
1466 2529
1466 5757
1481 1836
1483 2313
1483 11808
1510 3313
1510 6945
1514 2334
1514 6047
1514 8131
1514 15527
1514 15851
1514 15856
1514 15978
1517 1664
1539 12287
1540 4589
1540 12126
1540 15553
1561 15756
1561 15833
1563 12760
1578 1792
1604 13061
1604 13735
1604 14418
1612 2767
1612 4465
1612 15299
1622 3798
1622 5065
1622 7391
1622 12125
1622 15211
1622 15918
1628 15778
1636 2102
1636 2762
1636 2767
1636 3065
1636 3171
1636 4589
1636 4727
1636 5119
1636 5125
1636 5215
1636 5616
1636 6728
1636 7290
1636 8961
1636 10273
1636 11751
1636 13061
1636 14597
1636 14748
1636 14767
1636 15211
1636 15698
1636 15705
1636 15729
1636 15772
1636 15774
1636 15811
1636 15891
1636 15993
1636 16007
1636 16008
1640 2197
1640 4882
1640 8197
1640 11972
1658 15558
1658 15643
1674 4187
1676 15845
1680 9379
1687 15947
1709 6629
1709 11066
1709 12643
1709 14417
1709 15783
1709 15946
1717 13284
1717 16003
1732 10198
1742 10323
1763 2650
1763 3030
1763 3846
1763 10068
1763 11127
1763 11255
1763 11641
1763 11912
1763 12985
1763 14784
1763 14904
1763 15039
1763 15714
1773 8131
1774 2650
1774 4879
1787 15714
1788 2650
1790 7290
1792 2650
1792 5141
1792 15885
1794 4727
1794 14767
1794 15525
1794 15879
1794 15931
1794 15991
1804 15922
1804 15923
1818 13686
1831 2534
1831 3171
1831 4092
1831 9390
1831 10040
1831 10203
1831 15592
1831 15658
1831 15819
1831 15846
1831 15886
1845 1990
1845 8298
1854 3405
1854 15022
1869 5065
1894 9948
1917 2674
1917 2995
1917 4216
1917 6596
1917 8941
1917 11066
1917 11421
1917 11642
1917 12090
1917 14210
1917 15405
1917 15525
1917 15708
1917 15750
1917 15909
1917 15914
1917 15940
1958 13735
1958 15782
1972 16024
1985 4437
1985 9469
1985 12366
1985 14677
1985 15570
1985 15782
1990 9543
1995 5272
1995 8298
1995 16020
1996 3226
1996 5615
1996 15843
2006 2805
2019 2286
2019 2599
2019 5468
2019 8433
2019 9236
2019 15016
2019 15350
2019 15813
2027 6277
2027 6629
2027 11066
2027 11409
2027 13390
2057 2529
2057 2670
2057 6810
2057 7290
2062 4615
2062 9122
2062 15121
2064 2620
2070 6708
2070 15880
2081 5616
2089 15846
2102 2943
2102 6728
2102 10802
2102 15405
2102 15918
2102 16023
2118 14867
2156 3171
2156 4589
2156 15988
2158 2529
2158 2970
2158 3313
2158 5615
2158 6817
2158 12878
2158 14902
2158 15714
2177 5089
2197 3329
2215 6124
2223 4924
2223 5692
2223 6728
2223 8654
2223 15589
2223 15916
2254 4187
2255 5596
2255 15814
2256 2687
2256 2762
2256 4822
2256 4839
2256 5900
2256 6203
2256 9469
2256 14748
2256 14906
2256 15353
2256 15748
2256 15817
2256 15871
2256 15883
2256 15910
2278 3653
2284 2428
2286 14213
2313 4011
2313 5119
2313 5616
2313 14597
2313 15858
2313 15986
2313 15993
2313 16017
2324 11751
2324 15708
2324 15779
2324 15914
2334 5926
2355 3226
2355 4339
2355 11568
2355 14902
2389 6708
2389 8347
2389 9421
2389 11972
2389 12090
2389 12760
2389 15558
2389 15763
2389 15887
2406 15908
2428 7000
2448 12253
2468 3764
2488 15911
2489 2787
2489 4216
2489 15451
2489 15708
2529 3313
2529 3349
2529 6947
2529 8298
2529 9888
2529 11641
2529 14284
2529 15389
2529 15855
2534 8197
2534 9390
2541 15553
2599 15643
2603 12760
2619 15820
2620 15941
2627 5720
2627 10068
2627 15798
2650 2767
2650 4577
2650 4924
2650 7782
2650 8567
2650 10347
2650 11750
2650 14677
2650 15010
2650 15025
2650 15450
2650 15772
2650 15885
2665 4731
2674 2787
2682 15803
2687 5018
2692 2868
2692 4187
2692 14017
2692 14948
2692 16011
2694 14767
2718 2756
2730 11066
2730 15865
2756 3313
2756 5089
2756 5615
2756 5720
2756 8817
2756 10347
2756 15599
2756 16003
2762 2868
2762 3171
2762 4187
2762 5065
2762 5173
2762 6175
2762 6203
2762 6779
2762 7003
2762 7290
2762 9483
2762 10040
2762 10273
2762 13981
2762 14631
2762 14748
2762 14906
2762 15044
2762 15240
2762 15593
2762 15765
2762 15780
2762 15861
2762 15893
2762 15998
2762 16005
2767 3415
2767 4280
2767 5065
2767 5125
2767 5616
2767 5692
2767 5720
2767 6782
2767 8666
2767 10068
2767 10558
2767 11641
2767 14284
2767 14597
2767 14748
2767 15316
2767 15610
2767 15714
2767 15751
2767 15772
2767 15785
2767 15800
2767 15801
2767 15811
2767 15825
2767 15832
2767 15973
2767 15986
2767 15993
2771 9444
2775 5084
2775 15894
2785 9851
2816 5141
2816 8298
2816 8626
2816 10273
2816 10930
2816 13686
2816 13903
2821 4523
2822 11538
2822 15527
2825 15063
2825 15747
2845 5917
2845 6124
2868 4866
2868 6779
2868 10273
2868 11103
2868 15156
2868 15712
2888 15127
2915 5822
2930 3171
2930 5119
2930 7274
2930 9469
2930 13653
2930 15044
2930 15453
2930 15698
2930 15777
2930 15830
2930 15851
2934 14677
2934 15896
2943 11066
2956 10378
2956 13097
2956 15525
2958 14677
2959 9444
2961 15670
2974 15474
3023 6947
3030 11912
3030 12760
3031 15412
3107 3453
3107 5616
3107 6708
3107 8796
3107 9787
3125 4000
3125 7391
3125 14535
3125 14631
3158 8197
3158 14748
3158 15708
3158 15783
3168 7647
3168 15839
3170 15709
3171 3798
3171 4839
3171 6801
3171 7290
3171 8515
3171 13298
3171 14062
3171 14597
3171 15593
3171 15852
3171 15918
3195 11066
3195 15714
3226 4339
3226 5119
3281 7090
3307 5299
3313 3707
3313 4187
3313 5089
3313 8197
3313 10203
3313 10347
3313 14597
3313 15255
3315 9236
3322 10555
3322 15679
3322 15784
3355 6429
3355 15525
3355 15991
3364 4092
3364 14900
3364 15240
3368 3887
3377 15914
3380 6189
3381 5652
3405 6940
3405 10789
3405 11751
3405 14902
3405 15854
3405 15963
3426 10846
3444 15872
3456 15934
3458 14748
3458 15857
3484 5049
3484 6708
3484 8197
3484 15796
3501 14597
3509 6576
3509 15505
3515 8601
3545 15027
3545 15826
3572 5188
3592 9789
3608 3882
3608 4011
3608 4839
3624 5270
3636 4092
3636 4727
3636 4866
3636 5331
3636 7290
3636 8305
3636 8961
3636 14983
3636 15240
3636 15525
3636 15745
3636 15883
3636 15891
3639 15972
3673 10846
3676 7290
3690 15050
3692 5386
3693 11568
3707 5089
3707 7290
3707 14514
3707 15422
3707 15751
3707 16003
3764 5929
3764 15026
3764 15337
3764 15567
3787 10930
3797 5230
3798 8411
3806 5468
3828 6498
3841 4731
3843 15839
3846 10068
3865 4117
3882 14677
3882 15916
3900 8796
3900 10930
3963 4615
3963 5270
3967 15714
3975 15643
3984 6448
3984 15714
3992 15964
4011 4135
4011 4731
4011 5386
4011 14983
4011 15683
4011 15797
4011 15953
4011 16017
4031 6509
4031 10850
4031 15775
4031 15818
4057 13735
4059 11383
4059 15027
4092 7290
4092 8630
4092 8654
4092 10411
4092 14597
4092 15240
4092 15505
4092 15862
4092 15883
4113 14748
4117 5366
4135 6429
4135 7391
4135 13903
4135 15527
4140 5430
4144 15864
4168 5119
4168 13735
4171 15742
4187 4931
4187 5119
4187 5900
4187 6728
4187 9892
4187 10040
4187 10273
4187 10925
4187 11127
4187 11340
4187 12557
4187 13166
4187 14597
4187 14903
4187 15593
4187 15636
4187 15764
4187 15943
4187 15952
4187 15955
4187 15973
4187 16025
4201 15958
4216 15149
4216 15389
4241 5859
4241 14418
4242 10273
4370 4390
4370 15185
4370 15261
4370 15558
4382 4423
4382 7404
4382 10925
4382 14904
4382 15767
4382 15834
4390 10604
4419 8347
4419 15129
4419 15211
4419 15261
4419 15558
4431 4731
4437 9469
4456 6728
4481 15959
4507 15886
4523 5141
4523 8068
4523 10323
4523 12287
4536 5065
4536 5912
4536 7290
4536 9323
4536 10018
4536 10850
4536 12358
4536 12836
4536 13515
4536 15525
4536 15918
4544 6124
4546 4882
4546 9994
4546 10706
4546 12760
4577 5331
4577 10558
4589 5065
4589 6779
4589 6810
4589 8197
4589 9599
4589 9936
4589 15505
4615 6124
4634 13735
4652 7391
4652 15887
4727 4771
4727 5616
4727 7516
4727 8298
4727 8900
4727 14906
4727 15240
4727 15597
4727 15927
4731 5471
4731 5703
4731 8941
4731 10604
4731 11421
4731 11855
4731 15316
4731 15494
4731 15797
4731 15823
4731 15956
4731 15960
4739 5616
4749 15891
4771 5757
4771 13081
4771 14417
4771 15500
4771 15768
4771 15842
4771 15979
4839 5900
4839 10492
4839 15760
4855 10323
4866 5065
4866 15553
4866 15846
4882 6108
4882 11972
4924 5692
4924 8093
4924 15260
4924 15714
4924 15816
4924 15839
4924 15942
4928 13981
4964 11344
4964 15854
5007 11851
5007 15837
5009 16004
5012 13735
5012 14966
5012 15558
5018 15798
5065 5119
5065 5272
5065 5616
5065 5900
5065 6429
5065 6779
5065 7290
5065 8197
5065 8604
5065 10273
5065 11568
5065 12125
5065 12358
5065 13061
5065 14597
5065 14767
5065 15211
5065 15708
5065 15714
5065 15720
5065 15746
5065 15871
5065 15876
5065 15880
5065 15892
5065 15893
5065 15987
5089 5119
5089 6947
5089 14418
5089 15255
5119 5272
5119 5386
5119 5912
5119 9469
5119 9540
5119 9888
5119 10040
5119 11340
5119 13107
5119 13166
5119 13735
5119 15332
5119 15494
5119 15500
5119 15553
5119 15714
5119 15764
5119 15770
5119 15786
5119 15787
5119 15788
5119 15795
5119 15807
5119 15809
5119 15827
5119 15858
5119 15859
5119 15873
5119 15876
5119 15889
5119 15890
5119 15900
5119 15919
5119 15928
5119 15943
5119 15973
5119 16025
5125 15453
5141 10323
5166 5550
5173 8197
5173 13017
5188 15714
5203 7290
5203 15592
5215 5272
5230 8961
5230 12421
5265 8604
5270 5981
5270 6498
5270 6594
5270 9888
5270 10429
5270 12287
5270 14856
5270 15121
5270 15440
5270 15902
5270 15982
5272 10018
5272 13178
5272 14260
5272 15525
5272 15709
5305 8197
5306 6203
5306 11531
5331 11184
5331 13066
5331 15709
5362 14597
5362 15156
5362 15494
5366 9319
5366 14906
5366 15813
5386 7230
5386 11340
5386 15316
5386 15798
5430 8831
5430 14323
5468 8068
5468 8626
5468 13281
5468 13686
5468 14856
5468 15302
5468 15440
5468 15708
5468 15771
5468 15892
5468 15976
5468 15978
5468 15979
5468 16020
5468 16021
5479 15851
5479 15929
5550 9469
5550 10198
5550 10766
5550 15050
5550 15773
5550 15892
5560 15740
5596 7074
5615 13735
5615 15039
5615 15553
5616 5720
5616 5822
5616 5900
5616 6576
5616 6990
5616 8630
5616 10040
5616 10789
5616 12358
5616 15786
5616 15791
5621 10040
5621 15593
5621 15846
5621 15886
5672 14597
5681 7290
5681 8342
5682 15887
5692 7399
5692 8093
5692 8659
5692 10068
5692 15196
5692 15828
5699 15959
5720 5757
5720 11158
5720 11928
5720 13061
5720 14748
5720 14906
5720 15613
5757 8197
5757 9292
5757 10347
5757 11836
5782 10117
5816 11489
5822 6779
5822 8961
5831 7252
5831 15031
5831 15196
5831 15714
5831 15864
5831 15897
5831 15955
5831 15973
5834 15369
5857 10429
5859 14418
5884 15860
5891 9920
5912 7290
5926 15753
5929 11943
5929 14017
5938 13361
5948 15759
5949 8093
5966 9994
6047 9152
6071 10558
6071 15801
6091 15841
6108 7391
6108 13981
6108 15887
6109 14677
6124 7230
6124 7290
6189 8197
6189 15929
6203 8305
6203 11808
6203 13166
6203 13178
6203 15026
6203 15751
6203 15770
6203 15801
6203 15973
6203 16002
6203 16015
6203 16025
6205 9905
6373 10846
6373 11241
6373 11347
6373 15027
6373 15129
6373 15645
6373 15871
6373 15892
6373 15906
6413 6779
6429 7000
6429 7290
6429 10604
6429 10930
6429 13253
6429 15896
6429 15991
6429 16022
6448 7749
6448 11066
6448 15750
6448 15947
6498 8119
6498 8363
6498 10959
6498 11641
6498 15075
6498 15525
6498 15705
6498 15985
6576 15505
6576 15772
6576 15986
6591 15767
6594 11489
6596 12358
6596 15940
6624 11383
6624 15975
6628 15525
6629 15302
6692 6728
6692 11751
6692 12358
6708 7290
6708 8796
6708 14771
6728 11751
6728 12358
6746 16019
6779 8433
6779 8961
6779 13178
6779 14597
6779 15537
6779 15593
6779 15743
6779 15876
6779 16007
6788 8632
6799 9444
6799 15847
6800 11928
6801 15709
6810 13061
6810 15709
6817 11641
6867 8512
6867 10789
6867 10846
6867 11718
6867 14748
6867 15782
6867 15808
6867 15815
6867 15854
6867 16009
6947 12718
6991 15770
7000 11066
7000 11348
7000 11851
7000 15299
7000 15842
7000 15854
7000 15927
7000 16001
7003 13066
7003 15672
7030 15981
7034 8961
7074 8197
7167 8197
7213 14284
7230 14748
7252 11340
7274 10789
7274 12784
7290 8197
7290 8298
7290 9431
7290 11203
7290 14062
7290 14572
7290 14748
7290 15240
7290 15525
7290 15557
7290 15979
7292 8515
7335 9722
7335 16012
7371 9122
7391 8068
7391 10850
7391 13361
7391 13981
7391 15031
7391 15114
7391 15302
7391 15698
7391 15748
7391 15787
7391 15848
7391 15887
7399 9152
7433 15785
7487 9905
7516 14597
7516 16017
7532 8515
7532 15805
7532 15846
7534 11751
7545 15839
7589 10558
7593 9540
7679 15010
7699 15701
7718 12358
7749 8119
7855 15813
7961 15820
8067 14102
8068 10323
8093 10068
8093 11851
8093 15260
8093 15453
8093 15567
8097 15967
8099 15928
8105 15698
8110 9472
8110 14948
8110 15474
8119 8661
8119 15031
8119 15714
8121 15983
8124 15796
8144 8147
8144 15839
8147 15714
8197 8961
8197 9323
8197 10558
8197 10869
8197 11808
8197 12836
8197 14359
8197 14771
8197 15149
8197 15505
8197 15525
8197 15861
8197 15869
8197 15883
8197 15888
8197 15936
8197 16013
8281 15957
8298 13686
8298 15505
8298 15593
8298 15905
8298 15973
8347 15923
8409 12770
8472 11066
8473 10273
8494 14446
8494 15743
8494 16004
8494 16026
8515 14825
8515 15805
8515 15924
8515 15995
8567 8659
8567 15800
8608 15918
8630 10203
8630 14597
8630 14825
8635 15929
8654 9472
8654 14572
8654 14948
8654 15897
8682 11051
8682 14337
8682 15184
8712 15832
8712 15892
8796 10040
8796 15986
8816 15714
8824 13735
8824 15714
8824 15966
8831 11928
8961 11203
8961 11751
8961 15970
8974 9444
8981 11565
9001 15881
9041 15645
9071 15039
9073 11573
9101 15714
9140 15887
9147 9427
9147 10068
9241 9312
9241 12672
9241 14765
9241 16018
9257 15156
9323 10850
9379 9469
9421 15980
9425 11340
9431 15311
9444 9977
9444 10428
9444 13378
9444 14856
9444 15567
9444 15758
9444 15799
9444 15821
9469 11641
9469 15714
9540 15389
9596 15714
9789 11340
9789 15714
9905 15989
9928 11269
9948 12699
9948 15839
9958 15981
9977 15743
9985 10068
9994 12760
9994 15129
9994 15211
9994 15961
10006 14677
10018 15525
10027 16012
10040 14418
10040 15322
10040 15592
10040 15846
10068 15311
10068 15567
10117 10372
10198 10766
10198 15773
10203 11644
10203 11928
10203 12126
10203 12770
10203 13017
10203 13276
10203 14459
10203 15121
10203 15389
10203 15754
10203 15817
10203 15824
10203 15849
10203 15853
10219 15299
10273 11947
10273 12358
10273 14418
10273 14529
10273 14748
10273 15913
10277 15939
10278 15708
10311 11568
10321 15714
10345 15714
10347 15353
10409 15405
10409 15909
10416 15879
10445 15714
10450 15806
10477 15895
10558 15211
10585 15929
10604 10850
10604 13653
10604 14062
10604 15896
10604 15991
10633 15184
10766 15773
10789 11340
10789 13107
10850 15887
10869 11504
10869 14017
10930 11066
10930 13981
10984 15838
11023 11568
11066 14461
11066 14677
11066 15052
11066 15127
11103 15880
11184 14597
11184 15772
11184 16024
11203 14677
11241 15906
11269 11344
11269 15978
11340 13017
11340 13061
11340 15031
11340 15156
11340 15332
11340 15812
11340 15848
11340 15887
11340 15910
11344 14504
11344 15054
11344 15518
11344 15714
11344 15807
11344 15840
11421 11568
11489 15708
11489 15946
11514 12090
11529 15992
11533 15863
11568 11808
11568 14902
11568 15211
11568 15885
11568 15918
11568 15968
11587 12982
11718 15949
11751 12760
11751 13276
11751 13462
11751 14597
11751 14918
11808 15505
11844 15740
11943 15593
12040 15708
12090 14417
12090 15708
12125 13653
12126 15920
12174 15917
12253 15886
12253 15950
12349 15714
12355 15839
12358 15505
12358 15525
12358 15891
12358 15918
12358 15931
12412 15184
12422 14360
12525 15372
12557 13017
12643 15453
12643 15885
12672 14948
12760 14110
12760 15031
12770 15260
12844 15986
12885 15672
12888 15453
12985 14784
13017 14767
13017 15894
13017 15973
13026 15592
13061 14284
13061 15698
13061 15825
13061 15883
13061 15889
13061 15890
13166 15169
13276 15121
13280 15746
13281 14856
13298 14748
13298 15887
13298 15911
13323 15926
13382 15887
13514 14906
13515 15918
13578 15820
13578 15866
13621 15839
13651 15907
13653 15389
13653 15893
13686 15664
13735 14767
13735 15405
13735 15525
13735 15877
13965 15879
14017 15911
14017 15939
14017 15953
14042 15784
14042 16016
14062 14767
14062 15398
14284 15252
14340 15766
14418 14748
14418 15944
14514 14825
14569 15776
14572 15778
14597 14906
14597 15603
14597 15962
14748 15698
14767 14976
14767 15389
14767 15636
14767 15645
14767 15870
14767 15874
14771 14825
14904 15839
14906 15553
14906 15740
14918 15867
14927 15839
14948 15752
14948 15788
14948 15850
14948 15873
14948 15925
14948 15969
14948 15989
14976 15795
15022 15869
15022 15914
15025 15050
15026 15699
15041 15826
15108 15418
15114 15778
15127 15815
15184 15748
15185 15558
15240 15968
15260 15985
15261 15558
15263 15826
15299 15553
15299 15765
15299 15934
15299 15995
15302 15755
15302 15759
15316 15834
15348 15714
15389 15801
15451 15708
15453 15593
15453 15765
15453 15866
15453 15868
15453 15914
15453 16002
15474 15900
15474 15984
15474 15989
15505 15744
15505 15927
15505 15947
15505 15993
15505 16000
15505 16017
15525 15709
15525 15883
15553 15891
15558 15875
15592 15593
15593 15886
15645 16009
15664 16010
15670 15794
15672 15720
15672 15973
15698 15746
15708 15814
15708 15869
15708 15888
15708 15909
15708 15914
15708 15935
15708 15940
15708 15946
15708 15976
15709 15880
15709 15883
15709 15891
15714 15942
15720 15829
15746 15790
15750 15757
15750 15769
15758 15887
15761 15762
15764 15934
15772 15781
15780 15831
15790 15882
15790 15883
15802 16014
15811 15823
15835 15836
15842 15844
15882 15883
15887 15903
15887 15948
15887 15979
15900 15901
15937 15938
15953 15954
15973 15999
15976 15977
15989 16011
16011 16019
16021 16022
16026 16027
