1 5021
2 103
2 4585
2 6448
2 14677
2 16165
2 17532
3 1990
7 76
7 618
7 859
7 2111
7 3030
7 6429
7 6596
7 8197
7 9896
7 13533
7 14677
7 16729
12 2603
19 1763
19 6984
19 17438
26 42
26 76
26 2324
26 8613
26 10377
26 10690
26 10846
26 11269
26 12482
26 13361
26 16513
26 17466
26 17516
26 17533
28 897
28 2095
28 4615
28 5468
28 17563
29 8197
29 13533
29 16099
29 17428
29 17523
37 14906
40 8948
42 76
42 1106
42 2158
42 2321
42 2650
42 5065
42 5415
42 6429
42 6708
42 6844
42 7855
42 7944
42 8124
42 9143
42 12396
42 14469
42 15113
42 16961
42 16984
42 17568
42 17611
42 17632
42 17676
43 76
43 573
43 823
43 1875
43 5049
43 5616
43 5822
43 7976
43 8792
43 9421
43 9565
43 10725
43 13981
43 14165
43 14469
43 15124
43 15388
43 15453
43 15498
43 16026
43 16099
43 16510
43 16564
43 17193
43 17376
43 17420
43 17445
43 17622
43 17655
43 17658
46 2027
46 17193
48 70
48 73
48 13533
59 2223
59 2416
59 2767
59 3313
59 4771
59 7738
59 9789
59 17387
59 17543
59 17691
64 1854
69 138
69 17466
70 2958
70 13533
73 138
73 1644
75 17554
76 108
76 138
76 762
76 846
76 1200
76 1539
76 1636
76 1709
76 1857
76 1917
76 2100
76 2118
76 2158
76 2762
76 3624
76 4157
76 4187
76 4562
76 4771
76 4839
76 5270
76 6650
76 6917
76 7290
76 7787
76 7820
76 8068
76 8370
76 9421
76 10040
76 10203
76 10645
76 11228
76 12396
76 13253
76 13276
76 14469
76 14948
76 15388
76 16026
76 16099
76 16349
76 16843
76 16984
76 17425
76 17489
76 17526
76 17563
76 17565
76 17611
76 17620
83 1177
83 1972
83 6945
83 9326
83 10520
83 15044
83 16083
83 17522
88 138
88 6498
88 13533
90 13533
90 17433
94 8131
95 383
95 1321
95 2762
95 4110
95 4188
95 9749
95 10258
95 17310
95 17460
97 897
97 5468
97 11066
97 17563
103 5550
103 14046
108 570
108 1844
108 11228
109 508
109 2745
110 762
110 1709
110 2027
110 2324
110 2389
110 2406
110 2650
110 3377
110 4157
110 4419
110 5204
110 6108
110 6629
110 6779
110 7302
110 8796
110 10558
110 10846
110 11203
110 11718
110 12482
110 12643
110 15041
110 15127
110 15875
110 16580
110 16984
110 17193
110 17397
110 17493
110 17520
110 17618
110 17623
122 4048
124 17401
130 11103
135 5468
135 9896
138 647
138 1990
138 2095
138 2598
138 5204
138 5248
138 5468
138 9565
138 9985
138 15875
138 17193
138 17385
138 17409
138 17416
138 17432
138 17436
138 17447
138 17568
140 1242
140 15798
146 1636
146 2739
151 16513
153 682
153 1636
153 2343
153 2455
153 2756
153 3856
153 4167
153 4317
153 5021
153 6549
153 6779
153 7991
153 9168
153 10645
153 11340
153 11912
153 12366
153 12470
153 13280
153 13380
153 14165
153 14457
153 15113
153 16298
153 16665
153 17387
153 17426
153 17585
153 17611
157 2762
157 6945
158 286
158 4585
158 5468
158 7073
158 8948
158 10645
158 12075
158 12366
158 14957
158 15347
158 15683
158 16057
158 17433
158 17573
158 17604
158 17610
158 17639
186 17513
190 13382
190 17593
196 7397
196 8119
196 10040
196 17551
199 14642
201 6885
201 17678
204 258
204 8433
204 8513
204 12556
204 13990
204 17432
226 1593
236 2100
246 682
258 3329
258 8513
267 1990
267 17433
267 17456
270 1206
270 4839
270 15887
284 712
284 5065
284 7230
284 9323
284 14535
284 16984
286 4731
286 13990
287 12523
298 17554
315 2118
315 2822
315 4135
315 4523
315 9977
315 10366
315 11383
315 13061
315 13851
315 15027
315 15113
330 1268
330 1413
330 4731
338 1298
351 1973
351 9446
370 4746
370 6650
374 1115
374 16057
374 16596
374 16677
374 17254
374 17505
383 1312
383 15114
383 16233
383 17496
385 1235
403 7290
403 8197
403 14342
404 10203
412 531
412 2095
412 3015
412 4092
412 4187
412 4488
412 4839
412 9143
412 9245
412 10040
412 15196
412 15453
412 16865
412 17418
412 17617
412 17637
414 13735
423 1990
432 7669
434 490
434 6373
434 12366
434 15453
444 11340
444 14034
446 4147
446 4187
446 4656
446 11158
446 17293
446 17433
446 17460
453 3204
461 1177
461 1413
506 1058
508 6629
528 5065
528 11565
536 1551
536 5616
536 6779
536 8197
536 11568
536 12253
536 14906
536 15453
536 16753
536 17588
544 3856
549 5049
561 4048
568 5272
568 8099
568 12125
568 17591
572 686
573 1106
573 7802
573 9896
573 17394
577 1751
577 1773
577 6429
577 7391
577 10258
577 10596
577 10866
577 15557
577 17486
577 17592
599 4390
599 10366
610 2762
610 8119
610 12021
610 13280
610 15832
610 16099
618 881
618 3707
618 4135
618 4536
618 7290
618 7391
618 8792
618 10520
618 10596
618 13361
618 15687
618 17440
618 17486
618 17631
621 1773
621 2406
621 2821
621 3004
621 3030
621 5065
621 5305
621 6945
621 11335
621 11953
621 14380
621 15113
621 17371
621 17428
634 2048
634 5099
634 15887
634 16984
636 2694
641 5065
641 6031
641 10040
641 17358
641 17665
671 1812
671 2762
671 5065
671 9168
673 3856
678 897
678 1857
682 15798
712 2762
712 2821
712 3575
712 5065
712 16184
712 17336
729 1058
729 1990
729 3588
729 3856
729 4488
729 4783
729 5270
729 5468
729 8494
729 8948
729 9143
729 15949
729 17622
729 17640
736 3076
736 5119
736 11340
736 16549
753 2750
762 839
762 1235
762 1622
762 2437
762 4615
762 6895
762 8175
762 14136
762 15124
762 17412
762 17459
762 17488
762 17592
773 12287
774 17632
781 3515
781 3857
789 7903
794 2256
803 3882
803 4839
803 10592
803 11778
803 15538
803 17672
803 17695
823 2437
823 17659
837 1106
837 10040
837 11344
837 15518
837 15817
837 16057
837 16869
837 17158
837 17192
837 17485
837 17580
839 1792
839 3616
839 3900
839 4419
839 4771
839 6108
839 10558
839 10846
839 11103
839 11269
839 13253
839 13276
839 15804
839 15875
839 15887
839 17397
839 17534
839 17597
852 1177
852 1206
852 1717
852 1812
852 2095
852 2705
852 3313
852 3707
852 5720
852 5859
852 6548
852 6947
852 7186
852 9888
852 9985
852 10925
852 11158
852 11587
852 11912
852 13154
852 14906
852 15388
852 16096
852 16099
852 16615
852 17444
852 17541
852 17575
852 17576
852 17577
852 17611
852 17682
852 17684
859 5049
859 13240
866 2243
866 3984
879 8119
879 15875
881 1106
881 2527
881 4488
881 5021
881 11504
881 13514
881 16233
881 17391
881 17544
881 17599
895 15100
897 1521
897 1612
897 1857
897 2650
897 5550
897 17113
904 10366
904 12366
904 13361
904 17428
904 17504
904 17603
904 17681
918 9326
963 1058
963 13735
968 2786
968 3543
968 4216
968 5049
968 17240
970 12287
1012 12366
1012 15698
1023 17377
1031 1242
1036 3673
1036 16218
1041 10040
1041 17530
1041 17563
1057 4048
1057 9444
1057 17386
1057 17403
1060 17080
1068 4536
1097 14142
1106 3953
1106 4048
1106 4839
1106 5021
1106 5471
1106 5692
1106 6982
1106 7290
1106 7399
1106 7944
1106 11103
1106 15041
1106 16099
1106 17666
1115 1931
1115 2543
1115 5265
1115 12021
1115 15750
1115 17604
1122 16843
1141 9326
1144 11779
1144 16099
1144 17574
1144 17661
1148 5065
1177 2095
1177 5270
1177 16907
1179 17406
1200 1990
1200 4117
1200 9565
1200 11587
1200 17161
1206 6982
1206 8979
1206 17385
1232 5476
1244 1917
1244 2122
1244 3975
1244 16564
1255 1392
1255 1732
1255 9235
1256 2095
1256 2756
1256 3313
1256 3707
1256 5270
1256 6947
1256 10040
1256 10068
1256 12366
1256 15388
1256 16096
1256 16907
1256 17413
1264 16351
1264 17607
1264 17680
1295 17369
1312 3592
1312 15819
1312 17602
1319 7802
1319 16984
1321 8370
1321 13347
1321 16055
1321 17473
1322 8067
1359 2762
1359 13708
1359 15832
1361 1426
1361 2762
1361 4216
1361 4771
1361 4839
1361 8281
1361 12126
1361 16228
1361 17398
1361 17487
1361 17588
1361 17677
1365 2158
1365 14906
1365 17427
1365 17611
1369 10558
1370 5938
1370 12125
1374 10366
1374 16984
1378 14059
1392 3707
1392 6448
1392 6945
1392 11228
1392 11376
1392 13514
1392 17590
1393 1990
1393 6189
1393 8494
1393 10520
1393 14597
1393 17557
1393 17570
1395 17449
1406 4092
1413 2437
1413 2762
1413 3065
1413 5935
1413 6781
1413 8197
1413 8363
1413 14165
1413 16041
1413 16102
1413 17555
1426 3882
1426 5265
1436 2670
1481 16491
1514 16775
1539 4615
1539 5270
1539 8948
1539 17563
1545 4397
1545 12126
1550 1952
1551 2868
1551 4523
1561 17630
1562 17525
1563 16293
1570 17411
1593 3030
1593 5270
1604 3152
1604 9152
1604 15474
1604 15505
1605 17492
1606 2753
1608 4231
1625 8433
1636 2095
1636 2102
1636 2582
1636 2739
1636 2762
1636 3065
1636 4488
1636 4839
1636 5119
1636 5938
1636 8305
1636 11504
1636 12233
1636 12358
1636 12366
1636 13514
1636 13708
1636 13735
1636 14737
1636 15324
1636 15883
1636 16359
1636 16445
1636 16801
1636 16984
1636 17107
1636 17232
1636 17359
1636 17365
1636 17376
1636 17460
1636 17510
1636 17572
1636 17617
1636 17672
1640 17666
1644 15474
1644 16554
1657 14469
1661 2102
1664 15798
1709 5029
1709 6708
1709 9683
1709 15875
1709 15885
1709 16513
1709 17397
1709 17565
1709 17658
1709 17663
1717 2705
1717 8409
1742 2357
1763 2364
1763 3293
1763 3760
1763 16989
1763 17172
1763 17435
1786 11376
1787 16281
1788 3624
1788 6810
1788 8012
1788 12556
1788 16480
1792 2437
1792 3975
1792 6108
1792 6708
1792 16564
1793 2490
1794 10277
1794 11376
1794 16282
1794 16510
1804 4591
1804 8387
1804 16513
1807 2326
1818 17679
1825 12556
1831 4187
1831 10040
1831 12021
1831 12300
1854 2027
1854 5029
1857 3030
1857 5141
1857 9977
1861 5560
1861 16660
1875 2313
1875 5362
1875 5616
1875 17533
1877 2816
1877 6108
1877 6199
1877 8272
1877 12245
1877 13276
1877 17397
1879 4031
1896 1917
1896 5649
1896 6596
1896 15960
1905 3024
1917 2102
1917 2324
1917 6628
1917 6708
1917 7802
1917 7897
1917 10818
1917 11103
1917 11269
1917 11335
1917 11642
1917 16026
1917 16732
1917 17080
1917 17193
1917 17466
1917 17492
1917 17516
1917 17593
1917 17656
1922 14906
1922 15505
1931 16212
1971 2324
1972 3856
1972 4117
1972 6945
1972 9152
1972 9168
1972 11228
1972 12366
1972 15114
1972 16984
1972 17603
1972 17604
1972 17614
1985 4317
1985 6429
1985 11340
1985 15113
1990 3963
1990 5270
1990 6429
1990 6506
1990 7290
1990 14906
2019 17069
2027 5468
2027 6108
2027 6629
2027 7302
2027 9683
2027 10820
2027 16026
2027 16513
2027 17193
2027 17240
2027 17397
2027 17596
2027 17686
2028 15388
2045 11853
2048 8119
2051 3158
2051 7855
2051 15875
2051 16564
2057 10592
2070 11718
2086 4248
2086 9469
2095 2488
2095 2756
2095 2762
2095 3707
2095 6435
2095 9425
2095 9472
2095 9536
2095 9888
2095 10068
2095 11376
2095 13061
2095 13298
2095 15505
2095 15658
2095 16907
2095 17072
2095 17163
2095 17455
2095 17476
2095 17514
2095 17548
2095 17606
2095 17608
2095 17633
2095 17649
2095 17670
2095 17682
2095 17690
2100 2650
2100 16972
2102 4397
2102 5215
2102 7802
2102 10818
2102 13280
2102 15196
2107 17573
2114 17466
2118 4783
2118 5468
2118 9977
2124 17163
2128 11921
2128 15875
2156 15448
2158 6189
2158 6867
2158 11017
2158 16192
2158 16984
2158 17353
2158 17367
2192 4536
2192 6429
2192 7802
2192 16984
2192 17492
2223 2762
2223 3322
2223 3882
2223 4126
2223 4771
2223 5041
2223 11912
2223 13683
2223 15114
2223 16033
2223 17400
2223 17410
2223 17428
2223 17543
2223 17557
2243 17410
2254 4866
2254 5021
2254 13061
2254 17626
2256 4248
2256 5265
2256 7107
2256 10258
2256 10831
2256 11340
2256 12021
2256 15027
2256 17603
2256 17636
2277 4615
2287 16984
2295 3953
2297 13851
2313 3275
2313 3811
2313 4585
2313 13708
2313 17432
2319 3690
2319 6618
2324 2437
2324 2489
2324 3900
2324 5125
2324 7000
2324 7699
2324 7802
2324 8197
2324 10268
2324 12643
2324 15503
2324 15875
2324 17397
2324 17521
2324 17607
2333 4048
2333 17451
2333 17623
2355 15887
2357 8363
2357 16510
2364 3588
2388 15798
2389 8012
2389 16044
2406 6629
2406 7014
2406 7391
2406 8197
2406 9379
2406 15113
2406 15127
2406 17152
2408 13735
2422 8370
2428 17418
2428 17509
2428 17672
2437 5065
2437 5366
2437 10558
2437 11863
2437 13276
2437 13981
2437 14469
2437 15887
2437 16984
2472 7136
2488 3004
2488 5859
2488 6817
2488 11836
2488 17611
2489 17468
2521 17508
2521 17517
2527 5021
2529 3313
2529 6947
2529 8093
2529 10925
2529 11836
2529 15388
2529 17404
2529 17470
2562 17518
2581 8604
2582 4839
2582 11504
2582 15504
2599 4216
2599 16549
2600 4216
2603 17510
2627 4248
2627 6429
2627 15505
2627 16907
2640 2756
2650 3405
2650 4783
2650 8015
2650 8068
2650 14046
2650 15448
2650 16984
2668 7669
2670 5720
2670 9985
2670 16907
2676 6650
2687 5018
2687 6071
2687 17326
2692 5616
2692 5900
2692 6982
2692 10555
2692 15324
2692 17505
2696 2888
2705 16615
2705 17576
2733 17564
2739 6779
2739 17366
2741 15839
2756 3313
2756 3515
2756 3707
2756 4488
2756 4839
2756 5089
2756 16592
2756 17172
2756 17173
2756 17480
2756 17548
2756 17610
2756 17611
2756 17628
2762 4117
2762 4656
2762 4839
2762 6373
2762 6576
2762 6945
2762 8067
2762 8293
2762 8298
2762 8305
2762 8831
2762 9158
2762 9168
2762 9469
2762 10040
2762 11103
2762 11184
2762 12844
2762 14469
2762 14906
2762 15114
2762 15240
2762 15505
2762 16099
2762 16236
2762 17158
2762 17387
2762 17408
2762 17437
2762 17474
2762 17481
2762 17538
2762 17560
2762 17636
2762 17682
2767 4113
2767 4168
2767 9143
2767 11017
2767 11863
2767 12114
2767 15698
2767 16600
2767 17388
2767 17393
2767 17473
2767 17613
2767 17637
2767 17661
2786 2888
2786 3166
2786 5468
2786 8197
2786 8688
2786 14142
2786 16513
2820 3953
2821 4246
2821 7391
2822 16984
2823 10040
2831 8197
2831 15113
2831 15127
2839 5270
2868 4092
2868 8666
2868 10347
2868 12523
2868 14002
2868 15453
2868 16907
2888 12643
2930 14677
2958 14046
2970 15875
2970 17433
3004 3030
3004 3707
3004 16907
3024 6945
3039 3856
3041 6108
3041 8613
3065 3707
3065 4731
3065 15505
3072 17439
3093 8124
3107 7000
3107 9143
3107 10846
3152 7213
3152 11340
3152 17422
3152 17511
3155 3313
3155 10203
3155 16615
3158 4585
3158 7855
3158 9326
3175 17433
3177 15127
3204 6982
3221 16165
3226 17408
3293 6373
3293 7391
3313 3707
3313 5089
3313 6947
3313 10347
3313 15388
3313 16615
3313 17404
3313 17444
3313 17480
3313 17526
3313 17611
3315 16329
3322 4168
3322 4924
3322 12522
3322 13990
3322 14303
3322 17547
3322 17551
3322 17590
3322 17673
3322 17674
3326 5125
3326 17510
3329 15113
3355 15384
3364 17688
3377 17240
3377 17693
3380 4187
3380 4731
3380 4783
3380 8596
3380 14030
3380 15114
3380 17507
3405 4546
3405 6108
3405 6629
3405 8012
3405 10558
3405 12643
3405 15875
3405 16416
3405 16984
3405 17465
3405 17530
3456 7073
3456 11048
3456 17384
3458 9326
3484 4419
3487 15896
3496 6779
3496 9175
3499 17171
3501 9245
3501 12844
3501 15324
3501 17426
3501 17477
3515 5720
3516 5021
3528 8363
3528 17458
3545 16989
3564 15798
3588 8197
3592 4839
3592 6945
3592 11184
3592 11943
3592 15114
3592 17585
3624 5270
3624 16099
3627 4839
3636 13514
3654 4397
3681 10347
3692 9510
3692 15618
3693 14677
3707 4117
3707 5720
3707 7290
3707 10068
3707 10280
3707 13298
3707 14906
3707 16134
3707 16907
3707 17593
3707 17611
3707 17643
3727 10592
3760 4771
3760 13922
3787 8912
3791 16984
3856 10068
3882 4839
3882 8601
3882 14042
3882 16055
3882 17433
3882 17633
3882 17650
3893 17540
3900 17240
3921 4048
3944 4397
3944 10268
3953 4536
3953 5272
3953 10600
3953 11103
3953 15875
3975 17552
3984 17452
4001 4397
4001 8912
4011 6071
4011 16510
4011 17515
4011 17527
4031 5065
4031 6945
4031 10366
4031 13095
4031 15087
4031 15113
4031 15196
4031 17434
4048 5021
4048 8067
4048 16181
4048 17220
4048 17453
4048 17616
4048 17694
4059 17582
4090 17589
4092 4187
4092 4507
4092 4536
4092 4541
4092 5065
4092 6779
4092 10273
4092 10293
4092 14906
4092 16099
4092 16233
4092 16281
4092 16596
4092 16943
4092 17220
4092 17358
4092 17469
4092 17488
4113 5215
4113 6373
4113 11394
4113 12366
4113 17509
4113 17689
4117 5107
4117 5362
4117 6189
4117 6942
4117 12114
4117 12366
4117 15817
4117 16233
4117 16877
4117 17310
4117 17480
4126 5119
4135 7391
4135 17631
4147 17584
4157 11340
4157 11409
4157 15114
4157 15453
4157 15875
4157 15887
4168 6867
4168 9152
4168 11779
4171 6596
4171 14213
4187 5021
4187 7073
4187 10040
4187 10555
4187 11017
4187 13838
4187 14976
4187 15883
4187 16869
4187 17192
4187 17485
4187 17572
4187 17589
4187 17657
4188 4771
4188 7391
4212 17322
4216 5455
4216 6942
4216 10548
4216 12366
4216 15505
4216 16102
4231 16243
4231 17382
4234 4783
4234 17428
4317 6429
4382 9168
4382 12021
4382 17112
4390 4397
4390 4731
4390 7290
4390 8831
4390 14067
4390 17433
4390 17593
4397 8197
4419 10558
4419 15783
4419 17240
4419 17397
4419 17420
4419 17430
4488 7147
4488 14906
4488 15453
4488 15887
4507 10040
4507 11158
4507 16233
4507 17220
4507 17496
4523 5468
4523 7290
4523 7391
4523 8298
4523 16554
4523 17592
4536 5065
4536 8912
4536 10520
4536 10604
4536 11376
4536 12523
4536 13514
4536 14067
4536 14677
4536 14906
4536 16282
4545 8225
4562 5305
4577 13280
4585 5720
4585 6810
4589 11943
4589 16984
4591 15127
4615 9444
4656 9326
4656 10040
4656 14906
4656 15324
4706 6189
4707 11340
4707 17646
4731 5362
4731 6448
4731 8433
4731 15505
4731 16099
4731 17327
4731 17425
4731 17492
4731 17515
4731 17555
4731 17579
4746 9565
4763 17506
4765 5021
4765 5822
4771 4839
4771 5204
4771 5415
4771 5858
4771 6429
4771 8364
4771 12366
4771 13838
4771 15505
4771 16907
4771 17692
4783 6945
4783 8969
4783 8979
4783 12366
4783 13276
4783 16481
4783 16907
4783 17510
4839 5900
4839 7107
4839 9804
4839 11344
4839 12844
4839 13084
4839 14326
4839 14481
4839 15324
4839 16181
4839 16228
4839 16233
4839 17477
4839 17548
4839 17672
4839 17697
4860 7737
4866 5021
4866 16233
4882 17465
4908 17432
4924 13864
4924 17322
4924 17370
4924 17388
4924 17447
4924 17454
4924 17557
4949 17417
4964 6108
4964 12295
4964 16026
4964 16513
4964 17420
4971 15240
4981 14213
5007 10645
5012 7335
5012 8121
5012 8613
5012 17512
5021 5822
5021 6203
5021 6779
5021 12844
5021 14906
5021 15761
5021 17632
5021 17662
5029 14667
5029 15804
5029 16984
5029 17397
5049 8197
5049 15887
5049 17495
5065 6596
5065 6746
5065 7000
5065 8197
5065 11127
5065 11340
5065 11853
5065 12432
5065 14469
5065 15672
5065 16513
5065 16989
5065 17492
5065 17632
5065 17642
5065 17677
5089 5720
5089 6800
5089 6947
5089 8208
5089 10925
5089 16261
5089 17409
5099 15887
5100 17278
5107 8604
5107 12022
5107 16869
5107 17497
5119 6362
5119 7274
5119 8824
5119 11340
5119 16869
5119 17437
5119 17461
5119 17463
5119 17483
5119 17578
5119 17581
5125 5366
5125 13708
5141 6569
5159 17080
5162 10040
5162 12065
5204 9444
5204 17011
5215 6429
5215 14976
5230 7391
5263 10645
5265 7073
5270 6431
5270 6506
5270 8175
5270 8948
5270 12643
5270 17512
5272 11103
5272 14906
5272 17588
5272 17589
5305 8197
5305 15875
5305 16184
5362 8433
5362 12114
5362 15240
5362 16510
5362 17533
5362 17537
5366 6618
5366 9143
5366 10558
5366 14165
5366 17373
5415 6429
5415 8494
5415 9323
5440 15817
5468 7000
5468 8175
5468 12643
5468 15075
5468 15127
5468 16322
5468 17512
5468 17526
5468 17652
5491 17641
5493 10040
5550 11999
5560 13280
5566 17433
5577 8197
5616 5720
5616 6362
5616 6779
5616 8124
5616 9245
5616 10592
5616 13514
5616 13735
5616 14906
5616 16414
5616 17358
5616 17490
5616 17583
5620 8494
5635 16041
5649 15240
5649 17571
5652 17423
5672 17080
5682 7293
5692 15679
5692 17627
5720 11836
5720 15324
5720 15388
5720 16984
5720 17413
5720 17567
5720 17611
5720 17675
5721 15453
5722 9444
5722 16873
5724 15113
5726 8119
5831 14326
5831 15348
5831 16231
5831 17192
5831 17383
5831 17515
5833 14906
5833 15114
5857 17413
5858 15875
5859 15618
5900 17499
5935 11340
5935 16984
5938 7000
5948 16984
5996 17402
6041 17424
6062 17163
6108 10818
6108 15875
6108 16044
6108 16984
6189 7516
6189 12358
6203 17510
6223 17549
6248 8197
6362 10592
6362 13807
6373 6942
6373 7391
6373 9565
6373 13361
6373 16327
6373 16600
6373 17353
6373 17592
6373 17654
6373 17666
6429 7000
6429 7290
6429 10604
6429 11037
6429 13382
6429 15557
6429 17368
6429 17494
6429 17582
6429 17656
6431 14906
6431 16099
6434 9510
6435 7290
6448 7463
6448 9425
6448 10555
6448 11340
6448 12090
6448 14469
6448 16701
6448 17112
6448 17421
6448 17555
6498 8068
6498 17625
6505 16873
6506 12358
6568 17450
6569 16610
6576 17478
6596 13514
6596 16984
6596 17651
6618 17603
6629 6785
6629 11403
6629 14417
6629 15875
6640 17447
6650 15538
6686 17671
6708 11269
6746 17682
6779 8124
6779 8197
6779 8961
6779 10203
6779 10472
6779 15883
6779 16013
6779 16843
6779 17408
6779 17432
6779 17487
6779 17562
6779 17583
6784 17618
6852 6982
6852 11340
6852 16984
6852 17405
6867 10846
6867 12366
6867 15113
6867 16745
6867 17158
6867 17367
6867 17371
6885 15618
6899 10690
6917 11048
6917 15798
6917 17605
6942 16928
6942 17509
6942 17510
6942 17666
6945 8197
6945 9152
6945 9285
6945 9896
6945 10366
6945 13533
6945 14906
6945 16984
6947 8208
6947 16096
6947 17611
6982 14906
6982 16984
6988 11568
7000 10718
7000 11335
7000 13280
7000 13382
7000 14957
7000 15384
7000 16041
7000 17459
7000 17468
7000 17656
7004 17671
7014 7391
7014 9168
7014 11184
7073 9789
7073 12556
7073 14976
7093 17431
7109 17454
7119 17107
7190 10399
7190 11580
7213 17511
7290 7391
7290 7398
7290 8494
7290 9431
7290 10596
7290 10604
7290 11103
7290 12523
7290 14469
7290 14906
7290 15398
7290 15557
7290 16306
7290 16753
7290 17527
7335 8121
7335 15041
7335 15196
7340 16596
7391 8068
7391 10366
7391 11103
7391 15151
7391 15687
7391 15875
7391 16184
7391 17445
7391 17472
7391 17486
7391 17534
7391 17592
7399 15875
7399 15887
7471 11184
7616 15018
7669 10347
7737 16695
7737 17612
7737 17669
7738 17489
7749 8119
7839 14326
7855 13276
7855 15166
7855 16984
7855 17193
7855 17240
7855 17397
7855 17495
7855 17552
7944 17534
7976 12358
7991 11228
7991 17163
7991 17414
8012 15875
8012 15887
8012 17240
8067 17583
8067 17616
8067 17636
8067 17657
8068 16729
8093 15886
8093 16134
8124 14165
8124 14469
8124 17583
8140 15839
8159 15679
8175 8363
8175 10918
8175 17587
8197 8613
8197 10555
8197 11103
8197 11568
8197 12245
8197 12523
8197 13489
8197 13708
8197 14906
8197 15783
8197 15817
8197 16306
8197 16580
8197 17397
8197 17404
8197 17430
8197 17520
8197 17618
8197 17647
8197 17658
8208 12718
8225 15255
8225 17577
8272 16984
8272 17471
8281 16943
8293 16033
8298 13420
8298 13829
8363 10558
8387 10645
8433 15505
8453 16134
8466 17484
8494 15315
8494 17480
8494 17556
8494 17644
8566 12366
8566 16907
8582 17570
8604 12021
8604 15553
8608 16282
8666 14976
8666 17527
8666 17689
8682 16128
8712 10846
8712 16836
8712 17647
8792 15875
8836 9152
8912 11853
8912 12358
8930 17433
8961 17671
8969 9613
8969 16984
8979 15293
9004 12125
9081 17558
9140 17664
9143 15114
9152 15113
9152 15679
9152 17551
9152 17683
9168 11299
9168 15498
9168 16873
9168 17636
9245 16281
9285 16293
9285 17353
9323 15618
9326 16233
9352 9789
9352 14166
9394 16677
9425 9789
9425 10555
9425 12396
9425 14359
9425 16989
9425 17007
9425 17163
9425 17414
9425 17462
9425 17528
9425 17590
9427 10592
9427 11048
9427 15683
9427 17436
9431 14017
9431 15311
9431 17522
9444 13851
9444 15679
9444 16236
9444 17337
9444 17405
9444 17533
9444 17625
9444 17688
9469 12366
9472 17615
9510 15618
9510 17540
9565 12366
9565 13361
9683 15875
9683 16984
9768 17645
9775 17413
9789 13990
9789 16600
9789 17423
9789 17580
9789 17639
9804 11203
9804 11568
9818 15087
9888 17542
9896 10558
9896 11228
9896 14906
9896 15124
9896 15817
9896 17520
9896 17526
9896 17563
9952 15679
9985 11158
9985 17433
10018 13514
10040 14017
10040 16228
10040 17358
10040 17617
10068 10925
10068 11580
10068 11912
10068 17433
10068 17444
10068 17531
10068 17577
10124 16873
10268 12114
10268 12643
10268 14067
10268 15875
10268 17562
10268 17680
10273 16233
10273 17426
10277 17429
10290 17464
10293 16026
10293 16027
10293 17638
10347 10592
10347 16753
10347 17163
10347 17380
10347 17393
10347 17535
10347 17570
10347 17586
10347 17604
10366 11340
10366 13014
10366 13061
10366 13851
10366 15114
10366 15887
10377 10995
10409 16564
10409 17552
10409 17647
10461 15798
10472 15875
10472 17353
10558 12114
10558 12643
10558 15196
10558 15804
10558 15875
10558 17530
10558 17597
10558 17680
10558 17693
10589 12523
10592 13735
10592 13807
10592 13990
10592 17072
10592 17112
10592 17370
10592 17543
10596 17443
10600 16382
10604 11228
10604 15113
10604 15875
10604 15887
10645 11376
10645 11565
10645 12372
10645 13990
10645 17163
10690 17524
10818 17240
10820 16026
10846 11269
10846 12807
10846 13735
10846 14976
10846 15553
10846 15875
10846 17527
10918 17512
10939 11836
10939 17413
11017 16984
11103 14469
11103 15698
11103 17425
11107 17329
11127 14906
11158 14906
11158 15324
11158 15593
11184 13965
11184 17310
11184 17334
11184 17540
11203 17520
11228 14657
11234 15151
11269 13253
11269 15113
11269 15211
11269 15875
11269 15887
11269 16026
11269 16564
11269 17668
11299 16920
11340 11531
11340 13061
11340 13965
11340 14034
11340 14042
11340 14303
11340 15114
11340 15618
11340 15875
11340 15887
11340 16099
11340 16261
11340 16445
11340 16836
11340 16989
11340 17329
11340 17370
11340 17398
11340 17431
11340 17509
11344 12022
11344 14660
11344 17681
11378 17324
11383 17245
11449 13061
11489 17519
11504 15453
11504 15921
11545 16382
11565 16745
11565 17192
11565 17351
11565 17613
11568 17583
11568 17678
11587 14906
11605 11863
11642 16099
11696 15839
11750 16984
11751 17583
11835 14034
11835 17674
11921 15875
11943 17581
11943 17598
12021 15505
12022 16057
12125 13361
12125 14677
12125 17472
12125 17503
12126 17425
12145 15761
12145 16907
12245 15875
12341 17433
12358 13514
12358 14677
12358 15505
12358 17677
12366 13735
12366 14767
12366 15453
12366 16907
12366 17432
12366 17614
12381 15538
12396 12525
12510 17594
12523 14906
12523 15887
12525 15114
12525 17153
12556 17407
12643 15875
12643 16961
12643 17420
12643 17529
12643 17532
12784 15898
12844 17632
12885 17107
12893 13061
12985 17590
13017 16600
13061 15114
13088 15839
13095 16610
13178 17671
13241 14046
13276 15875
13276 16984
13279 15252
13280 14976
13280 16907
13280 16955
13280 17387
13489 16564
13514 15505
13514 15875
13514 16099
13735 17515
13735 17551
13735 17559
13773 15679
13773 15839
13838 15453
13981 15887
13990 15839
14002 17413
14017 16057
14017 17072
14017 17611
14077 14906
14129 17372
14142 15127
14142 16984
14359 17462
14403 17510
14461 17418
14610 16984
14632 17433
14753 15883
14906 15324
14906 15817
14906 15883
14906 17015
14906 17376
14906 17412
14906 17432
14906 17481
14906 17510
14906 17588
14906 17595
14906 17667
14948 17415
14948 17624
14957 15875
14976 16677
14976 17431
14976 17527
14976 17619
15022 17193
15039 16184
15041 15887
15044 15875
15044 15893
15044 16984
15075 17696
15108 17665
15113 15875
15113 16984
15113 17066
15113 17433
15113 17551
15114 15887
15114 16907
15114 17158
15114 17387
15114 17498
15114 17636
15127 15453
15127 15875
15127 16306
15127 16513
15127 17240
15129 15875
15151 16666
15151 16984
15174 17648
15196 16984
15196 17310
15211 15875
15240 15505
15240 17319
15242 17570
15302 17692
15322 17689
15347 15448
15347 17527
15347 17588
15372 17433
15412 16971
15413 16984
15448 15839
15448 17322
15453 16907
15453 17387
15474 17476
15474 17602
15474 17624
15498 16843
15504 15505
15505 16510
15505 17578
15505 17583
15553 17510
15557 16549
15569 16907
15569 17429
15593 17649
15618 16228
15618 16601
15635 17448
15679 15839
15679 16984
15683 16067
15683 17604
15698 15875
15698 16907
15750 16984
15761 17158
15761 17487
15761 17509
15761 17525
15761 17589
15783 15875
15783 16564
15832 15875
15832 17381
15839 16098
15839 16600
15839 17066
15839 17158
15839 17322
15839 17498
15839 17551
15840 17499
15840 17653
15875 15887
15875 16013
15875 16026
15875 16044
15875 16513
15875 16580
15875 16984
15875 17193
15875 17240
15875 17353
15875 17374
15875 17397
15875 17399
15875 17420
15875 17445
15875 17491
15875 17518
15875 17546
15875 17598
15875 17659
15875 17687
15875 17693
15883 16057
15883 16349
15887 16293
15887 16580
15887 16801
15887 16984
15887 17367
15887 17407
15887 17452
15887 17498
15891 17671
15895 17462
15898 17569
15921 17365
15941 17559
16008 17660
16013 16984
16026 16564
16026 17193
16026 17240
16044 17465
16051 17475
16057 16869
16099 17550
16217 17482
16233 16984
16233 17469
16236 17419
16293 16610
16293 17452
16297 17375
16298 17601
16302 17415
16306 16564
16332 17526
16382 17216
16382 17452
16414 17158
16428 17462
16481 17609
16564 17383
16564 17397
16564 17492
16564 17552
16564 17655
16592 17404
16596 17322
16600 16984
16677 16905
16695 17432
16714 16893
16836 17163
16849 17433
16877 17379
16888 17413
16905 17329
16905 17489
16907 17429
16981 17466
16984 17158
16984 17234
16984 17240
16984 17351
16984 17371
16984 17397
16984 17450
16984 17459
16984 17485
16984 17491
16984 17492
16984 17508
16984 17546
16984 17570
16984 17580
16984 17629
16984 17632
16984 17637
16984 17639
16984 17658
16989 17163
16989 17396
17007 17433
17095 17397
17158 17381
17163 17387
17163 17393
17163 17414
17163 17436
17163 17473
17163 17477
17163 17515
17163 17570
17163 17590
17163 17598
17163 17639
17193 17372
17221 17392
17232 17600
17322 17395
17343 17457
17371 17378
17376 17539
17389 17390
17420 17568
17428 17446
17433 17467
17433 17639
17433 17644
17441 17442
17447 17454
17447 17510
17462 17479
17498 17502
17499 17500
17499 17501
17521 17561
17530 17622
17532 17545
17533 17537
17535 17536
17536 17542
17552 17553
17566 17567
17578 17621
17611 17628
17634 17635
17661 17682
17661 17685
