0 138
2 17986
3 15453
7 13533
8 10382
13 1255
14 2762
16 17923
19 16318
20 17689
26 190
26 1147
26 2158
26 3125
26 6984
26 10268
26 14417
28 88
28 153
28 240
28 729
28 5270
28 8969
28 13032
28 14442
28 16184
28 16830
28 17433
28 17777
28 17853
28 17913
29 195
29 1255
29 6124
29 9809
29 17763
40 12287
41 10678
41 13771
42 110
42 536
42 1006
42 1106
42 1122
42 1877
42 2493
42 3107
42 5065
42 5119
42 5720
42 8197
42 10846
42 15646
42 16564
42 17607
42 17789
42 17904
43 3368
43 3614
43 4656
43 4765
43 4860
43 9782
43 14677
43 15241
43 16099
43 16318
43 17397
43 17893
46 2122
46 16843
46 17730
48 83
48 762
48 3963
48 4031
48 5270
48 12245
59 4656
59 5100
59 10592
59 11548
59 14418
59 14677
69 5100
70 16665
73 1206
73 1256
73 5270
73 13318
73 16099
73 16907
74 8363
74 12287
75 12126
76 385
76 490
76 1755
76 2451
76 3313
76 6435
76 14751
76 18018
79 17923
83 1514
83 10941
83 16665
84 3125
87 1917
87 3110
87 4138
87 10040
87 15079
87 15668
87 17601
87 17760
87 18000
88 2650
88 4465
95 1763
95 2762
95 10273
95 15618
95 17358
95 17701
95 17763
95 17942
108 3690
108 11241
108 17763
109 1636
110 573
110 1264
110 1369
110 1854
110 2389
110 3069
110 3158
110 6629
110 7699
110 8712
110 8993
110 10409
110 11101
110 15453
110 15875
110 16877
110 17397
110 17623
110 17737
110 17741
110 17768
110 17854
110 17956
110 17975
115 13061
117 3693
117 4839
117 17620
118 284
122 14077
134 1971
138 240
138 1200
138 2884
138 3004
138 3992
138 4656
138 6124
138 7218
138 13061
138 15618
138 16099
138 16877
138 16886
138 17716
138 17718
138 17940
138 18004
138 18038
153 659
153 5362
153 15991
153 17782
153 17783
153 17832
153 18001
156 729
156 6867
156 16984
156 17725
156 17896
157 613
157 1278
158 2592
158 2767
158 6917
158 9326
158 13514
158 13990
158 14326
158 15113
158 15683
158 16695
158 17600
158 17604
158 17714
158 17760
158 17937
158 17972
158 18029
174 2599
184 17876
190 859
190 1147
190 4826
190 8197
190 8565
195 15113
196 671
196 1278
196 1640
196 6373
196 13067
196 14417
196 15113
196 15700
196 16270
196 16893
201 2741
201 4615
201 6189
201 15618
204 1922
206 1732
236 4783
240 3764
240 5270
240 10040
240 16639
247 762
249 12523
255 17923
258 1122
258 2529
258 5173
258 17177
258 17977
267 11990
275 1990
275 5270
275 10846
280 11228
284 730
284 1393
284 3690
284 4860
284 5119
305 3313
311 17791
313 2313
315 9977
315 13578
315 15384
315 17830
345 4092
345 9586
351 10866
370 16743
383 852
383 1812
383 16236
383 17682
385 2845
385 5270
390 968
390 2696
403 1517
408 17515
412 455
412 647
412 839
412 2762
412 3798
412 4917
412 5816
412 8423
412 12114
412 12358
412 16099
412 16349
412 17831
412 17880
412 17886
423 14417
432 6289
433 577
433 9469
433 16099
433 16830
433 18025
434 3329
436 16830
442 1281
442 2776
444 3107
446 16148
446 17694
446 17846
447 4507
447 4536
447 16984
455 2762
455 17389
455 17498
455 17505
455 17816
455 17877
455 17881
461 4397
467 1917
467 4536
467 5065
467 8197
467 10268
467 15909
467 17743
490 2816
490 2919
490 3992
490 4031
506 4817
510 1990
511 17851
524 1941
524 4615
528 852
528 10040
528 17486
528 17963
531 536
531 4390
531 5119
531 13331
531 14221
536 1006
536 2762
536 3614
536 5493
536 9536
536 14221
536 14906
536 15823
536 16049
536 17477
536 17540
536 17701
536 17843
536 17902
572 4585
572 4600
572 17831
573 1917
573 2676
573 5172
573 5747
573 10941
573 15367
573 16349
577 1092
577 2169
577 2762
577 5065
577 12760
608 16564
610 1551
610 3107
610 3545
610 5119
610 5374
610 5550
610 13533
610 15589
610 16886
610 17932
610 17987
613 2919
613 16033
618 7097
618 15384
618 17752
618 17755
618 17832
621 2676
621 15050
621 16665
621 17766
621 17834
641 5616
641 10040
641 13280
641 16243
641 17059
647 1413
647 1972
647 7290
647 9896
647 9994
647 10558
647 13280
647 17742
647 17746
647 17920
659 5616
659 8912
659 10040
659 17216
665 6629
671 1359
671 1972
671 6373
682 9326
682 13280
682 17433
686 4656
691 9565
691 15617
712 7942
712 15618
712 15672
712 17090
712 17912
712 17929
729 839
729 2027
729 3107
729 3787
729 3799
729 4080
729 4488
729 5144
729 5747
729 6373
729 6629
729 7290
729 7399
729 8494
729 12245
729 13280
729 15113
729 15211
729 15302
729 15875
729 16001
729 16843
729 17558
729 17765
729 17900
730 1333
730 1521
730 4783
730 4866
736 9469
762 2816
762 13061
762 14442
762 16318
762 17650
774 2762
774 3639
774 5272
774 5616
774 11203
774 11943
774 14906
774 17819
801 4731
803 2762
803 10461
837 1663
837 1854
837 1972
837 4153
837 4187
837 4507
837 9245
837 14221
837 15746
837 17880
837 17882
837 18000
837 18010
837 18024
839 1521
839 1917
839 5119
839 6175
839 6708
839 7290
839 9421
839 13061
839 15166
839 16564
852 1065
852 1122
852 1185
852 1206
852 2095
852 2223
852 2705
852 3155
852 3313
852 3707
852 3798
852 4140
852 4680
852 5089
852 5720
852 5857
852 6435
852 6947
852 8409
852 10068
852 10918
852 11587
852 12876
852 13252
852 14418
852 15324
852 16003
852 16236
852 17682
852 17810
852 17902
852 17913
852 17929
852 17982
879 17993
881 3798
881 5272
881 8912
881 10040
881 14906
881 17815
891 2437
891 6779
897 16554
907 4858
921 17420
947 15087
968 14677
968 15000
968 16026
999 16099
1002 2669
1006 14906
1012 2663
1035 6629
1036 17800
1041 4377
1048 10705
1065 1198
1065 4092
1065 17059
1065 18020
1090 17923
1106 12555
1106 16732
1115 1931
1115 6917
1115 16212
1115 16695
1115 17433
1115 17764
1115 17803
1115 17827
1122 1393
1122 2756
1122 4187
1122 5173
1122 5720
1122 8928
1122 9326
1122 9985
1122 10273
1122 11103
1122 12366
1122 17433
1144 2816
1144 3024
1144 3627
1144 4138
1144 4783
1144 15700
1144 17719
1144 17765
1144 17850
1144 17923
1147 17420
1198 8887
1198 12522
1200 15698
1206 2868
1206 5100
1206 12770
1223 1640
1232 7942
1235 9444
1235 17420
1235 17587
1255 1264
1255 1369
1255 1755
1255 2669
1255 5783
1255 16877
1255 16961
1255 17433
1256 2095
1256 2158
1256 2488
1256 3707
1256 5270
1256 5857
1256 9775
1256 10203
1256 12419
1256 14677
1256 16099
1256 16907
1256 17853
1264 1836
1264 5917
1264 16877
1278 5305
1278 8119
1278 10766
1297 4585
1312 7742
1312 15746
1321 11228
1359 2313
1359 2762
1359 2958
1359 4680
1359 5065
1359 16514
1359 17727
1359 17856
1359 17908
1359 17971
1361 1663
1361 2095
1361 2762
1361 4917
1361 6500
1361 6798
1361 8423
1361 9896
1361 10255
1361 11184
1361 12358
1361 13028
1361 13771
1361 14221
1361 15043
1361 15114
1361 16057
1361 16236
1361 16510
1361 16753
1361 17358
1361 17488
1361 17682
1361 17744
1361 17766
1361 17807
1361 17831
1361 17853
1361 17858
1361 17897
1361 17912
1361 17940
1361 17971
1361 18001
1361 18037
1365 2919
1365 17682
1365 17701
1369 2489
1369 3158
1369 9444
1369 15875
1369 16026
1369 16564
1369 16877
1369 16961
1379 17321
1392 1400
1392 1972
1392 2122
1392 2674
1392 2741
1392 3727
1392 4138
1392 5270
1392 12287
1392 13514
1392 13990
1392 16099
1392 16963
1392 17724
1392 17780
1392 17808
1392 17960
1392 17961
1393 2256
1393 8333
1393 8494
1393 13280
1393 15618
1393 17745
1393 17858
1393 17876
1393 17935
1393 17938
1400 8067
1400 10268
1413 4216
1413 5593
1413 15646
1413 17738
1470 3707
1470 9257
1470 13566
1470 16830
1470 17788
1484 16988
1514 3107
1514 3125
1514 17822
1514 17881
1517 1971
1517 17990
1521 17811
1539 17358
1539 17558
1539 17811
1550 4031
1550 16984
1551 4783
1551 17832
1551 17940
1563 4731
1563 16549
1604 2095
1604 8197
1604 17433
1604 17964
1612 17766
1622 15156
1636 2158
1636 3798
1636 3838
1636 4216
1636 4589
1636 4656
1636 4707
1636 5083
1636 5362
1636 5501
1636 7396
1636 8096
1636 10203
1636 10268
1636 15324
1636 15505
1636 15839
1636 16843
1636 17604
1636 17682
1636 17736
1636 17816
1636 17828
1636 17832
1636 17843
1636 17906
1636 17957
1636 17963
1636 17984
1636 18000
1636 18003
1636 18010
1636 18026
1636 18034
1640 6373
1640 6942
1640 16044
1640 16318
1640 16920
1640 17975
1665 7487
1665 14755
1687 18008
1709 7290
1709 8613
1709 13981
1717 2756
1717 3707
1717 12694
1745 17433
1755 10966
1763 5724
1763 13017
1763 13773
1763 15679
1763 17855
1763 17878
1763 18013
1763 18015
1774 15698
1778 4117
1788 2676
1788 4031
1788 5141
1788 17811
1792 13461
1794 4811
1794 5065
1804 17635
1818 12287
1824 1877
1824 3673
1824 6189
1824 15113
1824 18021
1825 4536
1825 6429
1825 10604
1831 2223
1831 3910
1831 17876
1836 4216
1836 17433
1836 17789
1854 3816
1854 4370
1854 9444
1875 6362
1877 5172
1877 7399
1877 10268
1877 17798
1877 17854
1877 17997
1896 2366
1896 5649
1896 15875
1917 2493
1917 6628
1917 7071
1917 7399
1917 9782
1917 10558
1917 14751
1917 15668
1917 15909
1917 16049
1917 17379
1917 17761
1917 17865
1922 5362
1931 12686
1931 16212
1941 4615
1971 3950
1971 5065
1971 5125
1971 5366
1971 13451
1972 2919
1972 5119
1972 11580
1972 13061
1972 17613
1972 17740
1972 17903
1972 17904
1972 17910
1990 3484
1990 5270
1990 5720
1990 6498
1990 7290
1990 8928
1990 10706
1990 17433
2018 17953
2019 14213
2019 17817
2027 2418
2027 5144
2027 5616
2027 5948
2027 6629
2027 6899
2027 8197
2027 10558
2027 15185
2027 15675
2027 16830
2027 17773
2027 17818
2044 5362
2057 3313
2057 3707
2057 13422
2070 10040
2081 17729
2086 16743
2095 2158
2095 3707
2095 5065
2095 5859
2095 6435
2095 6500
2095 7540
2095 10690
2095 11587
2095 12145
2095 12385
2095 13252
2095 14748
2095 14906
2095 16049
2095 16894
2095 16984
2095 17222
2095 17476
2095 17548
2095 17701
2095 17721
2095 17748
2095 17767
2095 17797
2095 17842
2095 17844
2100 5270
2102 11421
2102 16549
2102 17743
2102 17761
2107 15875
2107 17923
2111 2839
2111 3030
2118 12287
2128 5340
2136 17682
2140 17966
2156 5125
2156 5173
2156 9789
2158 2488
2158 3313
2158 13533
2158 14677
2169 7391
2197 6867
2197 13279
2197 15113
2204 17709
2223 4248
2223 11228
2223 11580
2223 13466
2223 16033
2223 17624
2223 17759
2223 17986
2256 3545
2256 4011
2256 7391
2256 8542
2256 9158
2256 9245
2256 9469
2256 11228
2256 12525
2256 15114
2256 15618
2256 17747
2256 17903
2256 17993
2286 5366
2286 5616
2286 10268
2286 16785
2286 17792
2287 6596
2287 16242
2287 17433
2307 7398
2313 3245
2313 4488
2313 5083
2313 6728
2313 16356
2313 16514
2313 17770
2313 17788
2313 17925
2316 17694
2316 17743
2326 4011
2326 4216
2326 4731
2326 5825
2326 6429
2333 2762
2333 9922
2333 17882
2389 11388
2389 12643
2389 16963
2406 6373
2406 17975
2418 3528
2418 5468
2418 15127
2428 17433
2428 17876
2437 3865
2437 4216
2437 5065
2437 8197
2437 11340
2437 16713
2437 17956
2488 5089
2488 10203
2488 12385
2488 14677
2488 17982
2489 16049
2489 16877
2493 8911
2493 11103
2529 5935
2529 8225
2529 16236
2529 17765
2529 17902
2529 17937
2529 17945
2567 17869
2581 2745
2581 11340
2592 17972
2598 9469
2627 3405
2627 17778
2627 17928
2640 2756
2640 17648
2650 16809
2650 17923
2669 17956
2674 9896
2674 17718
2682 6629
2692 8654
2692 10592
2692 17694
2692 17824
2692 17901
2692 17947
2694 2766
2694 5099
2694 17754
2694 17997
2705 2756
2705 17902
2756 2868
2756 3313
2756 3458
2756 4680
2756 5935
2756 6947
2756 8210
2756 11340
2756 13252
2756 16003
2756 17810
2756 17902
2756 17929
2756 17980
2762 2775
2762 2868
2762 4917
2762 5065
2762 5119
2762 5471
2762 6373
2762 8228
2762 9469
2762 10040
2762 11184
2762 14906
2762 15114
2762 15505
2762 16236
2762 16243
2762 16318
2762 16907
2762 17499
2762 17729
2762 17793
2762 17840
2762 17841
2762 17858
2762 17935
2762 17948
2762 18000
2767 7534
2767 8630
2767 10789
2767 11587
2767 13240
2767 15113
2767 15114
2767 17177
2767 17492
2767 17637
2767 17766
2767 17834
2767 17905
2767 17920
2776 12092
2776 17766
2776 17768
2795 15783
2795 17798
2816 12287
2820 4783
2820 6389
2820 14418
2820 15252
2820 15839
2839 4031
2839 5141
2839 16554
2845 16099
2845 17587
2868 5859
2888 3166
2888 12643
2888 15127
2888 16554
2919 3835
2919 6289
2919 11340
2919 13017
2919 14677
2919 17432
2919 17903
2954 3456
2958 4031
2958 4216
2958 4536
2958 16564
2991 18004
2996 6629
3004 4783
3024 15114
3024 17420
3026 17759
3030 8298
3030 12126
3041 12555
3065 17925
3072 18027
3107 5119
3107 6373
3107 17910
3107 17920
3125 16984
3151 17698
3155 3707
3155 13252
3158 17875
3166 12287
3166 15367
3177 15127
3221 4187
3221 16165
3226 9896
3226 18003
3245 15505
3313 3707
3313 4140
3313 10068
3313 16003
3313 17780
3313 17810
3313 17863
3313 17900
3313 17913
3313 17915
3322 14303
3322 17809
3368 16564
3368 17753
3377 10866
3380 16099
3381 12432
3405 11257
3405 16099
3405 17787
3405 17990
3415 17834
3456 13466
3458 4216
3458 9161
3458 12008
3484 9782
3484 15148
3484 16564
3501 7396
3501 17426
3506 11587
3545 17895
3573 17433
3614 4011
3614 6779
3614 7855
3624 5270
3624 5468
3636 17820
3639 17820
3673 6623
3676 8363
3689 17799
3689 17801
3692 15618
3707 4140
3707 4680
3707 5089
3707 5935
3707 6429
3707 6548
3707 6728
3707 6800
3707 6947
3707 8225
3707 8928
3707 10068
3707 10203
3707 11587
3707 12358
3707 12770
3707 13252
3707 16096
3707 16099
3707 16894
3707 16907
3707 17432
3707 17548
3707 17611
3707 17648
3707 17689
3707 17780
3707 17816
3707 17853
3707 17913
3707 18000
3707 18010
3722 15887
3764 17720
3785 6596
3785 8067
3785 9789
3787 4822
3798 6548
3798 17548
3799 5471
3799 13017
3799 17059
3816 16236
3838 7516
3838 17930
3841 4731
3855 17433
3865 15211
3865 15875
3865 17397
3882 10461
3882 17072
3882 17172
3882 17695
3893 15618
3950 18026
4011 4507
4011 15618
4011 17727
4031 6867
4031 9152
4031 9818
4031 13451
4031 13981
4031 16099
4031 16665
4031 17777
4031 17811
4031 18033
4037 10678
4048 4092
4048 7359
4048 14221
4080 4419
4080 10558
4090 17771
4090 17974
4092 5616
4092 9245
4092 9586
4092 10040
4092 13280
4092 14221
4092 15746
4092 17059
4092 17637
4092 17667
4092 17682
4092 17772
4092 17908
4092 17928
4106 5593
4106 9714
4106 11751
4106 16564
4106 17191
4110 9257
4113 10918
4113 17512
4117 4656
4117 8333
4117 17886
4117 18031
4126 17882
4135 15113
4135 15589
4135 17910
4138 4924
4138 15505
4138 15729
4140 5089
4140 5935
4140 17911
4157 8197
4171 17671
4187 4839
4187 5493
4187 9469
4187 10040
4187 10592
4187 11146
4187 11344
4187 13771
4187 17389
4187 17711
4187 17748
4187 17882
4187 17894
4216 4731
4216 5065
4216 5440
4216 12114
4216 15324
4216 15505
4216 17433
4216 17604
4216 17789
4216 17821
4216 17893
4216 17925
4216 17969
4216 17985
4234 16608
4234 18018
4248 17829
4283 4589
4283 13771
4283 16033
4283 17779
4283 17897
4339 5344
4358 6623
4370 13276
4377 4949
4382 5900
4382 10268
4382 10592
4382 12126
4382 14221
4382 16843
4390 4397
4390 9714
4390 15079
4397 4471
4402 9985
4419 6899
4419 10558
4419 15127
4419 17545
4425 9323
4456 6624
4465 11305
4465 17638
4471 6596
4471 17059
4488 5720
4488 17779
4493 6429
4507 5362
4507 5493
4507 7534
4507 8096
4507 9257
4507 15757
4507 16510
4507 16956
4507 17056
4507 17891
4523 16830
4523 17112
4536 10558
4536 11421
4536 11808
4536 15405
4536 16830
4536 17755
4536 17808
4545 4680
4585 4600
4585 6817
4585 7391
4585 8347
4585 10347
4589 5616
4589 17699
4591 5340
4591 5550
4591 15127
4600 17785
4615 5135
4615 5270
4615 6124
4615 8298
4615 16099
4615 17587
4615 17804
4637 13533
4656 11103
4680 6947
4707 5720
4731 7409
4731 8197
4731 15101
4731 15960
4731 15991
4731 16549
4731 16695
4731 17834
4731 17865
4731 17969
4771 7399
4771 8712
4771 10304
4771 11533
4771 14767
4771 17707
4771 17738
4771 17765
4783 10040
4783 10558
4783 12287
4783 14304
4783 15039
4783 15050
4783 17794
4783 17832
4783 18031
4813 5272
4813 18028
4822 5119
4822 5159
4822 6628
4822 6779
4826 5468
4838 5493
4838 7290
4838 17886
4838 17922
4839 5018
4839 5065
4839 5125
4839 5162
4839 5859
4839 8915
4839 15618
4839 16033
4839 16228
4839 17379
4839 17712
4839 17779
4839 17825
4839 17903
4916 13533
4924 5065
4924 11533
4924 13279
4924 14417
4924 15305
4924 17850
4924 17907
4964 17379
5009 11990
5009 17600
5012 11587
5012 17723
5018 8915
5018 9510
5018 17697
5018 17715
5021 5471
5021 17358
5021 17701
5049 17789
5049 17991
5065 5119
5065 5125
5065 5362
5065 5615
5065 6157
5065 6373
5065 6429
5065 8423
5065 10312
5065 10690
5065 11269
5065 13032
5065 14677
5065 14906
5065 15039
5065 15114
5065 15545
5065 15824
5065 16184
5065 17177
5065 17674
5065 17852
5065 17854
5065 17910
5065 17918
5065 17997
5083 17828
5089 7568
5089 10068
5089 11587
5089 16261
5099 17997
5107 12022
5107 18000
5119 6373
5119 7742
5119 8197
5119 8824
5119 13061
5119 14417
5119 14948
5119 16027
5119 16085
5119 16515
5119 16998
5119 17463
5119 17719
5119 17762
5119 17771
5119 17823
5119 17883
5119 17891
5119 17910
5119 17923
5119 18031
5125 6189
5125 6629
5125 7000
5125 8197
5125 10558
5125 11203
5125 11347
5125 11751
5125 16984
5125 17433
5125 17465
5125 17930
5127 17433
5141 10966
5141 18025
5143 16322
5144 7000
5144 8494
5159 6628
5162 15472
5162 17999
5173 5720
5176 5825
5179 8298
5181 15731
5215 17992
5220 17879
5224 17898
5230 12421
5261 5308
5267 16594
5267 17761
5267 17805
5270 8298
5270 10706
5270 10918
5270 12287
5270 12643
5270 13061
5270 16639
5270 17512
5270 17558
5272 6596
5272 10040
5272 12928
5272 16927
5272 17059
5272 17909
5305 9285
5326 17979
5362 5366
5362 7331
5362 7480
5362 10312
5362 11146
5362 15618
5362 15757
5362 16510
5362 16514
5362 16984
5362 17805
5362 17871
5363 17996
5366 5616
5366 6435
5366 7480
5366 10268
5366 12126
5366 16785
5366 17761
5366 17805
5366 17884
5366 17950
5374 17730
5432 7855
5448 6548
5448 11184
5448 13097
5448 15324
5448 17299
5448 17548
5468 6498
5468 10040
5468 13981
5468 14417
5468 14751
5468 15696
5468 15875
5468 16306
5468 17638
5468 18016
5471 6505
5471 8900
5471 9323
5471 11164
5471 17688
5473 17613
5491 17940
5493 9257
5493 11184
5493 11835
5493 14906
5501 14930
5511 17795
5616 7290
5616 8484
5616 17761
5616 17792
5616 17927
5616 17930
5616 17957
5616 18006
5616 18026
5621 17930
5649 7081
5692 9425
5692 10068
5692 16893
5720 5935
5720 6429
5720 6431
5720 6435
5720 6984
5720 11990
5720 12770
5720 14677
5720 16894
5720 17467
5720 17770
5724 9444
5747 7944
5816 8478
5816 13061
5816 17874
5816 18003
5822 13735
5825 13609
5825 16026
5825 16351
5831 17515
5831 17714
5831 17784
5831 17842
5831 17855
5831 17869
5831 17978
5831 17998
5857 10068
5857 10866
5857 16099
5857 17982
5859 6435
5859 12770
5859 15324
5859 16249
5859 17797
5917 15875
5917 16564
5943 13578
5948 15875
5992 8969
6047 17345
6124 6506
6124 16099
6124 17587
6180 17829
6189 15240
6203 17674
6289 17814
6362 7855
6373 9469
6373 11347
6373 13067
6373 15113
6373 15748
6373 16327
6373 17345
6373 17835
6373 17850
6373 17910
6373 18005
6373 18019
6429 6436
6429 7000
6429 10409
6429 10558
6429 11269
6429 15302
6429 15991
6429 17656
6429 17697
6429 17706
6429 17712
6429 17830
6429 17836
6429 17859
6429 18011
6431 7290
6435 7290
6435 16907
6435 17548
6439 17814
6448 12090
6448 15079
6448 15960
6448 16986
6448 17090
6448 18001
6453 15875
6498 10706
6562 15618
6576 14221
6576 17976
6588 17816
6596 6628
6596 7097
6596 7976
6596 8067
6596 9446
6596 10354
6596 10558
6596 12712
6596 12928
6596 13514
6596 13648
6596 15324
6596 15405
6596 16843
6596 17743
6596 17960
6596 17961
6618 9245
6618 10592
6618 15618
6618 16984
6624 9469
6628 12712
6629 6708
6629 7847
6629 10558
6629 11489
6629 12643
6629 13230
6629 15804
6629 17545
6629 17818
6640 17627
6666 16610
6692 16001
6708 13533
6728 13061
6746 15364
6746 17358
6779 14165
6779 15769
6779 16965
6779 17713
6779 17816
6800 7071
6810 17949
6867 10268
6867 11605
6867 15113
6867 15748
6867 17603
6867 17895
6917 10347
6917 15683
6917 17764
6917 17803
6942 16049
6942 16318
6942 17940
6945 7391
6945 15113
6945 17641
6947 8225
6947 10068
6947 12770
6947 12876
6947 13252
6947 17902
6991 15761
6991 16148
7000 10268
7000 10846
7000 11348
7000 12114
7000 16001
7000 16085
7093 17759
7097 7391
7097 10941
7097 11203
7156 17938
7213 17766
7252 10347
7252 17869
7274 9152
7274 10766
7274 12784
7274 15875
7290 8210
7290 8333
7290 8712
7290 12366
7290 12523
7290 14906
7290 17059
7290 17726
7290 17728
7290 17758
7290 17830
7290 17958
7340 13084
7340 16033
7340 17036
7340 17624
7340 17917
7367 18036
7391 7942
7391 10604
7391 15039
7391 15044
7391 15113
7391 16184
7391 16743
7391 17090
7391 17724
7391 18011
7399 10918
7399 14751
7399 17758
7409 13735
7440 9444
7440 17732
7461 14751
7480 17433
7491 17358
7532 9985
7534 15553
7534 16984
7647 17006
7647 17322
7647 17971
7699 17717
7714 18030
7794 9158
7794 12770
7797 17904
7839 17955
7855 8197
7855 9421
7855 16026
7855 17171
7855 17754
7855 17875
7897 10409
7897 15909
7944 15044
7961 12643
7976 16984
7991 17786
8067 17945
8093 17853
8119 16414
8119 17814
8124 15875
8175 8688
8197 9421
8197 11990
8197 12126
8197 15113
8197 15875
8197 16099
8197 17177
8197 17216
8197 17865
8197 17884
8197 17969
8210 14906
8210 15505
8225 16096
8229 11587
8272 17860
8293 17779
8298 12287
8298 17587
8333 17433
8409 17959
8423 17059
8435 13061
8466 17484
8472 15875
8484 17701
8484 17831
8484 17843
8484 17886
8484 17906
8484 18003
8494 12422
8494 17638
8577 17847
8604 17720
8659 17904
8666 14976
8666 17929
8666 17989
8688 17811
8695 17769
8712 10846
8712 16318
8712 17379
8712 17853
8712 17854
8739 16298
8768 16242
8768 17751
8900 10268
8912 17749
8915 17297
8969 12126
8969 17433
9010 16710
9010 17644
9152 11127
9152 14417
9152 15113
9152 15679
9152 15696
9152 17627
9152 18007
9158 16830
9168 16242
9245 10068
9245 10268
9245 16099
9245 17781
9266 17892
9292 17797
9323 10040
9323 15618
9323 15887
9326 11340
9326 16236
9326 17689
9341 12287
9379 15700
9421 16961
9421 17171
9425 13084
9425 13466
9425 15113
9425 17734
9425 17759
9425 17824
9425 17904
9431 16956
9444 10040
9444 10846
9444 13062
9444 15400
9444 16306
9444 17600
9444 17688
9444 17732
9444 17784
9444 17822
9444 17867
9444 17923
9444 18004
9446 10273
9446 15875
9446 17745
9446 17923
9469 15113
9469 16327
9469 17177
9469 17457
9472 16033
9510 17697
9510 17715
9536 16049
9562 17973
9586 17637
9616 13735
9714 15079
9775 14677
9789 16986
9809 12245
9888 14326
9896 10268
9896 11184
9896 14906
9896 16026
9896 17705
9896 17718
9896 17753
9896 18003
9948 10299
9952 11907
9952 16656
9952 17784
9962 13422
9977 16830
10018 16243
10027 15148
10040 12136
10040 12253
10040 14677
10040 14906
10040 15955
10040 16956
10040 17059
10040 17358
10040 17890
10040 18000
10068 15113
10068 17641
10068 17718
10068 17780
10068 17899
10180 17816
10190 14417
10203 11340
10203 13252
10203 17812
10203 17813
10255 12092
10255 17926
10258 17701
10268 11990
10268 12126
10268 16984
10268 17213
10268 17604
10268 17766
10268 17849
10268 17896
10268 17910
10268 17954
10268 17957
10273 15618
10273 17858
10277 17886
10293 17379
10329 17939
10347 16414
10347 16656
10347 16843
10347 17452
10347 17872
10347 17894
10409 10558
10409 15987
10409 16049
10416 15718
10461 15618
10520 12552
10558 12643
10558 13451
10558 15127
10558 15875
10558 16085
10558 17545
10558 17705
10558 17730
10558 17768
10558 17832
10558 17954
10558 18000
10592 17814
10604 17827
10678 14948
10705 16564
10713 12126
10748 16798
10748 17414
10789 14930
10789 15305
10789 17816
10789 17950
10789 18023
10806 17869
10840 17889
10846 15769
10846 17975
10866 17704
10966 17240
10995 17997
11101 15453
11103 18003
11127 17774
11184 11203
11184 14906
11184 16099
11184 17297
11184 17766
11184 17788
11184 17858
11184 18003
11184 18023
11203 18003
11214 12126
11228 12372
11228 17802
11228 17853
11241 15016
11241 15453
11241 17980
11269 16984
11269 17712
11269 17789
11299 15453
11340 14165
11340 15039
11340 17703
11340 17768
11340 17790
11340 17814
11340 17816
11340 17827
11340 17834
11340 17904
11340 17980
11340 18030
11344 14660
11344 17720
11347 16984
11347 17835
11545 17358
11568 17678
11568 17806
11568 17856
11580 17433
11580 17716
11587 12126
11587 12876
11587 14323
11587 15875
11587 17433
11587 17904
11605 17975
11744 17433
11779 16033
11808 17845
11835 11943
11863 17920
11907 16298
11912 12358
11912 15518
11943 14906
11943 17694
11943 17747
11943 17846
11943 17848
11943 17876
11943 17890
11990 12126
11990 16549
11990 16629
12092 17059
12114 16287
12122 17864
12126 17433
12126 17707
12233 17951
12287 16099
12287 16610
12287 17587
12358 13514
12358 14165
12358 14677
12358 17745
12385 17222
12385 17548
12643 15127
12643 15875
12643 16554
12643 16961
12760 17814
12793 18009
12885 17808
12912 17886
12966 14906
13017 15305
13017 16236
13017 17829
13017 18023
13028 17688
13030 16956
13061 15114
13061 17682
13061 17853
13061 17957
13061 18003
13061 18010
13171 17853
13280 17903
13316 16734
13422 15567
13422 15615
13422 16134
13451 15039
13514 16830
13533 13981
13578 17757
13578 17765
13641 17299
13641 17482
13683 17716
13735 14326
13735 17765
13735 17775
13735 17879
13760 17433
13771 17299
13771 17722
13773 18013
13981 17789
13981 17839
13990 15839
14017 15746
14017 16148
14017 17744
14017 17919
14017 17946
14042 17784
14044 16830
14165 15875
14221 14906
14221 16099
14221 17853
14266 17975
14278 17433
14303 17177
14336 15012
14417 17923
14418 17919
14677 16099
14677 18014
14709 16984
14727 17904
14751 15114
14767 17765
14879 17814
14906 15324
14906 17059
14906 17177
14906 17300
14906 17701
14906 17736
14906 17797
14906 17843
14906 17919
14906 18037
14930 17463
14930 17866
14948 17721
14948 17887
14976 15746
14976 16540
14976 17803
14976 17821
14976 17825
15039 16099
15039 16830
15039 17790
15041 17705
15044 15720
15044 15987
15050 16984
15075 17696
15087 18003
15113 15305
15113 15875
15113 16564
15113 16984
15113 17433
15113 17641
15113 17761
15113 17853
15114 15698
15114 17059
15114 17739
15114 17770
15114 17912
15114 17933
15114 17935
15114 17945
15127 18018
15148 15875
15148 17885
15174 16099
15211 15875
15240 17713
15240 17736
15242 17177
15242 17809
15252 17711
15299 16843
15302 17692
15309 17791
15448 17855
15453 15875
15453 17754
15463 17955
15472 17700
15472 17916
15474 16809
15474 17973
15505 15769
15505 16514
15505 17297
15505 17300
15505 17727
15505 17736
15505 17890
15505 17941
15518 18002
15593 17832
15618 15746
15618 15798
15618 16984
15618 17059
15618 17297
15618 17540
15636 17172
15675 15875
15683 17354
15683 17557
15696 16984
15698 17853
15700 17855
15729 16099
15729 17991
15746 16233
15746 17299
15748 15875
15761 16148
15769 17581
15783 15875
15823 16956
15823 17955
15832 17975
15839 16270
15839 17177
15839 17733
15839 17784
15839 17932
15839 17943
15839 17981
15875 16001
15875 16026
15875 16049
15875 16582
15875 16785
15875 17047
15875 17433
15875 17607
15875 17623
15875 17735
15875 17737
15875 17742
15875 17768
15875 17798
15875 17811
15875 17816
15875 17818
15875 17833
15875 17861
15875 17862
15875 17873
15875 17926
15909 16564
15987 17856
15991 17433
15991 17853
16033 16558
16033 17708
16033 17944
16099 17433
16099 17718
16099 17759
16099 17904
16099 18002
16148 17836
16184 17486
16184 17776
16184 17822
16184 17853
16184 17920
16184 17933
16236 17419
16236 17962
16242 16302
16242 17748
16242 17965
16242 18035
16318 17814
16414 17759
16461 17650
16463 18021
16540 17297
16554 17558
16554 18022
16558 17782
16564 16877
16564 16961
16564 17433
16564 17754
16564 17914
16592 17976
16598 17702
16608 18018
16610 16830
16656 17759
16793 17831
16821 17756
16830 17777
16830 17923
16830 18003
16836 17710
16836 17814
16843 17619
16877 16961
16877 17397
16877 17686
16877 17723
16888 17650
16907 17721
16907 17877
16907 17957
16956 17967
16963 16984
16984 17535
16984 17688
16984 17768
16984 17769
16984 17780
16984 17781
16984 17790
16984 17794
16984 17808
16984 17811
16984 17834
16984 17862
16984 17871
16984 17873
16984 17876
16984 17937
16984 17945
16984 17950
16984 17977
16984 17997
16984 18001
16984 18031
16986 17774
17059 17177
17059 17843
17059 17853
17066 17299
17066 17637
17095 17397
17154 17433
17168 17731
17177 17814
17177 17855
17177 17931
17213 17761
17216 17846
17294 17870
17297 17432
17379 17761
17379 17860
17414 17759
17420 17997
17427 17650
17427 17797
17433 17633
17433 17641
17433 17675
17433 17688
17433 17749
17433 17789
17433 17803
17433 17853
17433 17888
17433 17952
17465 17773
17468 17591
17487 17722
17492 18012
17505 17904
17587 18016
17591 18033
17604 17972
17647 17853
17682 17772
17682 17858
17688 17759
17692 17707
17700 18038
17701 17853
17733 17768
17748 17750
17748 17751
17759 17834
17759 17857
17759 17952
17761 17805
17774 17782
17774 17786
17789 17796
17816 17823
17816 17968
17823 17826
17837 17838
17853 17868
17853 17933
17853 17971
17853 18032
17855 17866
17861 17862
17866 17867
17869 17870
17869 17993
17872 17879
17886 17924
17896 17998
17903 18017
17904 17952
17920 17921
17928 17934
17929 17955
17930 17936
17930 17945
17946 17947
17955 17971
17957 17970
17976 17983
17988 17989
17994 17995
