2 16677
7 76
7 610
7 1908
7 2628
7 6160
7 7738
12 42
12 2027
12 3405
12 14709
26 1996
26 2650
26 4532
26 10846
26 13981
26 16513
26 18108
26 18115
28 48
28 87
28 1774
28 2674
28 2762
28 4536
28 4615
28 7534
28 10304
28 12287
28 13061
28 17811
29 48
29 73
29 762
29 1302
29 1636
29 2100
29 2156
29 2223
29 5173
29 5270
29 5658
29 6160
29 6247
29 14976
29 16033
29 17859
29 18309
37 412
41 2223
42 128
42 568
42 659
42 839
42 1106
42 1256
42 1875
42 1996
42 2762
42 3107
42 4116
42 4600
42 6885
42 10304
42 11120
42 14469
42 16099
42 18010
42 18288
42 18347
43 108
43 1235
43 1255
43 2313
43 2820
43 5254
43 6028
43 6189
43 8466
43 10312
43 11587
43 14930
43 15645
43 15883
43 16667
43 16743
43 17906
43 18039
43 18054
43 18077
43 18122
43 18156
43 18349
46 519
46 2650
46 2762
46 3313
46 18149
48 3785
48 7534
56 4746
59 83
59 729
59 1392
59 3381
59 8712
59 16554
59 18150
70 2284
70 5065
70 6735
71 15113
73 76
73 138
73 196
73 434
73 1235
73 1255
73 1787
73 2100
73 2208
73 3030
73 3166
73 3624
73 4615
73 6124
73 10789
73 11267
73 17587
73 18150
76 138
76 729
76 2650
76 2762
76 3368
76 3687
76 5454
76 6160
76 12715
76 13533
76 16826
76 17558
76 17811
76 18120
76 18141
76 18188
76 18278
76 18316
77 15763
83 84
83 3030
83 6945
83 10168
83 10766
83 16525
83 18016
83 18120
83 18348
83 18349
84 162
84 3484
84 4113
84 6429
84 7391
84 8526
84 8632
87 729
87 1206
87 2208
87 2628
87 6189
87 7480
87 10604
87 13061
87 15505
87 15668
87 15947
87 16001
87 17624
87 17816
87 18128
87 18169
87 18177
88 17240
90 9156
93 18113
97 108
97 2357
97 18095
100 6629
108 7371
108 9818
108 9977
108 11241
108 15087
109 1011
109 16955
110 1255
110 2324
110 2627
110 3930
110 5366
110 8596
110 10265
110 15185
110 17960
110 18046
110 18103
110 18324
115 14926
115 18055
115 18236
117 13735
121 18259
122 2762
122 18061
123 6817
128 17816
128 18078
132 2324
132 5635
134 1854
134 5616
134 11644
134 15324
134 15921
135 8928
138 412
138 733
138 1012
138 1255
138 2762
138 5173
138 5176
138 5468
138 6945
138 7213
138 12770
138 17587
138 18060
138 18188
138 18255
138 18274
138 18336
138 18340
146 16757
151 17906
153 6817
155 190
157 2762
157 4615
158 2208
158 2668
158 4397
158 4822
158 6596
158 6619
158 6917
158 8119
158 13990
158 15113
158 15854
158 16017
158 17558
158 17604
158 17760
158 18255
158 18284
158 18301
158 18305
158 18349
162 736
162 1517
162 17171
162 17420
162 17556
166 14321
172 1664
172 1854
172 2051
172 2324
172 12643
184 659
184 1393
184 2762
184 10866
184 16349
184 17008
184 17876
184 18094
190 2149
190 6160
190 9809
196 434
196 4187
196 5119
196 10846
196 11057
196 12970
196 14903
196 18144
196 18150
196 18240
196 18326
196 18330
201 1255
201 4048
201 15746
204 4822
204 16624
204 18301
221 4216
221 5471
258 839
258 1198
258 1877
258 2095
258 3183
258 3950
258 4507
258 5065
258 5173
258 6779
258 13990
258 17843
258 18313
267 14657
276 17969
280 1065
280 2816
280 4585
286 4382
287 2669
297 15762
304 7708
304 9168
304 15709
304 17682
304 18077
315 318
315 610
315 10766
315 18073
315 18181
315 18343
318 13981
318 15087
318 18277
335 1952
338 921
338 4390
348 6629
354 2158
354 17240
356 881
359 3030
359 7391
367 18184
370 3545
370 7274
370 16743
370 16956
370 18267
374 14755
383 1361
383 2223
383 2762
383 3401
383 5292
383 5672
383 8484
383 9245
383 12545
383 16236
383 17059
383 17853
383 18037
383 18246
383 18251
390 17811
406 2599
407 16564
407 17856
412 1365
412 1393
412 3204
412 3388
412 4981
412 5720
412 10789
412 14017
412 14165
412 16007
412 17433
412 17682
412 18092
412 18246
412 18249
414 18311
432 11340
434 1877
434 3030
434 6373
434 18140
434 18246
436 510
436 729
442 2776
444 16956
446 17603
449 3405
449 10268
453 8630
453 17382
461 2223
461 11933
467 1996
467 5615
467 6189
467 9312
467 13515
467 16282
467 17402
467 18228
467 18286
482 729
490 18049
505 621
505 6781
506 8098
519 2762
524 4615
528 2256
528 13212
528 16984
528 18117
528 18187
528 18266
531 18038
531 18157
531 18250
532 729
536 18077
539 5366
545 613
546 18039
556 2223
568 5141
568 18039
572 18080
573 823
573 921
573 1664
573 10941
573 18192
577 1952
577 4536
577 5644
577 7534
577 10911
577 11090
577 13128
602 14948
602 18050
602 18086
602 18256
610 2284
610 3030
610 7738
610 9407
610 13061
611 17122
613 2762
613 6641
613 17624
613 18189
613 18301
613 18319
618 1206
618 1825
618 1952
618 4536
618 15204
618 15557
618 16469
619 15135
621 904
621 3764
621 6781
621 7391
621 11580
621 14046
621 18087
621 18328
641 774
641 5021
656 2192
659 1106
659 2095
659 3381
659 4117
659 4187
659 4216
659 9599
659 14418
659 18071
682 17955
712 5065
712 13686
713 1255
714 3072
729 1255
729 2223
729 2650
729 2767
729 3707
729 5981
729 7097
729 7534
729 8712
729 9568
729 10293
729 13735
729 15113
729 16001
729 16242
729 16743
729 17558
729 17724
729 18111
729 18132
729 18141
729 18156
733 16099
736 3030
736 4822
736 6429
736 15520
752 9568
762 1106
762 2223
762 3177
762 6300
762 16554
762 18117
774 15299
774 15852
789 18010
789 18040
823 1235
823 17906
837 2046
837 6596
837 17760
837 17771
837 18024
837 18322
839 1235
839 1917
839 3616
839 4092
839 6373
839 6629
839 6885
839 10846
839 15875
839 17397
839 17811
839 18181
839 18291
852 1185
852 1831
852 2057
852 2095
852 2488
852 2705
852 2762
852 3313
852 3707
852 3993
852 4140
852 4680
852 5089
852 6817
852 6947
852 7801
852 9309
852 9934
852 11587
852 12252
852 13061
852 13157
852 15464
852 15878
852 16236
852 16615
852 16894
852 17008
852 17853
852 18055
852 18077
852 18130
852 18190
852 18235
852 18245
855 6629
875 18070
879 15589
881 16233
897 3405
897 6629
897 8068
904 1636
904 5362
907 8712
907 18213
907 18336
917 4456
917 6373
920 10314
921 1877
921 3528
960 4582
964 2100
968 2786
995 18081
1002 5125
1002 10265
1002 18112
1005 11340
1006 1709
1006 2019
1006 5471
1006 5699
1006 7097
1011 1636
1011 5065
1011 6982
1011 11492
1011 15299
1012 6362
1012 11340
1012 11587
1012 18060
1012 18303
1036 5334
1041 6926
1041 15087
1041 18003
1057 18171
1057 18234
1058 17743
1060 10268
1060 13033
1065 1561
1065 4092
1065 7290
1065 11943
1065 17153
1065 18255
1070 5949
1106 2223
1106 3381
1106 4370
1106 5159
1106 6596
1106 16732
1106 18348
1115 4377
1115 6917
1115 15683
1115 15750
1122 1206
1122 1365
1122 2095
1122 3313
1122 3707
1122 4140
1122 5720
1122 5859
1122 9985
1125 9661
1144 3368
1144 4138
1144 7749
1144 11729
1144 12319
1144 15195
1144 16743
1144 18038
1170 2019
1170 5362
1170 15079
1170 17761
1177 3190
1185 1256
1185 2057
1185 3313
1185 3707
1185 6947
1193 2086
1193 6389
1193 11017
1198 2762
1206 2208
1206 12252
1206 18336
1207 14903
1235 3030
1235 3947
1235 4771
1235 5270
1235 5468
1235 15771
1235 17299
1235 17587
1242 4117
1242 6641
1242 13061
1242 16049
1255 1709
1255 1787
1255 2669
1255 17587
1255 18336
1256 1593
1256 2057
1256 2095
1256 3313
1256 13157
1256 15195
1256 18066
1256 18336
1268 4216
1268 7710
1268 17969
1278 1972
1278 17245
1310 2095
1310 5270
1312 18146
1319 1917
1319 18119
1321 17112
1321 18297
1321 18302
1361 2762
1361 3639
1361 4242
1361 9613
1361 12252
1361 14930
1361 18037
1361 18122
1361 18204
1361 18206
1365 2762
1365 3882
1365 4140
1365 10040
1365 13061
1365 13280
1365 17682
1365 18071
1369 4216
1369 9444
1369 18254
1375 15282
1392 2307
1392 2816
1392 11587
1392 11961
1392 14955
1392 16108
1392 17724
1392 18010
1393 1794
1393 3707
1393 4838
1393 5610
1393 6641
1393 9312
1393 11344
1393 12715
1393 13061
1393 15709
1393 18003
1393 18173
1393 18202
1393 18206
1393 18246
1413 1787
1413 2243
1413 2319
1413 2767
1413 4080
1413 4171
1413 4423
1413 7820
1413 11340
1413 14493
1413 15041
1413 15195
1413 18061
1413 18220
1418 13061
1418 15505
1436 2057
1446 6429
1514 2284
1514 8068
1514 18166
1514 18328
1514 18331
1517 12760
1517 17468
1517 17856
1540 2234
1540 16049
1551 5065
1551 5720
1551 9233
1551 9407
1551 12434
1551 18252
1563 5825
1581 18230
1593 13157
1599 2582
1604 3501
1612 4530
1612 4783
1612 7534
1612 17587
1625 17591
1636 2095
1636 2313
1636 2582
1636 2589
1636 3326
1636 3388
1636 4615
1636 6435
1636 6629
1636 7976
1636 8604
1636 9312
1636 14900
1636 17226
1636 17250
1636 17468
1636 17843
1636 18034
1636 18041
1636 18090
1636 18112
1636 18195
1636 18222
1636 18273
1636 18317
1636 18322
1640 2111
1640 9958
1640 10846
1640 14747
1657 1854
1657 2461
1657 5386
1658 2051
1658 15282
1661 5681
1661 18123
1661 18289
1667 11017
1672 7944
1687 2313
1687 4216
1687 14906
1687 15240
1687 17069
1687 18069
1709 2027
1709 8197
1709 9610
1709 15453
1709 17095
1709 18046
1709 18186
1714 18038
1717 3707
1717 5089
1717 8409
1717 18045
1728 12760
1737 13134
1742 12760
1749 17059
1763 3545
1763 9469
1763 10789
1763 11017
1763 16743
1763 18227
1763 18343
1774 1896
1774 2628
1774 4562
1774 15557
1774 17834
1787 2319
1787 18303
1787 18339
1788 2208
1788 14976
1792 10027
1792 18201
1794 15557
1794 18139
1794 18168
1794 18183
1796 4092
1796 5119
1796 5265
1796 15729
1804 2149
1813 14948
1818 2215
1818 18165
1824 10846
1825 1952
1825 4536
1825 6189
1825 6429
1825 10604
1825 15557
1831 2450
1831 13212
1854 3405
1854 15875
1875 7000
1875 10472
1877 2324
1877 9896
1877 10304
1877 12760
1877 16156
1877 16288
1877 17397
1877 18192
1879 9421
1885 7606
1896 4216
1896 4562
1896 13061
1917 2324
1917 6362
1917 6429
1917 6596
1917 6708
1917 7071
1917 7391
1917 12126
1917 13735
1917 14747
1917 15130
1917 15135
1917 15503
1917 15668
1917 15875
1917 16349
1917 17173
1917 17969
1917 18051
1917 18119
1917 18291
1947 18217
1952 3487
1952 5065
1952 6429
1952 7071
1952 7290
1952 7391
1952 11090
1952 13805
1952 15557
1952 16282
1952 16469
1952 18209
1971 2406
1971 17199
1971 18192
1972 2223
1972 4187
1972 4822
1972 18071
1972 18154
1990 5176
1990 12070
1996 6596
1996 7290
2019 4216
2019 5362
2019 5501
2019 7516
2019 8197
2019 17591
2019 17761
2019 18109
2019 18164
2019 18320
2027 2324
2027 6899
2027 9421
2027 12643
2027 15875
2027 18174
2027 18298
2051 3680
2051 8197
2057 2529
2057 3313
2057 8409
2057 14002
2062 16665
2095 2158
2095 2529
2095 2762
2095 2767
2095 3313
2095 3636
2095 5173
2095 5720
2095 6362
2095 6435
2095 6618
2095 7541
2095 11851
2095 11943
2095 12252
2095 13061
2095 13821
2095 14907
2095 14976
2095 15709
2095 15761
2095 16033
2095 16900
2095 18047
2095 18062
2095 18086
2095 18151
2095 18202
2095 18212
2095 18245
2095 18262
2100 4615
2100 4731
2100 5270
2100 11267
2100 12287
2100 17587
2100 18016
2102 5501
2102 7976
2102 15135
2107 7190
2107 16743
2111 3030
2111 4031
2111 12252
2111 18069
2118 3030
2118 18136
2118 18308
2122 15643
2124 16242
2147 15204
2156 2650
2156 2762
2156 18177
2156 18201
2165 11566
2197 12434
2197 18152
2208 4731
2208 5530
2208 10604
2208 18188
2223 2762
2223 3764
2223 4018
2223 4117
2223 5616
2223 7000
2223 8712
2223 9326
2223 13990
2223 16725
2223 16900
2223 17543
2223 17682
2223 18088
2223 18134
2223 18250
2223 18297
2223 18301
2223 18325
2223 18327
2223 18341
2243 14303
2243 18194
2254 15345
2256 9469
2256 11340
2256 11492
2256 17955
2256 18202
2284 6429
2284 7708
2284 15762
2286 14213
2307 2529
2307 5270
2307 5468
2313 3882
2313 4011
2313 4731
2313 6189
2313 10265
2313 12715
2313 18069
2313 18122
2313 18153
2313 18195
2319 6629
2324 5125
2324 5825
2324 7071
2324 7820
2324 8102
2324 8124
2324 16017
2324 17856
2324 17969
2326 15960
2333 4783
2333 4981
2333 6629
2333 15854
2333 17397
2355 2628
2355 2674
2357 3166
2357 5141
2357 12760
2357 15087
2381 3947
2381 17963
2389 18079
2399 17319
2406 6629
2428 18161
2429 15113
2450 4092
2460 18336
2461 2650
2461 18056
2488 5859
2488 9757
2488 17477
2489 18127
2493 8104
2493 18078
2527 5065
2527 13735
2527 18334
2529 2583
2529 3707
2529 10429
2529 11587
2529 17555
2562 11729
2567 14903
2567 17624
2583 7290
2583 14906
2599 15643
2627 2628
2627 8712
2628 2674
2628 4390
2628 4615
2628 5267
2628 6429
2628 12876
2650 2767
2650 3673
2650 6160
2650 6596
2650 6629
2650 8068
2650 9421
2650 11568
2650 12556
2650 13033
2650 18258
2669 3992
2669 4117
2669 15558
2669 18186
2674 4216
2674 5254
2674 5366
2674 12350
2674 18048
2692 18137
2692 18142
2694 12760
2704 15875
2705 5089
2705 16615
2716 3226
2724 12844
2756 3155
2756 3707
2756 6947
2756 8225
2756 8409
2756 8712
2756 11587
2756 14677
2756 15464
2762 2767
2762 3030
2762 3313
2762 3764
2762 4117
2762 4187
2762 4216
2762 4280
2762 4536
2762 5083
2762 5100
2762 5119
2762 5644
2762 5938
2762 6203
2762 6596
2762 7290
2762 7708
2762 8423
2762 9613
2762 11155
2762 11568
2762 12358
2762 13280
2762 14526
2762 14906
2762 15505
2762 15709
2762 15729
2762 15761
2762 16665
2762 17746
2762 17842
2762 17955
2762 18135
2762 18193
2762 18206
2762 18270
2767 6619
2767 10168
2767 17433
2767 18077
2775 4058
2775 9510
2775 15618
2775 16808
2783 13061
2783 15714
2786 12643
2786 15771
2816 3405
2816 17811
2820 15645
2821 9323
2821 18016
2826 18102
2839 3030
2839 5468
2868 11164
2868 16907
2868 17923
2919 4187
2919 14669
2919 14767
2919 18049
2919 18052
2934 17135
2957 6189
2957 15505
2970 5173
3023 6947
3023 16636
3030 6429
3030 9573
3030 10766
3030 13061
3030 14906
3065 15947
3065 17241
3104 6596
3107 6339
3107 12668
3152 7213
3152 17955
3154 3984
3154 18064
3155 5089
3155 8225
3158 3177
3177 9444
3177 17420
3191 15898
3204 17758
3226 3882
3226 4839
3226 17842
3226 17960
3226 18319
3226 18322
3239 15064
3239 15505
3239 17761
3239 18275
3239 18309
3313 3707
3313 5089
3313 6618
3313 8409
3313 10293
3313 15878
3313 16261
3313 18045
3313 18177
3313 18188
3313 18199
3313 18255
3322 9789
3322 10312
3322 18110
3326 15324
3355 4530
3368 11340
3381 9421
3381 11344
3381 16398
3381 16836
3381 18300
3388 5125
3388 6810
3388 8667
3405 6108
3405 6373
3405 11475
3405 15875
3405 16469
3405 18167
3405 18192
3405 18298
3405 18347
3442 14900
3446 13184
3456 5100
3484 5825
3487 12513
3501 4600
3501 6779
3501 15324
3506 5949
3516 12233
3528 4964
3545 10235
3545 11057
3545 16743
3545 18227
3608 17887
3624 3785
3624 5270
3624 6498
3624 16099
3624 17587
3636 4216
3636 4530
3636 5362
3636 9444
3636 14907
3636 16236
3636 17829
3636 18061
3636 18072
3636 18173
3636 18202
3636 18319
3639 18055
3648 3979
3648 6225
3648 11066
3693 17718
3707 4680
3707 6429
3707 6800
3707 6817
3707 8409
3707 10304
3707 11587
3707 16907
3707 17591
3707 18139
3727 15113
3727 15557
3764 13355
3764 14284
3764 16753
3764 18007
3764 18031
3764 18297
3764 18336
3791 15324
3798 10730
3866 4507
3866 18323
3882 13061
3882 14906
3882 15618
3882 16033
3882 16242
3882 18125
3882 18219
3882 18238
3882 18332
3900 7391
3925 18038
3931 15762
3947 5362
3947 17963
3950 18103
3973 6562
3973 16349
3975 15643
4011 4731
4011 4822
4011 7944
4011 12059
4011 16017
4011 16242
4011 16624
4011 17226
4031 8068
4031 13981
4031 18239
4031 18254
4031 18268
4031 18331
4048 4097
4048 13479
4059 16876
4080 18051
4090 18089
4092 4507
4092 5065
4092 14906
4092 14907
4092 16517
4092 17624
4092 17682
4092 18047
4092 18083
4092 18170
4092 18210
4092 18246
4092 18282
4092 18283
4097 14903
4106 8882
4113 18121
4116 18303
4117 4981
4117 6203
4117 6641
4117 14906
4117 18031
4117 18255
4135 18154
4135 18331
4136 7274
4138 15505
4150 11580
4171 14213
4171 15557
4171 17029
4187 5065
4187 5265
4187 6641
4187 9469
4187 10040
4187 11587
4187 14755
4187 16242
4187 16956
4187 17771
4187 17842
4187 18089
4187 18129
4187 18218
4187 18281
4216 5065
4216 5610
4216 6189
4216 7820
4216 8604
4216 9896
4216 11504
4216 11529
4216 15505
4216 15987
4216 16007
4216 16624
4216 18071
4216 18279
4216 18309
4226 8494
4242 9444
4339 14272
4355 7674
4358 9122
4360 6373
4370 13276
4370 18230
4382 18040
4382 18076
4382 18205
4382 18206
4382 18255
4397 6596
4397 10293
4397 13515
4397 15557
4403 18178
4419 12643
4419 18147
4423 11340
4481 4783
4481 5141
4507 5125
4507 8197
4507 14907
4507 14926
4523 7714
4523 12538
4530 7534
4530 15505
4532 11269
4536 6596
4536 7976
4536 8067
4536 9323
4536 10268
4536 11203
4536 11933
4536 15204
4536 15453
4536 15557
4536 16282
4536 18168
4545 16261
4562 13061
4571 18067
4585 5912
4585 10789
4589 17072
4615 6124
4636 16907
4643 18282
4702 18310
4731 4822
4731 5159
4731 5501
4731 6189
4731 6448
4731 15960
4731 16132
4731 17241
4731 17834
4731 17916
4731 17969
4731 18051
4746 5471
4771 9312
4771 15505
4771 18307
4771 18342
4783 4981
4783 9977
4783 18048
4788 11953
4813 18028
4838 4839
4838 5616
4838 6189
4839 5119
4839 5125
4839 10596
4839 13821
4839 17477
4839 18250
4855 5270
4858 16261
4860 6735
4860 6945
4866 6376
4866 15299
4886 10068
4896 16743
4924 6203
4924 10273
4924 17250
4924 18053
4924 18216
4981 11943
4981 13735
4997 6629
5012 5119
5012 9130
5018 18133
5049 14400
5049 15557
5065 6108
5065 6429
5065 6596
5065 7391
5065 7708
5065 8068
5065 8604
5065 9152
5065 9613
5065 10273
5065 10323
5065 10347
5065 13061
5065 13280
5065 14948
5065 15987
5065 17090
5065 17808
5065 17842
5065 17887
5065 17960
5065 18010
5065 18059
5065 18071
5065 18131
5065 18173
5065 18221
5065 18247
5065 18276
5065 18283
5065 18307
5065 18312
5065 18321
5065 18322
5083 5125
5083 18312
5083 18322
5089 6947
5089 8409
5089 14323
5089 14418
5089 16261
5089 16615
5100 10571
5100 18303
5102 18139
5107 6373
5107 16417
5107 18010
5119 9346
5119 11184
5119 11343
5119 13280
5119 13686
5119 14948
5119 16242
5119 17797
5119 18258
5119 18330
5119 18332
5119 18335
5125 5610
5125 12341
5125 14906
5128 13061
5141 6666
5141 10420
5141 16410
5141 18277
5162 18344
5173 6362
5173 13061
5173 18107
5181 16332
5181 18260
5254 5366
5254 6779
5263 9326
5265 18029
5270 5857
5270 10304
5270 10429
5270 13240
5270 15771
5270 16826
5270 16907
5270 17587
5272 11017
5292 16242
5305 5348
5305 8363
5305 12909
5305 16554
5305 17420
5306 5900
5334 8712
5362 5616
5362 8197
5362 17090
5362 18071
5362 18087
5362 18093
5362 18232
5366 5610
5366 5616
5366 17468
5366 17591
5366 18103
5386 11340
5439 6629
5448 7041
5468 8472
5468 9573
5468 12538
5468 14751
5468 15771
5468 17811
5468 18048
5471 15698
5479 5550
5479 16332
5493 15553
5493 18173
5530 6062
5550 17960
5551 11340
5551 14900
5551 15729
5551 18038
5574 8281
5610 11340
5610 16907
5610 18093
5616 8608
5616 11203
5616 11568
5616 15324
5616 15505
5616 15947
5616 17468
5616 18054
5616 18090
5616 18195
5625 17761
5635 15505
5637 17989
5637 18096
5644 9469
5644 10235
5644 16876
5644 18144
5652 13701
5652 15698
5672 12876
5681 10268
5681 18072
5681 18228
5682 7293
5692 18150
5720 6431
5720 12770
5720 14906
5720 14943
5722 17816
5757 16907
5812 7000
5812 12885
5816 13280
5825 6339
5825 7391
5831 8712
5831 10684
5831 13088
5831 15195
5831 16695
5831 18038
5831 18177
5831 18182
5831 18240
5831 18273
5831 18284
5831 18295
5859 16907
5935 6779
5935 18112
5938 18211
5948 6629
6029 6373
6047 17345
6108 6629
6108 17008
6109 15113
6124 18303
6157 18037
6189 6389
6189 9323
6189 10312
6189 11644
6189 18071
6203 6618
6203 10040
6203 17299
6203 17329
6203 17387
6203 17834
6224 6629
6339 9285
6339 12668
6342 16371
6362 6947
6362 9896
6362 13735
6362 15505
6373 7190
6373 9152
6373 10040
6373 11347
6373 15113
6373 16417
6373 16639
6373 18010
6373 18056
6373 18115
6373 18180
6373 18181
6373 18264
6373 18326
6373 18332
6373 18338
6373 18343
6376 9152
6429 7000
6429 7071
6429 7391
6429 7399
6429 9469
6429 10268
6429 11090
6429 11344
6429 11933
6429 12876
6429 13578
6429 15139
6429 15557
6429 16876
6429 18068
6429 18168
6429 18179
6429 18350
6448 11779
6448 12319
6448 14747
6448 15505
6448 15769
6448 16472
6448 17069
6448 17226
6448 17495
6448 18051
6471 14018
6484 18038
6498 16826
6498 18095
6498 18141
6498 18340
6562 17955
6596 8912
6596 13033
6596 15518
6596 17789
6596 18064
6596 18123
6596 18183
6596 18228
6596 18274
6596 18286
6596 18289
6596 18341
6618 15255
6619 10846
6619 18293
6624 11347
6624 18097
6629 6708
6629 7699
6629 7770
6629 7944
6629 8124
6629 10268
6629 11475
6629 13447
6629 13451
6629 15211
6629 15783
6629 15875
6629 16156
6629 18040
6629 18080
6629 18244
6629 18247
6629 18298
6629 18324
6641 8099
6641 8604
6641 9559
6641 10268
6641 11273
6641 11568
6641 13061
6641 15505
6641 15720
6666 16610
6708 10268
6708 15875
6708 16564
6708 16984
6779 7708
6779 10265
6779 10268
6779 11203
6779 18061
6779 18112
6779 18208
6810 16099
6810 17682
6817 8225
6817 11587
6867 8604
6867 16417
6867 16639
6867 16743
6867 17873
6867 18128
6867 18231
6867 18326
6917 17803
6926 13061
6926 13280
6926 18099
6942 16743
6942 17423
6942 18268
6945 7097
6945 11340
6945 16332
6945 18120
6947 11587
6947 16261
6947 16615
6947 18340
6978 8472
7000 11344
7000 11529
7000 15729
7000 16001
7000 16469
7000 16743
7000 18127
7000 18220
7000 18274
7000 18309
7071 16564
7097 16554
7097 17420
7097 18188
7147 8423
7213 16592
7213 17766
7213 18255
7274 15875
7290 10293
7290 11203
7290 12287
7290 15557
7290 16242
7290 18068
7290 18078
7290 18228
7302 11250
7335 12760
7340 17322
7372 11933
7379 18287
7391 7944
7391 9323
7391 10846
7391 11383
7391 11580
7391 16564
7391 16905
7391 18181
7399 9425
7399 16876
7399 18150
7433 8119
7433 9152
7443 18163
7480 7534
7516 18220
7526 8119
7526 11057
7526 14955
7526 18081
7526 18126
7532 7616
7534 13061
7534 15824
7534 18172
7534 18312
7647 17322
7674 17853
7708 9469
7714 8282
7714 11267
7714 18120
7714 18141
7760 11933
7820 10472
7901 18240
7944 18080
7976 10268
7976 12125
8068 16830
8068 18272
8093 11835
8093 13061
8093 18297
8093 18314
8099 11853
8099 15135
8099 18072
8102 12374
8119 9152
8119 9425
8119 10690
8119 11779
8119 16984
8119 17163
8119 18104
8119 18150
8119 18262
8119 18268
8124 14321
8124 17468
8159 18307
8197 12090
8197 12545
8197 13061
8197 15240
8197 17468
8197 17918
8197 18091
8197 18098
8272 15282
8281 15474
8281 16808
8281 16809
8293 18134
8298 9469
8298 11565
8298 11717
8298 13061
8298 16907
8298 17842
8298 18307
8363 18336
8387 11565
8387 14955
8409 9323
8409 16261
8409 18045
8409 18255
8423 14906
8423 15453
8472 11066
8484 9312
8484 17624
8484 18080
8494 18048
8549 10068
8549 11587
8566 11587
8604 11565
8604 13061
8666 14976
8712 10846
8712 15195
8712 18340
8868 15557
8882 15539
8912 10018
8914 18261
8954 11103
8954 18318
8996 17955
9010 18255
9078 16242
9152 10168
9152 15696
9152 16639
9152 17742
9152 18007
9152 18160
9152 18229
9152 18304
9168 9605
9168 10040
9168 13158
9245 10312
9245 17761
9299 17955
9312 14906
9323 13280
9323 15204
9323 15893
9323 18056
9323 18059
9323 18137
9323 18238
9323 18255
9326 12358
9421 18300
9425 16033
9425 18150
9444 14046
9444 15113
9444 18089
9444 18103
9469 10040
9469 11340
9469 11580
9469 11779
9469 15113
9469 17808
9469 18071
9472 18307
9510 11835
9548 16242
9565 16743
9573 10293
9757 18345
9775 15464
9888 10429
9896 16874
9994 18115
10018 10293
10018 13515
10018 18317
10040 10979
10040 17059
10040 18116
10068 16099
10068 18072
10068 18336
10168 11340
10168 16984
10168 17955
10235 16743
10265 17761
10268 15041
10293 10705
10293 12287
10293 15557
10293 15875
10293 16470
10293 18165
10293 18199
10293 18215
10304 17420
10312 14832
10312 14906
10312 16624
10312 17955
10312 18143
10312 18214
10312 18236
10312 18263
10312 18273
10314 16094
10323 18207
10347 14670
10347 15079
10347 15113
10347 18255
10399 13061
10461 15618
10461 16236
10461 17477
10461 18097
10477 16242
10520 12552
10558 18147
10592 13061
10592 15589
10645 16956
10789 11340
10789 13088
10789 15113
10789 15520
10789 15545
10789 15720
10789 17477
10789 18150
10846 17241
10911 12125
10913 18146
10952 15240
11014 18200
11017 14784
11020 16099
11037 14469
11101 18159
11184 11343
11184 14526
11184 15636
11203 11568
11203 17495
11267 18348
11340 12760
11340 14165
11340 15113
11340 15854
11340 16192
11340 16639
11340 16743
11340 17973
11340 18080
11340 18114
11340 18226
11340 18319
11340 18348
11343 15618
11344 12126
11352 17558
11376 12252
11383 15589
11475 11566
11475 15875
11492 15299
11492 18225
11504 15505
11504 15987
11504 18034
11529 17761
11533 17761
11565 11863
11565 14903
11565 17784
11565 18116
11565 18301
11568 11644
11568 14906
11568 15324
11568 17591
11580 16554
11580 18056
11644 15875
11729 17006
11779 17834
11853 18072
11863 17955
11912 16242
11933 13515
11943 18162
11943 18169
11943 18173
11943 18213
11943 18214
11953 14959
12022 16242
12059 17955
12070 15635
12125 16478
12245 17808
12252 15709
12252 18316
12341 12366
12358 14046
12358 18149
12358 18285
12545 13061
12643 15875
12643 17420
12643 18224
12718 16261
12727 18158
12760 16639
12760 17669
12844 16836
12844 18204
12885 15041
12885 15645
12885 18237
12885 18333
12966 14907
12970 18240
13017 17477
13061 14906
13061 15762
13061 17433
13061 17808
13061 17811
13061 17829
13061 17955
13061 18137
13061 18169
13088 18057
13134 14670
13157 17433
13280 13735
13280 14017
13280 15762
13280 18262
13515 17379
13515 18168
13515 18183
13631 15087
13631 17994
13686 14535
13735 14326
13735 14670
13735 15472
13735 17322
13735 18253
13735 18254
13759 16242
13981 15087
13981 17173
13990 17955
14017 15762
14017 17955
14129 18186
14264 15464
14272 18203
14303 15520
14303 17601
14303 18082
14303 18194
14417 17923
14418 15636
14418 18145
14461 18089
14657 15113
14657 16349
14677 16907
14748 16907
14751 18255
14755 14948
14784 15453
14832 15921
14903 15038
14906 14926
14906 15299
14906 18139
14906 18195
14906 18290
14906 18309
14930 16790
14930 18069
14930 18204
14943 15542
14948 17878
14948 18122
14948 18250
14976 15645
14976 16033
14976 16558
14976 16743
14976 17433
14976 17797
14976 18121
15041 17994
15045 18243
15110 15616
15113 15127
15113 16306
15113 17603
15113 18336
15185 15453
15185 15875
15185 18248
15240 18280
15252 17477
15255 18045
15282 16564
15299 17059
15299 18319
15398 18139
15453 18298
15472 18038
15472 18253
15474 16398
15474 17543
15474 17973
15474 18185
15474 18250
15505 16624
15505 17761
15505 17816
15505 18054
15505 18135
15505 18188
15505 18301
15505 18309
15505 18323
15520 15729
15618 16349
15618 18173
15636 18301
15675 15875
15698 16907
15729 18126
15761 15947
15761 17682
15761 18061
15761 18205
15762 18093
15762 18124
15763 17379
15783 16564
15798 18043
15798 18299
15852 18138
15875 17397
15875 17468
15875 17558
15875 17887
15875 17969
15875 18010
15875 18063
15875 18068
15875 18091
15875 18141
15875 18149
15875 18167
15875 18174
15921 18084
15947 17591
15987 17029
15987 17090
16099 16826
16100 17558
16192 18324
16217 18315
16236 17008
16236 18223
16242 16927
16242 17501
16242 17842
16242 18010
16242 18089
16242 18100
16242 18221
16242 18306
16322 17558
16332 18260
16349 18101
16391 17299
16478 16665
16549 17624
16554 16830
16554 18048
16554 18080
16554 18120
16554 18137
16554 18141
16554 18188
16554 18243
16554 18258
16564 18048
16564 18149
16564 18155
16610 18136
16629 17226
16629 18089
16629 18179
16665 18062
16790 18038
16798 18185
16809 17955
16830 18195
16836 17759
16836 18148
16836 18150
16877 17856
16907 17887
16907 18204
16983 18176
16984 18195
16984 18260
17008 17876
17008 18064
17059 18037
17059 18041
17059 18094
17059 18105
17059 18251
17069 17761
17199 17761
17222 18271
17294 17870
17299 18086
17299 18196
17299 18250
17299 18282
17377 18091
17377 18132
17414 17842
17414 18150
17420 18342
17433 17834
17462 17983
17468 17591
17468 17761
17477 17955
17558 18156
17591 17843
17591 18007
17591 18295
17591 18307
17621 18057
17635 18159
17700 18038
17714 17955
17715 18294
17751 17842
17759 18177
17761 17969
17816 18093
17816 18122
17834 18065
17837 18118
17853 18032
17853 18175
17869 17870
17887 18027
17916 18038
17955 18235
17955 18281
17975 18191
17977 18087
17981 18135
17988 18058
17994 18290
18010 18075
18037 18269
18038 18042
18038 18044
18038 18126
18056 18181
18056 18231
18061 18094
18071 18074
18080 18085
18081 18082
18087 18093
18093 18309
18094 18098
18094 18106
18121 18124
18124 18348
18150 18265
18154 18233
18197 18198
18232 18236
18241 18242
18246 18249
18246 18257
18278 18279
18287 18292
18296 18297
18327 18329
18336 18337
18345 18346
