0 42
0 1232
0 6596
0 7289
0 13533
0 18486
3 2437
3 5083
3 17761
3 18522
7 138
7 8068
7 18508
13 226
17 18630
19 2888
19 5270
26 138
26 162
26 839
26 1514
26 2027
26 2888
26 6810
26 7290
26 9366
26 11078
26 15675
26 18423
28 43
28 138
28 3313
28 3624
28 3785
28 5720
28 6071
28 6223
28 6435
28 6629
28 6810
28 8119
28 10293
28 18340
28 18357
28 18489
28 18520
29 3673
36 2100
42 43
42 73
42 76
42 123
42 158
42 412
42 467
42 536
42 963
42 1198
42 1413
42 1604
42 2313
42 2324
42 2704
42 2868
42 3093
42 3364
42 4179
42 5272
42 5362
42 6429
42 6596
42 7290
42 7480
42 7516
42 8567
42 11343
42 12760
42 14906
42 15389
42 15656
42 15675
42 16099
42 16984
42 18137
42 18220
42 18367
42 18464
42 18591
42 18635
43 108
43 405
43 730
43 762
43 1255
43 2051
43 2169
43 4749
43 5816
43 7097
43 8939
43 9214
43 9236
43 10846
43 10941
43 11066
43 11348
43 12366
43 12662
43 13580
43 13735
43 13967
43 15113
43 16639
43 16758
43 17212
43 17420
43 18227
43 18439
43 18475
43 18556
43 18559
43 18606
46 1369
46 5012
48 70
48 2272
48 3653
61 2199
70 2437
70 8068
70 9099
70 9323
70 16732
73 76
73 108
73 138
73 434
73 621
73 837
73 1106
73 1256
73 1612
73 1787
73 2692
73 2970
73 3030
73 3388
73 3516
73 3648
73 4507
73 4866
73 5366
73 5652
73 5658
73 6124
73 6885
73 6942
73 7147
73 8067
73 9896
73 9958
73 12686
73 16564
73 17761
73 18515
76 730
76 904
76 1198
76 2169
76 3030
76 3528
76 3624
76 3900
76 4187
76 5305
76 6779
76 8068
76 8119
76 9323
76 11066
76 11344
76 12252
76 12358
76 12527
76 12620
76 13157
76 15050
76 15113
76 16099
76 16589
76 17923
76 18137
76 18263
76 18357
76 18374
76 18466
76 18623
79 14943
83 1612
83 2762
83 4467
83 10312
83 15505
83 18348
83 18426
84 839
84 11103
84 13082
84 13253
84 14208
84 18432
90 3030
93 762
95 407
95 621
95 13061
96 15875
97 1787
97 5468
97 15481
97 18367
103 1788
108 226
108 881
108 1144
108 1658
108 1787
108 2868
108 7391
108 8363
108 16589
108 17420
108 18231
109 6435
110 1255
110 1390
110 1971
110 2027
110 2111
110 5021
110 6708
110 7855
110 8121
110 9896
110 10293
110 10558
110 11269
110 11344
110 13253
110 15129
110 15675
110 16580
110 16651
110 16758
110 17430
110 17914
110 18230
110 18386
110 18392
110 18461
110 18529
110 18553
110 18582
110 18615
113 6708
115 1413
115 17213
117 258
117 1661
117 3727
117 5720
121 124
122 1813
123 15415
124 621
124 4135
124 4879
124 12760
128 3764
133 3496
133 13253
134 2297
134 15503
138 141
138 762
138 904
138 1206
138 1235
138 1255
138 1612
138 1768
138 1872
138 1972
138 2095
138 2741
138 3313
138 3573
138 6779
138 10068
138 10168
138 10347
138 12366
138 13157
138 14955
138 16099
138 16589
138 16907
138 18340
138 18428
138 18467
138 18579
141 17814
141 18072
153 2741
153 3893
153 4924
153 10168
153 16956
153 18443
154 18635
157 1198
158 528
158 4523
158 8567
158 9214
158 10347
158 12556
158 15113
158 15367
158 16306
158 16589
158 16963
158 17558
158 18117
158 18349
162 7071
162 10930
162 18355
172 16373
172 18516
184 2762
184 5153
184 14077
184 17466
184 18368
190 1057
190 7289
196 258
196 370
196 1198
196 1483
196 3030
196 5644
196 6650
196 8119
196 10168
196 11779
196 14955
196 17870
196 18022
196 18407
196 18589
196 18606
201 1972
201 15618
201 16589
201 18443
206 1510
206 5471
221 9444
221 10846
221 12114
226 5270
226 16099
240 1994
240 15729
247 2111
247 2650
247 6362
249 1268
249 15113
258 467
258 1198
258 2762
258 5644
258 6596
258 9457
258 11048
258 12366
258 15108
258 17322
258 17591
258 18322
258 18591
258 18606
280 9156
287 18530
287 18615
297 1832
297 4924
297 18577
303 16017
312 10706
315 577
315 712
315 3030
315 3648
315 4031
315 5644
315 7391
315 9444
315 18357
315 18406
315 18539
315 18606
318 1737
318 5340
318 8068
318 18466
349 3335
370 621
370 762
370 904
370 2650
370 6650
370 6942
370 10456
370 12252
370 16327
370 17840
370 18404
370 18544
370 18572
370 18589
374 8567
374 18595
383 455
383 9312
383 10040
383 14906
383 16236
383 17059
383 18037
385 4886
390 18466
390 18658
405 5270
405 18639
407 1636
407 4216
410 6225
412 774
412 1636
412 1831
412 3364
412 3893
412 4866
412 5272
412 6108
412 6885
412 10040
412 14621
412 15800
412 16907
412 17059
412 18344
412 18536
412 18649
412 18653
412 18670
413 8409
413 18190
414 18311
432 1763
432 6596
432 17094
434 1255
434 10168
444 6779
453 4370
455 1636
455 3573
455 4530
455 4924
455 6782
455 9214
455 12358
455 12556
455 14755
455 15345
455 15618
455 15839
455 17436
455 17866
455 18445
455 18478
455 18512
455 18532
455 18562
455 18578
455 18626
455 18636
455 18642
455 18667
461 7290
461 8272
461 12760
467 881
467 1400
467 1636
467 1661
467 5009
467 5720
467 7290
467 17379
467 18429
467 18512
467 18568
477 1198
505 6781
506 8688
508 4092
508 4467
508 8712
508 12953
508 17923
510 5468
510 15400
518 4216
528 11963
528 18416
528 18525
531 1198
531 2762
531 5272
531 17814
532 3707
532 18137
536 1779
536 2820
536 5362
536 11568
570 18442
572 10068
572 16099
573 1877
573 2019
573 11195
573 11568
573 16984
573 18409
573 18569
577 618
577 621
577 852
577 904
577 1256
577 1604
577 2095
577 2488
577 5065
577 5471
577 9266
577 10596
577 17955
577 18366
589 8099
599 1551
610 5637
613 4179
613 4423
613 4839
613 9948
613 11565
613 15299
613 18354
613 18520
613 18595
618 1206
618 4749
618 12358
618 12366
618 18602
621 634
621 2284
621 4216
621 4280
621 4488
621 4562
621 6362
621 6650
621 6781
621 8068
621 9004
621 10036
621 11115
621 11953
621 12358
621 14200
621 16099
621 16988
621 18227
621 18231
621 18366
621 18586
621 18629
621 18640
634 5616
634 11779
634 18072
659 1321
659 1551
659 4216
659 18668
677 18429
678 1612
678 17923
682 1510
682 3243
682 14767
686 2868
690 8630
690 10231
712 5065
712 17336
714 9326
729 3790
729 10846
729 11269
729 15113
729 18489
729 18549
730 15614
733 15127
736 16564
736 17112
762 839
762 904
762 1904
762 2272
762 2650
762 3125
762 4467
762 4783
762 8712
762 10198
762 10347
762 12252
762 13157
762 15050
762 16589
762 17666
762 17923
762 18227
762 18367
762 18554
762 18593
762 18608
762 18622
762 18657
762 18663
774 14906
781 18570
789 1787
789 5021
789 18308
796 15875
803 1198
803 3973
803 4168
803 4423
803 6562
803 15618
803 18524
820 837
820 15299
820 18024
820 18579
821 5247
823 5119
837 2767
837 6885
837 12556
837 13478
837 17439
837 17772
837 18422
837 18438
837 18632
837 18633
839 1390
839 11269
839 11779
839 13253
839 15675
852 1041
852 1122
852 1206
852 1256
852 1361
852 1365
852 1393
852 1872
852 2488
852 2529
852 2674
852 2756
852 3313
852 3707
852 4092
852 4366
852 5089
852 5616
852 5720
852 5949
852 6223
852 6362
852 6885
852 6947
852 7186
852 7290
852 9326
852 11103
852 11376
852 11587
852 12358
852 12672
852 13157
852 13280
852 15388
852 15618
852 16592
852 16907
852 17222
852 17739
852 18190
852 18396
852 18494
852 18555
852 18561
852 18631
878 6984
879 5644
881 1144
881 2650
881 6596
881 6942
881 13280
881 16592
881 18394
881 18521
881 18567
892 4168
897 4465
898 3166
898 18519
898 18525
904 5468
904 16099
904 16184
904 18345
904 18417
904 18595
904 18652
907 1200
917 1551
917 4031
917 7290
921 2786
955 16757
968 10930
1002 1787
1002 2704
1002 2902
1002 4749
1002 5362
1002 5616
1002 12643
1002 13178
1002 16297
1002 18173
1002 18470
1002 18571
1002 18638
1006 2019
1006 17761
1006 17980
1011 8298
1012 16471
1057 7289
1060 8939
1060 17222
1060 18078
1060 18453
1065 1185
1065 2868
1065 6947
1065 13732
1106 1177
1106 1235
1106 1454
1106 3509
1106 3636
1106 5215
1106 15618
1106 18348
1106 18526
1106 18649
1115 2650
1115 4187
1115 6779
1115 7290
1115 8567
1115 9427
1115 9948
1115 15683
1115 16317
1115 18022
1115 18493
1115 18585
1115 18626
1122 4140
1122 5720
1135 13533
1140 1361
1140 18547
1144 1763
1144 3093
1144 3254
1144 6373
1144 10314
1144 11348
1144 12662
1144 13280
1144 18477
1144 18655
1164 15593
1164 18439
1167 2694
1170 1563
1170 2019
1170 2324
1170 4752
1170 5362
1170 15505
1177 6842
1177 16099
1177 16992
1185 2488
1185 2756
1185 11851
1185 16447
1198 1604
1198 2730
1198 4117
1198 4187
1198 4839
1198 5471
1198 6619
1198 10347
1198 11568
1198 14572
1198 14948
1198 15127
1200 1972
1200 3624
1200 16099
1206 1904
1206 2628
1206 3030
1206 9444
1206 18592
1206 18596
1232 9706
1234 8912
1235 7290
1255 4187
1255 4465
1255 11437
1255 15771
1255 18379
1255 18589
1255 18623
1256 1365
1256 1872
1256 2057
1256 2437
1256 5065
1256 5089
1256 6885
1256 10068
1256 10273
1256 11587
1256 17222
1268 12760
1312 2762
1312 16656
1321 18524
1322 11587
1359 2762
1359 5720
1359 11565
1359 11568
1359 12856
1359 16297
1359 18384
1359 18606
1361 1831
1361 2650
1361 5125
1361 5616
1361 9948
1361 10040
1361 11103
1361 12114
1361 13280
1361 13580
1361 17466
1361 18170
1361 18510
1361 18540
1361 18591
1365 2762
1365 4488
1365 4866
1365 5616
1365 5720
1365 5859
1365 15618
1365 18515
1369 2489
1369 18378
1369 18384
1369 18470
1370 4507
1370 6596
1388 3155
1392 1872
1392 2767
1392 4507
1392 4702
1392 8119
1392 9425
1392 13735
1392 17112
1392 17718
1392 17931
1392 18526
1392 18625
1393 2057
1393 18162
1393 18394
1393 18409
1407 1787
1407 16589
1413 1763
1413 2019
1413 2208
1413 2762
1413 3636
1413 4171
1413 4783
1413 5272
1413 6429
1413 6779
1413 9896
1413 11936
1413 14832
1413 15108
1413 18470
1422 14767
1426 6429
1436 2529
1436 4140
1483 2095
1483 2256
1483 14906
1483 16907
1514 5065
1514 6362
1514 8068
1514 10036
1514 18328
1517 5119
1523 1578
1523 6618
1523 15415
1523 18439
1551 1787
1551 14077
1564 18012
1604 2095
1604 3030
1604 4092
1604 4117
1604 5021
1604 5119
1604 9143
1604 10273
1604 13735
1608 4092
1612 2223
1612 2650
1612 3030
1612 4216
1612 4783
1612 5065
1612 5141
1612 5468
1612 5616
1612 8093
1612 14906
1612 17923
1612 18591
1622 4536
1625 17329
1636 2762
1636 3984
1636 5125
1636 5616
1636 6596
1636 10312
1636 11568
1636 12114
1636 12366
1636 13178
1636 14165
1636 14906
1636 15505
1636 16791
1636 16907
1636 17059
1636 17466
1636 18173
1636 18367
1636 18509
1636 18513
1636 18633
1640 1971
1640 2324
1640 2334
1640 6373
1640 6429
1640 7399
1640 11340
1640 15129
1640 15854
1640 18449
1640 18584
1640 18589
1657 18431
1661 6596
1661 17741
1661 18289
1663 18381
1697 9469
1697 18517
1709 16580
1709 16758
1709 18380
1709 18436
1709 18588
1717 8409
1737 4216
1737 8068
1742 18609
1745 2313
1745 7516
1763 3579
1763 10690
1763 12366
1763 12662
1763 17322
1763 17932
1763 18425
1763 18436
1763 18457
1763 18544
1763 18583
1763 18627
1763 18666
1768 2223
1768 2839
1768 10068
1769 10789
1769 15875
1773 18328
1773 18352
1785 5084
1787 1825
1787 2692
1787 4116
1787 4187
1787 4382
1787 5270
1787 5720
1787 7213
1787 8712
1787 18602
1788 2934
1794 13515
1794 18308
1813 14948
1818 2095
1818 3935
1824 18449
1825 7290
1825 10312
1825 18447
1831 2762
1831 9948
1831 10040
1831 12114
1831 15505
1831 16632
1831 16791
1831 18645
1836 17495
1836 18590
1845 6947
1854 2027
1863 2762
1872 2529
1872 10347
1872 14906
1872 14943
1877 15675
1877 16099
1877 16717
1877 18392
1877 18499
1879 7760
1896 8124
1896 17856
1917 7071
1917 7760
1917 8642
1917 9469
1917 14902
1917 17379
1917 18432
1917 18453
1917 18526
1917 18625
1924 8298
1928 3313
1941 2845
1941 17980
1971 2027
1971 4749
1971 6629
1971 15675
1971 16963
1971 17397
1971 18647
1972 2223
1972 2783
1972 3381
1972 3712
1972 4168
1972 6782
1972 7290
1972 8119
1972 9948
1972 15474
1972 16589
1972 17955
1972 18388
1972 18535
1990 5270
1990 12527
2019 2051
2019 2286
2019 3352
2019 4216
2019 4752
2019 9896
2019 10409
2019 12366
2019 14213
2019 18370
2019 18391
2019 18405
2019 18466
2019 18582
2019 18600
2019 18619
2027 2324
2027 2786
2027 3785
2027 8954
2027 9366
2027 15129
2027 16580
2027 16639
2027 18376
2027 18464
2051 2086
2057 3707
2057 5270
2057 5720
2057 16907
2062 11779
2095 4839
2095 5119
2095 6548
2095 6779
2095 10168
2095 13280
2095 16447
2095 16900
2095 16907
2095 18198
2095 18510
2100 15400
2100 16554
2111 2324
2111 5065
2111 6942
2111 18112
2111 18426
2111 18539
2118 4031
2118 6459
2118 15050
2122 17969
2128 18359
2140 17718
2156 5366
2156 5720
2156 12672
2156 15240
2156 18490
2158 18227
2191 3243
2191 16099
2208 5658
2208 11048
2208 15113
2208 17804
2223 4839
2223 5119
2223 6885
2223 7290
2223 10918
2223 15113
2223 15618
2223 15800
2223 17931
2223 18162
2223 18458
2223 18524
2223 18544
2255 11568
2256 9948
2284 4188
2284 14621
2284 18457
2286 14213
2292 6596
2292 15557
2292 17718
2313 9164
2313 12114
2313 14165
2313 15108
2313 16791
2324 2489
2324 3707
2324 5825
2324 14165
2324 18571
2324 18618
2333 6362
2357 10293
2389 7071
2389 12643
2389 15675
2389 18527
2428 6280
2428 9407
2437 2628
2437 15675
2437 16665
2437 16963
2437 18220
2437 18357
2453 9896
2455 9427
2455 16956
2488 5066
2488 5720
2488 18467
2489 5825
2529 5859
2529 5949
2529 16615
2529 17980
2529 18396
2529 18467
2529 18555
2562 18449
2582 5125
2583 2775
2583 10592
2583 17955
2598 3484
2598 4216
2598 10558
2620 5698
2627 5720
2627 10347
2628 12876
2628 18357
2650 4670
2650 6650
2650 8068
2650 9214
2650 9896
2650 16099
2650 17651
2674 14208
2674 18078
2674 18519
2691 3364
2691 3636
2692 4187
2692 15618
2694 18662
2704 7516
2718 8093
2718 12245
2730 12620
2739 5720
2739 14906
2739 15505
2739 16791
2741 2956
2741 5468
2756 3573
2756 3764
2756 5064
2756 5089
2756 5362
2756 6435
2756 6885
2756 13807
2756 16589
2756 16592
2762 3608
2762 4092
2762 4839
2762 7290
2762 8067
2762 8484
2762 10690
2762 11340
2762 11912
2762 11943
2762 13074
2762 13137
2762 13280
2762 14906
2762 15505
2762 15709
2762 16656
2762 17059
2762 17741
2762 18390
2762 18446
2762 18482
2762 18501
2762 18546
2767 5272
2767 5471
2767 12366
2767 12527
2767 13735
2767 14900
2767 16298
2767 17931
2767 18436
2767 18488
2767 18566
2767 18594
2771 14747
2783 4749
2783 6596
2783 12366
2786 3624
2786 6810
2786 10930
2786 17420
2786 18623
2816 5658
2816 11779
2816 18357
2821 16184
2821 18371
2821 18426
2822 18368
2839 3030
2868 4488
2868 4839
2868 13735
2868 18633
2882 10312
2888 4783
2888 18382
2915 8630
2947 5720
2947 16783
2962 4741
2970 17914
3024 5144
3024 10273
3024 11267
3030 3648
3030 4392
3030 4562
3030 5093
3030 6362
3030 6810
3030 8119
3030 9444
3030 17923
3030 18260
3030 18426
3041 18550
3065 14165
3076 4382
3076 8119
3076 12556
3076 17967
3077 18604
3093 3377
3093 6429
3093 9888
3093 17587
3093 18380
3107 9469
3155 5089
3155 8225
3155 18190
3158 4230
3158 4749
3158 6596
3158 9457
3158 13735
3166 4392
3166 5144
3166 5992
3166 6596
3166 16592
3166 18439
3226 3501
3226 6528
3239 18509
3307 4085
3307 18429
3313 3984
3313 5089
3313 5720
3313 5949
3313 6947
3313 8225
3313 10347
3313 11587
3313 16261
3313 17135
3313 18190
3313 18340
3313 18631
3361 4895
3364 3636
3364 4092
3364 14906
3364 18435
3405 6629
3405 15675
3456 3727
3456 3882
3456 4507
3456 12760
3484 7071
3484 14165
3487 8379
3496 18332
3501 12008
3501 15505
3501 17426
3528 15050
3528 18554
3545 11057
3573 5362
3573 9152
3579 5644
3579 8119
3579 8387
3592 4135
3608 9565
3624 5468
3624 6810
3624 6842
3624 9366
3624 13533
3636 4783
3636 12114
3636 16099
3636 16236
3636 18319
3648 5270
3648 17923
3673 7289
3673 10846
3673 11267
3673 11269
3690 5926
3693 18487
3707 5089
3707 5274
3707 6362
3707 11587
3707 13952
3707 14264
3707 15422
3707 16615
3707 16783
3707 16814
3707 17222
3707 18409
3707 18591
3707 18660
3737 9706
3785 5468
3787 10558
3843 6984
3861 7652
3882 4493
3882 4839
3882 8119
3882 9948
3882 18595
3893 5007
3935 18466
3948 6429
3948 7000
3950 11568
3963 18589
3973 4839
3973 16349
3975 16589
3984 11103
3984 14340
3984 17870
3984 18463
4001 12126
4011 6189
4011 8996
4011 13489
4011 18421
4031 4392
4031 11115
4031 17368
4031 18487
4031 18570
4031 18627
4048 18510
4057 15729
4057 18514
4059 11531
4059 18078
4085 4839
4085 18474
4090 11244
4090 15299
4090 17485
4090 17857
4092 4536
4092 4839
4092 4949
4092 6596
4092 9605
4092 14077
4092 15886
4092 17923
4092 18162
4092 18416
4092 18422
4092 18527
4113 14767
4117 6548
4117 7480
4117 9896
4117 12358
4117 12366
4117 15129
4117 18367
4117 18411
4117 18497
4117 18606
4117 18621
4135 8068
4135 18413
4138 18654
4140 15422
4140 18467
4168 9469
4168 11340
4171 11568
4171 14165
4171 18495
4179 6596
4179 7290
4179 8067
4179 14906
4187 4507
4187 5107
4187 6528
4187 6942
4187 11048
4187 14955
4187 16836
4187 17192
4187 17436
4187 17772
4187 18022
4187 18078
4187 18451
4188 5065
4216 9236
4216 9896
4216 12366
4216 15505
4216 17761
4216 17969
4216 17985
4216 18353
4280 6885
4366 7290
4370 13276
4382 4749
4382 11242
4382 16236
4382 16242
4392 16610
4419 5021
4423 4839
4423 18055
4465 5141
4465 9977
4465 15087
4465 17420
4467 8298
4467 10866
4467 17923
4488 6779
4488 6947
4488 16592
4507 4949
4507 9896
4507 12672
4507 15593
4507 16632
4507 16956
4507 18022
4523 16099
4523 18447
4530 8281
4536 6596
4536 9848
4536 12358
4536 13514
4536 16665
4536 17741
4536 18112
4536 18487
4536 18568
4536 18575
4536 18656
4562 5938
4589 18414
4591 10168
4634 9444
4641 5720
4702 11862
4723 5021
4723 18417
4731 8567
4731 13489
4731 16288
4731 18516
4731 18543
4731 18643
4749 16984
4752 18470
4771 14906
4771 16196
4771 16373
4771 18308
4771 18367
4771 18623
4783 8067
4783 8868
4783 9366
4783 9446
4783 12366
4783 12760
4783 16099
4783 18467
4783 18514
4822 8567
4839 4949
4839 9214
4839 11340
4839 12059
4839 12114
4839 17708
4839 18173
4839 18494
4839 18575
4839 18591
4839 18593
4839 18602
4839 18642
4860 18556
4866 10866
4866 12527
4866 18162
4882 11972
4924 5616
4924 8119
4924 11348
4924 14042
4924 15839
4924 17952
4924 18538
4924 18552
4924 18664
4964 5143
4964 8119
4964 15211
5009 5672
5009 6596
5018 18428
5049 15557
5065 5119
5065 6528
5065 6797
5065 8996
5065 9789
5065 10036
5065 14469
5065 14535
5065 15064
5065 15108
5065 15460
5065 15505
5065 16791
5065 17436
5065 17718
5065 18083
5065 18353
5065 18413
5065 18450
5065 18453
5065 18492
5065 18498
5065 18518
5065 18523
5065 18586
5066 5720
5066 7041
5079 17112
5084 9425
5084 16540
5089 5468
5089 6947
5089 11587
5089 15800
5089 16261
5093 13533
5093 18480
5107 15750
5107 18632
5119 6203
5119 6373
5119 6885
5119 7399
5119 7772
5119 8159
5119 9469
5119 9836
5119 12319
5119 12366
5119 13735
5119 16500
5119 16907
5119 17955
5119 18362
5119 18369
5119 18431
5119 18459
5119 18483
5119 18512
5119 18586
5119 18637
5119 18669
5144 6629
5144 16322
5144 16554
5144 16610
5179 8712
5181 15675
5181 16513
5204 18466
5230 12421
5270 9888
5270 14943
5270 16589
5270 18589
5270 18623
5272 6435
5272 9896
5272 10558
5272 11344
5272 11565
5272 11568
5272 18230
5272 18436
5272 18561
5272 18566
5272 18624
5305 6429
5305 15875
5306 11242
5306 12932
5340 10766
5340 15875
5345 18508
5362 6189
5362 6435
5362 6779
5362 7213
5362 13489
5362 15108
5362 17969
5362 18470
5366 8409
5366 11203
5366 11533
5366 11565
5366 17761
5366 18571
5366 18611
5366 18638
5441 18441
5468 5938
5468 7457
5468 10203
5468 15367
5468 16554
5468 17420
5468 17794
5468 18308
5468 18357
5471 11963
5521 10321
5550 15050
5550 16099
5551 17823
5615 17761
5615 18453
5616 5720
5616 7674
5616 8067
5616 10040
5616 10293
5616 11103
5616 11751
5616 13735
5616 17761
5616 17994
5616 18416
5616 18502
5616 18580
5635 7480
5644 11001
5644 18606
5649 6362
5672 6596
5672 7674
5672 13082
5672 14906
5672 18621
5692 18443
5699 16589
5699 18439
5706 10866
5706 18078
5706 18473
5720 6223
5720 6362
5720 6435
5720 6885
5720 7000
5720 7290
5720 8197
5720 8409
5720 8712
5720 8831
5720 10134
5720 10258
5720 11103
5720 11234
5720 12366
5720 12525
5720 12672
5720 15388
5720 15422
5720 16099
5720 16783
5720 17222
5720 18022
5720 18345
5720 18456
5720 18468
5720 18501
5720 18512
5720 18541
5720 18596
5720 18610
5801 17955
5816 7071
5816 8939
5816 16564
5825 11587
5825 13253
5831 13088
5831 17192
5831 18377
5831 18383
5831 18410
5831 18445
5831 18452
5831 18667
5849 14747
5849 18392
5859 6548
5859 11587
5859 17222
5859 18467
5926 17666
5926 17794
5929 14246
5938 9706
5938 13361
5938 16988
5938 17794
5938 18211
5938 18450
5938 18498
5938 18512
5938 18599
5949 6548
5949 8225
5949 8712
5992 10312
6062 8567
6071 8197
6160 7289
6189 15505
6189 18470
6203 14906
6203 18501
6203 18541
6203 18583
6223 10068
6246 15240
6280 8567
6289 6984
6362 15875
6362 16094
6362 18055
6362 18422
6362 18471
6373 7190
6373 9469
6373 10846
6373 12662
6373 16928
6373 17603
6373 18343
6373 18404
6373 18448
6373 18484
6373 18584
6373 18589
6389 10314
6389 17591
6413 10312
6413 16349
6419 6984
6429 6596
6429 7399
6429 7760
6429 9414
6429 10558
6429 10596
6429 11452
6429 12358
6429 16327
6429 16665
6429 17368
6429 17718
6429 18308
6429 18353
6429 18356
6429 18357
6429 18404
6429 18406
6429 18447
6429 18487
6429 18584
6429 18598
6429 18656
6431 7290
6435 7290
6435 9431
6435 11568
6435 16907
6448 8567
6448 11348
6448 15079
6448 16288
6448 18081
6448 18643
6498 18379
6528 15064
6548 6947
6548 7186
6548 16615
6596 8642
6596 10558
6596 11203
6596 11452
6596 11936
6596 13514
6596 13515
6596 14747
6596 15557
6596 16665
6596 17741
6596 17761
6596 18375
6596 18453
6596 18467
6596 18492
6596 18503
6596 18513
6624 16327
6629 6945
6629 7699
6629 8012
6629 8058
6629 12274
6629 12643
6629 13451
6629 14208
6629 14941
6629 15129
6629 15211
6629 15675
6629 15875
6629 16509
6629 16513
6629 16564
6629 17397
6629 17545
6629 18382
6629 18392
6629 18553
6629 18618
6640 18448
6692 16001
6708 15885
6779 8961
6779 11751
6779 15108
6779 15505
6779 18022
6779 18525
6795 18399
6817 10312
6817 13900
6867 12662
6885 17761
6917 9896
6942 7760
6942 16830
6942 18503
6942 18584
6947 14002
6947 16261
6984 9993
6984 10601
6984 11340
7000 15195
7000 17718
7000 18022
7000 18366
7000 18404
7041 16447
7071 8613
7071 18356
7071 18372
7093 9152
7097 8379
7097 9322
7097 16554
7097 16758
7097 18633
7109 18365
7119 18112
7147 8423
7147 10040
7190 15113
7244 18601
7274 12784
7290 7457
7290 8119
7290 8882
7290 9326
7290 11103
7290 11203
7290 13157
7290 15353
7290 15557
7290 16665
7290 16783
7290 18623
7290 18656
7290 18660
7340 10456
7340 18602
7371 8363
7371 18609
7391 8298
7391 8379
7391 9444
7391 10040
7391 16206
7391 16417
7391 18426
7391 18564
7391 18565
7399 8068
7399 9425
7399 16196
7399 18584
7480 17994
7526 18648
7532 18610
7647 16033
7647 18387
7674 9896
7690 18587
7710 18466
7714 15367
7714 16639
7740 8912
7760 12126
7839 15839
7839 17866
7839 18022
7839 18531
7961 18388
8067 14621
8067 18594
8068 16610
8068 16984
8110 16558
8119 15448
8119 17814
8119 17870
8119 18443
8119 18544
8121 8613
8121 15025
8124 11568
8124 15503
8124 17761
8124 18308
8124 18472
8197 9948
8197 12527
8197 16017
8197 16920
8197 18173
8197 18368
8197 18548
8225 18634
8272 14165
8293 18595
8341 16099
8379 16665
8409 12366
8409 16907
8409 18388
8409 18409
8409 18412
8423 15453
8484 9896
8484 10040
8484 18162
8494 18308
8494 18598
8549 10068
8567 17163
8608 10558
8613 18550
8712 10168
8712 11580
8712 12126
8712 15113
8712 15698
8712 16236
8712 17683
8712 17923
8712 18511
8712 18560
8712 18572
8712 18644
8787 13735
8831 10273
8912 16665
8954 9421
8981 14077
8993 18576
9010 10293
9071 13253
9099 16732
9152 13088
9152 13807
9152 15816
9152 17923
9158 17741
9164 16624
9214 17955
9299 18056
9323 16665
9323 18462
9323 18511
9366 17587
9425 15618
9425 16836
9425 17708
9425 18150
9425 18400
9425 18458
9425 18655
9427 17384
9431 18456
9463 18545
9463 18653
9469 10198
9469 15790
9469 16327
9469 18357
9469 18504
9483 13735
9529 10198
9565 18436
9565 18512
9565 18589
9605 13280
9605 18500
9649 12760
9706 11090
9789 17436
9789 18514
9790 18024
9888 12620
9888 15823
9888 16639
9896 15675
9896 18436
9897 11568
9920 17761
9948 14017
9948 15618
9948 17059
9948 17955
9977 18570
9985 10347
9985 16099
9985 16907
9985 18173
9994 10846
9994 17923
10006 17153
10018 12255
10018 18317
10040 16984
10040 17059
10040 18632
10068 13313
10068 18336
10068 18612
10124 14955
10157 18662
10168 10604
10168 11340
10198 11779
10231 10304
10273 12358
10273 17955
10273 18439
10273 18536
10273 18591
10293 13514
10293 15557
10293 18401
10293 18503
10293 18539
10293 18549
10312 11340
10312 13735
10312 13990
10312 15299
10312 16017
10312 16359
10312 18081
10312 18429
10312 18471
10312 18490
10312 18509
10312 18537
10312 18541
10314 17591
10347 13141
10347 16099
10347 16589
10347 18534
10456 15839
10461 16236
10472 17761
10558 16801
10558 18432
10558 18466
10592 18524
10713 12126
10789 13088
10789 15113
10789 18377
10789 18427
10789 18471
10816 18432
10846 11269
10846 11348
10846 12784
10846 15113
10846 17555
10846 18231
10846 18419
10846 18455
10846 18572
10846 18627
10846 18628
10846 18647
10894 18650
10905 18537
10918 16589
10941 17761
11001 17869
11017 11184
11080 15618
11103 18388
11115 15087
11203 11568
11203 14165
11203 16236
11203 17761
11203 18611
11214 18431
11234 17718
11267 18363
11340 12760
11340 15618
11340 16033
11340 16103
11340 18422
11340 18490
11340 18551
11340 18593
11344 18624
11533 17761
11565 13210
11565 13807
11565 17008
11568 13514
11568 14165
11568 16770
11568 18453
11568 18472
11568 18519
11580 11779
11587 14323
11587 15255
11587 16099
11587 18646
11751 18384
11779 16327
11779 18433
11779 18584
11803 16099
11888 18496
11907 18480
11936 18375
11943 14621
11972 15875
12059 15453
12059 17059
12059 17955
12114 15240
12114 18105
12126 17789
12126 18602
12245 18308
12245 18515
12319 15108
12319 17923
12341 18607
12342 15675
12358 12366
12358 13178
12358 17741
12358 18408
12358 18568
12366 18388
12396 18362
12462 18424
12620 18511
12643 17420
12712 18625
12760 18439
12876 18357
12885 18333
13017 16589
13017 18078
13157 17433
13157 18581
13178 17761
13226 18492
13280 15618
13280 15790
13280 18436
13280 18446
13318 17222
13346 18143
13489 17969
13489 18421
13515 16282
13515 17008
13557 18605
13580 16984
13735 15061
13735 15299
13735 15505
13735 16743
13735 18022
13735 18476
13735 18652
13878 17814
13952 18381
13990 15839
14002 15388
14017 15505
14017 18545
14017 18636
14165 15987
14165 16564
14165 18381
14303 15816
14303 17870
14303 17952
14303 18007
14303 18081
14303 18082
14303 18425
14303 18445
14303 18620
14400 18466
14535 18469
14657 18511
14747 16984
14747 17923
14903 18542
14903 18574
14903 18616
14906 15618
14906 16665
14906 16783
14906 17980
14906 18162
14906 18173
14906 18322
14906 18367
14906 18501
14906 18509
14906 18603
14906 18612
14906 18616
14948 18512
14976 16589
15025 18340
15075 15875
15108 15113
15108 15505
15108 18429
15113 16099
15113 16984
15113 17923
15113 17955
15113 18360
15113 18393
15113 18398
15114 18558
15127 17635
15127 18430
15129 15875
15129 16984
15195 18452
15211 15875
15214 18466
15240 16017
15252 17973
15252 18490
15293 16801
15299 15761
15299 18624
15302 15875
15316 16500
15316 18058
15345 16907
15448 18081
15453 18497
15472 18422
15503 18472
15505 16791
15505 17300
15505 18378
15505 18454
15505 18591
15593 17059
15593 17741
15593 18659
15618 17955
15636 17072
15656 17761
15675 15875
15675 15887
15675 16984
15675 18470
15683 18542
15729 18514
15761 18390
15790 16414
15798 18043
15798 18299
15839 17784
15839 18019
15839 18528
15839 18531
15839 18540
15839 18594
15875 17495
15875 17678
15875 17741
15875 18056
15875 18370
15875 18376
15875 18432
15875 18449
15875 18460
15875 18582
15875 18588
15875 18658
15875 18661
15875 18665
15885 18507
16017 16907
16033 17923
16094 18360
16099 16196
16099 16907
16099 18447
16099 18495
16099 18521
16193 17857
16217 18608
16236 16592
16236 18418
16306 18373
16322 17558
16322 18615
16513 18248
16514 18631
16554 18357
16564 18519
16589 16639
16589 16984
16589 17587
16589 18443
16592 18162
16592 18610
16610 18609
16610 18627
16639 17923
16639 18617
16790 18358
16801 16984
16801 18480
16907 18409
16907 18512
16928 17923
16984 18230
16984 18366
16984 18389
16984 18413
16984 18465
16984 18553
16984 18597
16984 18657
17001 18355
17029 17994
17042 18012
17059 18501
17059 18536
17185 17955
17199 17761
17250 17299
17299 18173
17299 18411
17322 17784
17322 18081
17322 18361
17420 17495
17420 18506
17420 18550
17421 18543
17466 18417
17468 17761
17471 18485
17532 18661
17545 18661
17548 18173
17548 18494
17587 18173
17601 18403
17603 18081
17627 17932
17635 18363
17651 17923
17733 18397
17761 17856
17761 17969
17761 18502
17761 18533
17761 18611
17814 18005
17814 18523
17855 18458
17866 17955
17866 18081
17870 18589
17887 18395
17923 18173
17923 18260
17923 18308
17923 18409
17923 18556
17923 18588
17923 18606
17932 18434
17952 18081
17955 18019
17955 18055
17955 18081
17955 18377
17955 18471
17955 18479
17955 18551
17955 18552
17955 18573
17955 18577
17955 18633
17955 18642
17968 18198
17969 18415
17994 18391
18007 18414
18019 18434
18019 18458
18021 18385
18055 18081
18055 18535
18081 18445
18081 18458
18081 18477
18093 18173
18127 18466
18162 18491
18173 18420
18179 18453
18220 18635
18227 18651
18236 18470
18273 18364
18344 18505
18348 18351
18377 18383
18394 18402
18399 18616
18401 18404
18416 18440
18436 18437
18439 18662
18443 18444
18443 18447
18443 18585
18443 18626
18443 18641
18466 18481
18466 18487
18470 18557
18497 18509
18509 18541
18509 18563
18566 18602
18610 18645
18613 18614
