0 1633
0 2787
0 16076
2 837
2 14688
2 16246
3 21209
8 15709
12 19587
14 108
14 18105
14 21442
14 21482
20 4117
20 11344
20 14906
26 839
26 1009
26 2919
26 17896
26 21315
26 21432
28 73
28 852
28 1185
28 1200
28 1255
28 1364
28 1612
28 1990
28 2868
28 2943
28 3648
28 3910
28 5270
28 5430
28 8197
28 10068
28 11851
28 13061
28 15168
28 15388
28 20130
28 20968
28 21194
28 21232
28 21297
29 88
29 8197
29 11214
33 2158
34 138
42 76
42 546
42 1058
42 1144
42 1604
42 1636
42 1792
42 2284
42 4116
42 4917
42 5237
42 5455
42 6373
42 7071
42 8197
42 15039
42 17692
42 17867
42 20380
42 21292
42 21440
42 21456
43 1255
43 1369
43 16639
43 21206
46 7443
46 9896
46 20912
48 138
48 9366
70 621
70 16937
70 21457
73 76
73 138
73 1200
73 2437
73 2845
73 5935
73 7364
73 8688
73 9425
73 10068
73 11912
73 13061
73 15012
73 20058
73 21339
74 5141
74 5270
76 509
76 510
76 548
76 577
76 762
76 1200
76 1206
76 1255
76 1792
76 1917
76 2062
76 2762
76 2816
76 3030
76 3676
76 3693
76 6779
76 7290
76 8688
76 8901
76 11066
76 12245
76 12435
76 13533
76 15168
76 17761
76 17860
76 17867
76 19859
76 20938
76 21134
76 21217
76 21232
76 21361
76 21384
76 21417
76 21449
76 21462
80 2158
83 1633
83 4031
83 6189
83 8494
83 13686
83 13735
83 18997
83 19970
83 21221
84 2868
87 8197
88 762
88 1255
88 1742
88 2786
88 3024
88 5658
88 9924
88 19041
88 20437
88 21382
95 1002
95 12644
95 20927
96 3785
97 897
97 2062
97 19763
100 17969
103 14677
108 19945
110 2324
110 6277
110 8197
110 15783
110 17397
110 19627
110 20862
110 21177
110 21268
110 21342
110 21464
122 6789
123 17427
124 10061
133 4135
133 20762
133 21206
134 1369
134 14017
135 12008
138 659
138 1255
138 1413
138 1636
138 2062
138 2739
138 2762
138 2868
138 4188
138 5237
138 7335
138 8494
138 8712
138 10068
138 12358
138 12421
138 12770
138 13157
138 14677
138 15388
138 15709
138 16099
138 16436
138 17728
138 17891
138 18681
138 19379
138 20151
138 21138
138 21173
138 21195
138 21231
138 21232
138 21291
138 21373
138 21376
138 21382
138 21398
138 21400
138 21413
138 21419
138 21440
138 21452
138 21466
138 21484
151 5581
151 20393
153 2627
153 6203
153 12770
153 20927
153 21257
153 21299
153 21398
153 21404
158 434
158 1255
158 1687
158 2762
158 3856
158 4382
158 6332
158 9789
158 9888
158 9924
158 11048
158 12421
158 14677
158 15168
158 17172
158 17268
158 21216
158 21271
158 21330
158 21394
158 21406
158 21437
172 2324
172 8197
172 17437
172 20862
174 837
174 9153
174 17302
174 19809
174 21358
196 455
196 1058
196 1278
196 2223
196 2762
196 5471
196 7399
196 7749
196 16988
196 19251
196 20407
196 20750
196 20938
196 21058
196 21150
196 21242
201 17728
213 781
214 218
214 2868
214 14610
218 258
218 19983
218 20910
218 21330
218 21357
226 19533
226 20988
226 21204
236 7097
253 2256
253 6867
253 7749
258 1255
258 4589
258 5125
258 12770
258 17891
258 17955
258 18473
258 20101
258 21183
267 20968
280 1604
280 5089
280 14677
280 16153
280 16770
298 10869
298 11164
298 15067
298 19026
302 21248
304 5065
315 1390
318 2062
318 13578
318 20988
338 7006
348 2583
351 16032
354 6624
354 18466
354 18687
370 7749
370 8914
370 20376
370 20938
370 20959
374 1255
382 21440
383 8963
383 17949
385 3749
386 21188
397 1365
401 21344
410 21203
412 881
412 5065
412 5258
412 5272
412 6199
412 9245
412 14677
412 20925
412 21211
412 21330
413 10068
423 2868
432 10461
433 1788
455 19847
461 16770
461 21229
461 21328
467 6801
467 15525
467 21338
490 3501
490 9147
502 5065
507 21421
508 12435
509 881
509 5550
510 21382
510 21440
519 3313
519 5089
519 5720
519 21310
528 5616
528 15039
528 15549
531 2762
531 15472
531 21440
532 2762
532 5272
532 21432
546 1012
546 1144
546 4187
546 6460
546 12770
546 20228
546 21230
548 4589
548 14906
548 15505
548 17761
570 2062
571 15709
572 573
572 2437
572 3799
572 7397
572 7792
573 1017
573 1057
573 1106
573 1333
573 2437
573 2762
573 9896
577 2543
577 3727
577 8608
577 11248
577 15557
577 16988
577 18564
577 19950
577 20305
577 20344
602 14948
602 21227
608 1612
608 4031
610 5065
610 5581
610 6373
610 11580
610 20393
610 20676
610 21273
610 21286
611 21322
613 1255
613 1370
613 2762
613 5119
613 6199
613 10724
613 11751
613 15039
613 21220
613 21425
613 21445
617 21293
618 712
618 5065
618 6429
618 7290
618 8608
618 10941
618 16099
618 18319
618 21221
618 21279
618 21414
618 21422
621 1232
621 3727
621 5089
621 9586
621 11591
621 12245
621 12620
621 16525
621 17172
621 18021
621 18564
621 19970
621 21173
621 21305
621 21326
621 21327
621 21398
621 21439
621 21486
634 20927
641 1057
641 11545
641 15039
641 19600
641 20938
659 3072
659 18745
659 20446
659 21405
660 852
660 2488
660 5720
660 12770
678 4855
712 4135
712 5065
712 5581
712 16937
712 18564
712 21453
712 21486
729 3030
729 17873
729 21440
736 3422
736 13061
736 21174
746 16099
753 1422
762 1255
762 1413
762 1990
762 2256
762 4117
762 5215
762 5478
762 6373
762 11048
762 11340
762 20938
762 21387
762 21417
773 21486
781 11048
781 17354
803 1813
803 4839
803 5018
803 9789
803 11013
803 21247
821 839
823 3910
823 9896
823 13061
823 18847
837 6199
837 10724
837 18023
837 21198
837 21199
837 21220
837 21406
839 1232
839 1786
839 1879
839 2437
839 8061
839 9742
839 12643
839 14709
839 14937
839 19627
839 19859
839 20938
839 21218
839 21297
839 21440
852 1115
852 1390
852 1392
852 2057
852 2223
852 2762
852 3023
852 3313
852 3707
852 3910
852 4930
852 5089
852 5430
852 5616
852 5720
852 6817
852 8093
852 9309
852 10068
852 11851
852 12770
852 14002
852 14677
852 15706
852 15709
852 16592
852 16615
852 16770
852 18797
852 20229
852 20442
852 20938
852 21085
852 21221
852 21247
852 21296
852 21304
852 21369
852 21459
866 1115
879 18948
881 1763
881 2095
881 2583
881 2762
881 5065
881 5125
881 14677
881 15039
881 15823
881 16770
881 20151
881 21333
881 21334
891 5159
897 2762
897 3123
897 4783
897 5141
897 5658
897 7335
897 13533
897 18831
897 20988
897 21326
898 11203
898 18470
903 15299
904 11340
904 21270
907 11214
952 2428
968 1012
968 1990
968 2437
968 2771
968 3624
968 4135
968 15875
968 18470
968 20227
971 9147
1002 20403
1006 3093
1006 8197
1012 5089
1012 6041
1012 8712
1012 21244
1012 21316
1012 21413
1013 6867
1041 5366
1045 21378
1057 7396
1057 8197
1057 12070
1057 12358
1057 15698
1058 1106
1058 1917
1058 2919
1058 6203
1058 6596
1058 9789
1058 14213
1058 20481
1058 20953
1065 1185
1065 2529
1065 3313
1065 8093
1099 19627
1106 5215
1106 11103
1106 14677
1106 20151
1106 20508
1106 21235
1115 1636
1115 1990
1115 3910
1115 4589
1115 8281
1115 11048
1115 13061
1115 21330
1115 21352
1115 21483
1125 2095
1125 16428
1144 1235
1144 2715
1144 13061
1144 13735
1144 14631
1144 16541
1144 19970
1144 20376
1144 20407
1144 21151
1144 21382
1144 21481
1170 1687
1177 1322
1185 2095
1185 8093
1185 8197
1185 12419
1185 21167
1198 1359
1198 1636
1198 3226
1198 4011
1198 5362
1198 6448
1198 10035
1198 14046
1198 19546
1200 1206
1200 1255
1200 2149
1200 3707
1200 4140
1200 7607
1200 17891
1200 21134
1200 21232
1200 21240
1200 21301
1200 21413
1206 2529
1206 5430
1206 6041
1206 7607
1223 11066
1235 4187
1235 5119
1244 5159
1255 1321
1255 1392
1255 1413
1255 1539
1255 2062
1255 2529
1255 2786
1255 2816
1255 3484
1255 4113
1255 5270
1255 5933
1255 5988
1255 7290
1255 9396
1255 13240
1255 16099
1255 20058
1255 21288
1255 21428
1256 16099
1256 21278
1265 2762
1268 8272
1278 1636
1278 2762
1283 1413
1298 18466
1350 2062
1359 18641
1359 21339
1361 2583
1361 2762
1361 5672
1361 8197
1361 10383
1361 13922
1361 14373
1361 14416
1361 15557
1361 17968
1361 18512
1361 21182
1361 21470
1361 21485
1364 5468
1364 16984
1365 1390
1365 2529
1365 2868
1365 2919
1365 3226
1365 4930
1365 5720
1365 6596
1365 10911
1365 16623
1365 19333
1365 21099
1365 21214
1365 21230
1365 21437
1365 21440
1369 1836
1369 1971
1369 2437
1369 7230
1369 16127
1369 19715
1370 4135
1370 5938
1379 5720
1390 1393
1390 4727
1390 6817
1390 8093
1390 8974
1390 9245
1390 14677
1390 19983
1392 3446
1392 5215
1392 6203
1392 13032
1392 15800
1392 21173
1393 2583
1393 2762
1393 13157
1393 14677
1393 14906
1393 16075
1393 20130
1393 21182
1393 21201
1393 21333
1393 21334
1393 21336
1413 3049
1413 5215
1413 6503
1413 8197
1413 13990
1413 14213
1413 15168
1413 15656
1413 15935
1413 21291
1413 21390
1422 2062
1422 12760
1514 12097
1514 16525
1514 16988
1514 20938
1539 2816
1539 4031
1540 21262
1543 16298
1600 4187
1600 18484
1604 2762
1604 3313
1604 14219
1604 15505
1606 6817
1606 10061
1606 12358
1612 4031
1622 15557
1633 1917
1633 6429
1633 21086
1636 2156
1636 2158
1636 2583
1636 2868
1636 4117
1636 4589
1636 4727
1636 8067
1636 8453
1636 9245
1636 11629
1636 12358
1636 13708
1636 14062
1636 14597
1636 15168
1636 15823
1636 16099
1636 16614
1636 16750
1636 19229
1636 19568
1636 20130
1636 20151
1636 20927
1636 21230
1636 21391
1636 21397
1636 21447
1636 21486
1644 3447
1664 2324
1664 14937
1687 4117
1687 5362
1687 17761
1709 8197
1709 17397
1717 5089
1742 1788
1742 3785
1742 4783
1742 8363
1742 13016
1742 21382
1763 1959
1763 2583
1763 5267
1763 5366
1763 10846
1763 11912
1763 13990
1763 14677
1763 14946
1763 17891
1763 20376
1763 21314
1763 21370
1763 21472
1776 21222
1779 3447
1788 4783
1788 12488
1788 16349
1792 7290
1794 21414
1807 11376
1812 3727
1812 6596
1812 21359
1813 5084
1813 21368
1818 20340
1818 20938
1818 21382
1818 21462
1819 7898
1824 3545
1824 7749
1831 15039
1831 21318
1831 21337
1831 21437
1836 2437
1836 20481
1836 21419
1877 21239
1877 21289
1877 21315
1879 1917
1879 3484
1879 6429
1879 9896
1917 3422
1917 5501
1917 6596
1917 7399
1917 8061
1917 8099
1917 9071
1917 11269
1917 11876
1917 12760
1917 17629
1917 19079
1917 19595
1917 20230
1917 20749
1917 21013
1917 21086
1917 21170
1917 21172
1917 21176
1917 21193
1917 21338
1917 21449
1922 12253
1922 13298
1922 14906
1922 21285
1922 21460
1929 21269
1939 21302
1941 21134
1971 2158
1971 21412
1972 12421
1972 14677
1973 5366
1990 2062
1990 2786
1990 5270
1990 5935
1990 13533
1990 21424
2015 10461
2019 21264
2019 21475
2027 2583
2027 3484
2027 5948
2027 6784
2027 8061
2027 9896
2027 13276
2027 15113
2027 15875
2027 16258
2027 17397
2027 20995
2027 21448
2031 10040
2057 18797
2062 2158
2062 6945
2062 13578
2062 19587
2062 21382
2089 3910
2095 2767
2095 3707
2095 3910
2095 5125
2095 7230
2095 8423
2095 9896
2095 10869
2095 12770
2095 15762
2095 16907
2095 21381
2095 21461
2095 21463
2095 21488
2102 3676
2102 20376
2102 21099
2102 21236
2111 12245
2122 17937
2122 19595
2122 19871
2156 21233
2158 2669
2158 3195
2158 3484
2158 3984
2158 8197
2158 17891
2158 19871
2158 20938
2158 21289
2191 16639
2191 19258
2191 20914
2197 21495
2204 15282
2223 3856
2223 3984
2223 6332
2223 7107
2223 8654
2223 11340
2223 12770
2223 14062
2223 15018
2223 17302
2223 17867
2223 17891
2223 19026
2223 20938
2223 21216
2223 21253
2223 21255
2223 21329
2223 21364
2238 15305
2256 2541
2256 3910
2256 5065
2256 5720
2256 6373
2256 19827
2256 20804
2256 21216
2256 21382
2256 21447
2256 21471
2280 17420
2286 21187
2286 21256
2307 21328
2313 2598
2313 21291
2319 4188
2319 21341
2324 4752
2324 13990
2324 14213
2324 15557
2324 18831
2324 20248
2326 21434
2333 4419
2333 21251
2333 21452
2389 9896
2389 11514
2389 12643
2389 14937
2389 15211
2389 16580
2389 19595
2389 19627
2389 20380
2389 20862
2389 21201
2404 4860
2406 18115
2428 2816
2428 14677
2437 4546
2437 4670
2437 6810
2437 7947
2437 11779
2437 13061
2437 17545
2437 19627
2437 20437
2437 20938
2437 21225
2437 21229
2437 21242
2437 21452
2489 2787
2522 15505
2522 21261
2527 19229
2529 3313
2529 5720
2529 8197
2529 10068
2529 12419
2529 14677
2529 15166
2529 16436
2529 18190
2529 18811
2529 19600
2529 21196
2541 2762
2541 20376
2543 3447
2543 18847
2545 5119
2545 5581
2582 3520
2582 4707
2582 4752
2582 4949
2582 5616
2582 21489
2583 3245
2583 3707
2583 3910
2583 3984
2583 4390
2583 4536
2583 4589
2583 5272
2583 5616
2583 5816
2583 6596
2583 10293
2583 10383
2583 10596
2583 13298
2583 13312
2583 13929
2583 14017
2583 14597
2583 14906
2583 14930
2583 15067
2583 15168
2583 15593
2583 15671
2583 17196
2583 17867
2583 19116
2583 21075
2583 21129
2583 21141
2583 21197
2583 21216
2583 21223
2583 21229
2583 21271
2583 21297
2583 21479
2589 21467
2603 12676
2612 8494
2617 15883
2617 18512
2617 19395
2627 5272
2627 6203
2627 14677
2627 15671
2627 16436
2627 18473
2627 19395
2650 4860
2650 14610
2663 6984
2663 13533
2663 21195
2669 2787
2669 19627
2669 21291
2692 17811
2692 21429
2694 21440
2705 6817
2724 6373
2724 8197
2739 5362
2739 19229
2739 21233
2739 21328
2756 3910
2756 10068
2756 21231
2762 3226
2762 3515
2762 4188
2762 4532
2762 5065
2762 5270
2762 5366
2762 5471
2762 6203
2762 6373
2762 6596
2762 6618
2762 6779
2762 6817
2762 7230
2762 7801
2762 8197
2762 8494
2762 8712
2762 10911
2762 13061
2762 14062
2762 14373
2762 14903
2762 14906
2762 15709
2762 16099
2762 16236
2762 17172
2762 17302
2762 18774
2762 19630
2762 20437
2762 21162
2762 21179
2762 21273
2762 21307
2762 21331
2762 21354
2762 21376
2762 21388
2762 21429
2762 21447
2762 21493
2767 2868
2767 4634
2767 6789
2767 9789
2767 15168
2767 21313
2767 21325
2767 21430
2786 3785
2786 5373
2786 9341
2786 9366
2786 11066
2786 16554
2786 17159
2786 17874
2786 20437
2787 3484
2787 19422
2787 20284
2816 5988
2816 13578
2816 21280
2839 10966
2839 13016
2839 13082
2845 10203
2868 3313
2868 3799
2868 5100
2868 5366
2868 7290
2868 13735
2868 18190
2868 19251
2868 21177
2868 21219
2868 21407
2882 21344
2888 11066
2888 21206
2912 8272
2919 11335
2930 20995
2934 14677
2934 17354
2943 6429
2943 8197
2958 18508
2966 5119
3023 6817
3023 17891
3023 21272
3030 14044
3065 19989
3072 12760
3072 17867
3072 19989
3072 21182
3093 21163
3107 4746
3154 21441
3155 21272
3158 3405
3166 5988
3166 11066
3166 19533
3171 20305
3177 21013
3183 10372
3226 19258
3226 20750
3239 4092
3239 5581
3239 16750
3245 16750
3313 3707
3313 3910
3313 4771
3313 5089
3313 6817
3313 6947
3313 11851
3313 12770
3313 13425
3313 14264
3313 14677
3313 16261
3313 16436
3313 21085
3313 21301
3313 21304
3318 3727
3322 21427
3336 16099
3356 6810
3361 4895
3368 11066
3380 9321
3380 13735
3380 21220
3405 8124
3405 15875
3405 16472
3405 17397
3405 17437
3405 18363
3405 19627
3405 21368
3405 21448
3447 10766
3447 17239
3447 21247
3447 21282
3456 11048
3461 10966
3484 6708
3484 9896
3484 17095
3484 17397
3484 20862
3484 21252
3501 4117
3501 9326
3501 19229
3509 15039
3515 6817
3515 15706
3528 3624
3528 17420
3541 21193
3545 9737
3624 7006
3624 8712
3624 15875
3624 17420
3636 21380
3639 18807
3648 19970
3648 21462
3673 12435
3673 20333
3676 20284
3693 21263
3707 3910
3707 5430
3707 5720
3707 7607
3707 12513
3707 13578
3707 15706
3707 20229
3707 21196
3707 21301
3707 21309
3707 21378
3727 11048
3727 13892
3727 15557
3727 17718
3785 5468
3787 12760
3787 17629
3787 21279
3791 12097
3799 19157
3799 21256
3799 21406
3843 21357
3865 16724
3882 7107
3882 7364
3882 18125
3882 21255
3882 21276
3910 5089
3910 6503
3910 6817
3910 6852
3910 6917
3910 8093
3910 9896
3910 10018
3910 10068
3910 10347
3910 11943
3910 12525
3910 13061
3910 15886
3910 16592
3910 18190
3910 18847
3910 20481
3910 21240
3910 21451
3910 21477
3935 20798
3950 9698
3973 7107
3984 4187
3984 15127
3984 18038
3984 18547
3984 21372
3993 13137
4011 5362
4011 11013
4011 21206
4011 21418
4031 19763
4059 9586
4092 6596
4092 6789
4092 8423
4092 14430
4092 15039
4092 17825
4092 21250
4092 21266
4110 7522
4113 5089
4113 7290
4113 13990
4113 17640
4113 21416
4117 6810
4117 11340
4117 15553
4117 16904
4117 17874
4117 20938
4117 21201
4117 21426
4126 10969
4135 5938
4135 12125
4135 12421
4135 14677
4135 16469
4135 20938
4135 21242
4140 20577
4157 15706
4181 18383
4187 5065
4187 5329
4187 15039
4187 17072
4187 17196
4187 18023
4187 18075
4187 20393
4187 21254
4187 21273
4187 21277
4187 21367
4187 21406
4188 5471
4188 11340
4188 14535
4188 15100
4216 5965
4216 20575
4231 21362
4234 11863
4234 19891
4234 19992
4234 20750
4234 21444
4248 21389
4370 7947
4382 17891
4382 18105
4382 20150
4382 21322
4382 21438
4390 6596
4390 17196
4397 14677
4419 16580
4419 17495
4419 21003
4419 21440
4488 5272
4488 14906
4507 20427
4532 10911
4532 14906
4536 7336
4536 10383
4536 12358
4536 15525
4536 18768
4536 20305
4536 21099
4536 21226
4536 21279
4536 21400
4545 6817
4546 5966
4546 8752
4546 21153
4585 5935
4589 4931
4589 5119
4589 16843
4589 17761
4589 21397
4589 21440
4634 17891
4670 7000
4702 21321
4707 14906
4707 16099
4727 5089
4727 5616
4727 7516
4744 20067
4771 6947
4771 11066
4771 12513
4771 20151
4771 21246
4783 4855
4783 9977
4783 15706
4783 19970
4783 20988
4822 21086
4839 5362
4839 15039
4839 16246
4839 17072
4839 18125
4839 21229
4839 21247
4839 21333
4855 13578
4855 17874
4858 21231
4860 14677
4924 13032
4924 15661
4924 16364
4930 10061
4931 5272
4931 14017
4931 15039
4949 16770
4949 19294
4968 6945
5007 6203
5007 17891
5012 6429
5012 15168
5012 15875
5018 21247
5031 10409
5049 21350
5065 5581
5065 5616
5065 5929
5065 6203
5065 6429
5065 6596
5065 7801
5065 7851
5065 8093
5065 8097
5065 10347
5065 10846
5065 10941
5065 11016
5065 12125
5065 13922
5065 14304
5065 14948
5065 15039
5065 15472
5065 16083
5065 16236
5065 16937
5065 17558
5065 18637
5065 18749
5065 19116
5065 19970
5065 20508
5065 20927
5065 21149
5065 21220
5065 21277
5065 21292
5065 21368
5065 21374
5065 21401
5065 21445
5065 21452
5065 21453
5065 21454
5065 21485
5084 10366
5089 5119
5089 5270
5089 5430
5089 5690
5089 5935
5089 6947
5089 9309
5089 10068
5089 11928
5089 12419
5089 14017
5089 15706
5089 16261
5089 16436
5089 16461
5089 17874
5089 17955
5089 20938
5089 21272
5089 21467
5100 7327
5100 21319
5107 21454
5119 9321
5119 10036
5119 10869
5119 14677
5119 17268
5119 17284
5119 19229
5119 20938
5119 21151
5119 21199
5119 21314
5119 21320
5119 21392
5119 21420
5119 21425
5119 21455
5119 21481
5125 5237
5125 5720
5125 5849
5125 21208
5159 15503
5159 21099
5159 21170
5215 11080
5215 11340
5215 21484
5233 8225
5233 21278
5265 11061
5265 11851
5265 17890
5267 20888
5267 21105
5270 20437
5270 21419
5270 21424
5272 5616
5272 6199
5272 6422
5272 6801
5272 8666
5272 13137
5272 13312
5272 15525
5272 16236
5272 20393
5272 21041
5272 21207
5272 21330
5272 21331
5272 21413
5272 21429
5272 21490
5272 21492
5306 19116
5329 6203
5329 20865
5329 21367
5362 6189
5362 15505
5362 17761
5362 18274
5362 18681
5362 20938
5362 21418
5366 5386
5366 7674
5366 8197
5366 13990
5366 15299
5366 15505
5366 16904
5366 18190
5366 18319
5366 20442
5373 17159
5373 17545
5373 20284
5373 21468
5386 6779
5386 8197
5430 6947
5430 7170
5430 7607
5430 11762
5430 15706
5430 21085
5468 11066
5468 16511
5468 17874
5468 21217
5468 21280
5468 21382
5479 18821
5479 20151
5493 17015
5493 17843
5501 7290
5550 12245
5550 15113
5550 21445
5550 21450
5581 6429
5616 5720
5616 11751
5616 20248
5616 21197
5616 21466
5621 21362
5658 19801
5658 21382
5672 6596
5672 7290
5672 14017
5672 16254
5672 17968
5672 19322
5672 21181
5692 18821
5692 21491
5694 20516
5702 17866
5702 17955
5720 7364
5720 11589
5720 12358
5720 13061
5720 15039
5720 15388
5720 15706
5720 15709
5720 16075
5720 16904
5720 18118
5720 18190
5720 19455
5720 20740
5720 21146
5720 21307
5720 21369
5720 21379
5720 21413
5720 21414
5720 21466
5816 14191
5831 9789
5831 19420
5859 18190
5935 8197
5935 20359
5935 21232
5935 21391
5938 17437
5938 17465
5938 17542
5938 18916
5938 19084
5938 21315
5938 21327
5938 21391
6041 12358
6109 7327
6160 17542
6189 6448
6189 11587
6189 21290
6199 21423
6203 6789
6203 11340
6203 17866
6203 18023
6203 18637
6203 19983
6203 20029
6205 20885
6332 14303
6332 20229
6332 20442
6373 6945
6373 7325
6373 7399
6373 8508
6373 9958
6373 12435
6373 14610
6373 16472
6373 16560
6373 16971
6373 17866
6373 18363
6373 20376
6373 20676
6373 20927
6373 20938
6373 21165
6373 21365
6373 21465
6429 8272
6429 9896
6429 11048
6429 11863
6429 12070
6429 12090
6429 12770
6429 15039
6429 15388
6429 15557
6429 18564
6429 18768
6429 20924
6429 20968
6429 21013
6429 21193
6429 21221
6429 21263
6429 21282
6429 21291
6429 21338
6429 21400
6429 21414
6429 21422
6429 21449
6448 14639
6448 17414
6460 13735
6498 9341
6498 21258
6503 18847
6548 9147
6596 8197
6596 9257
6596 12358
6596 14677
6596 15557
6596 16614
6596 19229
6596 19333
6596 20029
6596 20508
6596 20938
6596 21086
6596 21226
6596 21277
6596 21291
6596 21333
6596 21338
6596 21359
6596 21363
6618 14767
6618 16099
6619 15113
6624 11276
6624 15113
6624 20938
6624 21122
6629 19595
6629 21225
6629 21295
6640 17449
6708 17545
6767 20938
6779 11048
6779 15039
6779 15698
6779 16364
6779 17761
6779 20508
6779 21177
6779 21263
6779 21277
6784 15558
6784 16580
6800 15706
6801 13312
6810 14373
6810 21015
6810 21250
6817 6947
6817 10068
6817 12419
6817 13157
6817 15709
6817 16075
6817 16230
6817 16615
6817 20229
6817 20481
6817 21085
6817 21166
6817 21231
6817 21297
6817 21307
6817 21318
6867 10198
6867 11580
6867 20376
6867 20407
6867 20938
6867 21340
6885 14677
6916 13533
6917 8093
6945 7122
6945 7851
6945 9317
6945 11580
6965 16984
6984 13889
6984 14748
7000 8061
7000 18961
7000 19268
7000 21221
7006 14709
7006 17969
7006 21202
7097 14213
7097 16984
7107 16298
7186 19507
7290 13061
7290 14677
7290 15039
7290 15354
7290 16099
7290 17891
7290 20305
7290 21184
7290 21221
7327 7522
7336 12358
7336 21168
7364 18581
7364 21339
7378 20328
7391 18166
7391 20344
7398 8472
7398 11876
7398 16027
7399 8061
7399 9152
7399 19292
7399 20284
7516 14597
7522 11340
7547 17427
7652 10304
7659 16099
7749 19116
7749 20284
7749 20376
7749 20938
7749 21122
7749 21224
7801 19333
7801 21394
7947 15875
7955 21200
7991 21340
8061 9737
8061 10235
8061 19859
8061 21415
8067 21447
8093 11078
8119 11335
8119 11580
8124 15706
8179 21335
8197 9466
8197 11066
8197 11943
8197 12435
8197 12643
8197 14906
8197 15168
8197 16580
8197 17867
8197 18512
8197 18681
8197 19229
8197 19422
8197 19664
8197 20248
8197 20284
8197 21041
8197 21177
8197 21193
8197 21256
8197 21342
8197 21393
8197 21473
8225 21278
8272 21291
8297 11383
8298 16099
8333 21429
8363 8472
8363 16554
8363 17420
8363 21134
8364 17284
8423 15067
8433 15505
8484 17891
8484 21429
8494 9010
8494 14767
8494 17640
8494 21312
8494 21399
8508 10273
8565 17542
8567 10347
8567 14677
8596 11529
8613 12090
8613 17692
8712 15299
8712 19753
8712 20376
8752 17545
8752 21177
8798 21411
8835 21431
8953 18885
8963 17949
8963 21169
8979 12136
9071 10235
9122 16554
9122 20437
9152 10869
9152 11580
9152 18811
9152 19989
9152 20619
9152 21450
9152 21494
9241 21160
9245 13735
9245 14677
9245 14906
9245 20130
9245 21371
9321 15168
9321 16984
9323 11016
9323 21453
9422 15823
9425 15168
9425 15800
9425 17072
9425 17710
9425 20080
9425 21154
9425 21355
9427 9888
9427 21352
9453 17449
9466 14597
9466 15557
9466 17761
9469 9985
9472 17449
9472 17708
9510 20206
9529 15354
9529 21440
9586 21227
9586 21343
9789 10347
9789 16298
9789 16364
9789 21189
9829 21443
9874 16723
9888 11061
9888 15113
9888 18470
9896 10068
9896 12358
9896 17095
9896 17545
9896 17761
9896 18470
9896 19587
9896 20151
9896 20284
9896 20912
9896 21349
9896 21406
9958 12435
9958 20938
9994 20934
10006 21167
10018 16592
10018 19189
10018 21086
10027 21205
10040 11344
10040 18866
10068 11078
10068 13061
10068 18336
10186 16830
10191 21294
10198 10366
10206 12444
10268 15038
10268 21319
10273 21452
10293 11066
10293 14677
10293 21184
10347 12421
10347 14677
10347 16937
10347 18547
10347 20446
10366 12097
10383 21134
10409 21149
10409 21171
10409 21172
10409 21263
10513 21435
10724 11340
10766 21013
10766 21365
10766 21382
10789 15388
10789 19292
10789 21314
10846 15196
10846 21206
10846 21300
10860 17692
10869 14017
10869 14903
10869 15067
10869 16907
10911 13061
10911 15774
10911 19116
10939 11851
11016 16083
11023 13061
11023 16332
11037 16099
11037 18721
11048 14309
11048 15113
11048 17955
11048 21086
11066 16554
11066 17420
11066 17896
11066 20284
11103 21440
11146 15947
11164 15067
11184 12620
11203 14597
11214 20284
11228 14677
11269 21086
11335 21445
11340 15168
11340 17891
11340 19630
11340 21189
11340 21279
11340 21287
11340 21294
11340 21389
11340 21394
11340 21445
11340 21485
11351 21180
11545 15886
11545 19600
11549 18547
11580 18473
11580 19116
11580 21169
11589 21241
11592 15174
11660 21013
11751 15656
11751 15823
11751 17495
11751 20248
11751 21206
11779 17414
11779 18821
11779 20229
11779 20938
11779 21191
11779 21199
11779 21282
11779 21313
11779 21340
11779 21370
11779 21491
11836 12770
11851 17955
11863 14677
11863 15168
11863 16984
11912 15553
11912 19817
11943 20399
11943 21237
11943 21318
11943 21334
12070 21161
12090 20220
12097 16984
12114 21311
12125 16937
12136 16750
12245 20777
12356 21013
12358 15709
12358 16907
12358 19983
12358 20508
12358 21099
12358 21289
12358 21352
12419 19040
12421 14677
12435 16206
12435 20938
12435 21340
12488 16349
12525 19720
12637 21294
12643 17545
12698 15067
12718 13425
12734 20938
12760 14767
12770 14002
12770 14617
12835 21210
12885 17891
13017 16364
13032 21243
13061 13298
13061 16582
13061 17867
13061 20058
13061 21131
13061 21218
13061 21220
13061 21273
13061 21297
13061 21330
13061 21477
13074 17949
13088 21058
13157 14906
13170 16364
13183 15018
13227 21289
13280 21347
13312 16246
13463 21478
13566 19753
13578 21462
13590 17635
13653 16254
13686 21086
13735 13929
13735 14304
13735 15505
13735 21177
13735 21326
13735 21340
13735 21357
13760 21313
13887 17449
13903 21357
13990 15823
13990 17891
13990 18774
13990 19157
13996 21192
14002 15553
14017 16750
14017 21264
14017 21391
14017 21402
14042 21058
14158 16750
14158 21334
14264 21304
14272 15709
14326 17955
14418 21231
14597 14903
14597 15553
14597 15698
14597 16984
14597 17015
14597 17853
14597 19258
14597 21223
14631 21086
14657 21319
14677 14906
14677 14948
14677 15474
14677 15823
14677 16349
14677 16904
14677 16984
14677 19019
14687 21190
14767 15875
14767 16099
14903 15039
14903 17558
14903 20029
14906 15039
14906 15593
14906 16099
14906 19229
14906 19568
14906 20130
14906 20915
14906 21208
14906 21215
14906 21221
14906 21297
14906 21379
14906 21397
14906 21398
14948 15018
15012 17891
15012 21398
15018 17477
15039 15549
15039 16984
15039 20462
15039 21086
15039 21178
15056 16580
15067 17811
15067 19395
15067 21487
15113 16984
15113 18062
15166 21086
15168 15494
15168 15505
15168 15700
15168 16988
15168 17866
15168 18681
15168 19116
15168 20220
15168 20435
15168 21220
15168 21313
15168 21340
15196 20481
15211 15875
15240 21300
15282 15503
15282 20248
15293 21444
15388 16099
15388 19629
15453 21351
15468 21212
15472 20927
15474 16007
15474 21227
15474 21364
15505 21233
15505 21313
15505 21356
15553 21244
15557 20442
15558 15875
15656 18470
15661 21227
15675 15875
15683 21330
15698 20151
15706 21206
15706 21231
15709 19983
15764 21411
15839 21116
15875 17095
15875 17437
15875 17465
15875 17545
15875 19627
15875 20376
15875 20380
15875 20862
15875 20912
15875 21190
15875 21225
15875 21228
15875 21239
15875 21259
15875 21300
15875 21315
15875 21348
15875 21417
15875 21449
15886 19345
15891 21395
15929 21213
16007 21355
16076 20284
16090 20938
16099 19753
16099 20815
16099 21086
16099 21106
16099 21307
16236 16984
16236 20109
16294 21373
16298 21174
16298 21242
16322 20862
16349 20029
16349 21284
16364 19116
16364 20127
16428 16471
16511 21194
16541 18470
16554 17420
16554 21462
16554 21474
16582 21323
16592 19600
16592 20151
16592 20229
16592 21201
16603 21436
16639 19213
16813 18466
16830 21275
16888 20523
16904 20376
16904 20938
16904 21086
16904 21333
16933 20430
16984 20359
16984 20460
16984 20762
16984 21168
16984 21201
16984 21252
16984 21260
16984 21280
16984 21298
16984 21317
16984 21331
16984 21357
16984 21365
16984 21456
16984 21466
16992 19688
17041 17955
17041 21431
17047 20241
17047 21038
17151 21413
17172 21425
17222 21345
17322 21116
17418 21330
17420 21186
17437 17465
17449 17708
17449 21227
17477 20687
17545 21177
17556 21175
17628 21238
17661 18319
17661 21411
17692 19093
17710 21446
17728 21280
17761 21349
17811 21122
17825 21383
17867 21245
17891 17955
17891 20481
17923 21280
17937 19871
17955 18473
17955 20927
17955 21223
17955 21247
17955 21249
17955 21277
17955 21387
17955 21394
17955 21409
17955 21446
17958 20995
17958 21346
17958 21473
18007 20442
18038 20927
18110 18484
18146 21227
18466 19293
18466 19763
18466 20333
18466 20862
18466 20938
18466 21038
18466 21324
18466 21385
18466 21417
18470 21136
18470 21221
18470 21300
18472 21086
18473 21425
18593 21469
18681 19258
18681 19983
18681 21223
18681 21229
18681 21287
18735 21169
18745 21279
18774 21353
18794 19951
18831 20284
18831 21193
18843 20442
18887 20940
18948 19951
19040 21231
19080 20989
19116 21176
19116 21179
19116 21273
19116 21274
19116 21329
19116 21330
19116 21332
19116 21338
19116 21344
19189 21086
19193 21206
19258 21283
19258 21391
19268 21086
19333 21230
19382 21429
19395 21198
19420 21227
19422 19595
19455 21214
19664 20284
19681 21376
19715 21408
19723 21330
19945 21236
19945 21398
19962 20508
19970 21265
19989 21254
20130 21388
20150 20676
20178 21281
20219 21149
20220 20862
20220 20968
20284 20376
20284 20508
20284 21193
20284 21300
20284 21419
20284 21426
20284 21433
20284 21468
20305 21221
20305 21422
20370 21476
20442 20619
20442 21308
20442 21396
20460 21020
20508 21086
20573 21343
20583 21294
20594 21169
20815 21294
20927 21223
20930 21366
20934 21274
20934 21386
20968 21086
21063 21339
21085 21231
21086 21172
21086 21193
21086 21202
21086 21229
21086 21232
21086 21255
21086 21258
21086 21414
21139 21360
21177 21440
21185 21186
21214 21234
21227 21267
21227 21364
21235 21299
21294 21375
21294 21389
21300 21306
21302 21303
21337 21429
21343 21403
21359 21363
21364 21410
21377 21378
21441 21458
21479 21480
21491 21495
