7 76
7 5550
14 1604
14 4187
14 8197
16 21710
25 2284
25 3692
25 18610
26 42
26 153
26 162
26 338
26 2582
26 5144
26 14158
26 21769
28 76
28 917
28 1206
28 1390
28 1604
28 1990
28 2307
28 2650
28 3910
28 7738
28 8298
28 8688
28 10293
28 17853
28 17958
28 19301
28 20862
28 21676
29 48
29 76
29 2650
29 4783
29 5981
29 7399
30 3158
30 15994
36 6429
37 4058
42 258
42 499
42 1256
42 2582
42 3638
42 4507
42 5065
42 5493
42 6373
42 7006
42 7391
42 14158
42 15039
42 16904
42 17891
42 18847
42 21542
42 21768
46 662
46 1255
46 1365
46 4187
46 6171
46 18809
48 1990
48 3707
48 8363
48 16099
48 18154
56 4589
70 16937
73 97
73 3405
73 15875
74 3123
74 8363
74 20591
75 577
76 108
76 158
76 221
76 284
76 762
76 881
76 897
76 968
76 1255
76 1256
76 1612
76 2111
76 2149
76 2156
76 2256
76 2650
76 4679
76 5270
76 6429
76 8131
76 8298
76 8363
76 9257
76 9407
76 10409
76 13533
76 15039
76 16813
76 17958
76 18681
76 18865
76 20442
76 20926
76 21144
76 21474
76 21508
76 21547
76 21566
76 21609
77 21644
83 5550
83 7186
83 15039
83 16813
83 18847
83 20388
83 20972
84 1709
84 2333
84 14158
84 18687
87 153
87 565
88 158
88 1481
88 9152
88 21462
96 897
97 1255
97 2118
97 3123
97 13578
97 20437
97 20988
97 21753
108 762
108 1144
108 2786
108 17420
110 2324
110 2472
110 3049
110 3484
110 3935
110 5065
110 5432
110 11066
110 13361
110 15041
110 16601
110 17635
110 18617
110 18831
110 20388
110 20508
110 20576
110 20938
110 21527
110 21569
110 21584
110 21648
110 21764
117 280
117 16632
117 21622
122 12923
128 2582
128 10068
133 21382
134 15921
138 140
138 436
138 572
138 1255
138 1413
138 1604
138 1845
138 1990
138 2582
138 2783
138 3749
138 3836
138 3910
138 3975
138 4949
138 5119
138 5362
138 5720
138 6189
138 8411
138 11352
138 11587
138 12434
138 13061
138 13990
138 14062
138 15168
138 16099
138 16184
138 16712
138 19157
138 19269
138 20058
138 20388
138 21493
138 21506
138 21554
138 21556
138 21594
138 21604
138 21609
138 21610
138 21650
138 21676
140 7097
151 7398
151 16327
151 17640
151 21497
153 340
153 1060
153 1242
153 2783
153 3226
153 3910
153 4589
153 5362
153 5366
153 6203
153 6618
153 10258
153 10641
153 14017
153 17937
153 20130
153 20994
153 21470
153 21555
153 21563
154 17891
158 196
158 1255
158 1990
158 2930
158 3456
158 4585
158 4589
158 5215
158 6917
158 7290
158 8712
158 9147
158 9789
158 9851
158 9897
158 10268
158 11214
158 11228
158 11779
158 14303
158 14767
158 14879
158 15039
158 15168
158 15973
158 16731
158 18643
158 19189
158 20994
158 21144
158 21187
158 21493
158 21538
158 21556
158 21563
158 21602
158 21607
158 21625
158 21688
158 21693
158 21724
158 21725
158 21730
162 762
162 7398
162 8099
162 10293
162 18355
162 21613
162 21717
172 2472
172 8197
172 21599
178 3484
178 8197
184 3749
184 13061
184 20430
186 1200
186 12125
196 1144
196 3405
196 4924
196 7399
196 10846
196 14042
196 15168
196 15474
196 19189
196 21537
196 21639
201 2582
201 7792
201 10268
204 5362
206 3049
218 5493
218 5816
218 10641
218 12358
218 19116
221 1214
226 1742
226 17135
226 20988
253 2979
253 11228
253 11961
253 14062
258 5065
258 5362
258 5493
258 7281
258 9152
258 10641
258 12358
258 15505
258 16770
258 17891
258 18038
259 6852
267 1256
267 3313
267 5720
267 6817
280 839
280 2529
280 3692
280 4866
280 21622
284 5270
290 21652
298 4589
300 2582
312 19753
315 610
315 2111
315 4234
315 6429
315 9152
315 21382
318 2118
318 3648
318 4783
318 21382
318 21502
338 21527
340 4117
340 5362
340 14906
345 881
354 18687
370 3177
370 6373
370 7399
370 8131
370 11961
370 13590
370 16664
370 21558
383 1604
383 1831
383 2095
383 2582
383 4092
383 5065
383 5128
383 9168
383 14158
385 3749
393 616
403 21700
407 1636
407 5471
410 2582
410 21531
412 881
412 5256
412 5272
412 5363
412 7186
412 8484
412 9653
412 10186
412 11103
412 13555
412 15962
412 17172
412 18122
412 19026
412 19189
412 21606
412 21750
412 21751
413 852
413 6947
418 4419
423 20321
424 12760
432 1880
432 6623
434 762
434 2529
434 10273
444 21532
446 1636
446 7873
461 839
461 1106
461 3799
461 8124
467 1369
467 5159
467 9245
477 19911
499 839
499 2786
499 16554
502 21575
503 14354
503 15168
507 2762
508 20494
508 21656
511 539
519 2762
528 641
528 15039
528 15549
528 20430
536 1361
536 2158
536 2361
536 4507
536 14906
539 2582
546 2582
546 10641
546 17891
550 1872
556 17871
570 21578
572 6867
572 8712
572 16099
572 21553
573 4822
573 21633
577 762
577 2156
577 5065
577 6781
577 11343
577 13686
577 19950
577 21612
577 21621
608 2839
610 879
610 5065
610 14955
610 19189
610 20393
610 21643
613 2256
613 4949
613 5065
613 9245
613 10186
613 21567
613 21575
613 21689
613 21728
613 21747
618 7097
618 12125
618 15557
618 16099
618 19720
618 21554
618 21698
621 2885
621 12074
621 16327
621 16937
621 19026
621 21502
621 21565
621 21581
621 21656
621 21677
634 2048
641 3639
641 3910
641 4536
641 5272
641 12358
647 21704
659 2762
659 4126
659 11214
659 14903
659 16933
659 17682
659 17874
673 21676
682 14062
686 2756
686 5065
686 6962
686 15823
686 16592
691 1365
691 1636
691 1831
691 4783
691 5616
691 20442
712 2284
712 2762
712 6071
712 6429
712 6503
712 9168
712 11340
712 15163
712 16373
712 19189
712 21602
712 21687
729 852
729 3177
729 3405
736 10006
736 10068
736 12298
736 16665
762 2062
762 5215
762 7852
762 8688
762 10219
762 15994
762 21445
762 21462
762 21587
762 21652
762 21698
773 2111
773 13240
773 21382
794 886
803 21597
810 7792
821 21638
823 17635
837 4144
837 5471
837 10641
837 21498
837 21580
839 1879
839 15113
839 15302
839 15675
839 17545
839 17958
839 20912
839 21538
852 1206
852 2057
852 3707
852 4390
852 5362
852 6947
852 8688
852 9309
852 10068
852 12876
852 14158
852 16436
852 17629
852 17718
852 18199
852 20972
852 21512
852 21642
857 17420
857 21527
879 7399
881 2095
881 2582
881 3910
881 4727
881 4949
881 5272
881 5615
881 6503
881 6728
881 8484
881 15039
881 15549
881 21516
881 21523
881 21541
881 21657
881 21738
886 1144
886 1657
891 1369
891 21524
897 1271
897 2191
897 6503
897 7646
897 8363
897 11340
897 14767
897 20988
904 1390
904 7186
907 21642
917 2223
917 6203
917 9152
917 14903
917 17955
919 2582
948 17692
950 4382
950 13061
963 19294
968 1012
968 2786
1002 1097
1002 2582
1002 4727
1002 6189
1002 18888
1002 21568
1002 21601
1006 2122
1006 3171
1006 4117
1006 17753
1006 19627
1006 20935
1006 21653
1007 1106
1012 1390
1012 2762
1012 2783
1012 17172
1012 19157
1028 2582
1028 2783
1028 12686
1028 20972
1028 21358
1036 18466
1041 3224
1041 5822
1041 21740
1048 11214
1057 3910
1057 15709
1057 16099
1057 16770
1058 1369
1058 5159
1058 5816
1097 11514
1097 15875
1106 1390
1106 1604
1106 1985
1106 2582
1106 3381
1106 3638
1106 4589
1106 6429
1106 9653
1106 11214
1106 11228
1106 11340
1106 16592
1115 2767
1115 2783
1115 6203
1115 10040
1115 12434
1115 16242
1115 16349
1143 4397
1144 2762
1144 7399
1144 7991
1144 8119
1144 11340
1144 21549
1144 21770
1177 11587
1177 21631
1179 16500
1185 13485
1185 21576
1193 2086
1198 1392
1198 1413
1198 5362
1198 11751
1198 15299
1198 15505
1198 21630
1199 2650
1199 21756
1200 3100
1200 13533
1200 21544
1200 21604
1200 21740
1206 1255
1206 3910
1206 5100
1206 12525
1214 2489
1222 19301
1223 5966
1223 6171
1223 11066
1232 1779
1255 1256
1255 5270
1255 5468
1255 10999
1255 16984
1255 19301
1256 1779
1256 2783
1256 3313
1256 5720
1256 6817
1256 7230
1256 14002
1295 21564
1298 12358
1298 21608
1319 21649
1331 4589
1334 2529
1359 5362
1359 21577
1361 1636
1361 2256
1361 2582
1361 2767
1361 4589
1361 4771
1361 5065
1361 6189
1361 6203
1361 6503
1361 6810
1361 7487
1361 7769
1361 8119
1361 9245
1361 13574
1361 14906
1361 16120
1361 16770
1361 17891
1361 18512
1361 19026
1361 21402
1361 21521
1361 21575
1361 21705
1361 21721
1361 21734
1365 1812
1365 2529
1365 2705
1365 3313
1365 6852
1365 16120
1369 1917
1369 5159
1369 16287
1369 21690
1390 1831
1390 2762
1390 4106
1390 4507
1390 5362
1390 5720
1390 6189
1390 7073
1390 7186
1390 14906
1390 18251
1390 21552
1392 5530
1392 9888
1392 15113
1392 20388
1393 1812
1393 2762
1393 3307
1393 3893
1393 4589
1393 5362
1393 6728
1393 14062
1393 17432
1393 20130
1393 21505
1393 21516
1393 21642
1413 1996
1413 2437
1413 2885
1413 5125
1413 5493
1413 7006
1413 7822
1413 13844
1413 14062
1413 15505
1413 17150
1413 17891
1413 20576
1413 20935
1413 21086
1413 21522
1413 21530
1418 2934
1421 17867
1422 2256
1422 2582
1422 16099
1422 17867
1510 5493
1510 21510
1514 5065
1514 20388
1517 10061
1521 14653
1604 8197
1604 17955
1604 21254
1607 5616
1607 19970
1612 15113
1625 2323
1625 15921
1633 2783
1636 1831
1636 2256
1636 2529
1636 2582
1636 2762
1636 3910
1636 4589
1636 4679
1636 5141
1636 5362
1636 5616
1636 5649
1636 8484
1636 8625
1636 8630
1636 9897
1636 10186
1636 12358
1636 13922
1636 14062
1636 14906
1636 17853
1636 17891
1636 18607
1636 21510
1636 21542
1636 21594
1636 21610
1636 21709
1636 21752
1657 6203
1657 17891
1657 21389
1661 18547
1661 20800
1664 2437
1664 19627
1664 21694
1687 21671
1709 15558
1709 15875
1709 18862
1709 20508
1709 20912
1709 21736
1717 8409
1717 13284
1742 8363
1763 13990
1763 15168
1763 15705
1763 17853
1763 17955
1763 19109
1763 19116
1763 21472
1763 21549
1763 21583
1763 21765
1763 21768
1763 21770
1779 3910
1779 16510
1786 4860
1794 15557
1804 11066
1804 17635
1807 2204
1807 8712
1807 15709
1807 15720
1807 21725
1812 21622
1813 9323
1818 2081
1818 4783
1818 13578
1818 18681
1819 21513
1824 9280
1824 15675
1824 21069
1825 5125
1825 7186
1831 2762
1831 3910
1831 5706
1831 9168
1831 10596
1831 10690
1831 14017
1831 14621
1831 17682
1831 19164
1831 21606
1831 21636
1845 3313
1845 3515
1845 5935
1857 21619
1877 8836
1877 17420
1877 17618
1877 20938
1877 21177
1877 21599
1877 21706
1877 21759
1879 2599
1879 3405
1879 3727
1879 4783
1879 5362
1879 6199
1879 6429
1879 8124
1879 19422
1879 21514
1880 2256
1896 16472
1908 7944
1908 15921
1917 4822
1917 5144
1917 5334
1917 6596
1917 11925
1917 16327
1917 17001
1917 17212
1917 17958
1917 21504
1917 21686
1917 21711
1922 15973
1922 16252
1922 18038
1922 18888
1941 3624
1959 11779
1972 12372
1972 16099
1972 20067
1972 21038
1972 21086
1972 21294
1973 20800
1977 17692
1985 5621
1985 16592
1990 6203
1990 8197
1995 17692
1996 21510
2006 2256
2019 3171
2025 2256
2027 2786
2027 3592
2027 11066
2027 11228
2027 15558
2027 15875
2027 16580
2027 20912
2027 21546
2027 21586
2057 3313
2057 5720
2064 15322
2081 2111
2081 16984
2095 2223
2095 2762
2095 3065
2095 3910
2095 4187
2095 6189
2095 10268
2095 13061
2095 21496
2095 21572
2095 21727
2102 20388
2102 21669
2111 7399
2122 21729
2140 21713
2148 3636
2148 6817
2149 2650
2149 7947
2156 2582
2158 2428
2158 2582
2191 2783
2191 6189
2204 15720
2204 20576
2223 4839
2223 5065
2223 5119
2223 5725
2223 8654
2223 8887
2223 9653
2223 10636
2223 13760
2223 18007
2223 20687
2223 20994
2223 21174
2223 21496
2223 21520
2223 21556
2223 21611
2223 21669
2223 21677
2223 21683
2223 21708
2223 21727
2240 16500
2256 2582
2256 2762
2256 2767
2256 2783
2256 3882
2256 5366
2256 8197
2256 8298
2256 10040
2256 12932
2256 19189
2256 20494
2256 21498
2256 21682
2256 21772
2284 4188
2284 6071
2284 21687
2286 4688
2286 21187
2313 2324
2313 5616
2316 16770
2324 2762
2324 4589
2324 5125
2324 15875
2324 16281
2324 17635
2324 20912
2333 21586
2333 21739
2355 21512
2361 2428
2389 3041
2389 4419
2389 8197
2389 11514
2389 16580
2389 17545
2389 18918
2389 20958
2389 21177
2389 21692
2428 2582
2428 19164
2428 19437
2428 21709
2434 5362
2437 5468
2437 11351
2437 11514
2437 13844
2437 14653
2437 15675
2437 21180
2437 21601
2472 5065
2488 12770
2489 19627
2489 20508
2489 20862
2527 5021
2529 2582
2529 2810
2529 4585
2529 5720
2529 6852
2529 10068
2529 12525
2529 14062
2529 18199
2529 21528
2529 21740
2534 9168
2562 20938
2562 21546
2567 14303
2582 2762
2582 2783
2582 4234
2582 4822
2582 4949
2582 5127
2582 5362
2582 5363
2582 6810
2582 8067
2582 8099
2582 9168
2582 9245
2582 13913
2582 14017
2582 14158
2582 14597
2582 16099
2582 19983
2582 20207
2582 21489
2582 21592
2582 21641
2583 11529
2583 13838
2583 21627
2583 21669
2589 5089
2589 20806
2599 15525
2599 19972
2607 6189
2617 19298
2627 4117
2627 4839
2627 5272
2627 6624
2627 21740
2640 21577
2650 9888
2650 21547
2669 11514
2692 6203
2692 16327
2692 20557
2692 21691
2704 13578
2705 3313
2739 5493
2762 2767
2762 3412
2762 3727
2762 3749
2762 3910
2762 4117
2762 4589
2762 5065
2762 5119
2762 5220
2762 5362
2762 5366
2762 5550
2762 5560
2762 5616
2762 5720
2762 5938
2762 6203
2762 6429
2762 7699
2762 8197
2762 9168
2762 9536
2762 10018
2762 10690
2762 11103
2762 12358
2762 14767
2762 14865
2762 14906
2762 15505
2762 15671
2762 17172
2762 17761
2762 17853
2762 17891
2762 19983
2762 20130
2762 20321
2762 20494
2762 20915
2762 21503
2762 21505
2762 21516
2762 21540
2762 21771
2767 8093
2767 8298
2767 13061
2767 14621
2767 15113
2767 15168
2767 15671
2767 20199
2767 21493
2767 21597
2767 21677
2767 21733
2771 9317
2771 13276
2783 3882
2783 4589
2783 4839
2783 6852
2783 9888
2783 12434
2783 13017
2783 16984
2783 17877
2783 20199
2783 21445
2783 21625
2783 21695
2783 21697
2783 21748
2786 2839
2786 5270
2786 11066
2786 21474
2786 21547
2795 5012
2816 18922
2825 8197
2825 17761
2839 4783
2839 5468
2845 21547
2862 9257
2885 3799
2885 12125
2885 15168
2885 21664
2917 21646
2919 17836
2943 4585
2956 8272
3023 15168
3030 5065
3030 6503
3030 6810
3030 16184
3030 20994
3030 21501
3030 21731
3041 3592
3041 6107
3041 21546
3041 21707
3041 21764
3044 19294
3059 21663
3065 4193
3065 5363
3065 15505
3072 16322
3123 13016
3134 18547
3152 6548
3158 5065
3158 20508
3168 15168
3171 6429
3177 7186
3195 18918
3203 18607
3224 4117
3224 5119
3224 8197
3224 10258
3224 17196
3239 6769
3239 7290
3239 21610
3245 10186
3307 3707
3307 16099
3313 3707
3313 6947
3313 8688
3313 10068
3313 14062
3313 16261
3313 16615
3313 18199
3313 20972
3313 21726
3361 19911
3361 21758
3368 20284
3372 12940
3372 19439
3381 10596
3381 15474
3381 16836
3381 17414
3381 17708
3381 19859
3381 20938
3381 21445
3381 21590
3401 5366
3405 5272
3405 6810
3405 7290
3405 7399
3405 15675
3405 16580
3405 19627
3405 19720
3405 20421
3405 21661
3405 21669
3405 21692
3476 10592
3484 6429
3484 15875
3484 18862
3484 19595
3484 21508
3487 15557
3509 15039
3545 9649
3545 12932
3545 21682
3592 6867
3616 13276
3624 9573
3624 17420
3624 18748
3636 7186
3636 10186
3636 21629
3636 21657
3638 7290
3638 17860
3639 5272
3639 20430
3648 18681
3648 21502
3648 21652
3692 4688
3692 5720
3707 4783
3707 10293
3707 12770
3707 13485
3707 17891
3707 21378
3727 4536
3727 17718
3749 4486
3749 5720
3749 17837
3791 10409
3799 4981
3799 14062
3799 16017
3799 21552
3799 21559
3814 20067
3865 6160
3865 16984
3882 10596
3882 11340
3882 19189
3882 21556
3882 21682
3882 21683
3893 5362
3900 11066
3900 17958
3910 4234
3910 5270
3910 5621
3910 5706
3910 5816
3910 6810
3910 6947
3910 7738
3910 8093
3910 9888
3910 10068
3910 10293
3910 11943
3910 13061
3910 16592
3910 17853
3910 18607
3910 21493
3935 15675
3935 20798
3947 5362
3947 19303
3947 21575
3947 21747
3950 5616
3950 21730
3984 6203
3984 6373
3984 7399
3984 7947
3984 10219
3984 21262
4000 13016
4011 15039
4011 17903
4011 21597
4031 4783
4031 7000
4031 15678
4031 20494
4048 15973
4059 7399
4059 14906
4092 5065
4092 19164
4092 21498
4092 21722
4092 21743
4106 5468
4106 15987
4117 5362
4117 10641
4117 11340
4117 13735
4117 16322
4117 17891
4117 18643
4117 21713
4126 21737
4131 7398
4135 12125
4135 15875
4141 21635
4144 21716
4157 5089
4157 15706
4187 4746
4187 5065
4187 5362
4187 7487
4187 9245
4187 14879
4187 15973
4187 17254
4187 19229
4187 21551
4187 21575
4187 21684
4187 21747
4193 17814
4193 17891
4193 21245
4234 5720
4234 13061
4234 14062
4234 16099
4280 21581
4366 5215
4368 5128
4370 21584
4382 21695
4382 21703
4390 15039
4419 20421
4419 20958
4507 10641
4507 18251
4507 21141
4536 5065
4536 5816
4536 6429
4536 14407
4536 17008
4536 19189
4536 19445
4536 20590
4536 21589
4536 21668
4536 21687
4536 21711
4539 6984
4546 21692
4585 9323
4589 4924
4589 5065
4589 5366
4589 5616
4589 13574
4589 14906
4589 15987
4589 16770
4589 17671
4589 21542
4589 21594
4589 21696
4589 21709
4670 13844
4679 14906
4679 15823
4679 18617
4688 5065
4727 5366
4727 20721
4752 5362
4765 6392
4765 16106
4771 6623
4783 5658
4783 5816
4783 6203
4783 6503
4783 10641
4783 14281
4783 15039
4783 15113
4783 19057
4783 20938
4783 20988
4783 21389
4783 21426
4783 21756
4822 5272
4822 5362
4822 15168
4839 5065
4839 7822
4839 14576
4839 14948
4839 19430
4839 19983
4839 20388
4839 21496
4839 21557
4855 21511
4860 16106
4866 21592
4924 6332
4924 9897
4924 14042
4924 15168
4924 20994
4924 21394
4924 21529
4924 21562
4924 21598
4924 21603
4924 21741
4924 21755
4949 5272
4949 8067
4949 14906
4949 15168
4997 9396
5018 16146
5021 21633
5038 21761
5049 21609
5049 21633
5065 5125
5065 5272
5065 5616
5065 6203
5065 6596
5065 6619
5065 6781
5065 7487
5065 7822
5065 9323
5065 9466
5065 9649
5065 10718
5065 11343
5065 13574
5065 14930
5065 15039
5065 15113
5065 15163
5065 15282
5065 15505
5065 15549
5065 15823
5065 15973
5065 16327
5065 16723
5065 17145
5065 17891
5065 17903
5065 18574
5065 19197
5065 19874
5065 19970
5065 20138
5065 20199
5065 20351
5065 20388
5065 20403
5065 20938
5065 21321
5065 21445
5065 21565
5065 21575
5065 21579
5065 21587
5065 21589
5065 21614
5065 21616
5065 21617
5065 21628
5065 21638
5065 21645
5065 21689
5065 21709
5065 21714
5065 21738
5065 21746
5065 21759
5065 21763
5089 7230
5089 8409
5089 9309
5089 11587
5089 12876
5089 16436
5089 16907
5089 20740
5089 21457
5089 21726
5100 13533
5100 17135
5107 14879
5119 5362
5119 8364
5119 15234
5119 17814
5119 17891
5119 21549
5119 21557
5119 21594
5119 21658
5125 5366
5125 8197
5125 10268
5125 13656
5125 14903
5125 15168
5125 15921
5125 16984
5125 17671
5125 20972
5141 13578
5141 14771
5141 17728
5141 18681
5141 21121
5144 6429
5144 7000
5159 5334
5215 16592
5215 16904
5220 5272
5220 8197
5265 13760
5267 19970
5270 8363
5270 8688
5270 9888
5270 20058
5270 20437
5270 21701
5272 5706
5272 6189
5272 7186
5272 8197
5272 8666
5272 9653
5272 10186
5272 10911
5272 12358
5272 13990
5272 14281
5272 15039
5272 16099
5272 18274
5272 19189
5272 19437
5272 21490
5272 21530
5272 21534
5272 21559
5272 21591
5272 21594
5272 21602
5272 21735
5272 21745
5272 21766
5305 15168
5331 21505
5353 20938
5362 5366
5362 5649
5362 5720
5362 6189
5362 7186
5362 8197
5362 10641
5362 13061
5362 14906
5362 15108
5362 15168
5362 15823
5362 16632
5362 17015
5362 18173
5362 19229
5362 20935
5362 21674
5362 21681
5363 21659
5366 6323
5366 17635
5366 17891
5366 18173
5366 21519
5366 21526
5366 21530
5366 21599
5366 21672
5366 21752
5373 20995
5373 21649
5373 21718
5415 9245
5430 16798
5468 11066
5468 18681
5468 21544
5468 21652
5468 21756
5471 21610
5479 19720
5479 21632
5493 7516
5493 12358
5493 15505
5493 21262
5493 21641
5501 19439
5550 6373
5550 16813
5615 15039
5615 21540
5616 11644
5616 14903
5616 15987
5616 17172
5616 17692
5616 19970
5616 21601
5621 17746
5658 8688
5658 19533
5720 6810
5720 7170
5720 7769
5720 8712
5720 9309
5720 9888
5720 10808
5720 14930
5720 15987
5720 17682
5720 18118
5720 18607
5720 21512
5720 21534
5720 21542
5720 21670
5720 21675
5782 21635
5792 21685
5816 17761
5816 19445
5816 21497
5822 8124
5822 11214
5822 13735
5822 17469
5831 19911
5831 21625
5831 21651
5838 19911
5838 21635
5929 21715
5935 10273
5935 17148
5935 21629
5938 7782
5938 12125
5938 16937
5938 16984
5938 21560
5938 21581
5948 17420
5948 21408
5948 21739
5949 19874
5981 8197
6009 14158
6107 19627
6109 7327
6164 19301
6171 20284
6189 6448
6189 6782
6189 8197
6189 9152
6189 13533
6189 15168
6189 16099
6189 19568
6189 20338
6189 21533
6189 21622
6203 7769
6203 9152
6203 10219
6203 15067
6203 17877
6203 17903
6203 18282
6203 20199
6203 20359
6203 20577
6203 21294
6203 21389
6203 21463
6203 21535
6203 21572
6203 21576
6203 21625
6203 21712
6203 21741
6373 7399
6373 11961
6373 16327
6373 16664
6373 19116
6373 20938
6373 21532
6373 21706
6373 21719
6382 12760
6429 7071
6429 8124
6429 8608
6429 11214
6429 15557
6429 16099
6429 16349
6429 16665
6429 19189
6429 20388
6429 20785
6429 21509
6429 21545
6429 21554
6429 21604
6429 21655
6429 21687
6429 21693
6429 21698
6429 21723
6448 20972
6448 21671
6498 13061
6503 21382
6548 8409
6583 16665
6596 12299
6596 15039
6596 16327
6596 21574
6596 21589
6596 21711
6619 7852
6619 15039
6619 15549
6619 21688
6619 21724
6624 6867
6624 8197
6624 11779
6624 20388
6640 19109
6779 9897
6779 21524
6779 21526
6779 21709
6779 21738
6810 8197
6810 15709
6810 16099
6810 20151
6810 21626
6810 21656
6817 10219
6839 17268
6852 7119
6852 20989
6867 21067
6945 20138
6947 11544
7000 18961
7000 21504
7000 21509
7000 21585
7006 8061
7006 12090
7006 14158
7006 15282
7006 17420
7006 21538
7006 21694
7071 17655
7071 18466
7073 7290
7097 8197
7097 21417
7109 19301
7119 18888
7170 16592
7186 7290
7186 11863
7186 13061
7186 14906
7186 17955
7186 18547
7186 21577
7190 7399
7230 14062
7230 14338
7290 15398
7290 15557
7290 16904
7290 21545
7290 21548
7290 21591
7364 7399
7364 10347
7391 21389
7399 9152
7399 9285
7399 10366
7399 11779
7399 13965
7399 16639
7399 19116
7399 19292
7399 21596
7399 21623
7399 21640
7487 17008
7522 11340
7674 21575
7690 15636
7749 7826
7760 9470
7769 8197
7792 8567
7801 9317
7852 16099
7855 20912
7953 10636
7991 16327
8061 12298
8061 20135
8067 11943
8067 21691
8093 10068
8093 11051
8093 12525
8093 17853
8093 21588
8093 21642
8119 9152
8119 11961
8119 21294
8124 9897
8124 20388
8159 19301
8197 8632
8197 10641
8197 11214
8197 12525
8197 13844
8197 15282
8197 15675
8197 15968
8197 15994
8197 16937
8197 17618
8197 17958
8197 18251
8197 18512
8197 19595
8197 19627
8197 19715
8197 19972
8197 20284
8197 20388
8197 20421
8197 21474
8197 21524
8197 21527
8197 21609
8197 21649
8197 21666
8272 15921
8272 21530
8347 21522
8363 13533
8363 21638
8364 12923
8364 18512
8364 21402
8364 21587
8409 16615
8409 21309
8411 21604
8411 21609
8484 9897
8484 14906
8484 21550
8567 11214
8608 13653
8688 21462
8688 21544
8712 16327
8712 21144
8712 21532
8836 9071
8979 12136
9147 10268
9147 21086
9152 9649
9152 11580
9152 15705
9152 19116
9152 20199
9152 20273
9152 20577
9152 20994
9152 21330
9152 21525
9152 21637
9152 21765
9168 10040
9168 14017
9168 14906
9168 18122
9214 18038
9241 21667
9245 15709
9245 21104
9257 20430
9309 12525
9309 16261
9323 19874
9379 9469
9425 11779
9444 10416
9466 17761
9466 20403
9466 21728
9504 16984
9510 20206
9649 11779
9649 16601
9649 21532
9649 21652
9851 10520
9888 13533
9888 14653
9888 15113
9888 21615
9888 21682
9977 20988
10006 21606
10040 14903
10040 21441
10061 15398
10061 17853
10068 11051
10068 11078
10068 11436
10068 17718
10068 17853
10068 20989
10068 21650
10068 21751
10070 10520
10070 14930
10203 21086
10216 16246
10268 16099
10293 11214
10293 14354
10293 21609
10293 21729
10347 19229
10347 21445
10416 20442
10636 21654
10641 15108
10641 15299
10641 15505
10641 18429
10641 19116
10690 21636
10713 18687
10766 13361
10789 21532
10789 21712
10818 15875
10818 20284
10818 21419
10818 21739
10889 19292
10911 14970
10911 21457
11051 18821
11061 15557
11061 15683
11061 15852
11066 17420
11066 18466
11066 18617
11066 20284
11066 20926
11066 21474
11078 13061
11078 14906
11214 16099
11214 20388
11214 21493
11214 21563
11214 21638
11214 21655
11228 11779
11228 20481
11241 20138
11269 21504
11340 14062
11340 14767
11340 16322
11340 16373
11340 16472
11340 17866
11340 17877
11340 17955
11340 19157
11340 20393
11340 21389
11340 21605
11340 21765
11344 14771
11344 16327
11344 19229
11344 21536
11514 17420
11514 20284
11514 21205
11529 15472
11586 20284
11644 21519
11751 15505
11751 15675
11751 20494
11779 13279
11779 13990
11779 18809
11779 19109
11779 20199
11779 20938
11779 21502
11779 21616
11797 17955
11863 16984
11943 18855
11943 21104
11961 15168
11961 21445
11998 15108
12070 21561
12122 18282
12125 21570
12125 21581
12125 21698
12233 16242
12233 18081
12252 21637
12358 18271
12434 13061
12525 13061
12599 21089
12643 17420
12713 13032
12760 17669
12876 16261
12876 17853
12885 16017
12885 16770
12923 17254
13046 19715
13061 15113
13061 17302
13061 18821
13061 21500
13088 19109
13279 17955
13280 14621
13280 20430
13284 21309
13361 16937
13425 21749
13574 16349
13578 17728
13578 18260
13578 21462
13656 20388
13735 16322
13735 17746
13735 19911
13838 14576
13959 15921
13967 21762
13981 18961
13990 15108
13990 15168
13990 15921
13990 18383
14017 17968
14042 20442
14042 21755
14062 14767
14062 15067
14062 19157
14062 21595
14158 16732
14158 18809
14158 21747
14213 15921
14281 18466
14326 21294
14333 20121
14492 15398
14653 18466
14767 19157
14865 15067
14903 16515
14903 20351
14903 20430
14903 21057
14903 21536
14903 21691
14903 21714
14906 17432
14906 17955
14906 19983
14906 21498
14906 21512
14906 21642
14906 21657
14918 15921
14930 21592
14948 21364
14948 21614
15039 15549
15067 20000
15067 20273
15067 21493
15075 20938
15079 15448
15079 21294
15113 15875
15113 17853
15127 21294
15168 15505
15168 15823
15168 17322
15168 17692
15168 17891
15168 17955
15168 18038
15168 20994
15168 21321
15168 21394
15168 21445
15168 21519
15168 21532
15168 21539
15168 21639
15168 21656
15168 21660
15168 21677
15168 21681
15204 21687
15234 20618
15282 20972
15309 18821
15309 21518
15398 21545
15398 21548
15474 16822
15505 17300
15505 17432
15505 17891
15505 18473
15505 19520
15505 20935
15505 21530
15505 21630
15525 15823
15539 17692
15557 16984
15675 15875
15687 16322
15687 21687
15720 19241
15753 20955
15819 21733
15823 17432
15823 17955
15852 21735
15875 19627
15875 19970
15875 20421
15875 20938
15875 21546
15875 21702
15875 21736
15875 21767
15875 21774
15921 17761
15921 21693
15929 21573
15941 20225
15973 16984
16017 16770
16090 21744
16099 16723
16099 18681
16099 19294
16099 20988
16099 21511
16099 21566
16099 21655
16120 16349
16184 21501
16233 21402
16233 21521
16261 17853
16261 21726
16276 19292
16298 17322
16298 21678
16322 19911
16327 16349
16327 18282
16327 19116
16327 21677
16410 20762
16420 21716
16472 21622
16554 17728
16554 18137
16554 21656
16554 21760
16592 18199
16592 21576
16592 21721
16596 21620
16610 17316
16615 21309
16632 21622
16731 21524
16753 18821
16803 20490
16849 16904
16849 18865
16967 20333
16984 19395
16984 20938
16984 21382
16984 21505
16984 21532
16984 21546
16984 21602
16984 21604
16984 21638
16984 21657
17047 20241
17316 17692
17321 18888
17322 21294
17420 20494
17420 21177
17420 21417
17420 21474
17436 19229
17501 21593
17545 20958
17669 21679
17671 21674
17692 19970
17692 21561
17692 21740
17708 21634
17718 19026
17814 17891
17853 21576
17853 21657
17853 21748
17871 21247
17891 19422
17891 21245
17891 21550
17891 21576
17903 21567
17955 18142
17955 19116
17955 20000
17955 20273
17955 21033
17955 21294
17955 21330
17955 21520
17955 21532
17955 21563
17955 21592
17955 21618
17955 21637
17955 21658
18038 21535
18105 18855
18260 20988
18354 21575
18451 21294
18466 18862
18466 21624
18607 21662
18617 21757
18748 21382
18811 21533
18855 18888
18908 19229
19116 19189
19116 21493
19116 21530
19116 21623
19116 21681
19116 21691
19116 21696
19116 21720
19116 21744
19147 19292
19189 19229
19189 21543
19189 21607
19229 19760
19229 21557
19395 20442
19422 20912
19587 21417
19720 19945
19945 21578
19951 21558
19962 21690
19970 21665
20130 21503
20150 20442
20151 21626
20219 21687
20220 21694
20273 21536
20284 21578
20284 21599
20399 21662
20430 20557
20440 21673
20442 20619
20442 21174
20442 21394
20442 21503
20442 21678
20442 21680
20494 21656
20494 21738
20508 21569
20508 21666
20565 20938
20596 21574
20721 21510
20750 21499
20849 21681
20995 21094
20995 21408
21086 21515
21086 21554
21121 21760
21126 21575
21174 21507
21227 21267
21294 21517
21294 21529
21294 21535
21294 21537
21294 21571
21294 21637
21294 21647
21306 21582
21337 21429
21381 21699
21382 21495
21470 21555
21475 21506
21490 21599
21493 21563
21493 21637
21518 21732
21532 21622
21575 21600
21618 21754
21622 21750
21666 21718
21666 21729
21695 21696
21741 21742
21767 21773
