0 10068
0 21169
2 22431
2 22510
7 4860
7 22543
25 8197
26 382
26 1792
26 6429
26 11066
26 13128
26 19627
26 22211
26 22539
28 29
28 48
28 138
28 145
28 461
28 852
28 1106
28 1206
28 1774
28 2095
28 2650
28 3166
28 3707
28 3910
28 3984
28 4589
28 5065
28 6817
28 7792
28 9425
28 9888
28 10068
28 10999
28 11228
28 11436
28 15593
28 16349
28 16511
28 18539
28 18551
28 19041
28 19629
28 20762
28 22357
28 22389
28 22396
28 22411
28 22436
28 22446
28 22495
28 22508
28 22521
28 22527
29 76
29 713
29 2718
29 2845
29 4465
29 5468
29 9122
29 12119
29 16099
29 16511
29 16610
29 16984
29 17587
29 18539
29 20058
29 20976
29 22440
30 1742
30 2111
30 16639
30 21967
37 153
37 16129
41 3707
42 110
42 444
42 881
42 898
42 1365
42 1402
42 3592
42 4187
42 4589
42 5362
42 5749
42 11203
42 11529
42 15557
42 19865
42 20673
42 21473
42 21510
42 22280
42 22404
42 22412
42 22421
42 22454
42 22478
42 22511
42 22512
42 22581
43 7097
43 8197
43 15113
43 18918
43 22350
43 22582
46 15151
48 3910
48 5468
48 16511
48 21462
73 1787
73 3078
73 6129
75 10336
75 12319
76 762
76 781
76 1106
76 1636
76 3368
76 3910
76 5065
76 6506
76 9309
76 9649
76 11066
76 11587
76 12330
76 15775
76 18383
76 19041
76 20138
76 20762
76 20777
76 22411
76 22510
79 3636
79 15474
79 22364
83 1206
83 1390
83 4280
83 7708
83 8567
83 11340
83 14930
83 15240
83 22435
83 22550
88 805
88 1302
88 16511
88 21121
88 22407
88 22419
95 8197
95 22559
96 2357
96 12070
97 1742
97 2357
97 5029
97 5334
97 12330
97 22436
97 22534
110 3346
110 3405
110 3592
110 4171
110 4193
110 5009
110 5917
110 6629
110 8197
110 8613
110 12005
110 14067
110 14165
110 15675
110 16373
110 18287
110 19627
110 20590
110 21119
110 21510
110 21811
110 22023
110 22340
110 22355
110 22360
110 22398
110 22412
110 22444
110 22528
110 22560
110 22574
110 22604
110 22608
115 16017
118 4860
118 20971
122 4589
133 12330
133 19116
133 22514
134 12070
138 762
138 922
138 2957
138 3910
138 7708
138 12119
138 12125
138 15113
138 21830
138 22357
138 22440
138 22450
138 22478
151 19676
151 22548
153 852
153 4585
153 5366
153 8119
153 9562
153 11340
153 12319
153 15038
153 15618
153 16099
153 19292
153 21545
153 22280
156 9010
156 22033
158 267
158 1972
158 1996
158 2223
158 2868
158 5652
158 7399
158 8197
158 11228
158 11779
158 12620
158 12672
158 17969
158 19292
158 19874
158 22316
158 22350
158 22356
158 22390
158 22456
158 22457
158 22469
158 22494
158 22509
158 22517
158 22550
158 22572
162 7335
162 21919
162 22364
172 2333
172 3405
172 8197
184 4589
191 5938
191 13361
191 21473
196 9425
196 15113
196 19116
196 19700
196 20150
196 20435
196 22396
214 3636
233 565
236 730
236 5119
236 7839
236 10347
244 20413
253 10198
253 20673
253 22406
258 2762
258 3910
258 4092
258 5065
258 5455
258 5493
258 8197
258 10321
258 14030
258 15067
258 17713
258 19116
258 20167
258 21642
258 22280
258 22437
258 22465
258 22485
267 9010
267 13063
270 12119
280 5009
280 6781
280 9649
280 14677
280 22382
298 1057
304 383
304 2223
304 3910
304 4589
304 19600
304 20291
304 21846
304 22376
304 22404
315 7399
315 21666
315 22365
318 13578
318 19041
338 5917
338 7006
338 22487
345 22126
351 15032
370 729
370 762
370 6624
370 7293
370 7399
370 8119
370 11214
370 16327
370 22338
370 22547
370 22575
374 839
374 14017
374 14030
374 22338
383 5616
391 2122
412 881
412 1057
412 3910
412 6506
412 8197
412 12119
412 15525
412 18670
412 19116
412 20291
412 22280
412 22370
412 22451
412 22548
434 444
434 6203
434 17891
434 22385
434 22401
444 1185
444 2650
444 11340
444 17891
444 20808
449 22460
455 22390
461 7397
461 18183
461 22364
467 6596
467 7097
467 14067
482 1165
490 762
490 12358
506 22413
506 22550
509 22561
510 22544
511 4187
511 5366
511 22376
531 5065
531 12358
531 15593
531 15959
531 22513
536 1393
536 2313
536 3226
536 5616
539 21666
546 17969
552 6247
568 22344
572 1743
577 7097
577 8197
577 13515
577 16665
577 18056
577 22342
577 22591
595 22601
610 1278
610 7399
610 16665
610 18121
610 18821
610 19676
610 22417
610 22477
613 15593
613 22562
616 22507
618 712
618 7097
618 8608
618 16665
618 19116
618 21545
618 22346
621 3030
635 21758
636 17866
641 3799
641 3910
641 4589
641 14906
641 18116
641 21642
641 22353
641 22363
641 22492
712 16665
712 22538
713 762
729 7607
729 22436
730 22392
736 22350
762 1256
762 1365
762 1523
762 2095
762 2529
762 3166
762 5065
762 5089
762 8175
762 8197
762 8567
762 10068
762 10999
762 11340
762 11587
762 12119
762 14906
762 16351
762 16511
762 17402
762 17427
762 22280
762 22362
762 22363
762 22396
762 22416
762 22433
762 22436
762 22440
762 22526
762 22595
773 19950
775 13240
781 9529
805 6498
821 1206
821 12119
821 21586
823 16099
837 4589
837 8981
837 22309
837 22408
839 5329
839 19627
839 21030
852 1185
852 1365
852 2529
852 2756
852 3023
852 3313
852 3707
852 5690
852 6223
852 6448
852 6817
852 6947
852 8119
852 8409
852 8421
852 9309
852 14002
852 15174
852 15388
852 18190
852 19116
852 21231
852 21642
852 22380
852 22441
852 22499
857 881
875 18811
881 2868
881 3239
881 4589
881 5521
881 6885
881 14677
881 18122
881 18183
881 22370
881 22404
883 18949
891 5493
897 1106
897 2197
897 9649
897 17866
897 22362
897 22533
904 22417
904 22459
922 22332
922 22366
948 1281
948 8197
968 1539
1002 22394
1002 22412
1006 22362
1011 1365
1057 2762
1057 3239
1057 20924
1057 22493
1060 2762
1060 22483
1100 2529
1106 1206
1106 2741
1106 3984
1106 7290
1106 7607
1106 7626
1106 11697
1106 12119
1106 13061
1106 13328
1106 19116
1106 19600
1106 20151
1106 22337
1106 22404
1106 22405
1106 22448
1115 9427
1115 15113
1115 15683
1115 16033
1115 22177
1115 22577
1115 22588
1115 22610
1129 22496
1144 2223
1144 5119
1144 6203
1144 22418
1144 22569
1170 1563
1170 5362
1170 6448
1170 16549
1177 22506
1185 1636
1185 2223
1185 2756
1185 3984
1185 5089
1185 5690
1185 5706
1185 6947
1185 16436
1185 17853
1185 21642
1185 22441
1198 1636
1198 2313
1198 2956
1198 5362
1198 5493
1198 6576
1198 11751
1198 18470
1206 1393
1206 2670
1206 8451
1206 12119
1206 22523
1206 22526
1242 1744
1256 21642
1264 18918
1278 5938
1300 7583
1300 20413
1321 20989
1359 1393
1359 2692
1359 5362
1359 22247
1359 22380
1361 15394
1361 17853
1361 18121
1361 18142
1361 22581
1365 6429
1365 8197
1365 12962
1365 20762
1365 22382
1365 22441
1365 22526
1366 5334
1369 10203
1390 1436
1390 6576
1390 10347
1392 2762
1392 20446
1392 22212
1392 22357
1392 22382
1392 22469
1392 22519
1393 1636
1393 1819
1393 2762
1393 2868
1393 3239
1393 3910
1393 5065
1393 5125
1393 5616
1393 10347
1393 13298
1393 14906
1393 15453
1393 15525
1393 15593
1393 16349
1393 17056
1393 18093
1393 19681
1393 22051
1393 22144
1393 22382
1393 22465
1393 22526
1406 22428
1413 1877
1413 3799
1413 5125
1413 16500
1413 20750
1413 22362
1413 22374
1413 22382
1413 22444
1436 2670
1436 19058
1510 20673
1514 5065
1514 5938
1514 18789
1514 19109
1514 21439
1514 21473
1523 2583
1523 3984
1539 16511
1540 11779
1561 14631
1563 22280
1612 19041
1633 22338
1636 2762
1636 3707
1636 4507
1636 5009
1636 5362
1636 5471
1636 12319
1636 15525
1636 18470
1636 19514
1636 20291
1636 22382
1636 22412
1636 22510
1636 22526
1636 22541
1636 22550
1636 22557
1636 22576
1636 22584
1640 8197
1640 22430
1657 2915
1657 5366
1657 17891
1709 1877
1709 15968
1717 9309
1737 19874
1742 5270
1742 9649
1742 15045
1742 21121
1742 22283
1745 5471
1745 5935
1745 18038
1745 22144
1763 22324
1763 22336
1774 6429
1779 8197
1788 13578
1794 2762
1794 7186
1794 11234
1794 13515
1794 16993
1794 22487
1797 16511
1813 2783
1813 5084
1814 19653
1818 9152
1818 22563
1819 2692
1819 4839
1819 15240
1824 17891
1825 15557
1831 18190
1844 22393
1877 8197
1877 11203
1877 15968
1877 22364
1877 22387
1877 22398
1877 22560
1879 8197
1879 22486
1917 3756
1917 4080
1917 5334
1917 5501
1917 5917
1917 6429
1917 7897
1917 10816
1917 11066
1917 16513
1917 18287
1917 22211
1917 22291
1917 22367
1917 22429
1917 22541
1917 22561
1922 11042
1959 19116
1971 22537
1972 6448
1972 15113
1972 22550
1990 8175
1990 13922
1990 21830
1990 22392
1996 3356
1996 11066
1996 17867
1996 22291
1996 22413
1996 22467
2019 3799
2019 22454
2019 22510
2057 2529
2057 3707
2057 9985
2057 17955
2057 22565
2057 22573
2062 6498
2086 16206
2086 22419
2095 19753
2111 3405
2111 7097
2118 20777
2122 21666
2156 4589
2158 2943
2158 5119
2158 12760
2158 13735
2158 22280
2197 22518
2204 22362
2223 2974
2223 4839
2223 11762
2223 12620
2223 16033
2223 17112
2223 19753
2223 21458
2223 22177
2223 22315
2223 22388
2223 22395
2223 22396
2223 22422
2223 22472
2223 22500
2223 22550
2256 15593
2284 6498
2284 22360
2286 22399
2287 4187
2313 8451
2313 15505
2313 21968
2313 22412
2313 22545
2316 22379
2324 21666
2326 22211
2333 2694
2333 13707
2333 22560
2388 3420
2389 22403
2399 5366
2437 4384
2437 5366
2437 21316
2437 22398
2460 19874
2472 22364
2512 21758
2522 19753
2528 9562
2528 21660
2529 2670
2529 2756
2529 9309
2529 9985
2529 10068
2529 12770
2529 18122
2529 22357
2529 22359
2529 22433
2529 22611
2534 11116
2583 4589
2583 5917
2583 14165
2583 16302
2583 22051
2583 22337
2583 22390
2583 22452
2583 22453
2593 11751
2593 21206
2598 11214
2598 18632
2598 19676
2650 11727
2650 17891
2670 5720
2670 22470
2692 19753
2692 22361
2692 22473
2692 22474
2692 22494
2694 3405
2694 22478
2694 22607
2718 3785
2739 5125
2739 6203
2739 8197
2756 3707
2756 8119
2756 9309
2756 9985
2756 15388
2756 22380
2762 3226
2762 3935
2762 4092
2762 4839
2762 5065
2762 5521
2762 6596
2762 8912
2762 9565
2762 11529
2762 13280
2762 15505
2762 15525
2762 15593
2762 16830
2762 18190
2762 18637
2762 18729
2762 22339
2762 22378
2762 22410
2762 22434
2762 22442
2762 22516
2762 22590
2767 5471
2767 16668
2767 16696
2785 11912
2787 6453
2816 5658
2816 12444
2868 9425
2868 11762
2868 11779
2868 19116
2868 21614
2868 22400
2882 22483
2888 22023
2912 10206
2915 11340
2915 20413
2930 4397
2934 11228
2956 8197
2956 18470
2957 5461
2957 8567
2957 15557
2957 18470
3013 22431
3024 20488
3030 9412
3030 9425
3030 16373
3030 18122
3030 19109
3030 21811
3030 22371
3030 22490
3030 22533
3041 17468
3041 21119
3041 22355
3041 22364
3041 22603
3062 22479
3065 22545
3065 22606
3107 6373
3166 4000
3166 6498
3166 8363
3166 20762
3166 22436
3239 4589
3239 5938
3239 18093
3239 22426
3313 6817
3313 11679
3313 22359
3313 22508
3315 22347
3322 19700
3326 11751
3368 16549
3368 21666
3368 22463
3368 22509
3405 8197
3405 21119
3405 22478
3477 15765
3484 4419
3484 10818
3485 21939
3501 15240
3515 3910
3528 16511
3540 12720
3545 15618
3545 20150
3545 22280
3545 22339
3545 22365
3592 15875
3636 17145
3636 19600
3636 22280
3673 10203
3707 6429
3707 9309
3707 11228
3707 15113
3707 15444
3707 15525
3707 22550
3707 22565
3745 22535
3756 22429
3799 6779
3799 16017
3799 18116
3799 22320
3799 22357
3855 15525
3865 9671
3882 7107
3882 22388
3893 7534
3910 4117
3910 4234
3910 4839
3910 5362
3910 5493
3910 5720
3910 5816
3910 6429
3910 6817
3910 7534
3910 8093
3910 8197
3910 10068
3910 11203
3910 11943
3910 12358
3910 12876
3910 14631
3910 15113
3910 16099
3910 16917
3910 19116
3910 21642
3910 22392
3910 22471
3910 22605
3945 18883
3973 7107
3973 8277
3984 18274
3984 22211
3984 22373
4011 22437
4011 22515
4031 5468
4031 19109
4031 21811
4031 22387
4048 11080
4048 22361
4059 22474
4090 10370
4092 4390
4092 4589
4092 4771
4092 5119
4092 8197
4092 14906
4092 15593
4092 18142
4092 19229
4092 22363
4092 22431
4092 22492
4092 22582
4106 22454
4110 20413
4117 8567
4117 22550
4135 4232
4135 5065
4135 11340
4135 19109
4135 21121
4140 18190
4171 4397
4171 19041
4187 9394
4187 11242
4187 15593
4187 18908
4187 19753
4187 20928
4187 21498
4187 22283
4187 22384
4187 22476
4187 22584
4190 19109
4232 5468
4232 6429
4234 22280
4280 22416
4382 20435
4382 22564
4397 5009
4397 5305
4397 12641
4397 15039
4397 22483
4419 22349
4419 22403
4419 22560
4493 21666
4493 22469
4507 20151
4507 22354
4507 22390
4518 19874
4530 4839
4536 5009
4536 5065
4536 5917
4536 6596
4536 7097
4536 8608
4536 22439
4536 22483
4536 22487
4536 22526
4589 4771
4589 5119
4589 5128
4589 5621
4589 5938
4589 6779
4589 7147
4589 8608
4589 11103
4589 15240
4589 15593
4589 22144
4641 22393
4765 13346
4771 14930
4774 9292
4783 22512
4838 8298
4838 22611
4839 5065
4839 5125
4839 6071
4839 7107
4839 7534
4839 15240
4839 16349
4839 20507
4839 22280
4839 22341
4839 22423
4839 22515
4839 22598
4855 16511
4855 20777
4860 22543
4882 8752
4895 9010
4924 6373
4924 11242
4924 15836
4924 17713
4924 22530
5009 6596
5009 22340
5049 15994
5065 5616
5065 6429
5065 7534
5065 8197
5065 10198
5065 11751
5065 13328
5065 14017
5065 14030
5065 15113
5065 15593
5065 16099
5065 17761
5065 17955
5065 18116
5065 18121
5065 18512
5065 18632
5065 18637
5065 19229
5065 19514
5065 19676
5065 20291
5065 20430
5065 20724
5065 21642
5065 22211
5065 22353
5065 22356
5065 22381
5065 22382
5065 22383
5065 22397
5065 22421
5065 22424
5065 22437
5065 22454
5065 22477
5065 22487
5065 22556
5065 22568
5065 22599
5084 18183
5089 9470
5089 11679
5089 13425
5089 14323
5089 15706
5089 16261
5089 16615
5089 19502
5089 22441
5107 19292
5119 5334
5119 8197
5119 8421
5119 12319
5119 18577
5119 19058
5119 19753
5119 19973
5119 20092
5119 22003
5119 22019
5119 22280
5119 22309
5119 22362
5119 22363
5119 22455
5119 22547
5119 22563
5119 22569
5125 5362
5125 5493
5125 6189
5125 8197
5125 13298
5125 13708
5125 17994
5125 19364
5125 22412
5125 22567
5125 22589
5174 8197
5174 16549
5267 19121
5270 6129
5270 6498
5270 9037
5270 10999
5270 11066
5270 11587
5270 16511
5270 18539
5270 20437
5270 21676
5270 22544
5305 11299
5305 11340
5329 16349
5329 17955
5362 5366
5362 5493
5362 6189
5362 6448
5362 15505
5362 17015
5362 18470
5362 22144
5362 22424
5362 22521
5362 22545
5366 11340
5366 17765
5366 18632
5366 19292
5366 20151
5366 22372
5366 22512
5373 15968
5373 15994
5386 22382
5441 17298
5455 16099
5468 10293
5468 12644
5468 18539
5468 19041
5468 20215
5468 20762
5469 22536
5471 16665
5493 7516
5493 11751
5501 10409
5506 16373
5521 9168
5521 11340
5550 20762
5550 22602
5616 11203
5616 16665
5616 17216
5652 11340
5652 22360
5652 22469
5690 6817
5699 22607
5706 17853
5706 22051
5720 17056
5720 19460
5720 22359
5720 22464
5816 11214
5822 6779
5822 11529
5822 17761
5822 22414
5831 17891
5831 22567
5857 12760
5917 6596
5917 10293
5935 6817
5935 18093
5935 20058
5938 9649
5938 11228
5938 13361
5938 13578
5938 16373
5938 19901
5938 21439
5938 22369
5938 22411
5938 22494
5966 6779
5992 9683
6071 6429
6107 17885
6109 12620
6129 6498
6161 22593
6189 15875
6189 19258
6189 22545
6203 6779
6203 13328
6203 16078
6203 17713
6203 17867
6203 18344
6203 18844
6203 20291
6203 22177
6203 22211
6203 22280
6203 22341
6203 22343
6203 22354
6203 22413
6203 22461
6373 6650
6373 6779
6373 7399
6373 8197
6373 11242
6373 11443
6373 20590
6373 20663
6373 22466
6373 22482
6373 22497
6373 22498
6373 22529
6429 7097
6429 7897
6429 10730
6429 11443
6429 16033
6429 16665
6429 18821
6429 21666
6429 22211
6429 22350
6429 22472
6429 22505
6429 22538
6429 22559
6431 22392
6448 8119
6448 8197
6448 8974
6448 11779
6448 12319
6448 17955
6448 18577
6448 21316
6448 22285
6448 22315
6448 22510
6448 22532
6448 22550
6498 11066
6498 16511
6498 17587
6498 18539
6498 22509
6576 8197
6576 15959
6576 18142
6576 22280
6596 7097
6596 9257
6596 11529
6596 18122
6596 18183
6596 22211
6596 22280
6596 22340
6596 22487
6619 8567
6619 22350
6624 15113
6624 22360
6629 15875
6629 20994
6629 21119
6640 19700
6648 9789
6767 22348
6779 8197
6779 15525
6779 17761
6779 22051
6779 22144
6779 22357
6779 22487
6779 22529
6779 22560
6784 22539
6817 10068
6817 10347
6817 22468
6842 11587
6867 18687
6917 9427
6942 22360
6947 9309
6947 16261
6984 12709
6988 7119
7000 16327
7097 8197
7156 22588
7266 19849
7290 7534
7290 13063
7290 16349
7290 22357
7290 22436
7290 22457
7293 22248
7327 9851
7397 15299
7399 9425
7399 11267
7399 12672
7399 19116
7399 22396
7399 22482
7487 12923
7534 10061
7534 16349
7534 21990
7577 16099
7607 9888
7738 18121
7741 13298
7749 18385
7784 11692
7784 17955
7784 19116
7792 10068
7792 22396
7955 8197
7955 21200
7991 22447
8061 16250
8068 12644
8068 20971
8119 9888
8119 22613
8137 22360
8175 22475
8197 11103
8197 12672
8197 13686
8197 15875
8197 15959
8197 16017
8197 16099
8197 17468
8197 18183
8197 19116
8197 20762
8197 20988
8197 21003
8197 21119
8197 21666
8197 22051
8197 22320
8197 22342
8197 22354
8197 22363
8197 22364
8197 22371
8197 22372
8197 22381
8197 22443
8197 22444
8197 22520
8197 22571
8197 22579
8197 22580
8281 14017
8298 19753
8390 22096
8451 12876
8472 22348
8472 22358
8494 22176
8567 11103
8567 11340
8567 12885
8567 14930
8567 19116
8608 10589
8608 12523
8608 22487
8688 21280
8712 11912
8712 15240
8752 22403
8796 10293
8824 22352
8887 16471
8912 16830
8912 19165
8974 22285
8981 10018
9010 22392
9122 11727
9122 16511
9122 21967
9122 22389
9122 22509
9158 17761
9214 19753
9241 22578
9245 16099
9245 22559
9309 17929
9326 12136
9326 22431
9394 18908
9412 16830
9425 9958
9444 22144
9469 15428
9469 21370
9529 14900
9550 22449
9562 13735
9562 15472
9565 22359
9649 12644
9649 20762
9649 21811
9649 22480
9649 22539
9737 12672
9737 14948
9737 21939
9789 22553
9888 15113
9888 16099
9888 21676
9888 22509
9888 22526
9985 15444
9985 22359
10027 13686
10068 12525
10068 15124
10068 15618
10068 22392
10068 22396
10068 22471
10068 22495
10068 22523
10168 22583
10186 16984
10198 20673
10198 22382
10198 22406
10198 22529
10203 15022
10203 16322
10203 22371
10273 20291
10293 11037
10293 19041
10293 21642
10293 22140
10293 22429
10321 21758
10347 12620
10347 19472
10347 22468
10347 22469
10347 22572
10347 22584
10461 22524
10690 22491
10730 16099
10789 15113
10816 22211
10818 22364
10818 22371
10822 21758
10869 22285
11037 12839
11048 15113
11061 16033
11103 21440
11103 22569
11184 19116
11184 22606
11203 11644
11203 16099
11203 21510
11203 22412
11214 18632
11214 19973
11214 21666
11214 22280
11228 16984
11242 13017
11251 22402
11340 14205
11340 15618
11340 17765
11340 18729
11340 18844
11340 19116
11340 22339
11340 22395
11340 22517
11340 22518
11344 16327
11529 12358
11529 22439
11580 21294
11580 22285
11580 22396
11587 22544
11644 22412
11697 21280
11727 16830
11751 20248
11779 22362
11779 22494
11943 15038
11943 22504
12119 17427
12119 21666
12119 22448
12125 13361
12136 20346
12253 19251
12281 19901
12319 12672
12358 15593
12358 16327
12358 16549
12358 17015
12358 22280
12358 22354
12358 22394
12358 22483
12381 17196
12523 17427
12523 22392
12644 20971
12672 22341
12672 22361
12720 14417
12760 21758
12770 16099
12885 14067
12940 17932
13016 20138
13016 21121
13017 17145
13017 22382
13276 21633
13280 22051
13280 22562
13298 14906
13298 15240
13298 15505
13298 18190
13346 16099
13515 15557
13539 22566
13686 16665
13735 22382
13773 20435
13844 21800
13981 15775
14044 17047
14067 22483
14205 18484
14303 19676
14621 22559
14631 22584
14771 22211
14903 14955
14903 22283
14903 22397
14903 22587
14906 15593
14906 18093
14906 22363
14906 22390
14906 22392
14948 15067
14948 18883
14948 20507
14955 20806
15022 22371
15025 15113
15032 19974
15039 18908
15045 22534
15067 22270
15067 22500
15113 21247
15113 22434
15236 22570
15453 16349
15453 18183
15472 22161
15505 17015
15505 19229
15505 22612
15539 22527
15547 18183
15553 22612
15557 17867
15671 20928
15675 15875
15675 21265
15875 18918
15875 19627
15875 21510
15875 21906
15875 22358
15875 22537
15875 22540
15941 21472
15973 22369
16017 16349
16026 22443
16099 17867
16099 20873
16099 20988
16099 22509
16242 21614
16298 22324
16298 22345
16306 22484
16322 21800
16327 19116
16351 22443
16373 20777
16373 21811
16390 16830
16390 16984
16390 21473
16417 22436
16461 19058
16511 18539
16511 21194
16511 22396
16511 22407
16525 18789
16549 17468
16549 22551
16610 20138
16610 21666
16610 22503
16658 21293
16665 22525
16668 17955
16668 22585
16758 22571
16830 19627
16830 22555
16904 22487
16984 18122
16984 19973
16984 21473
16984 22382
16984 22403
16984 22432
16984 22471
16984 22478
16984 22510
16984 22517
16984 22542
16984 22550
17047 20241
17056 17761
17059 21215
17196 20895
17378 22418
17427 21889
17427 22359
17427 22441
17461 22338
17713 19116
17713 22315
17761 18470
17761 22354
17765 19116
17811 22338
17853 18121
17865 18470
17867 18344
17867 21846
17867 22374
17867 22384
17923 18539
17955 18577
17955 18844
17955 19116
17955 19472
17955 22341
17955 22409
17955 22500
17955 22549
17955 22582
17968 18198
17968 19505
17968 22237
17969 20338
17994 20151
18056 20724
18056 22521
18056 22600
18105 19860
18142 22425
18179 22609
18260 22534
18268 22531
18274 21507
18287 22551
18434 19116
18466 22362
18470 20673
18470 22144
18470 22280
18470 22541
18484 21249
18512 22381
18536 22481
18539 19041
18539 22389
18539 22534
18577 22532
18603 22392
18789 22558
18844 19116
18908 22476
18918 21666
19002 21575
19025 22345
19041 21121
19058 19600
19058 22211
19109 21758
19116 19258
19116 19878
19116 20089
19116 21472
19116 22351
19116 22409
19116 22417
19116 22422
19116 22438
19116 22447
19116 22462
19116 22473
19116 22487
19116 22497
19116 22501
19116 22518
19292 22396
19420 19901
19481 22577
19629 22380
19655 19901
19700 22396
19753 22541
19753 22548
19753 22550
19753 22551
19874 22350
19962 22392
19968 21622
19970 20777
20089 21169
20089 22472
20092 22592
20215 22213
20291 22576
20494 22545
20510 20955
20510 22501
20604 22338
20670 22315
20673 21666
20673 22374
20673 22560
20676 21169
20777 21760
20807 22337
20873 22019
20873 22315
20955 22458
20955 22587
20971 22558
20984 22546
21038 22594
21062 22474
21086 22350
21086 22609
21119 22364
21121 22533
21231 22380
21370 22382
21458 22315
21597 22377
21614 21939
21614 22315
21622 22502
21642 22350
21666 21800
21666 22033
21666 22273
21666 22347
21666 22374
21666 22436
21666 22445
21666 22486
21666 22520
21666 22528
21666 22608
21751 22129
21836 22404
21939 22274
21939 22427
22051 22522
22126 22338
22130 22161
22177 22396
22212 22519
22245 22409
22273 22608
22285 22375
22285 22396
22314 22385
22315 22368
22315 22438
22315 22458
22316 22350
22338 22361
22338 22586
22341 22343
22350 22439
22363 22386
22364 22478
22364 22541
22374 22553
22382 22415
22384 22391
22392 22471
22419 22420
22488 22489
22551 22552
22551 22554
22577 22588
22596 22597
