0 43
2 76
2 103
2 8068
2 10268
2 21480
19 9649
25 42
26 133
26 5159
26 7290
26 19261
26 22853
26 23515
26 23733
28 5935
28 15067
28 16695
28 22862
28 23271
28 23499
29 48
29 103
29 2149
29 4234
29 6498
29 10191
29 17587
29 18476
36 2787
42 280
42 338
42 455
42 546
42 823
42 839
42 891
42 1058
42 1106
42 6373
42 8043
42 10198
42 15067
42 15709
42 18551
42 19292
42 21967
42 22315
42 23031
42 23470
42 23479
42 23493
42 23570
42 23586
42 23617
43 12422
43 22459
43 22759
46 14417
46 20673
46 21280
48 108
48 1990
48 20279
69 23083
73 74
73 5816
73 8298
73 10705
73 21830
73 23639
73 23672
74 2208
76 510
76 577
76 839
76 881
76 1255
76 1636
76 2062
76 2149
76 2204
76 4031
76 4577
76 5141
76 5272
76 5550
76 6429
76 8043
76 8068
76 8298
76 8363
76 10201
76 10293
76 10558
76 15184
76 16102
76 16182
76 18120
76 18374
76 18632
76 19292
76 19970
76 20673
76 20777
76 21000
76 21121
76 21280
76 22544
76 22591
76 22858
76 23420
76 23446
76 23454
76 23493
76 23528
76 23535
76 23536
76 23549
76 23628
76 23629
76 23697
80 2762
83 4280
83 5065
83 15302
88 20437
88 23698
95 641
95 5065
95 5293
95 8613
95 9168
95 12125
95 18038
95 23506
97 158
97 1990
97 6503
97 23168
97 23461
97 23698
103 4860
103 8068
103 17542
103 18627
108 226
108 12644
108 21127
109 412
109 5935
109 23505
110 1369
110 2158
110 3158
110 5616
110 10558
110 10846
110 15875
110 16569
110 17095
110 17969
110 18918
110 18920
110 19079
110 19595
110 21546
110 21876
110 22703
110 23283
110 23479
110 23494
110 23501
110 23515
110 23643
110 23743
117 6429
117 23405
122 423
122 1922
122 2762
122 15505
122 22946
122 23522
122 23710
128 280
129 14886
133 19970
134 204
134 1057
134 5493
134 6789
134 21546
138 853
138 1065
138 1185
138 1198
138 1255
138 1636
138 1675
138 2254
138 2529
138 2650
138 3030
138 4216
138 4234
138 9985
138 10869
138 11779
138 14642
138 14677
138 15947
138 16436
138 18120
138 18592
138 19110
138 20080
138 20765
138 21280
138 21524
138 21566
138 22544
138 22798
138 22862
138 22872
138 23472
138 23544
138 23554
138 23572
138 23581
138 23592
138 23617
138 23624
138 23637
138 23675
138 23686
138 23698
138 23731
139 1235
140 18466
141 21127
152 13240
153 204
153 407
153 852
153 1185
153 2254
153 7534
153 12319
153 19720
153 21580
153 23452
154 18354
158 267
158 280
158 762
158 1255
158 3030
158 4135
158 5478
158 6917
158 8119
158 8298
158 9152
158 16526
158 17866
158 19422
158 20494
158 20673
158 22303
158 22381
158 22459
158 22494
158 23109
158 23477
158 23483
158 23518
158 23519
158 23572
158 23596
158 23645
162 15168
162 16102
163 7399
167 23655
174 7281
174 11587
184 1365
184 2762
184 5065
184 11203
184 13698
184 20921
184 22798
184 22892
184 23190
184 23480
190 8565
196 5065
196 15246
196 23194
196 23447
204 258
204 280
204 304
204 1115
204 4507
204 11943
204 15553
226 1612
226 10818
226 17804
226 23599
236 1002
236 11751
253 23709
258 3984
258 5616
258 22303
267 2767
267 7534
267 15242
280 304
280 613
280 659
280 686
280 762
280 1002
280 1115
280 1232
280 1517
280 1636
280 1825
280 2223
280 2256
280 3195
280 3313
280 4117
280 4135
280 4187
280 4216
280 5065
280 5265
280 5478
280 5560
280 7290
280 9152
280 9466
280 9469
280 9985
280 11234
280 11340
280 11376
280 11751
280 14621
280 14970
280 16526
280 16549
280 18124
280 19345
280 22314
280 22852
280 23344
284 10596
297 5929
302 18811
304 2762
304 5065
304 9152
304 10869
304 23456
304 23471
304 23601
311 16212
315 1636
315 3030
315 3123
315 3727
315 5468
315 10399
315 10911
315 15168
315 18949
315 22858
315 23455
315 23592
318 23599
330 753
335 23646
348 1193
348 2762
354 18687
356 20915
370 21737
370 23469
370 23514
383 2284
395 4946
407 4585
412 881
412 1361
412 1365
412 1470
412 2583
412 2762
412 5125
412 10869
412 16869
412 18546
412 18696
412 20151
412 20413
412 21106
412 22866
412 23387
412 23436
412 23696
413 3313
413 8409
413 23659
432 4783
432 16632
434 15067
434 18962
434 23630
446 20035
455 546
455 4924
455 5649
455 9425
455 11203
455 11340
455 11751
455 15168
455 19676
455 22335
455 23456
455 23565
467 3984
467 5065
467 5816
467 9317
467 10911
467 23599
493 8363
505 3984
505 4135
505 11565
505 13489
505 16843
505 17866
505 18470
505 19520
505 20656
505 23438
505 23447
506 19488
508 2902
510 546
510 8363
510 12665
510 21830
510 23495
528 8428
528 23616
546 881
546 1057
546 5501
546 9130
546 21280
546 23719
546 23742
556 22425
556 23168
568 23727
570 23690
573 968
573 7399
573 16569
573 21546
573 23631
577 2254
577 15557
577 23144
577 23459
589 21000
608 1675
610 2762
610 7391
610 7399
610 9245
610 9737
610 10869
610 14748
610 15130
610 17558
610 20435
610 20676
610 21657
610 23441
610 23447
610 23531
610 23582
613 730
613 15067
613 21661
613 21737
613 23363
613 23564
613 23577
618 2062
618 2149
618 4135
618 5065
618 7290
618 7391
618 15557
618 23256
618 23493
618 23581
618 23607
619 7399
621 17587
621 20337
621 20777
621 21280
621 23575
621 23695
641 1057
641 1365
641 2762
641 11090
641 18208
641 18470
647 2956
647 3984
659 4117
659 11376
659 22798
678 1990
678 2062
682 23083
712 18466
712 22858
712 23633
721 23616
725 23163
726 23634
729 2611
729 2756
729 22906
729 23570
729 23681
730 1922
730 3579
736 4536
736 6429
736 7071
736 8067
736 19229
736 23559
762 5935
762 18681
762 20437
762 21280
773 18120
773 20777
773 22594
781 23588
794 23283
803 2254
803 5065
803 5084
803 23164
803 23669
813 3158
813 23420
823 2582
837 4589
837 4839
837 5119
837 23483
837 23500
839 2223
839 2333
839 3541
839 4382
839 5607
839 9536
839 16099
839 18920
839 22858
839 23420
839 23534
839 23671
839 23719
846 3484
852 1012
852 1185
852 1365
852 3072
852 3313
852 3458
852 3707
852 5089
852 6817
852 12770
852 13112
852 13154
852 15100
852 16436
852 19292
852 21085
852 21099
852 21304
852 22872
852 23448
853 6779
853 23466
881 1057
881 2583
881 16120
881 23436
881 23576
881 23673
881 23719
891 2019
891 18470
897 3648
897 18260
899 1636
899 6596
899 23488
899 23490
904 23083
907 15706
911 23739
917 2762
917 9241
917 23256
921 16569
948 2669
964 19032
968 5267
968 9122
968 23092
968 23538
1002 10472
1002 14677
1002 17867
1002 21546
1002 23486
1002 23626
1002 23639
1005 4946
1006 23497
1012 5935
1012 17587
1031 23463
1039 23498
1041 13298
1041 23163
1057 2583
1057 5493
1057 9245
1057 15592
1057 18476
1057 21099
1057 22798
1058 2166
1058 2326
1058 4949
1058 5119
1058 21726
1058 22340
1058 23283
1060 18335
1065 2223
1065 23640
1106 3953
1106 4135
1106 4761
1106 5119
1106 23623
1115 4117
1115 15168
1115 15309
1115 16212
1115 23537
1144 9130
1144 18476
1144 23271
1144 23276
1144 23447
1144 23626
1164 2795
1164 21546
1164 23168
1170 18470
1179 15941
1185 3313
1185 23552
1193 2762
1193 3984
1193 5065
1193 6596
1193 7851
1193 10409
1193 12358
1193 23447
1197 9309
1198 1361
1198 2529
1198 2582
1198 3501
1198 5065
1198 5125
1198 5362
1198 5616
1198 7516
1198 12065
1198 15085
1198 22852
1200 3856
1200 12093
1200 23672
1206 2650
1206 3458
1206 4544
1206 5270
1206 9309
1206 20080
1206 22526
1206 22872
1206 23521
1206 23696
1206 23698
1206 23702
1206 23731
1206 23742
1223 8147
1232 2149
1232 23534
1244 23516
1246 22892
1255 1836
1255 2166
1255 16830
1255 21280
1256 9985
1256 15658
1256 18592
1256 21280
1256 21480
1264 9649
1264 17969
1264 19197
1264 20494
1265 6882
1298 5935
1359 1807
1359 5362
1359 15168
1359 23134
1361 2095
1361 3495
1361 3945
1361 4048
1361 5065
1361 11234
1361 14026
1361 14642
1361 15168
1361 15472
1361 16436
1361 18546
1361 22798
1361 23264
1361 23387
1361 23491
1361 23543
1361 23673
1361 23680
1361 23686
1361 23725
1365 1470
1365 1636
1365 4092
1365 4187
1365 5119
1365 6498
1365 11103
1365 18208
1365 19157
1365 19292
1365 20750
1365 23144
1369 3484
1392 23567
1392 23570
1393 1470
1393 5049
1393 15592
1393 20622
1395 15474
1407 21127
1407 21480
1413 15168
1413 18470
1413 22292
1413 23488
1413 23493
1445 23608
1446 11103
1470 2583
1470 2762
1470 3796
1470 4187
1470 6498
1470 8197
1470 9168
1470 9245
1470 10911
1470 12358
1470 15553
1470 15592
1470 15658
1470 16695
1470 18153
1470 18208
1470 18484
1470 20151
1470 23506
1470 23572
1470 23624
1476 23532
1483 4839
1483 5049
1483 23724
1514 5479
1514 7391
1539 23583
1540 20765
1540 23493
1540 23655
1561 22831
1600 9152
1600 16560
1604 1636
1604 1787
1604 2057
1604 2627
1604 14748
1604 18208
1612 3158
1612 9245
1612 9573
1628 22425
1628 23740
1632 8682
1632 23679
1633 19157
1636 1922
1636 2019
1636 2223
1636 2762
1636 2919
1636 4117
1636 4187
1636 4589
1636 5065
1636 5822
1636 6506
1636 8969
1636 11184
1636 14026
1636 14677
1636 15067
1636 15553
1636 19258
1636 19292
1636 22412
1636 22852
1636 23387
1636 23493
1636 23528
1636 23566
1636 23576
1636 23577
1657 4117
1657 4135
1657 7593
1664 2324
1675 23622
1687 16569
1687 17969
1687 18153
1709 2158
1737 21661
1742 8363
1742 21121
1742 23461
1742 23632
1763 2762
1763 5065
1763 9152
1763 11779
1763 15764
1763 16869
1763 17558
1763 21058
1763 22798
1763 23175
1763 23656
1787 21480
1787 22765
1792 23539
1794 15557
1794 18335
1794 23563
1807 2324
1807 15505
1831 15592
1831 19804
1831 23267
1831 23456
1831 23524
1836 17985
1836 22657
1836 23283
1836 23689
1854 3405
1854 19197
1877 10558
1877 18551
1877 23496
1879 9573
1879 15865
1879 23283
1894 16099
1917 3107
1917 4822
1917 5159
1917 5501
1917 9573
1917 9903
1917 16102
1917 16619
1917 18470
1917 19157
1917 20663
1917 21417
1917 22209
1917 22211
1917 23283
1917 23420
1917 23559
1917 23599
1917 23668
1922 2582
1922 5362
1922 5455
1922 5493
1922 6203
1922 7313
1922 7516
1922 15593
1922 17867
1922 18713
1947 5362
1971 2158
1971 2324
1971 3484
1971 10818
1971 16569
1972 8082
1972 15113
1972 18466
1972 23420
1972 23460
1972 23588
1972 23689
1972 23709
1990 6498
1990 21180
1990 21830
1990 23641
2000 15505
2012 4092
2019 11751
2019 19320
2019 20700
2019 23090
2052 17867
2062 2158
2062 2795
2062 5270
2062 5468
2062 6498
2062 8688
2062 21127
2095 3458
2095 4839
2095 5007
2095 5859
2095 11340
2095 15168
2095 15324
2095 17548
2095 23026
2095 23363
2095 23696
2095 23725
2102 16619
2102 18470
2102 23440
2118 5468
2118 23605
2149 3158
2149 20673
2158 2795
2158 5373
2158 21718
2158 21967
2166 5479
2177 2756
2177 3313
2177 21309
2197 9130
2199 23283
2204 23618
2223 2974
2223 4135
2223 4187
2223 4946
2223 9152
2223 9245
2223 17382
2223 19472
2223 20076
2223 20080
2223 20435
2223 21058
2223 21580
2223 23363
2223 23426
2223 23560
2223 23567
2223 23688
2223 23704
2223 23705
2223 23741
2240 17867
2243 5065
2254 2583
2254 4339
2254 5362
2254 6448
2254 8565
2254 8596
2254 10440
2254 10925
2254 15557
2254 18470
2254 18696
2254 20765
2254 22150
2254 23015
2254 23360
2254 23409
2254 23493
2254 23500
2254 23600
2254 23608
2254 23624
2256 11103
2256 23669
2256 23686
2256 23731
2272 23420
2284 2627
2286 2324
2286 18663
2292 3313
2292 14417
2295 3509
2313 4117
2313 4280
2313 5455
2313 5551
2313 10472
2313 14970
2313 15505
2313 22412
2313 22798
2313 23438
2324 5366
2324 5812
2324 9466
2324 11203
2324 14030
2324 14677
2324 18470
2324 19595
2324 21672
2324 21967
2324 23475
2324 23571
2326 22209
2333 21546
2333 23420
2357 17923
2389 4787
2389 13686
2389 19627
2389 23485
2390 23230
2396 4771
2399 4746
2399 5616
2399 5935
2455 22841
2472 18190
2488 2529
2488 9985
2488 17548
2488 23696
2489 7097
2489 9466
2512 20386
2522 11751
2522 11943
2522 15553
2527 5021
2527 8565
2529 3515
2529 6223
2529 9309
2529 15706
2529 21580
2529 21726
2529 23448
2529 23700
2582 5125
2582 11340
2582 12065
2582 13312
2582 15067
2582 15625
2582 21524
2582 23445
2582 23554
2583 2762
2583 2930
2583 3910
2583 5009
2583 7364
2583 11808
2583 15168
2583 18546
2583 21058
2583 21161
2583 22150
2583 23148
2583 23369
2583 23456
2583 23629
2598 16632
2608 23599
2611 3501
2617 12233
2619 13880
2619 16102
2619 23587
2627 23586
2650 5119
2650 5270
2650 6503
2650 10911
2650 11413
2650 14642
2650 20080
2650 21967
2694 3158
2694 10558
2705 10068
2729 22291
2730 23541
2739 20076
2748 23575
2756 4382
2756 14002
2756 20775
2756 22862
2756 23659
2762 2956
2762 4839
2762 5065
2762 6624
2762 11203
2762 14026
2762 17807
2762 18208
2762 19292
2762 20393
2762 20921
2762 22866
2762 23337
2762 23363
2762 23576
2762 23612
2764 23190
2767 3712
2767 6203
2767 9130
2767 9245
2767 11340
2767 15067
2767 16869
2767 17772
2767 21058
2767 23457
2767 23517
2767 23560
2767 23643
2767 23702
2767 23705
2775 5084
2786 3935
2786 5270
2786 21127
2786 23461
2786 23698
2787 23479
2795 3158
2795 10705
2795 11514
2795 13686
2795 21546
2795 21718
2795 21967
2795 22906
2795 23527
2795 23626
2816 13316
2816 23642
2816 23698
2821 4135
2839 4523
2839 9396
2845 13240
2868 3417
2888 5267
2888 23443
2894 7391
2894 23738
2902 23682
2915 17866
2915 23493
2919 22303
2919 22852
2930 8712
2943 23587
2956 3636
2956 3984
2956 6779
2956 17468
2956 23510
2970 18962
2974 14948
2974 23363
3003 23584
3024 4031
3024 13981
3024 18949
3024 22866
3030 4135
3030 4234
3030 7230
3030 16830
3030 17618
3030 19970
3030 20494
3030 23250
3030 23539
3041 23699
3041 23723
3051 21099
3107 22235
3107 22853
3107 23534
3123 13016
3123 20777
3158 5065
3158 6570
3158 8197
3158 20673
3158 21546
3166 19032
3166 22657
3170 23453
3171 15750
3195 23439
3224 23653
3226 3380
3226 3495
3226 22798
3239 4589
3239 5125
3239 5616
3239 6203
3239 11808
3239 13393
3239 14492
3239 15625
3239 17867
3239 23411
3239 23449
3239 23480
3239 23677
3239 23717
3245 15168
3245 16668
3307 22798
3313 5089
3313 8409
3313 9152
3313 10068
3313 22862
3313 23525
3313 23700
3314 4113
3355 7071
3356 6429
3380 6203
3380 14017
3380 15658
3381 5125
3381 5272
3381 15671
3405 9245
3405 11751
3405 14417
3405 15675
3405 21546
3405 23494
3414 23650
3458 3707
3458 6800
3458 10347
3484 20673
3484 23658
3495 4216
3495 23440
3515 23345
3545 17866
3545 22365
3545 23455
3545 23651
3636 17015
3636 19637
3636 21106
3636 23484
3648 19970
3707 4873
3707 9309
3707 13154
3707 15706
3707 22862
3707 22872
3707 23563
3707 23659
3727 3984
3727 5065
3727 5938
3727 16525
3727 23592
3739 7391
3787 5816
3787 23599
3787 23639
3796 4092
3811 11536
3816 23483
3856 6576
3882 4382
3882 20080
3893 6429
3893 23686
3910 8067
3910 8093
3910 8428
3910 11943
3910 20291
3921 4048
3935 21619
3954 23083
3984 12358
3984 17866
3984 18908
3984 19229
3984 22303
3984 23290
3984 23454
4011 22515
4011 23469
4031 14044
4031 15184
4031 17587
4031 17923
4031 18165
4031 20120
4031 22866
4031 23047
4031 23461
4031 23599
4031 23614
4048 16869
4048 18546
4059 7399
4080 8565
4092 4536
4092 6779
4092 6789
4092 9245
4092 9985
4092 11762
4092 12255
4092 15067
4092 15592
4092 15709
4092 16182
4092 18193
4092 21451
4092 22798
4092 22823
4092 23148
4092 23471
4092 23491
4092 23597
4092 23706
4092 23717
4092 23728
4116 5100
4117 4216
4117 4507
4117 9483
4117 10911
4117 11751
4117 14677
4117 17015
4117 19110
4117 19292
4117 21806
4117 22852
4117 23592
4117 23647
4117 23736
4135 5065
4135 6503
4135 7399
4135 13686
4135 14642
4135 15557
4135 18470
4135 21013
4135 22303
4135 22594
4135 22858
4135 23383
4135 23459
4135 23629
4135 23695
4140 11376
4159 17378
4159 17558
4187 5084
4187 8969
4187 15067
4187 16632
4187 16869
4187 18484
4187 18681
4187 18908
4187 20558
4187 23545
4187 23577
4187 23597
4216 6429
4216 6596
4216 15505
4216 22768
4234 17587
4234 23609
4248 19676
4248 23168
4248 23651
4280 23629
4339 4949
4339 12358
4339 14272
4382 10911
4382 12319
4382 19292
4382 21675
4382 22622
4382 23572
4382 23635
4382 23661
4382 23685
4392 9573
4397 4536
4397 9317
4397 18470
4419 13686
4419 15557
4419 21546
4419 22537
4488 10347
4507 5065
4507 23540
4507 23606
4507 23708
4508 4771
4518 23613
4530 15067
4532 23591
4536 5065
4536 6429
4536 6548
4536 7186
4536 9245
4536 9985
4536 10619
4536 12523
4536 15100
4536 21711
4536 23142
4536 23174
4536 23492
4536 23563
4536 23638
4544 5935
4544 9888
4546 23501
4577 5065
4585 17581
4589 5065
4589 5616
4589 6596
4727 6189
4746 4765
4746 10164
4746 23675
4765 23291
4765 23626
4771 23504
4783 23719
4783 23722
4787 23283
4822 5159
4822 11203
4822 16549
4822 23283
4839 6203
4839 10596
4839 18038
4839 22515
4839 23164
4839 23363
4839 23577
4839 23669
4866 17867
4866 19261
4866 23697
4886 10068
4907 23627
4924 15067
4924 23721
5007 17955
5009 9317
5009 12358
5009 23644
5012 23623
5021 5501
5049 6429
5049 10558
5049 14469
5049 20494
5049 23473
5065 5125
5065 5362
5065 5616
5065 6203
5065 6339
5065 6429
5065 6503
5065 6596
5065 7071
5065 7109
5065 7290
5065 7708
5065 8981
5065 9985
5065 10382
5065 10399
5065 10619
5065 11203
5065 12358
5065 14026
5065 15067
5065 15168
5065 15557
5065 17807
5065 17867
5065 18681
5065 18949
5065 19886
5065 20656
5065 20777
5065 20921
5065 22003
5065 22412
5065 22768
5065 22852
5065 22858
5065 23168
5065 23175
5065 23194
5065 23459
5065 23481
5065 23483
5065 23484
5065 23563
5065 23578
5065 23579
5065 23601
5065 23655
5065 23680
5065 23714
5083 17468
5084 17955
5084 23669
5089 6223
5089 8225
5089 16261
5100 17587
5107 22622
5119 6789
5119 8969
5119 9309
5119 9789
5119 10370
5119 10911
5119 16461
5119 17558
5119 20337
5119 22003
5119 23271
5119 23426
5119 23429
5119 23440
5119 23457
5119 23482
5119 23493
5119 23520
5119 23542
5119 23585
5119 23634
5119 23655
5119 23676
5119 23680
5119 23709
5125 6779
5125 11203
5125 17468
5125 19197
5125 23637
5128 23524
5128 23737
5141 20673
5157 7071
5159 14469
5181 20777
5193 16830
5193 23168
5193 23501
5265 16632
5267 5334
5267 7097
5267 10911
5267 23538
5270 5488
5270 10705
5270 19032
5270 20437
5270 21280
5270 23549
5272 12074
5272 15671
5272 23500
5362 6448
5362 6596
5362 8043
5362 13298
5362 15505
5362 15947
5362 17015
5362 17969
5362 18153
5362 18470
5362 19157
5362 21209
5362 22398
5362 22798
5362 23440
5362 23484
5362 23493
5362 23601
5366 6779
5366 10911
5366 11278
5366 11751
5366 15823
5366 16569
5366 18663
5366 20220
5366 20673
5366 20700
5366 21546
5366 22671
5366 22932
5366 23297
5366 23437
5366 23460
5366 23475
5366 23484
5366 23719
5373 21546
5455 17867
5455 18470
5455 23597
5468 6503
5468 22759
5468 23698
5471 11963
5471 16843
5478 8298
5479 20777
5479 22594
5479 22671
5479 23399
5488 6498
5493 14677
5550 7666
5551 23478
5551 23484
5581 23479
5593 23708
5615 22312
5616 6203
5616 11278
5616 14677
5616 16034
5616 16549
5616 17772
5616 18470
5616 23026
5616 23444
5616 23649
5616 23677
5616 23735
5649 5831
5658 9573
5658 15706
5690 6947
5720 7230
5720 12770
5720 15947
5720 17015
5720 21085
5720 22798
5720 23736
5812 23479
5816 10409
5816 23639
5816 23644
5822 10988
5822 17671
5822 20765
5831 23641
5859 10203
5859 15324
5859 23467
5935 11103
5935 15709
5935 22798
5935 23491
5935 23601
5935 23621
5938 18847
5938 23548
5988 7826
5992 6429
6084 23168
6087 15113
6142 10273
6189 18470
6189 21209
6189 23571
6199 7097
6203 9152
6203 10273
6203 17329
6203 17382
6203 18038
6203 22003
6203 23437
6203 23520
6203 23669
6203 23674
6203 23683
6225 10558
6339 11779
6339 18681
6339 23168
6339 23647
6373 9245
6373 11344
6373 15113
6373 15709
6373 15865
6373 16327
6373 18821
6373 18920
6373 20376
6373 23459
6373 23501
6373 23651
6399 18466
6429 6503
6429 9888
6429 9903
6429 12523
6429 14469
6429 15557
6429 20959
6429 21400
6429 21417
6429 22209
6429 22459
6429 22467
6429 22853
6429 22858
6429 23433
6429 23454
6429 23472
6429 23492
6429 23493
6429 23499
6429 23563
6429 23599
6429 23686
6448 6781
6448 7109
6448 17969
6448 22291
6448 23026
6448 23553
6470 23168
6498 8363
6498 11565
6498 15709
6498 17692
6498 17955
6498 22798
6498 23261
6498 23502
6498 23720
6503 19970
6506 9985
6596 9317
6596 12358
6596 13514
6596 18470
6596 23484
6596 23514
6596 23559
6596 23563
6596 23638
6596 23644
6605 15947
6618 22671
6623 10157
6624 23175
6624 23447
6629 12005
6629 21119
6640 15168
6640 20435
6659 21939
6779 9466
6779 10164
6779 10370
6779 15592
6779 17432
6779 23026
6779 23510
6779 23585
6779 23677
6779 23739
6789 14948
6789 17853
6817 23641
6852 9985
6917 12620
6917 16212
6988 21037
7000 20663
7000 23414
7071 7391
7071 10409
7097 7290
7097 10818
7097 15168
7097 16549
7107 23168
7109 9425
7109 23276
7119 22708
7119 23030
7119 23462
7213 12319
7290 15557
7335 23001
7335 23539
7340 22351
7364 23712
7391 10399
7391 15557
7391 20656
7391 21400
7391 23648
7391 23695
7399 21169
7516 20622
7534 16753
7647 15618
7708 11340
7708 23582
7718 10333
7738 10558
7738 23641
7741 16549
7792 9809
7801 21726
7839 15113
7839 23493
7989 22795
8043 17692
8043 23472
8055 20673
8067 19600
8067 20101
8067 23686
8067 23708
8068 14677
8071 23522
8093 10558
8093 15706
8119 15168
8119 17866
8119 19607
8119 23447
8119 23707
8124 10558
8124 16034
8197 11203
8197 12090
8197 15168
8197 15505
8197 15656
8197 16099
8197 16569
8197 18908
8197 20016
8197 20912
8197 23026
8208 10068
8224 15875
8225 9956
8225 23345
8298 23168
8363 19970
8363 23698
8428 18470
8428 23710
8478 21215
8478 23540
8525 18637
8565 18260
8613 23468
8626 14044
8626 23502
8632 21876
8682 15309
8688 16830
8688 18949
8688 23698
8743 15973
8970 19849
8981 11203
8981 23168
9122 10966
9130 23168
9152 9423
9152 10420
9152 11061
9152 15168
9152 16554
9152 17382
9152 20135
9152 21000
9152 23469
9152 23551
9152 23570
9152 23647
9152 23679
9152 23709
9152 23747
9158 9168
9168 9245
9168 17807
9168 19292
9241 14340
9241 20435
9241 23664
9245 18908
9245 21642
9245 23600
9309 16461
9309 18581
9323 10596
9323 10619
9323 22858
9323 23481
9323 23652
9425 11565
9425 12940
9425 15168
9425 23276
9425 23533
9425 23645
9427 15372
9466 11203
9466 11278
9466 14030
9466 18470
9466 22798
9466 23387
9466 23655
9466 23708
9466 23724
9469 10198
9469 17558
9472 22351
9472 23426
9472 23450
9472 23625
9472 23678
9565 12093
9565 22866
9649 18920
9649 23551
9671 18466
9789 15168
9789 15472
9789 20509
9818 18470
9888 10925
9888 15113
9888 15372
9888 17955
9888 21580
9888 22866
9888 23458
9888 23495
9903 15720
9958 23447
9977 15184
9977 18260
9977 23632
9985 16946
9994 10846
10164 11413
10198 13686
10198 20777
10268 23617
10273 16639
10293 18470
10293 20673
10293 23454
10293 23472
10293 23524
10293 23536
10347 15372
10370 22852
10409 10619
10409 11340
10409 22291
10420 12719
10456 23511
10461 22515
10461 23669
10472 22790
10520 16103
10520 16182
10520 23596
10520 23604
10558 23283
10592 23598
10596 15987
10596 17968
10596 23363
10596 23557
10600 23190
10619 12358
10690 20151
10704 20337
10725 23590
10759 23603
10789 15113
10789 15918
10789 21774
10789 22916
10789 23574
10789 23620
10818 20673
10818 23283
10846 15875
10846 19156
10846 22852
10869 19110
10911 11340
10911 22314
10925 16549
10988 22932
10995 14470
11103 19261
11203 22412
11203 23708
11214 23276
11234 20750
11335 23729
11340 14642
11340 15067
11340 15168
11340 17890
11340 18551
11340 20663
11340 22916
11340 23046
11340 23457
11340 23459
11340 23482
11340 23508
11340 23572
11340 23620
11340 23665
11340 23732
11340 23746
11343 23665
11344 18632
11359 23574
11548 18811
11565 12319
11565 15372
11565 20955
11565 22315
11565 22798
11565 23637
11565 23707
11565 23730
11644 20673
11751 15823
11751 21209
11751 22340
11751 23488
11779 18821
11779 21280
11779 23451
11779 23534
11779 23580
11779 23647
11779 23648
11779 23656
11870 23476
11943 17807
11943 22946
11943 23363
12070 23654
12093 19116
12093 23701
12125 13686
12126 23181
12233 23363
12245 17923
12255 15709
12255 16617
12358 14677
12358 20337
12358 21417
12358 23174
12358 23456
12358 23483
12358 23491
12358 23573
12358 23581
12358 23621
12358 23624
12358 23644
12358 23715
12409 19208
12421 23297
12523 23493
12557 23556
12620 15372
12620 16349
12718 23745
12804 23619
12807 20963
12807 22600
12953 22280
13014 22858
13097 19703
13097 20673
13097 22351
13240 21280
13298 16904
13298 18470
13489 18470
13653 20656
13653 23607
13656 21106
13686 17692
13686 22657
13698 20921
13735 16218
13735 23514
13735 23526
13773 14303
13773 15973
13864 23562
13880 23465
14006 21086
14030 23655
14042 22542
14044 17587
14218 23744
14272 15168
14364 23608
14417 17692
14417 21280
14417 23623
14481 23363
14677 15505
14677 18470
14677 23283
14903 22979
14903 23416
14903 23524
14903 23593
14948 16809
14948 20485
14948 20673
14948 22381
14948 23550
14948 23556
14948 23728
15067 17072
15067 18038
15067 18484
15067 20370
15067 23442
15067 23471
15113 18551
15113 18681
15113 20565
15113 22303
15113 23168
15130 15324
15151 23283
15168 15683
15168 16869
15168 18470
15168 19607
15168 20509
15168 21916
15168 22526
15168 23026
15168 23276
15168 23443
15168 23448
15168 23452
15168 23457
15168 23483
15168 23504
15168 23561
15168 23567
15168 23572
15168 23707
15174 23493
15240 15553
15240 22584
15240 23703
15242 17558
15242 20435
15252 21458
15252 23542
15282 23667
15309 16212
15324 17955
15345 21630
15419 23348
15472 19600
15474 23726
15505 18470
15505 22150
15505 23509
15505 23601
15505 23624
15505 23697
15553 17015
15553 23731
15557 16549
15557 20220
15557 21086
15593 16770
15618 22515
15618 23669
15648 23514
15670 23716
15670 23718
15675 21633
15706 16349
15706 16436
15706 17853
15706 23276
15709 23491
15709 23524
15709 23641
15720 23599
15761 23464
15823 18696
15823 23666
15865 23738
15875 18920
15875 21546
15875 22972
15875 23626
15875 23631
15875 23694
16033 22032
16033 22315
16099 16639
16099 21566
16099 23168
16099 23264
16099 23495
16102 16349
16120 23474
16120 23590
16128 23642
16138 17795
16182 18165
16182 23581
16212 23276
16220 21546
16298 16560
16298 22587
16302 23670
16322 23590
16327 23580
16349 19261
16349 23628
16549 16569
16549 18484
16549 20700
16549 21209
16549 22544
16549 22932
16549 23090
16549 23559
16554 19970
16554 20673
16554 21000
16554 23047
16554 23461
16554 23632
16554 23698
16560 23447
16569 17374
16569 17867
16569 18470
16592 22862
16592 23148
16610 23629
16629 23617
16666 20762
16809 20323
16830 23629
16869 22866
16904 23454
16904 23688
16907 19292
16907 22872
16963 21546
17015 17581
17015 21622
17095 22355
17374 18470
17378 17558
17379 23590
17382 17955
17382 19576
17427 21085
17465 21546
17468 17761
17468 22790
17498 23662
17545 21546
17545 23501
17548 17955
17548 20740
17548 21467
17548 23696
17556 23681
17558 17814
17558 19911
17671 23460
17692 21619
17692 23623
17741 23688
17814 23530
17866 22150
17866 23469
17866 23674
17867 18470
17923 18466
17955 22979
17955 23483
17955 23594
17955 23596
17955 23702
17969 22398
17985 23283
18038 23452
18120 20220
18148 18736
18148 23737
18190 20458
18190 20622
18190 23491
18190 23571
18208 19804
18208 23440
18335 19211
18335 23256
18383 21033
18466 18470
18466 20912
18466 23420
18466 23446
18466 23503
18470 18750
18470 20374
18470 22798
18470 22932
18470 23190
18470 23411
18470 23482
18470 23493
18470 23526
18470 23589
18470 23706
18476 23025
18484 19026
18617 23460
18640 23657
18674 23566
18821 23168
18847 23548
18866 22913
18866 23425
18920 22364
18949 23168
19058 21630
19116 23236
19116 23568
19157 23283
19197 21546
19197 22364
19301 23168
19313 21406
19345 19600
19629 23523
19696 23175
19874 23711
19970 21121
20080 23276
20120 22822
20120 23168
20120 23551
20121 22852
20220 22412
20349 23595
20435 22315
20435 23168
20435 23582
20494 23488
20508 23283
20552 23464
20558 23420
20593 23507
20604 23247
20654 22150
20673 22364
20673 22853
20673 23026
20673 23283
20673 23489
20676 23512
20687 22798
20765 23083
20771 23691
20921 23707
20959 23168
20971 23493
21058 22315
21058 23276
21086 21806
21121 23168
21121 23420
21161 23660
21280 23168
21280 23529
21546 22364
21619 23623
21726 23337
21726 23641
21732 23462
21781 23511
21967 23583
22032 23363
22032 23535
22032 23687
22303 23234
22303 23692
22303 23702
22315 22798
22315 23276
22315 23570
22332 22853
22364 23420
22425 23363
22467 23590
22512 23489
22624 23457
22624 23476
22624 23693
22624 23724
22661 23489
22744 23487
22790 23585
22798 22852
22798 23558
22866 23602
22866 23629
22946 23522
22972 23168
23026 23363
23026 23489
23046 23565
23046 23656
23050 23344
23056 23489
23083 23589
23092 23283
23092 23479
23144 23493
23148 23471
23168 23194
23168 23449
23168 23483
23168 23512
23168 23559
23168 23572
23168 23575
23168 23604
23168 23621
23168 23629
23168 23642
23168 23663
23168 23683
23168 23684
23168 23686
23168 23695
23168 23734
23190 23513
23256 23493
23283 23479
23283 23486
23283 23658
23297 23582
23345 23552
23363 23530
23363 23687
23417 23489
23426 23489
23433 23472
23434 23472
23471 23586
23493 23629
23495 23615
23546 23547
23550 23556
23554 23555
23568 23569
23578 23579
23582 23604
23610 23611
23614 23629
23635 23636
23713 23714
