2 1470
2 2180
2 6498
2 9906
7 26
7 42
7 226
7 839
7 1972
7 10952
7 18077
7 23192
7 23794
7 23854
13 110
19 23958
26 2619
26 3405
26 23283
26 23764
26 23847
26 23943
28 762
28 852
28 7534
28 19430
28 23472
28 23769
29 48
29 73
29 762
29 4117
29 5119
29 6124
29 7290
29 8363
29 8472
29 15151
29 16099
29 16182
29 23877
33 1200
36 3935
42 76
42 95
42 455
42 730
42 852
42 1359
42 2767
42 4866
42 6596
42 6779
42 8567
42 10763
42 11203
42 15472
42 16044
42 18484
42 20673
42 20935
42 22454
42 23401
42 23707
42 23867
42 23923
43 852
44 23958
46 461
46 1441
46 4575
46 5305
46 21280
46 23271
48 73
48 6124
48 13533
73 138
73 1990
73 2692
73 17512
73 23639
76 184
76 218
76 461
76 729
76 852
76 904
76 964
76 968
76 1470
76 2399
76 2608
76 2650
76 2692
76 2767
76 3935
76 3984
76 4092
76 4140
76 5049
76 5125
76 5501
76 6362
76 6429
76 8363
76 8567
76 9245
76 13240
76 15113
76 15168
76 16099
76 16206
76 16549
76 16830
76 16904
76 17448
76 17746
76 18190
76 18641
76 18681
76 19116
76 20053
76 20702
76 20935
76 21000
76 21162
76 21280
76 21967
76 23305
76 23324
76 23796
76 23808
76 23816
76 23850
76 23851
76 23866
76 23873
76 23874
76 23879
76 24006
76 24030
80 23803
83 196
83 2762
83 21967
83 23191
87 5720
87 8562
87 15790
87 16907
88 3624
88 3984
88 9573
88 21001
88 23983
95 315
95 6429
95 7391
95 8071
95 22814
95 23191
95 23784
97 781
97 23698
103 6917
103 23893
110 897
110 1002
110 1164
110 3405
110 3636
110 3935
110 4157
110 4882
110 5125
110 7399
110 9396
110 10558
110 10846
110 11718
110 13276
110 15041
110 15113
110 15151
110 16044
110 16182
110 17854
110 19962
110 20508
110 21417
110 21546
110 22085
110 22454
110 23479
110 23811
110 23836
110 23837
110 23854
110 23856
110 23863
110 23911
110 23926
110 23942
110 23977
110 24010
110 24031
110 24041
117 5362
117 6429
117 10409
122 1365
122 23363
132 23912
138 810
138 904
138 2868
138 3910
138 12366
138 14677
138 16922
138 17866
138 20750
138 22298
138 22946
138 23755
138 23778
138 23824
138 23902
138 23950
138 23979
138 23983
138 24002
138 24044
153 2583
153 2767
153 5007
153 5560
153 5616
153 6779
153 6917
153 7534
153 7801
153 9948
153 10068
153 12366
153 17866
153 22883
153 23582
153 23770
153 23877
153 23893
153 23914
158 1972
158 15246
158 22338
158 23780
158 23859
158 23959
158 23976
167 21000
168 14677
172 6479
172 23977
179 18190
184 881
184 1106
184 4589
184 5720
184 6779
184 16099
184 23169
184 23885
184 23901
184 23918
184 23938
184 24010
190 2158
190 16102
196 2762
196 10551
196 15246
196 15299
196 17733
196 19472
196 20388
196 21326
196 23175
196 23191
196 23861
196 23871
196 23946
201 23706
204 5125
204 5362
204 5493
204 11103
204 12358
204 23932
226 2650
226 8688
236 4117
236 6189
236 14677
236 22332
239 5119
239 15168
253 23782
255 13240
258 3935
258 9323
258 12008
258 12366
258 13137
258 23707
258 23854
258 23886
280 803
280 6692
297 19483
311 6917
311 15683
315 4702
315 5065
315 7190
315 10399
315 12366
315 20724
315 22858
315 23753
315 23762
315 23881
318 354
318 6503
351 3935
359 22377
370 839
370 4589
370 15526
370 19116
370 23420
370 23992
379 18263
383 1636
383 1831
383 8744
383 23828
408 7522
408 9152
408 18949
412 771
412 839
412 881
412 1470
412 5125
412 10718
412 11103
412 12527
412 22280
412 23628
412 23702
412 23898
412 23903
412 23949
412 23961
413 497
432 23887
433 23168
434 1612
434 1636
434 15113
434 18641
434 23898
434 23946
444 5065
444 11340
455 15067
455 19600
455 22892
455 23921
455 24001
455 24004
459 904
460 23943
461 2730
461 3405
461 5049
461 24003
461 24006
461 24009
467 13061
467 21316
467 23493
497 5089
505 23765
509 2650
519 23844
524 4544
528 12255
528 23998
531 837
531 3984
531 5119
531 18190
532 12358
536 1540
546 2118
546 4589
546 13082
546 22467
546 22853
546 23785
546 23864
570 2816
570 23168
573 3158
573 8472
577 618
577 904
577 5065
577 10633
577 23980
589 18077
610 1365
610 5119
610 11340
610 14062
610 15553
610 16461
610 23083
610 23191
611 17498
613 904
613 22002
617 17866
618 730
618 904
618 6429
618 15875
618 20762
618 20945
618 23973
621 2762
621 4135
621 7391
621 20724
621 21000
621 21614
621 21619
621 22858
621 22911
621 23191
621 23839
641 4589
641 10600
641 18077
641 23901
642 2488
659 1636
659 2756
659 3313
659 4117
659 4507
659 6498
671 23913
682 7741
682 23168
690 23109
712 5065
712 18413
712 22858
729 21280
730 2158
730 3158
730 3579
730 19974
736 9323
736 20945
736 23841
736 23854
736 23862
736 23975
762 852
762 1256
762 2650
762 3313
762 5119
762 21280
762 23997
773 4135
781 23817
785 23608
796 6503
803 2775
803 8067
803 23164
803 23733
821 20596
821 23718
823 23947
837 904
837 3984
837 4589
837 5119
837 7779
837 19058
837 20299
837 21737
837 22625
837 22793
837 23329
837 23969
839 5672
839 6569
839 10718
839 17958
839 18920
839 23168
839 24002
852 1012
852 1206
852 2158
852 3910
852 4140
852 5089
852 5859
852 6800
852 7534
852 7760
852 9309
852 12366
852 13280
852 16099
852 17007
852 17321
852 18641
852 20080
852 20328
852 21304
852 21895
852 22380
852 22872
852 23324
852 23778
852 23783
852 23810
852 23843
852 23854
852 23876
852 23952
852 24034
881 1636
881 4536
881 5672
881 10718
881 14469
881 14677
881 18077
881 20413
881 23758
881 23775
881 23823
881 23903
891 17867
891 24009
897 23855
897 23972
904 1206
904 1365
904 1636
904 2200
904 2767
904 2868
904 5049
904 6429
904 9425
904 10273
904 11228
904 12366
904 12434
904 18208
904 20558
904 20921
904 23168
904 23860
907 19602
968 2619
968 3158
968 3405
968 3935
968 8197
968 10409
968 15151
968 16554
968 20494
968 23004
1002 1232
1002 10889
1002 14677
1002 16617
1002 20673
1002 23834
1005 15168
1039 16526
1041 5366
1041 13061
1056 8752
1057 1922
1057 3158
1057 13074
1057 14469
1057 16770
1058 15241
1065 1185
1065 3707
1065 3910
1065 7107
1065 9257
1065 21866
1065 23745
1085 23852
1106 6084
1106 14751
1106 18208
1106 23472
1115 2583
1115 8682
1115 12923
1115 15309
1115 15683
1115 22683
1144 19058
1144 23254
1144 23994
1148 4752
1148 20509
1148 23923
1185 13425
1200 5141
1200 14062
1200 21895
1200 23672
1206 4563
1206 12366
1206 16099
1206 18592
1206 23672
1206 23979
1207 4839
1232 1413
1232 5366
1232 16549
1232 22759
1232 23283
1255 1390
1255 2619
1255 6978
1255 22882
1256 13694
1264 10558
1264 20656
1278 20673
1298 10864
1325 4536
1335 1365
1359 1470
1359 16843
1359 17671
1359 17761
1359 23924
1359 24015
1361 1365
1361 2704
1361 2762
1361 3495
1361 4589
1361 8863
1361 11103
1361 13280
1361 16420
1361 17711
1361 18717
1361 21089
1361 21622
1361 22831
1361 22946
1361 23775
1361 23790
1361 23830
1361 23857
1361 23885
1361 23936
1361 24043
1365 1604
1365 2460
1365 3636
1365 4092
1365 5119
1365 8071
1365 9309
1365 9529
1365 10068
1365 10718
1365 12366
1365 15553
1365 19292
1365 20066
1365 21177
1365 21480
1365 22150
1365 23168
1365 23788
1365 23808
1365 23914
1365 24010
1369 14451
1392 3387
1392 11360
1392 19058
1392 23582
1395 22741
1402 3910
1413 6781
1413 7534
1413 11228
1413 12358
1413 23840
1470 3239
1470 4187
1470 4589
1470 7534
1470 14617
1470 22002
1470 22280
1470 23731
1470 23775
1470 23790
1470 23792
1470 23838
1514 22858
1539 21280
1539 21967
1540 2762
1540 5119
1540 5616
1540 5822
1540 9404
1540 21390
1540 23026
1540 23731
1604 2627
1604 8566
1604 12953
1622 11129
1636 2582
1636 2583
1636 2868
1636 4589
1636 5119
1636 6332
1636 21806
1636 23769
1636 23799
1636 23816
1636 23967
1636 24010
1687 2313
1687 7534
1691 2670
1691 4297
1691 6189
1691 21895
1709 10864
1737 23881
1742 23168
1742 23925
1763 2650
1763 12319
1763 13990
1763 15113
1763 16249
1763 21326
1763 21472
1763 21842
1763 22315
1763 23560
1763 23707
1763 23772
1763 23814
1763 23849
1763 24012
1785 17955
1794 4031
1794 5366
1794 21687
1794 23854
1794 24014
1807 4752
1807 23283
1812 4589
1812 10718
1813 4187
1819 9985
1825 15557
1831 1922
1831 2583
1831 4589
1831 5616
1831 6189
1831 15525
1831 22314
1831 22798
1831 23901
1877 7399
1877 22657
1879 18164
1879 20076
1879 22291
1917 5065
1917 8151
1917 9536
1917 11642
1917 16182
1917 21021
1917 21316
1917 22467
1917 23628
1917 23727
1917 23829
1917 23846
1917 23847
1917 23868
1922 2583
1922 4589
1922 5362
1922 8067
1922 15240
1922 16152
1922 17867
1922 20853
1922 22003
1922 23842
1941 23872
1943 5119
1943 5616
1972 4589
1972 17448
1972 22338
1972 23906
1972 23914
1972 23930
1990 18539
1990 22994
1996 8151
1996 23420
2012 23755
2019 3799
2019 5480
2019 21672
2095 14748
2095 22958
2102 8151
2102 10718
2124 9045
2124 10304
2131 23989
2136 23895
2147 2268
2148 23876
2158 2762
2158 13280
2158 13859
2158 23254
2158 23946
2204 4589
2204 21021
2204 21316
2223 15683
2223 23304
2223 23801
2223 23854
2223 23936
2223 24029
2240 20038
2240 23806
2243 4187
2252 2583
2252 8067
2254 2355
2256 5938
2256 23209
2286 13708
2286 21672
2292 4536
2292 6596
2292 16617
2292 23825
2313 2770
2313 4838
2313 15505
2313 19520
2319 7399
2319 15184
2319 18319
2321 20003
2324 5822
2324 21417
2324 23763
2324 24016
2333 23804
2350 4106
2355 9309
2389 12643
2399 4140
2437 21000
2437 22657
2488 3984
2488 23770
2489 3158
2489 11066
2522 17382
2526 18208
2529 3707
2529 5720
2529 9309
2529 20328
2529 23808
2529 23855
2582 5065
2582 12008
2582 15240
2582 17015
2582 21810
2582 23795
2582 23865
2582 23902
2583 2694
2583 2704
2583 2767
2583 3910
2583 4117
2583 4507
2583 4536
2583 4839
2583 5065
2583 5272
2583 5366
2583 5455
2583 5616
2583 5933
2583 7534
2583 7801
2583 9466
2583 10718
2583 11340
2583 13061
2583 13162
2583 14469
2583 15299
2583 16549
2583 16922
2583 17382
2583 17955
2583 18077
2583 19600
2583 20559
2583 21621
2583 21622
2583 21810
2583 22150
2583 22205
2583 22793
2583 22798
2583 23026
2583 23196
2583 23276
2583 23731
2583 23775
2583 23798
2583 23838
2583 23857
2583 23905
2583 23930
2583 23954
2583 23996
2583 24016
2583 24043
2608 24030
2619 8121
2619 17558
2619 23454
2619 23689
2619 23749
2650 3505
2650 4031
2650 5065
2650 5550
2650 7738
2650 11340
2650 13533
2650 15184
2650 15299
2650 21967
2650 23952
2650 23966
2650 24010
2663 3984
2663 18547
2669 4419
2669 10558
2687 22002
2692 5049
2692 23938
2694 17958
2704 23967
2715 21472
2718 20437
2730 23254
2739 11146
2756 23778
2762 3226
2762 3405
2762 4110
2762 5065
2762 5119
2762 5615
2762 5938
2762 6779
2762 8067
2762 8641
2762 9168
2762 11953
2762 15505
2762 15698
2762 21622
2762 22002
2762 22332
2762 23191
2762 23276
2762 23684
2762 23783
2762 23896
2762 23898
2762 23981
2767 3984
2767 5065
2767 5119
2767 6203
2767 12319
2767 14062
2767 15113
2767 17955
2767 20579
2767 21622
2767 22455
2767 23766
2767 23770
2767 23838
2767 23915
2767 23994
2767 24001
2770 8067
2770 17867
2770 17985
2775 23164
2786 3158
2786 3935
2786 11066
2786 15151
2786 21967
2786 23698
2786 23822
2795 5272
2795 9036
2795 10347
2795 19442
2795 21177
2795 21967
2795 22906
2795 23750
2795 23850
2795 23933
2795 23934
2795 23984
2816 21000
2818 22002
2825 15168
2845 23168
2868 9168
2868 12070
2868 13288
2868 21368
2868 23256
2930 10846
2930 23191
2958 13533
3024 16206
3024 21619
3030 4873
3030 15113
3051 20328
3056 15168
3065 8197
3065 9800
3065 18641
3065 24010
3072 22338
3078 17427
3107 8151
3107 19951
3123 4031
3123 5831
3123 14044
3123 16410
3158 5501
3158 15151
3158 23283
3226 4589
3226 15525
3226 22150
3226 23399
3239 12527
3239 21262
3239 21622
3239 22722
3239 23777
3239 23878
3307 5822
3313 13425
3313 17477
3313 18190
3313 23808
3313 23838
3313 23854
3322 19508
3322 23944
3380 10925
3381 23768
3387 23988
3405 4135
3405 5812
3405 9396
3405 12643
3405 14417
3405 21619
3405 22364
3405 23271
3405 23756
3405 23837
3405 23838
3405 23926
3417 20388
3442 5672
3442 16099
3456 23959
3484 6429
3484 22657
3484 22872
3487 22935
3496 17072
3496 23586
3501 3984
3501 23914
3522 21280
3634 4135
3634 15720
3634 20508
3636 4589
3636 7534
3636 15168
3636 20130
3636 20146
3636 21622
3636 22455
3636 23749
3636 24010
3648 4873
3657 9152
3707 13284
3707 15709
3707 17427
3707 17477
3707 23778
3707 23783
3707 23808
3707 23885
3707 23950
3727 23859
3764 5241
3816 23921
3843 7666
3910 5272
3910 5616
3910 9245
3910 11943
3910 15168
3910 16592
3910 23786
3910 23822
3921 4048
3935 5119
3935 6175
3935 11241
3935 13735
3935 16099
3935 20138
3935 20673
3935 23283
3950 23863
3960 23591
3984 4589
3984 5237
3984 6596
3984 7109
3984 9565
3984 11565
3984 13566
3984 20991
3984 21062
3984 22002
3984 22455
3984 23870
3984 23890
3984 24010
4011 6332
4011 10718
4011 23819
4031 5550
4031 6189
4031 6596
4031 15113
4031 16410
4031 17316
4031 20793
4031 21127
4031 23605
4056 10600
4057 22883
4092 4187
4092 4231
4092 4589
4092 6789
4092 10258
4092 10600
4092 12332
4092 13162
4092 17955
4092 20053
4092 22150
4092 23713
4092 23831
4115 9901
4117 4589
4117 4779
4117 9323
4117 14677
4117 23707
4117 23718
4117 23756
4117 23842
4117 23854
4117 23855
4117 23896
4117 23983
4117 24006
4117 24037
4135 10633
4135 15683
4135 21661
4135 22858
4140 12366
4140 17746
4140 18641
4140 23808
4140 24038
4141 21635
4171 21316
4187 4589
4187 5616
4187 6373
4187 7779
4187 10520
4187 11565
4187 13280
4187 15246
4187 19600
4187 21062
4187 22150
4187 22741
4187 22793
4187 22892
4187 23215
4187 23648
4187 23802
4187 23921
4187 23938
4188 13162
4216 21280
4216 23191
4231 4589
4234 6498
4234 20437
4368 23855
4382 10347
4382 12319
4382 19058
4397 5065
4419 20793
4419 21718
4419 23479
4419 23863
4419 23951
4419 23962
4419 23975
4493 6429
4507 4589
4507 6596
4507 10869
4507 23883
4507 23964
4530 15168
4536 5009
4536 5065
4536 6429
4536 6596
4536 12358
4536 15240
4536 15505
4536 18077
4536 18165
4536 22935
4536 23751
4536 23825
4536 23910
4536 24014
4545 5089
4577 6373
4585 15168
4589 5362
4589 5616
4589 6203
4589 6500
4589 8298
4589 9152
4589 9245
4589 10258
4589 11203
4589 11376
4589 11943
4589 15168
4589 15505
4589 20853
4589 23399
4589 23889
4600 23256
4702 5065
4702 7391
4702 7666
4702 12366
4727 7516
4771 15960
4771 20673
4771 23808
4783 7792
4783 17448
4783 23719
4809 12985
4809 21741
4822 23825
4838 17867
4839 6189
4839 17903
4839 18708
4839 18717
4839 19292
4839 22002
4839 23792
4839 23807
4839 23884
4839 23999
4860 23180
4873 14044
4879 16091
4882 15875
4924 21033
4949 23891
5007 22002
5009 6596
5009 14407
5009 18077
5021 9529
5049 5649
5049 15168
5049 17316
5049 23769
5049 23879
5065 5125
5065 5649
5065 6429
5065 6596
5065 6624
5065 6779
5065 6781
5065 7391
5065 8067
5065 9466
5065 10789
5065 11565
5065 15401
5065 15823
5065 16033
5065 16044
5065 17179
5065 17955
5065 18693
5065 19859
5065 20559
5065 20724
5065 21946
5065 23159
5065 23191
5065 23209
5065 23731
5065 23762
5065 23806
5065 23809
5065 23857
5065 23898
5065 23923
5065 23927
5083 5125
5089 15246
5089 16436
5089 23995
5089 24023
5102 12070
5119 6789
5119 7779
5119 8863
5119 12366
5119 14524
5119 15168
5119 15960
5119 18637
5119 20559
5119 21472
5119 21614
5119 23756
5119 23759
5119 23840
5119 23875
5119 24007
5119 24010
5119 24019
5125 6189
5125 6373
5125 6596
5125 6779
5125 11751
5125 15921
5125 20915
5125 23283
5125 23773
5125 24009
5141 7571
5141 20793
5159 23785
5193 12644
5215 5362
5215 6779
5215 16549
5247 22002
5265 6917
5267 20508
5270 7290
5270 8567
5270 21280
5270 22544
5272 19827
5272 23718
5272 23840
5362 13489
5362 16617
5366 5812
5366 9245
5366 9466
5366 9565
5366 11066
5366 17468
5366 17545
5366 23283
5366 23719
5366 23761
5366 23798
5366 23908
5366 24016
5366 24032
5373 20508
5374 23217
5455 23772
5468 20579
5468 21000
5471 11963
5479 15113
5479 21956
5480 21672
5493 23827
5501 6373
5501 7399
5501 12523
5501 15875
5518 12923
5518 14948
5581 12435
5581 20963
5581 22964
5581 23479
5616 5649
5616 7516
5616 8067
5616 11203
5616 12358
5616 13280
5616 15553
5616 16617
5616 18190
5616 21622
5616 22798
5616 23896
5616 23987
5616 24015
5618 24021
5625 17955
5637 23884
5672 10718
5672 11103
5672 16099
5681 23825
5692 6203
5692 8043
5720 9309
5720 22798
5720 23749
5812 17545
5816 15935
5816 22467
5816 23934
5816 24009
5822 9245
5822 10558
5822 11340
5822 13735
5822 17027
5822 17671
5822 20765
5822 23974
5831 11565
5831 22002
5831 23733
5831 23895
5831 23928
5831 23930
5831 23959
5859 7534
5859 24034
5948 23856
6030 23168
6059 11340
6108 9396
6109 7327
6136 21569
6136 23977
6189 15553
6189 15709
6189 24010
6203 6373
6203 6779
6203 7107
6203 10040
6203 11376
6203 16249
6203 17866
6203 19058
6203 23304
6203 23831
6203 23832
6203 23940
6203 23948
6203 23965
6203 24028
6332 23582
6362 8472
6373 6624
6373 7666
6373 10198
6373 12793
6373 15113
6373 19058
6373 19268
6373 19472
6373 23175
6373 23802
6373 23841
6373 23870
6400 23791
6429 6596
6429 6779
6429 7433
6429 10409
6429 11580
6429 15309
6429 16206
6429 17015
6429 20260
6429 20935
6429 21243
6429 21687
6429 22935
6429 23434
6429 23578
6429 23762
6429 23825
6429 23829
6429 23881
6429 23910
6429 23993
6429 24002
6448 10925
6448 23026
6448 23846
6448 23923
6494 22002
6498 15987
6498 20437
6498 21001
6498 22715
6500 18890
6503 21121
6503 23815
6587 11340
6596 15240
6596 17867
6596 18077
6596 18768
6596 19886
6596 24014
6619 24014
6623 21280
6624 6867
6640 23752
6650 12366
6650 16560
6650 23168
6650 23963
6708 21386
6776 7534
6779 9565
6779 13656
6779 15168
6779 17432
6779 18077
6779 18708
6779 20508
6779 24007
6779 24009
6781 7391
6781 10409
6781 16420
6781 17512
6781 18056
6781 23168
6789 14948
6800 16436
6800 23810
6817 10068
6817 15309
6817 21895
6852 23914
6867 9469
6867 23897
6867 23909
6917 15683
6917 19602
6917 23893
6942 24002
6945 23191
6978 23595
7093 22800
7097 23764
7107 23363
7190 23815
7213 21810
7290 16182
7290 18077
7290 20945
7290 23822
7334 10268
7334 11340
7334 15168
7335 15875
7335 22002
7364 10347
7391 7583
7391 12366
7391 15113
7391 23809
7391 23844
7391 23915
7397 11228
7399 9649
7399 10846
7399 16099
7433 23821
7516 15505
7516 23731
7534 10068
7534 10347
7534 13929
7534 23798
7571 18539
7571 23168
7583 23305
7647 23209
7666 23168
7738 23857
7741 16182
7741 16549
7741 23812
7760 10718
7763 23825
7779 14903
7779 19058
7801 10273
7801 11340
7901 20460
8043 16182
8043 23911
8055 21967
8067 9245
8067 15168
8067 16904
8067 21622
8067 23749
8067 24008
8067 24009
8067 24014
8067 24044
8068 12644
8071 23777
8093 17072
8113 23825
8119 14340
8119 17866
8119 23862
8121 23001
8164 19292
8197 11066
8197 15709
8197 20912
8197 22935
8197 23773
8272 9010
8281 23119
8298 9818
8298 20169
8298 20673
8298 23583
8298 23896
8305 15168
8363 17103
8363 21280
8363 23583
8392 9245
8392 21614
8428 11565
8428 12255
8494 23420
8494 23681
8494 23800
8494 23943
8567 9425
8567 9888
8666 14342
8688 20673
8688 23900
8712 23217
8722 16099
8743 15973
8744 11340
8752 12643
8863 14017
8863 14970
8912 9818
8981 22793
9036 15875
9036 16322
9056 23168
9152 11565
9152 13280
9152 16206
9152 16592
9152 17955
9152 19859
9152 21384
9152 22472
9152 23730
9152 23906
9152 23921
9152 23928
9152 23999
9152 24012
9168 9245
9168 13280
9168 22003
9168 22338
9168 22872
9168 23816
9181 23854
9236 13240
9245 9466
9245 12358
9245 13280
9245 16843
9245 17866
9245 21622
9245 22793
9245 23731
9245 23799
9245 23880
9245 23908
9257 11943
9257 17015
9257 17382
9299 22002
9309 10006
9309 15168
9309 16461
9309 23805
9309 23808
9317 10718
9323 9565
9323 23839
9323 23854
9323 23973
9425 20080
9425 23954
9466 23731
9466 24009
9466 24016
9529 10718
9559 13708
9565 15299
9565 16099
9565 23891
9565 23917
9565 23992
9565 24010
9649 12435
9704 23888
9789 10925
9789 12319
9789 15234
9789 16099
9789 16364
9789 19472
9789 23772
9789 23976
9800 15168
9818 20853
9888 15683
9906 23869
9958 10846
9958 23946
9958 23984
9985 23971
10018 12255
10018 18768
10018 24014
10068 15151
10075 23793
10273 12911
10293 23493
10293 23943
10297 23935
10314 11242
10347 10520
10347 11565
10347 23817
10347 23915
10409 10718
10409 13018
10409 15557
10409 16574
10409 18056
10409 23420
10420 17448
10472 19893
10492 22002
10551 23861
10558 11340
10558 15064
10558 17671
10592 22472
10633 23168
10685 17955
10690 21622
10718 11103
10718 17867
10718 23718
10763 23824
10789 15168
10789 19951
10818 20494
10818 20673
10818 23420
10846 19156
10846 23254
10846 23946
10864 15875
10869 19234
10889 16549
10911 18085
10925 15168
10925 18797
10941 17761
10941 18470
10941 21672
10941 23754
10952 13566
10952 24024
11066 15168
11103 11592
11103 22935
11103 23718
11103 24013
11129 23825
11146 15505
11203 15472
11203 22144
11203 23773
11203 23796
11241 15453
11242 19058
11335 23960
11340 20724
11340 21326
11340 21933
11340 23748
11340 23838
11340 23896
11340 23994
11340 24010
11340 24029
11376 12602
11376 17811
11376 23420
11565 12319
11565 15168
11565 20955
11565 23707
11580 19292
11679 16261
11751 21417
11779 21280
11848 23990
11912 13533
11953 23904
11963 15108
12114 17015
12319 15168
12341 23578
12341 23857
12358 18077
12358 22793
12358 23731
12358 23790
12358 23816
12358 23825
12358 23844
12358 23848
12358 23876
12366 15309
12366 17285
12366 17427
12366 18797
12366 21326
12366 21622
12366 23839
12366 23862
12366 23952
12366 23979
12366 23982
12366 24010
12366 24020
12366 24026
12527 20853
12527 23878
12557 19058
12644 20971
12835 21967
12923 17955
12940 23986
12953 23449
13018 16574
13061 16592
13061 17867
13061 23996
13061 24032
13097 16213
13184 23845
13240 16099
13240 21280
13280 14970
13280 15240
13280 20053
13280 20853
13280 23168
13280 23191
13485 16615
13485 20080
13486 22209
13486 23727
13486 23801
13486 23868
13489 22510
13515 23825
13694 17427
13694 23672
13694 24034
13708 23283
13825 17761
13825 22790
13838 18399
13859 20014
13864 23959
14002 23854
14017 24034
14044 20169
14044 21000
14062 15168
14077 23858
14417 14458
14617 19791
14617 23970
14621 23978
14676 23168
14676 23916
14866 15184
14903 23684
14924 24040
14948 23779
14948 23826
14948 23835
14970 17382
15011 22790
15045 20169
15045 23168
15056 16044
15067 16922
15067 20841
15067 22003
15067 22472
15067 22702
15067 23742
15067 24004
15085 17711
15085 22892
15113 15168
15113 21262
15113 22002
15113 22434
15113 23168
15151 15875
15151 17545
15151 21967
15168 15505
15168 15700
15168 16364
15168 16569
15168 17955
15168 18641
15168 19356
15168 19951
15168 20066
15168 20460
15168 20509
15168 21280
15168 22412
15168 22510
15168 22935
15168 23026
15168 23707
15168 23814
15168 23837
15168 23994
15168 24032
15184 22911
15184 23167
15192 20437
15240 17015
15240 18173
15240 23778
15240 23896
15240 23953
15242 17733
15299 24010
15309 15683
15309 22683
15309 23304
15345 19058
15353 22002
15472 21946
15505 15709
15505 17867
15505 23026
15505 23731
15505 23798
15505 23854
15553 24010
15557 23825
15592 23823
15683 20884
15700 17866
15709 16099
15709 16907
15709 17955
15709 18190
15709 20724
15709 21622
15709 23770
15709 23992
15720 16617
15823 19258
15839 16364
15839 22883
15859 17086
15875 16044
15875 21546
15875 21718
15875 22454
15875 23271
15875 23834
15875 23856
15875 23892
15875 23929
15875 24009
15970 22625
16099 20494
16099 21280
16099 23807
16099 23878
16099 23879
16137 21280
16158 20777
16182 18165
16182 18681
16182 21967
16182 23283
16182 23919
16206 18260
16206 23904
16212 23899
16249 19508
16349 24010
16420 23968
16461 23808
16461 24042
16526 23865
16549 18164
16549 23384
16549 23731
16549 23763
16549 23836
16549 23896
16549 23945
16549 23975
16554 20673
16554 21000
16554 23168
16554 23698
16554 23900
16560 18920
16560 23927
16592 23877
16592 23996
16610 21127
16617 23816
16843 22003
17072 17955
17086 22026
17086 23797
17284 23991
17316 17635
17316 20433
17316 23168
17322 20435
17329 23922
17427 23950
17448 21967
17477 24010
17601 24018
17671 24009
17692 19962
17713 22383
17728 24014
17761 23169
17761 23731
17761 23771
17761 24014
17797 20328
17866 20955
17867 23790
17955 18708
17955 19508
17955 20509
17955 21946
17955 23142
17955 23713
17955 23812
17955 23857
17955 23915
17955 23940
17955 24032
17955 24044
18038 23168
18038 23707
18075 18717
18148 21104
18148 23737
18164 23937
18165 19241
18190 21806
18190 23680
18190 23843
18190 23914
18190 24015
18190 24043
18208 20076
18208 23850
18260 20793
18260 23815
18466 20656
18466 21672
18470 19587
18617 23420
18748 23583
18752 22883
18847 23809
18858 23747
19058 23880
19058 23882
19058 23894
19116 23168
19116 23305
19116 23799
19116 23887
19116 23937
19165 23876
19258 23838
19258 23842
19317 20435
19481 22683
19538 23810
19583 23902
19587 21672
19595 23853
19602 22544
19602 23760
19629 21231
19654 24010
19772 24010
19843 20485
19911 23718
19962 22454
19962 23283
20038 23806
20076 23738
20076 24013
20120 23026
20120 23939
20220 23749
20328 23690
20334 21967
20334 23933
20393 23774
20417 22544
20430 23896
20508 23479
20537 23955
20596 23718
20673 23454
20739 24022
20777 23605
20853 21622
20853 23880
20853 23901
20884 23940
20893 21262
20963 23957
21000 23305
21062 23894
21121 21127
21127 23168
21169 23915
21231 23523
21391 23917
21546 21876
21619 23769
21622 22209
21622 22280
21622 22790
21622 23471
21622 23783
21622 23792
21622 23813
21622 23896
21622 23901
21622 23981
21661 23789
21672 24009
21675 22892
21718 23283
21737 23192
21842 23168
21895 23168
21956 22002
21967 23764
21967 23977
21967 23984
22002 23971
22002 24001
22002 24036
22003 22798
22024 23168
22150 23713
22298 23168
22298 23192
22315 23965
22454 23283
22544 22882
22600 23168
22624 23779
22624 23801
22624 23802
22624 23833
22624 24028
22647 23256
22654 22814
22654 23768
22782 23787
22798 23981
22853 23937
22858 23168
22858 23822
23046 23363
23131 23822
23168 23305
23168 23578
23168 23684
23168 23755
23168 23756
23168 23825
23168 23862
23168 23894
23168 23927
23168 23938
23168 23939
23168 23973
23168 23982
23168 23984
23168 23989
23168 23993
23168 24002
23168 24006
23168 24025
23196 23731
23209 23352
23264 24005
23270 23384
23283 23479
23283 23750
23283 23764
23305 23972
23305 23985
23320 23363
23320 24000
23349 23767
23363 24000
23425 23757
23517 23818
23582 23838
23689 24011
23713 23968
23765 23956
23769 23781
23774 23920
23774 23941
23775 23776
23776 24010
23798 23820
23822 23939
23822 23967
23854 23855
23863 23947
23893 24039
23907 23908
23923 23931
23950 23952
23982 23989
24006 24033
24010 24017
24010 24027
24014 24035
24016 24025
24034 24038
