0 2
0 3
0 4
0 8
0 13
0 17
0 25
0 36
0 43
0 56
0 73
0 98
0 121
0 134
0 223
0 275
0 419
0 496
0 521
0 550
1 3
1 42
1 76
1 195
1 295
1 417
2 29
2 42
2 74
2 79
2 80
2 81
2 83
2 186
2 223
2 275
2 285
2 295
2 404
2 527
2 540
2 546
2 550
2 553
3 123
3 221
3 391
4 42
4 68
4 74
4 79
4 83
4 135
4 186
4 191
4 455
4 477
4 532
7 29
7 42
7 43
7 74
7 133
7 134
7 201
7 295
7 402
7 403
8 139
8 410
8 497
8 560
13 114
19 26
19 68
19 74
19 83
19 95
19 121
19 153
19 201
19 226
19 240
19 275
19 420
19 423
25 26
25 28
25 29
25 30
25 36
25 61
25 75
25 76
25 79
25 95
25 121
25 126
25 158
25 188
25 190
25 221
25 226
25 275
25 303
25 307
25 403
25 414
25 456
25 509
25 528
26 29
26 30
26 42
26 61
26 69
26 97
26 109
26 121
26 226
26 283
26 295
26 391
26 431
26 509
28 74
28 121
28 295
28 393
29 30
29 76
29 108
29 135
29 158
29 168
29 198
29 201
29 237
29 285
29 295
29 414
29 554
30 98
30 108
30 109
30 223
30 248
30 307
30 499
30 546
36 46
36 119
36 275
37 80
41 80
41 171
41 303
41 307
41 410
41 444
41 477
41 523
42 64
42 69
42 74
42 76
42 83
42 98
42 119
42 121
42 135
42 169
42 174
42 186
42 201
42 270
42 285
42 307
42 406
42 410
42 423
42 431
42 477
42 488
42 502
42 536
42 539
42 540
42 549
43 76
43 119
43 171
43 307
43 370
43 410
46 109
46 221
46 393
48 88
48 101
48 440
48 516
49 76
56 83
56 154
56 223
56 477
56 501
56 532
56 542
56 543
64 76
64 98
64 129
64 223
64 240
64 275
64 536
68 83
68 184
68 223
68 300
68 537
68 540
69 109
69 135
69 285
69 439
69 560
73 108
73 121
73 135
73 226
73 270
73 285
73 393
73 519
74 83
74 97
74 98
74 169
74 226
74 477
74 540
75 221
76 79
76 80
76 94
76 109
76 126
76 129
76 140
76 154
76 169
76 171
76 215
76 304
76 307
76 335
76 367
76 410
76 417
76 423
76 506
76 530
76 534
76 553
76 557
79 158
79 307
79 477
79 509
80 119
80 199
80 307
80 374
80 477
80 538
80 547
80 548
80 553
80 556
80 557
80 558
82 151
82 280
83 135
83 153
83 266
83 393
83 403
88 103
88 158
88 201
91 96
91 138
93 550
94 174
95 410
96 199
97 121
97 221
97 290
97 559
98 295
98 370
103 108
103 158
103 286
108 121
108 129
108 135
108 390
108 423
108 431
108 521
108 524
109 126
109 134
109 204
109 211
109 223
109 280
109 295
109 335
109 423
109 477
109 516
109 519
109 533
119 137
119 255
119 308
119 345
121 122
121 158
121 201
121 226
121 240
121 270
121 295
121 335
121 384
121 423
121 509
121 516
121 521
121 524
122 146
123 158
126 171
126 233
126 275
126 475
128 512
128 519
128 524
128 548
129 169
129 240
129 524
134 221
134 226
135 201
135 240
135 307
135 367
135 393
135 462
135 506
135 516
137 410
140 266
140 490
140 551
141 466
146 404
146 417
146 423
146 519
146 550
148 221
148 410
148 437
148 516
148 541
148 555
153 186
153 367
154 174
156 391
158 240
158 258
158 444
158 466
158 477
158 507
158 530
158 540
158 550
158 552
158 553
169 406
171 221
174 206
174 223
184 536
186 206
186 223
186 240
186 297
186 329
186 410
186 477
190 275
191 408
191 440
196 475
199 307
201 295
201 419
201 423
201 466
204 466
204 519
206 275
221 303
221 391
221 461
221 518
226 240
226 270
226 390
226 408
226 509
240 275
240 434
240 462
240 516
254 529
270 295
270 510
271 335
275 339
280 477
280 491
289 410
289 455
295 307
295 423
300 406
307 367
307 465
307 506
307 526
370 414
370 436
374 477
393 488
393 544
403 509
404 423
406 540
406 549
408 440
410 423
410 427
410 434
410 527
410 531
410 545
410 553
417 421
417 423
417 519
439 560
461 507
477 526
488 527
489 531
490 505
490 507
490 561
496 497
502 525
505 549
509 524
530 532
534 535
