7 3603
8 507
8 1470
14 374
14 613
14 2598
14 2739
14 3175
14 3307
14 3329
14 3458
14 3597
14 3602
19 904
19 2469
29 30
30 97
30 613
30 729
30 1053
30 3195
30 3333
42 43
42 46
42 467
42 572
42 948
42 1255
42 1413
42 1753
42 2254
42 2374
42 2468
42 2598
42 3330
42 3446
42 3601
43 76
43 516
43 572
43 1413
43 1540
43 1804
43 1818
43 1825
43 2445
43 3064
43 3615
46 1255
46 1268
46 2468
46 3598
49 3195
56 848
56 3251
61 1255
69 461
69 883
69 1086
69 1235
69 3611
72 3616
73 90
74 729
74 1300
74 1742
74 3024
75 2313
75 3453
76 572
76 621
76 729
76 1300
76 1359
76 1483
76 1899
76 1959
76 2240
76 2255
76 3051
76 3333
76 3599
76 3600
76 3601
76 3602
76 3613
83 90
83 140
83 206
83 824
83 1786
83 2255
83 2598
83 3329
83 3626
88 1300
90 97
90 859
90 3030
93 129
93 145
93 928
93 1742
93 1894
93 3030
93 3158
94 1724
96 280
96 1268
96 2468
96 2805
96 3158
97 1268
109 3195
124 196
124 2455
124 2598
124 2775
134 1300
134 2319
134 3611
140 1763
156 280
158 1540
158 3446
158 3598
158 3601
159 1053
167 1280
174 1011
174 1657
174 2240
174 3611
184 3389
196 2455
196 3415
196 3612
206 3030
218 1140
226 3307
235 729
235 1255
236 3453
240 810
240 3333
240 3624
259 1060
259 3594
280 2319
280 2756
285 2733
290 1804
290 3030
290 3446
302 432
302 1300
302 3030
302 3621
307 3613
318 339
348 621
348 2593
348 2767
367 2107
367 3603
370 729
370 781
370 1268
370 3446
370 3603
374 3329
391 1753
391 2396
391 2750
397 1256
403 729
403 1268
403 1753
410 2360
410 3602
429 3540
432 3226
442 3607
444 3573
449 461
453 2107
461 572
461 621
461 1255
461 1510
461 2057
461 2307
461 3333
461 3415
467 729
467 1753
467 2126
482 3051
482 3596
503 3453
506 691
507 3226
507 3615
511 691
516 2132
518 3251
528 3033
531 3221
570 1053
572 573
572 1086
572 1255
572 1300
572 1899
572 2405
572 3262
572 3453
572 3543
572 3625
577 2930
577 3453
577 3572
613 1005
613 2240
613 2469
613 3478
613 3623
618 2598
618 3355
621 1255
621 2052
621 2225
621 2593
621 3333
621 3415
621 3620
634 3195
663 1801
669 948
669 2598
682 2627
691 1012
691 1206
691 1470
691 1872
691 2488
691 3302
691 3333
725 1005
729 1268
729 1622
729 1793
729 1801
729 1899
729 1972
729 2307
729 2589
729 2598
729 3030
729 3381
729 3432
729 3446
729 3598
729 3601
729 3603
729 3618
759 2304
774 1038
774 1359
774 2254
774 3158
781 1763
781 3322
810 1300
810 1732
834 1540
834 2598
836 1801
836 3412
837 1201
837 3489
837 3599
848 3251
852 1224
852 2057
852 2589
852 3051
852 3453
882 1265
895 1280
897 1053
948 3426
954 3616
1002 1300
1012 2445
1012 2756
1012 3619
1057 1540
1057 3389
1060 1256
1060 2739
1060 3594
1086 2355
1106 1786
1106 2598
1106 2741
1106 3378
1128 3620
1140 3600
1148 1413
1148 3613
1206 1872
1206 2488
1206 2970
1235 2132
1235 2319
1235 3215
1242 3052
1255 1300
1255 2468
1255 2598
1255 2916
1255 3030
1255 3158
1255 3405
1255 3619
1255 3624
1256 2589
1256 2739
1256 3594
1265 1972
1268 1300
1268 1540
1268 1753
1268 1877
1268 2122
1268 2468
1268 2598
1268 3330
1268 3446
1268 3453
1268 3473
1280 1753
1280 2598
1280 3030
1300 1540
1300 1561
1300 1636
1300 1742
1300 1818
1300 1877
1300 1956
1300 2254
1300 2255
1300 2649
1300 2784
1300 3051
1300 3158
1300 3198
1300 3453
1300 3611
1335 1825
1335 3030
1359 1510
1359 1801
1359 2254
1359 2307
1370 1657
1395 3251
1413 1894
1413 2468
1413 3629
1422 1483
1470 1540
1470 2057
1483 2052
1483 3158
1483 3473
1510 1540
1510 3158
1515 3307
1540 1894
1540 2254
1540 2598
1540 2649
1540 3077
1540 3158
1540 3606
1543 3329
1561 2255
1563 3598
1625 2313
1636 1657
1636 2254
1636 2255
1636 2396
1636 2589
1636 2760
1636 3601
1646 2435
1657 2254
1657 2930
1657 3512
1687 2313
1717 2589
1717 2627
1724 2365
1742 3023
1742 3030
1742 3446
1753 2468
1753 3052
1753 3598
1763 2132
1763 2422
1763 3570
1763 3586
1763 3597
1763 3620
1773 1825
1786 1917
1793 1899
1793 1972
1793 2052
1793 3052
1793 3614
1793 3624
1801 2334
1801 3122
1801 3446
1801 3576
1801 3612
1818 3024
1818 3602
1818 3626
1825 1915
1825 2598
1831 3442
1831 3617
1872 3515
1877 3405
1877 3415
1877 3473
1894 3030
1899 2052
1917 3378
1917 3598
1922 2545
1941 3624
1972 2321
2052 2225
2052 3620
2052 3629
2086 2225
2098 2529
2107 2868
2122 3158
2123 3614
2132 2374
2132 3605
2192 2468
2245 3307
2254 2255
2254 2374
2254 2767
2254 2916
2254 2970
2254 3602
2254 3605
2254 3613
2254 3622
2255 2598
2255 3044
2255 3614
2295 2598
2295 3614
2304 3613
2307 2739
2307 3453
2307 3573
2313 3627
2319 3044
2333 3426
2360 2598
2374 2767
2389 3415
2396 3602
2445 3044
2445 3195
2445 3333
2445 3405
2455 3580
2464 2947
2468 3158
2469 3453
2488 3226
2488 3333
2504 3594
2529 2627
2529 3156
2529 3575
2529 3582
2589 3051
2589 3156
2589 3166
2589 3595
2589 3604
2593 2762
2593 2767
2593 3415
2598 3333
2598 3355
2598 3598
2598 3599
2620 3558
2627 3515
2663 2970
2692 3588
2696 3543
2733 3586
2733 3613
2739 3161
2739 3594
2739 3602
2748 3333
2748 3617
2756 3595
2762 3617
2767 3329
2767 3599
2767 3601
2767 3605
2784 3616
2786 3333
2786 3609
2786 3611
2916 3030
2934 3582
2970 3616
2970 3619
3039 3161
3041 3052
3044 3387
3044 3594
3051 3213
3051 3596
3116 3613
3158 3432
3158 3601
3161 3594
3161 3607
3166 3515
3166 3614
3195 3405
3223 3548
3251 3489
3251 3579
3307 3515
3307 3602
3346 3628
3401 3594
3405 3592
3458 3602
3476 3498
3498 3509
3503 3596
3509 3607
3511 3580
3511 3617
3548 3590
3556 3608
3601 3610
3611 3616
