0 382
0 1636
3 3823
7 1005
14 75
14 710
14 3924
19 206
19 1106
19 2598
19 2627
19 3700
19 3745
19 3902
19 3910
26 3322
29 516
29 2334
29 3592
29 3910
29 3925
30 97
30 613
42 206
42 572
42 1268
42 3226
42 3745
42 3783
42 3909
43 3745
59 315
59 1359
59 3894
59 3896
61 3123
69 2640
69 3891
73 285
73 1941
75 120
75 613
75 892
75 1056
75 1106
75 1413
75 1517
75 1625
75 1717
75 2177
75 2720
75 2962
75 3613
75 3634
75 3708
75 3745
76 307
76 461
76 1140
76 2534
76 3769
79 3745
83 3723
83 3928
83 3933
90 1005
96 1106
103 1636
119 1787
124 1742
133 710
133 881
133 2274
133 3903
153 302
153 1392
153 3745
153 3910
158 3745
158 3894
158 3896
158 3920
184 884
196 2831
196 3477
196 3687
196 3700
199 3056
199 3322
201 953
205 621
206 1854
206 3888
226 1753
226 3484
238 1600
240 270
258 682
285 1941
290 410
290 726
302 1612
302 3123
302 3902
302 3918
302 3924
307 823
307 881
307 1600
307 1785
307 2464
307 3204
307 3264
307 3368
307 3613
307 3814
307 3931
315 3700
318 1742
339 2035
356 710
367 2529
370 1106
370 1144
370 1179
370 1763
370 3453
370 3919
403 431
410 3368
414 3745
422 3905
431 1106
431 3899
446 710
446 884
446 2762
446 3477
455 3745
461 570
461 2274
461 2598
461 3727
461 3823
461 3926
509 1877
518 1703
539 2665
539 3783
544 1106
544 1359
544 2052
544 2948
570 1106
570 1941
570 2035
570 2062
572 729
572 1005
572 2052
572 2239
572 2770
577 710
577 1474
577 3160
577 3737
577 3877
613 1056
613 3745
618 3368
618 3626
621 710
621 813
621 836
621 1474
621 2272
621 3923
659 3617
682 1636
686 2583
686 3932
690 2598
690 3828
710 1141
710 2762
710 2930
710 3030
710 3286
710 3453
726 781
726 821
726 881
726 936
726 1300
726 1351
726 1390
726 1413
726 1786
726 2598
726 3333
729 936
729 1413
729 1612
729 1640
729 2239
729 2627
729 3638
729 3745
729 3914
733 3123
753 1413
762 1941
789 1106
791 3613
809 3760
821 3723
836 1223
836 1646
836 1818
836 2256
837 1423
852 1185
852 2148
852 3023
852 3910
852 3929
881 2592
883 3745
883 3865
883 3922
884 1002
884 2762
884 3881
884 3909
892 3877
904 3828
936 1413
938 3927
950 1392
1002 1540
1005 3727
1005 3745
1005 3859
1005 3884
1005 3915
1005 3916
1012 1941
1054 3904
1057 2762
1057 3307
1057 3878
1106 1333
1106 1413
1106 1608
1106 1807
1106 2177
1106 3368
1106 3613
1106 3717
1106 3836
1106 3920
1115 2762
1115 2930
1177 3897
1179 1763
1193 2598
1193 3908
1235 2035
1249 3925
1256 2762
1268 2035
1268 2720
1268 3932
1310 3814
1312 3821
1333 3613
1359 2627
1390 3613
1392 1985
1413 1422
1413 1612
1413 1640
1413 1753
1413 2598
1413 2627
1413 2770
1413 3745
1413 3926
1430 3925
1473 3579
1483 2432
1483 3453
1539 2035
1540 1657
1600 1804
1600 1877
1600 3333
1612 1646
1612 1763
1612 2223
1612 2598
1612 2767
1622 1661
1622 1972
1622 2274
1622 3368
1625 2739
1636 2739
1636 3723
1640 2223
1640 2598
1646 3900
1657 2598
1658 2035
1658 2472
1661 3368
1717 2057
1717 2529
1729 3574
1729 3613
1729 3896
1742 2239
1742 3123
1742 3902
1753 1877
1753 3484
1753 3634
1753 3783
1753 3823
1763 2598
1763 3636
1763 3911
1785 3745
1786 2239
1786 2598
1786 3923
1787 3613
1804 1877
1807 2598
1807 3865
1917 3426
1972 2052
1972 3700
1972 3745
1980 2123
1980 3906
1994 3723
2035 2062
2035 2970
2035 3030
2052 3171
2052 3204
2052 3717
2057 3687
2064 2617
2114 3613
2132 3894
2148 2274
2148 3727
2176 2313
2223 3814
2239 3123
2239 3914
2255 3892
2256 2762
2256 3737
2297 3923
2422 3925
2431 3927
2529 3204
2529 3368
2529 3902
2533 3745
2592 2598
2598 2627
2598 2720
2598 3638
2598 3745
2598 3906
2598 3911
2598 3923
2598 3932
2692 3745
2762 3215
2762 3322
2762 3453
2767 3700
2770 3901
2818 3915
2821 3740
2831 3322
2941 3091
2941 3093
3023 3929
3123 3727
3123 3902
3158 3745
3206 3617
3207 3617
3207 3639
3216 3913
3251 3917
3268 3453
3322 3745
3322 3911
3333 3890
3333 3907
3344 3405
3396 3745
3426 3453
3426 3543
3426 3900
3453 3613
3471 3886
3473 3898
3473 3930
3477 3921
3574 3896
3608 3927
3613 3745
3613 3838
3613 3884
3613 3890
3634 3823
3636 3760
3636 3878
3636 3894
3636 3911
3677 3772
3745 3924
3769 3928
3835 3841
3877 3903
3878 3912
3890 3896
3896 3904
3896 3933
