0 97
0 570
0 1012
0 2246
0 3957
4 3361
7 836
19 729
19 3515
19 4018
26 76
26 572
29 158
29 572
29 1298
29 2052
29 3759
29 4016
30 129
30 4016
41 729
51 3515
56 455
56 613
56 3545
56 3925
59 196
59 2256
59 2818
76 158
76 572
76 729
76 881
76 2114
79 3836
80 442
80 4004
83 647
83 3453
83 3540
88 1053
90 928
90 1039
90 1510
97 433
97 897
97 1793
97 3920
108 157
115 3091
117 1531
117 3091
121 3878
129 1804
134 1972
138 1256
138 2839
140 1268
153 442
153 1549
153 1917
153 4023
158 572
158 781
158 3329
158 3416
158 3545
174 186
177 1636
177 4007
186 446
186 1702
186 2223
196 3015
204 1625
206 3453
253 2052
271 4022
286 565
286 950
286 3791
286 3819
286 3836
323 3151
345 557
345 881
370 659
370 1177
370 1179
370 2382
370 3015
370 4022
374 1763
385 682
394 823
394 1753
431 1106
442 1413
442 1763
442 4014
446 3649
455 1604
455 3064
461 572
461 852
461 1753
461 2158
461 2640
461 2839
461 3515
461 3819
461 4015
475 3416
506 3515
515 572
536 1379
536 1636
536 3791
536 4022
565 4025
568 3540
570 1255
570 1811
572 682
572 1268
572 1436
572 2114
572 2529
572 2598
572 2767
572 3158
572 3329
572 3412
572 3453
572 3515
572 3799
577 1068
577 3355
577 3649
579 3928
599 3945
599 4023
613 729
613 3064
613 3234
621 1531
621 3540
647 1164
647 2243
659 948
659 2562
659 3759
679 3636
682 1392
682 4017
729 1877
729 2052
753 2286
781 4025
813 1057
813 2767
813 3613
821 3992
823 3064
852 3307
852 3515
852 3769
852 4017
884 3928
897 1793
897 1818
897 4016
901 2382
948 1811
948 2598
948 3322
1002 1268
1002 1540
1002 1877
1002 4007
1012 3998
1039 3998
1057 2286
1057 2583
1057 2762
1057 3230
1057 3540
1057 3613
1057 3819
1057 4019
1057 4020
1068 2821
1091 1831
1091 2598
1091 3502
1091 3850
1091 4011
1106 1540
1106 2741
1114 1510
1201 3928
1242 3951
1243 1917
1243 2598
1255 1753
1255 2027
1256 3769
1268 1335
1268 2114
1268 3540
1268 3759
1268 4007
1322 2739
1322 3677
1359 2669
1359 3329
1392 3417
1413 2839
1413 3967
1441 1804
1510 1540
1531 3234
1531 3769
1540 2254
1540 2256
1540 3745
1540 3928
1558 3928
1562 2243
1562 2868
1562 3947
1612 3064
1636 2286
1636 3850
1636 4019
1663 2775
1663 4012
1666 3928
1753 1877
1753 2027
1753 2158
1753 2603
1753 3975
1753 4015
1763 2687
1763 3322
1763 3329
1763 3416
1763 3540
1763 3967
1774 1985
1774 2052
1774 3998
1793 3453
1831 3878
1831 3980
1831 4020
1877 2158
1877 3975
1877 4015
1904 2529
1904 3453
1904 3751
1917 2114
1917 2192
1917 2839
1917 3992
1917 4022
1980 2603
1985 2687
2052 3515
2052 3540
2052 3769
2052 4013
2052 4025
2057 2660
2057 2767
2095 3515
2095 3769
2114 3453
2114 4024
2126 2158
2132 3636
2148 3515
2158 4015
2158 4022
2223 3967
2240 4013
2246 3322
2255 3975
2256 4023
2272 3030
2286 4019
2321 3123
2488 2687
2522 3727
2562 3759
2583 3980
2598 3791
2598 3967
2598 4011
2627 3649
2640 3769
2650 3064
2660 2839
2660 3515
2660 4018
2663 3967
2669 3828
2687 3540
2687 4012
2692 3878
2694 4007
2720 4016
2739 3677
2767 2839
2767 3015
2767 3453
2767 3613
2767 3636
2767 3791
2767 3978
2767 4005
2767 4012
2767 4013
2767 4018
2775 4012
2775 4022
2818 4023
3015 3540
3151 3457
3151 3878
3234 3574
3234 3613
3234 4006
3234 4009
3307 3639
3313 3453
3313 3515
3313 3769
3322 3967
3329 4002
3389 3972
3414 3847
3416 3649
3453 3759
3453 3791
3453 3850
3453 4022
3458 3769
3515 3769
3515 3836
3515 4010
3515 4018
3515 4020
3607 3878
3613 4013
3636 3878
3639 3677
3641 3771
3649 3978
3649 4014
3649 4017
3696 4008
3846 3983
3878 3928
3900 3992
3945 4023
3975 4015
4020 4021
