0 2255
7 904
7 4110
19 73
19 290
19 1616
26 1298
26 3543
28 852
28 1256
29 138
29 403
29 461
29 599
29 948
29 960
29 1012
29 1106
29 1268
29 1543
29 2598
29 2650
29 2820
29 3505
29 3613
30 141
30 280
30 1763
30 3195
30 3453
30 3543
42 948
42 1005
42 1268
42 1940
42 2488
42 2574
42 2756
42 2840
42 3062
42 4106
42 4118
43 904
43 1298
43 1539
43 3868
46 351
46 1242
46 1322
46 1636
59 1395
59 1763
73 138
73 285
73 762
73 1012
74 88
76 1235
76 1413
80 2132
83 141
83 3368
84 3368
94 2423
95 2762
96 1753
97 570
97 1365
97 3368
117 536
117 1825
117 3515
117 3928
117 4065
119 3613
121 138
121 511
132 1481
134 1268
138 285
138 370
138 682
138 703
138 1012
138 1763
138 4115
140 3543
141 2052
141 2234
158 729
158 1917
158 4099
163 539
163 729
163 771
163 779
163 3484
166 852
184 1359
184 2369
184 2650
184 3649
184 3865
184 4105
186 2786
196 253
196 883
196 1359
196 1543
196 1561
196 1763
196 2246
196 2423
196 3416
196 4058
196 4110
201 1172
201 1365
236 904
240 570
240 1539
240 1763
240 3868
249 4106
253 1763
258 280
258 621
258 659
258 922
259 904
259 1774
280 599
280 659
280 729
280 837
280 904
280 1422
280 1763
280 2488
280 2961
280 3841
280 3861
280 4018
280 4103
285 2035
286 2460
290 904
302 948
302 1017
302 2027
315 1365
348 647
351 659
351 2616
351 3835
370 495
370 1012
370 1322
370 3109
370 4125
397 2132
397 2369
397 4074
403 1917
414 708
461 1510
461 2457
461 2574
461 2627
461 3026
475 2423
495 3030
495 3453
506 4098
539 1002
565 4018
570 1539
570 1742
570 2727
570 4123
572 2423
577 1774
577 2574
577 2822
577 3329
613 1322
613 3026
618 1774
621 904
621 1966
621 2423
621 3960
621 4058
647 2562
647 3484
659 1005
659 2598
659 2650
682 3613
682 4111
682 4113
728 3617
729 1005
729 1543
729 2598
729 3861
762 2052
762 2650
762 3868
823 2052
823 3453
836 1543
836 4118
837 3453
839 1058
851 1825
851 3928
852 884
852 1255
852 1256
852 2052
852 4095
881 4122
883 4105
884 2488
886 3967
886 4013
897 904
897 2820
904 1255
904 1365
904 1539
904 2598
904 2650
904 3368
904 3791
904 3928
904 4118
948 2468
948 4106
999 2460
1002 1242
1005 3928
1012 1255
1012 2492
1012 4121
1017 1825
1017 3843
1034 1242
1057 1058
1057 1636
1057 2369
1057 2762
1057 2840
1057 3026
1057 3171
1057 3453
1057 4122
1058 1106
1058 1322
1058 1413
1058 1636
1058 1749
1106 2234
1164 1298
1164 2627
1179 1763
1206 2318
1206 2627
1206 4099
1235 3171
1242 1510
1242 1540
1255 3484
1255 4093
1268 3283
1268 3841
1268 3957
1298 1877
1322 1359
1322 1510
1322 2598
1359 3865
1359 4118
1395 3712
1395 4120
1413 1422
1413 1940
1413 2598
1413 4018
1413 4106
1470 2762
1470 3649
1470 3865
1473 4120
1510 1540
1510 1636
1510 2052
1510 2286
1510 2574
1510 2589
1510 2840
1510 3026
1543 1818
1543 2158
1543 2598
1561 3368
1608 2132
1608 3649
1615 4124
1616 1818
1636 1973
1636 2840
1636 4107
1646 2027
1753 1940
1753 2574
1763 1985
1763 2687
1763 2864
1763 4110
1774 2627
1774 3171
1787 2240
1787 4028
1787 4100
1794 2627
1794 3030
1794 4018
1796 4110
1818 2598
1820 2650
1825 2692
1845 2650
1917 3283
1917 4112
1940 4114
1972 3967
1985 2057
1985 3171
1985 3529
1985 4099
2027 2389
2035 3030
2046 3649
2052 2627
2052 2741
2052 2767
2052 3026
2052 4121
2052 4122
2064 2089
2089 2762
2126 2574
2132 3945
2132 4118
2158 4015
2179 3412
2179 4099
2255 2324
2255 4102
2256 4058
2256 4121
2318 2488
2318 4018
2319 3368
2324 4102
2369 2762
2423 2767
2423 2948
2423 4119
2488 4018
2584 4109
2598 2767
2598 2820
2598 3171
2598 3453
2598 3841
2598 3861
2598 4084
2627 2741
2627 3030
2627 4018
2627 4117
2627 4121
2650 3791
2690 4104
2691 4116
2706 2818
2756 4018
2762 3453
2762 3613
2762 3928
2767 3417
2767 3967
2767 4099
2767 4121
2818 3967
2840 3388
2864 3967
2930 3967
2980 3745
3001 4093
3026 3453
3026 3745
3026 4100
3062 4110
3157 4110
3171 3700
3171 4106
3207 3928
3280 3928
3322 4100
3368 4031
3412 4099
3416 4101
3453 3745
3526 4105
3543 3852
3556 3608
3613 4100
3613 4108
3617 3649
3617 3928
3649 3865
3649 3945
3649 4099
3677 4065
3791 4110
3865 3945
3928 4093
3928 4108
3945 4028
3950 4102
4006 4048
4058 4110
4093 4097
