0 2255
7 2149
7 4165
19 602
19 3333
19 4110
26 43
26 2149
26 2423
26 2598
29 43
29 88
29 158
29 258
29 570
29 573
29 1392
29 1972
29 2149
29 2423
29 2598
29 2603
29 4164
30 976
30 2149
37 1551
42 370
42 886
42 1510
42 3111
42 3409
42 3644
42 3744
42 3745
42 3992
43 2598
43 3928
43 4110
46 4110
46 4183
48 2650
73 570
76 3062
76 4048
76 4110
79 3984
83 2603
88 158
88 1561
88 1972
88 2052
88 2598
88 2603
88 2650
88 3333
96 1256
97 859
97 1255
97 2650
113 4176
115 1626
117 4110
133 1818
134 4110
135 4110
138 789
138 852
138 1235
138 4164
153 1359
153 4120
153 4160
153 4163
157 4168
158 1278
158 2739
158 3644
162 3992
167 4171
196 455
196 3745
204 4145
206 659
218 4009
226 3582
236 1268
236 2598
236 4110
286 2627
286 2660
286 3800
315 577
318 4176
330 1164
330 2650
332 600
348 662
348 1223
348 3329
370 3329
370 3861
370 4164
391 1268
394 1002
394 1753
434 4169
453 3958
455 1359
455 1985
455 2095
455 2598
455 2733
455 2767
455 3607
455 3745
455 3967
455 4110
455 4118
461 852
461 2916
461 3562
461 4131
461 4190
536 2132
536 3639
536 3912
536 3928
536 4018
539 976
570 1255
570 1753
570 1793
570 3030
573 4167
577 2256
577 2592
613 1091
613 4042
618 3727
621 3843
621 4168
641 2762
641 4110
641 4181
690 1636
690 3001
712 4110
729 1177
729 1256
729 1359
729 1517
729 1994
729 2762
729 2775
729 3477
729 3945
729 4028
729 4110
729 4176
803 2775
836 2149
839 1298
846 4102
852 2411
852 2488
852 2529
852 2627
852 3515
859 1753
859 1755
859 2319
859 2650
881 1106
883 3329
883 4168
884 4178
886 1002
886 1057
886 1625
886 1636
886 2052
886 3416
886 4175
886 4191
892 2598
907 2411
928 4176
976 1017
976 1268
976 1824
1002 1636
1002 2234
1002 3026
1002 4110
1002 4171
1005 3453
1012 2492
1012 2916
1012 3582
1036 4168
1057 1540
1057 2052
1057 3210
1057 4048
1057 4110
1057 4184
1091 1831
1091 2243
1091 2767
1091 3502
1091 3850
1091 3995
1091 4011
1106 1561
1106 1996
1106 2158
1106 2598
1177 1636
1177 1666
1177 2529
1177 3409
1177 4110
1177 4173
1179 1763
1232 4110
1235 1255
1242 1268
1243 4161
1255 1256
1255 2529
1255 3313
1255 4183
1256 2529
1256 2598
1256 2756
1256 3313
1256 4110
1256 4163
1256 4169
1278 2149
1278 2423
1295 3562
1298 1620
1321 1717
1333 2529
1359 2603
1359 2739
1359 4120
1359 4165
1361 4139
1370 4181
1392 4028
1413 2299
1413 2529
1413 2692
1413 3062
1473 2691
1510 2299
1510 4110
1510 4176
1517 4110
1525 3064
1540 2234
1540 2286
1540 4009
1540 4043
1606 3333
1606 3861
1636 2355
1636 2760
1636 3062
1636 3254
1636 4152
1661 3791
1661 4110
1717 4110
1717 4138
1724 4168
1741 2299
1741 3984
1742 1877
1753 1793
1753 2255
1753 2319
1753 2423
1753 3800
1753 4102
1753 4110
1753 4186
1755 4167
1779 1812
1779 3405
1779 3447
1779 3453
1779 3727
1779 4190
1792 4058
1793 2255
1793 2319
1793 3484
1793 4185
1807 3992
1812 2292
1812 4173
1812 4182
1818 4176
1825 3333
1877 3026
1972 2603
1985 3843
1985 4152
1985 4188
1990 2340
1990 3484
1994 3065
2027 3111
2027 4172
2052 3545
2052 3928
2052 4175
2095 3945
2095 4110
2132 3644
2140 4153
2148 4163
2149 3528
2149 4110
2223 3333
2223 4138
2234 3950
2234 4171
2243 4110
2255 2423
2255 4162
2256 3928
2256 4175
2272 4176
2299 2598
2299 3062
2299 3171
2313 4009
2319 3543
2319 4174
2389 3052
2389 4102
2389 4183
2389 4185
2400 3928
2411 3509
2411 4170
2529 3515
2529 3707
2592 3171
2592 4179
2598 2739
2598 3026
2598 3258
2598 3745
2598 3843
2598 3861
2598 3992
2598 4009
2598 4120
2598 4181
2603 2627
2603 3026
2627 2660
2627 2687
2627 3791
2627 4110
2627 4180
2650 3800
2650 4157
2660 3676
2687 3676
2687 4138
2733 3322
2739 4139
2762 3209
2762 3254
2762 3787
2762 4110
2762 4170
2762 4180
2767 3745
2775 3030
2775 3329
2775 4110
2818 3861
2818 4166
2916 3030
2916 3745
3023 3313
3026 4047
3041 4177
3052 3484
3171 3495
3221 4028
3304 4173
3322 3416
3329 3861
3333 4110
3333 4139
3453 4163
3515 3707
3562 4110
3562 4145
3579 4187
3617 4163
3623 3639
3649 3791
3744 3945
3745 4161
3787 3992
3787 4170
3791 4152
3841 4110
3861 4189
3900 4177
3928 4110
3928 4139
3928 4175
3958 4182
3981 4127
3984 4110
3992 4110
4018 4138
4018 4169
4047 4159
4068 4110
4156 4157
4162 4174
4183 4185
