0 43
0 46
0 64
0 69
0 79
0 121
0 131
0 158
0 166
0 266
0 307
0 367
0 373
0 451
0 506
0 519
0 563
0 566
0 603
0 618
0 620
0 623
0 632
0 636
0 650
0 664
0 673
2 140
2 186
2 225
2 307
2 408
2 613
2 615
2 617
2 621
2 655
2 662
3 42
3 546
3 637
4 612
7 14
7 657
9 30
9 42
9 64
13 637
14 26
14 42
14 64
14 70
14 76
14 80
14 109
14 117
14 119
14 151
14 153
14 162
14 186
14 310
14 342
14 370
14 445
14 455
14 477
14 532
14 584
14 635
14 659
14 664
14 670
19 26
19 28
19 42
19 76
19 79
19 186
19 307
19 625
25 29
25 76
25 83
25 100
25 129
25 140
25 190
25 271
25 302
25 390
25 391
25 410
25 518
25 556
25 579
25 656
26 42
26 83
26 190
26 354
26 623
26 624
26 634
28 97
28 121
28 128
28 226
28 637
29 121
29 307
29 617
30 64
30 120
30 206
30 235
30 307
30 618
30 634
30 670
42 43
42 64
42 76
42 80
42 96
42 109
42 122
42 134
42 139
42 140
42 146
42 151
42 373
42 393
42 432
42 455
42 477
42 563
42 593
42 624
42 626
42 634
42 636
42 641
42 643
42 653
42 659
42 662
42 664
43 64
43 100
43 128
43 201
43 206
43 266
43 408
43 624
43 659
43 662
46 235
46 637
48 206
56 146
56 186
56 307
56 312
59 565
64 83
64 121
64 490
64 539
64 563
64 661
68 506
73 201
73 275
74 266
74 621
74 664
75 221
75 393
75 451
75 539
76 100
76 119
76 139
76 153
76 174
76 206
76 225
76 258
76 289
76 368
76 393
76 451
76 461
76 507
76 539
76 552
76 563
76 577
76 588
76 593
76 616
76 635
76 661
76 667
79 168
79 258
79 408
79 477
79 664
80 109
80 146
80 356
80 556
80 609
80 616
83 100
83 186
83 225
83 406
83 461
83 490
83 617
83 618
88 488
95 109
96 108
96 617
97 509
100 634
102 518
102 593
108 133
108 196
109 186
109 271
109 307
109 404
109 477
109 618
109 637
109 642
109 644
117 201
119 477
120 302
120 635
121 186
121 235
121 432
121 434
121 519
121 632
122 593
123 129
123 539
123 665
127 159
128 614
128 620
128 622
128 659
129 490
129 623
130 410
133 153
133 335
133 370
133 532
133 616
133 618
134 140
134 225
134 391
134 455
139 146
139 153
139 393
139 550
139 586
139 603
140 186
140 191
140 336
140 354
140 514
140 518
146 184
146 307
146 519
146 647
146 650
148 672
153 289
153 393
153 609
157 656
158 186
158 204
158 519
158 612
158 643
158 652
159 390
168 612
168 617
168 624
174 291
174 367
174 588
174 617
184 266
184 335
186 206
186 506
186 531
186 603
186 608
186 616
186 619
186 644
186 650
186 659
186 672
190 206
191 563
196 621
196 632
196 649
198 621
199 588
201 275
201 563
201 617
204 408
204 652
206 235
206 393
206 487
206 539
221 461
222 618
225 461
225 563
225 657
226 318
233 667
233 668
235 390
235 434
235 644
238 623
240 390
256 612
266 618
266 671
275 370
275 532
275 637
280 659
282 507
282 626
286 502
289 307
289 432
289 455
289 488
289 640
293 507
302 630
302 647
304 659
307 532
307 563
307 589
307 618
307 626
307 635
312 627
335 373
335 506
335 603
335 612
335 654
336 644
348 519
348 663
354 461
367 373
367 532
370 373
370 456
370 546
370 663
373 374
373 563
373 639
387 638
391 539
391 661
393 616
395 617
397 641
404 612
408 456
408 475
408 587
408 618
408 645
410 436
410 507
410 613
410 628
410 660
431 656
432 556
434 618
439 666
451 588
455 490
455 629
455 640
455 659
456 673
461 490
461 539
461 668
465 562
472 563
477 638
487 662
488 527
490 563
490 657
502 612
502 613
506 612
506 616
506 638
507 664
518 539
519 612
528 638
528 643
531 588
532 563
532 618
534 588
539 609
539 624
539 625
539 668
550 617
556 609
563 621
563 623
563 637
563 639
563 657
563 666
565 643
588 659
599 602
603 615
609 625
613 617
617 620
617 622
618 636
618 637
621 623
621 637
621 666
624 625
624 626
624 631
624 633
624 646
624 648
629 658
635 649
635 655
649 655
650 651
666 669
