0 100
2 621
13 859
14 29
14 43
14 508
14 1005
14 1774
14 2089
14 2465
14 2499
14 3355
14 3617
14 4503
14 4507
19 312
19 2095
26 461
26 570
28 3727
29 3329
29 3710
29 4493
29 4503
30 73
30 74
30 4495
41 2762
41 4501
41 4521
42 712
42 3415
42 4351
43 1680
43 3710
43 4314
43 4416
43 4519
46 1268
46 1753
46 1942
46 2828
61 1793
61 2324
73 74
73 1039
74 83
74 621
74 3030
74 3453
74 4503
76 138
76 461
76 923
76 1255
76 2089
76 2428
76 3166
76 3181
76 3613
76 4028
76 4403
76 4495
80 4403
80 4469
80 4502
83 2989
83 3355
84 3745
88 1298
90 2089
95 1774
95 2762
95 4028
95 4275
97 433
97 1793
134 2599
138 461
138 570
138 608
138 2428
138 2529
138 3613
138 4495
138 4497
138 4498
153 3453
158 1298
158 2089
158 2460
158 3781
158 4171
158 4504
158 4505
159 570
172 4419
174 621
195 1255
195 1753
195 4491
196 1763
196 3984
206 1268
206 3484
226 1894
280 2266
280 3176
280 3484
280 3928
280 4028
286 2089
286 2428
286 2767
286 2930
286 3984
297 852
312 670
312 2650
312 4495
345 1763
345 3984
385 4486
406 1017
431 461
431 568
431 2158
442 2583
442 4504
446 2820
446 4509
461 539
461 570
461 859
461 2089
461 2599
461 2649
461 3355
461 3799
461 3928
461 3984
461 4171
461 4512
475 4254
488 1243
488 1763
488 2089
488 3030
488 3843
488 4280
531 4524
536 2046
536 2355
539 570
539 3636
539 4495
539 4506
556 1458
565 3727
568 1298
570 1255
570 3453
572 729
577 3171
577 4505
613 3329
613 3477
618 3355
618 3850
621 1561
621 1763
621 2820
621 3329
621 3453
621 3540
621 3613
621 3928
621 4171
621 4280
621 4495
621 4496
623 4419
641 2089
659 2243
659 3065
659 3543
662 4419
669 3727
703 2628
712 2100
729 3453
729 4491
771 4419
772 3368
821 839
834 4519
836 904
836 1793
836 4503
859 1793
859 1971
859 2255
859 3184
875 3710
881 3171
881 4171
886 1540
886 2095
886 2455
886 3023
886 3613
886 4171
891 1540
891 2324
891 2434
892 4510
893 1774
893 2762
893 3928
897 4314
903 3543
904 2089
904 4280
904 4456
904 4509
905 4518
919 4171
928 1255
928 1804
948 1255
948 3405
948 4171
987 2089
1002 3184
1002 3984
1002 4501
1005 1122
1005 2089
1005 2650
1031 2434
1031 3233
1035 2628
1036 1774
1036 1972
1038 1359
1057 2583
1070 2756
1140 2089
1164 4177
1242 1268
1243 4275
1243 4492
1255 2255
1255 4157
1255 4314
1255 4495
1268 2674
1268 4511
1276 2818
1276 4254
1298 3030
1359 2254
1359 2583
1359 4514
1383 1742
1383 3955
1395 3416
1422 3928
1458 4318
1510 3184
1510 4520
1561 2529
1561 2820
1561 3329
1561 3453
1561 3928
1561 4275
1561 4509
1576 2583
1576 4512
1581 3405
1602 4414
1606 2583
1632 2223
1636 2089
1636 2583
1636 2739
1636 2954
1636 4512
1636 4513
1680 2225
1680 3405
1680 4008
1717 2057
1742 2650
1753 2027
1753 2828
1753 4511
1753 4520
1755 2027
1763 2455
1763 3984
1763 4492
1774 2650
1774 3474
1774 4008
1793 4177
1793 4494
1794 3171
1804 4495
1825 3355
1872 4495
1877 4314
1894 2718
1985 2762
1985 2989
2027 3052
2027 3484
2046 2583
2052 3727
2052 4500
2052 4516
2062 4495
2081 3928
2089 2455
2089 3745
2089 3928
2089 4171
2095 2488
2095 2627
2132 2583
2149 4495
2223 2266
2225 2821
2243 2691
2245 2455
2254 3841
2254 4367
2254 4427
2292 3171
2340 2650
2455 3984
2460 2919
2460 4312
2488 3176
2499 4499
2529 3171
2582 2583
2582 3893
2583 2739
2583 2762
2583 3171
2583 3613
2583 3636
2583 3893
2583 3984
2583 4171
2583 4495
2583 4504
2589 3984
2598 3026
2599 2650
2628 2650
2650 2919
2650 2930
2650 3613
2650 4495
2650 4518
2696 4177
2720 2956
2739 3171
2739 3636
2739 4512
2756 4490
2760 4028
2762 3328
2762 3928
2762 4501
2762 4504
2767 4507
2820 3453
2820 3928
2820 4427
2820 4520
2821 3799
2868 3745
2868 4495
2930 3984
3023 3727
3023 4379
3026 3781
3062 3984
3069 3955
3171 3355
3171 3893
3171 4200
3171 4519
3181 3405
3184 4506
3326 4501
3329 3928
3329 4503
3355 4505
3405 3745
3405 4495
3412 4512
3453 3928
3456 3727
3456 4493
3579 4067
3613 4495
3613 4496
3613 4513
3613 4517
3617 4318
3636 4506
3727 4280
3727 4379
3727 4493
3745 3984
3745 4468
3745 4500
3843 3984
3882 4494
3893 4495
3928 4028
3928 4504
3967 3984
3967 4492
3984 4312
3984 4318
3984 4492
3984 4519
3984 4523
4008 4508
4171 4511
4316 4513
4403 4502
4419 4515
4495 4496
4495 4497
4495 4498
4501 4521
4510 4522
