0 3
0 16
0 89
0 140
0 174
0 175
0 249
0 423
0 539
0 659
0 685
0 703
2 169
2 367
2 391
2 577
2 674
2 681
3 175
7 26
13 637
14 25
14 26
14 42
14 46
14 64
14 76
14 89
14 146
14 206
14 235
14 289
14 336
14 477
14 539
14 621
14 659
16 56
16 153
16 233
16 659
19 29
19 56
19 83
19 138
19 201
19 477
19 621
25 26
25 29
25 30
25 43
25 56
25 60
25 84
25 109
25 121
25 140
25 169
25 226
25 249
25 304
25 451
25 461
25 490
25 494
25 506
25 507
25 519
25 618
25 647
25 678
25 686
25 688
26 43
26 73
26 76
26 89
26 121
26 169
26 190
26 196
26 235
26 249
26 563
28 148
28 674
28 677
28 678
28 687
29 95
29 109
29 370
29 507
29 684
33 565
36 403
38 97
38 123
38 140
38 461
38 539
42 129
42 148
42 169
42 195
42 206
42 249
42 275
42 370
42 432
42 518
42 539
42 647
42 659
42 687
42 688
42 693
42 705
43 76
43 80
43 140
43 148
43 167
43 169
43 171
43 304
43 367
43 451
43 455
43 688
46 477
46 670
46 674
47 437
47 687
49 663
56 76
56 140
56 186
56 201
56 235
56 303
56 307
56 442
56 506
56 566
56 608
56 695
60 477
64 249
64 304
64 477
64 637
74 184
74 221
76 80
76 169
76 216
76 304
76 367
76 403
76 477
76 506
76 621
79 80
79 89
79 133
79 258
79 283
79 455
79 687
79 696
80 304
80 455
80 506
80 686
80 688
80 705
83 477
83 618
83 621
83 666
84 621
88 621
89 129
89 130
89 143
89 196
89 201
89 442
89 490
89 507
95 621
97 129
97 461
97 539
103 477
109 121
109 191
109 519
109 539
109 556
109 621
109 659
109 686
109 687
109 691
121 140
121 186
121 226
121 423
121 477
121 652
121 678
121 681
121 684
121 687
121 692
121 705
123 370
123 621
126 330
126 539
128 455
128 659
128 675
128 677
129 169
129 490
129 637
130 153
133 477
133 563
133 618
133 676
134 539
134 706
135 621
139 507
140 186
140 199
140 226
140 307
140 354
140 490
140 673
143 507
146 367
148 370
148 670
148 679
148 683
151 686
153 686
158 169
158 286
158 477
158 507
158 565
158 685
159 390
167 684
169 249
169 336
169 354
169 391
169 403
174 367
174 408
174 617
184 685
184 687
184 692
186 354
186 490
186 563
186 618
195 577
196 490
196 635
201 395
201 455
201 496
201 635
201 697
204 304
206 621
206 678
221 354
221 507
226 490
249 539
249 678
258 686
280 406
280 659
286 408
286 652
287 621
289 681
289 699
289 700
289 703
290 678
290 682
302 647
302 674
303 455
303 688
304 455
304 506
304 593
304 687
304 688
307 494
307 662
315 618
315 621
315 674
335 367
335 404
335 507
335 635
335 659
335 689
335 698
335 702
336 507
348 663
349 507
349 695
367 455
367 507
367 519
367 618
370 477
370 659
370 663
370 679
370 680
391 686
391 688
397 641
403 442
403 685
408 447
410 670
419 434
432 659
441 451
447 502
447 563
455 477
455 652
455 685
456 617
461 618
475 635
477 659
488 565
490 507
490 556
496 556
502 699
507 565
507 673
516 637
519 647
531 621
539 647
539 684
539 699
539 705
556 560
560 687
563 621
611 621
617 621
621 662
621 674
621 676
635 649
659 694
659 704
663 680
674 676
684 687
686 690
699 703
700 701
