0 41
0 88
0 153
0 1636
0 2095
0 2529
0 2756
0 2767
0 2930
0 3515
1 2307
7 431
7 3745
7 4678
13 240
13 4314
14 29
14 153
14 577
14 839
14 852
14 1753
14 1763
14 1917
14 2095
14 2412
14 2529
14 2583
14 2687
14 2762
14 2919
14 3265
14 3930
14 4187
14 4506
14 4697
19 729
19 3329
19 4489
19 4689
26 461
26 509
26 839
26 948
26 1753
26 2255
26 3265
26 3900
26 4678
29 43
29 138
29 729
29 2214
29 3265
29 4679
30 3405
37 1994
41 1395
41 2529
41 3945
41 4646
41 4677
42 410
42 461
42 1540
42 4517
43 138
43 1177
43 1298
43 1369
43 2019
43 2905
43 2919
43 3265
43 4422
43 4691
46 1365
68 410
73 1012
73 1206
75 997
76 138
76 382
76 460
76 1002
76 1298
76 3062
76 3688
76 4507
76 4582
80 3573
80 4707
83 138
83 410
83 826
88 1365
88 4523
90 1298
94 1298
95 4275
97 928
97 968
109 3477
115 461
117 1031
123 300
123 4694
133 1370
134 3930
136 2460
138 460
138 570
138 691
138 762
138 1243
138 1255
138 1298
138 1994
138 2919
138 3030
138 3446
138 4679
140 336
145 4314
153 1763
153 2095
153 2767
153 4061
153 4678
153 4702
153 4709
154 297
156 4679
158 2382
158 4679
184 852
196 1193
196 1365
196 4678
201 1255
236 948
238 4031
240 1804
240 3828
240 4314
257 2756
258 280
258 475
258 4507
258 4696
280 383
280 1057
280 2583
280 4507
280 4684
286 2919
287 839
287 1527
287 4704
300 539
300 4694
304 3580
315 610
358 410
370 1298
370 4582
370 4668
374 599
374 1359
374 2583
374 3329
390 762
391 826
391 1413
410 1256
410 1763
410 2898
410 3171
410 3329
410 3928
410 4187
410 4659
410 4686
431 729
431 1243
431 3928
431 4182
433 1923
434 1298
442 1923
442 4655
447 2592
447 2919
447 4528
460 577
460 1298
460 1413
460 1929
460 1994
460 3745
460 3828
461 690
461 1002
461 1243
461 1359
461 1625
461 1923
461 2266
461 3745
461 4659
461 4678
461 4690
461 4691
493 2603
505 1923
509 2307
539 891
539 997
539 1990
539 2019
539 4694
556 2767
556 4660
559 4390
563 2687
570 1255
577 618
577 2919
577 3727
610 3171
610 4298
610 4422
618 1370
621 1370
621 1994
621 2284
621 3865
621 4652
647 2381
659 4001
691 4582
699 3405
699 4523
729 1742
729 3265
729 3760
729 4582
729 4691
729 4698
762 1298
762 2718
762 4684
762 4691
781 881
803 2775
817 4314
826 2956
826 4384
836 2412
837 4692
837 4696
839 948
839 2255
852 1057
852 2756
852 4672
852 4680
859 1753
881 1086
881 4696
881 4708
883 1298
883 1818
883 1877
883 4577
891 904
904 1242
904 3865
919 1369
928 968
948 1753
948 2255
948 2389
948 2612
948 3727
968 3122
968 4690
997 2053
997 4706
1002 1361
1002 2840
1002 4682
1017 4685
1031 1923
1036 1804
1057 1636
1057 2583
1057 4187
1057 4679
1086 3171
1086 4679
1106 1996
1106 4187
1106 4696
1115 2382
1164 2583
1170 1540
1171 4693
1193 1742
1198 2919
1206 3078
1223 2821
1242 1540
1242 4691
1243 2214
1243 3858
1243 4100
1243 4275
1255 1454
1255 2718
1255 3920
1255 4680
1256 4666
1290 1923
1298 1359
1298 2307
1298 4582
1300 1365
1300 1709
1300 1917
1335 1636
1335 1793
1335 4681
1359 2762
1359 3858
1359 4699
1359 4702
1361 4686
1365 1543
1365 1877
1365 2009
1365 3329
1365 3405
1365 4523
1365 4696
1369 2019
1369 2286
1370 2284
1413 1923
1413 1990
1413 2052
1413 3068
1413 3171
1510 1923
1510 4686
1527 2612
1539 4523
1540 1753
1540 4403
1561 4275
1561 4563
1581 2255
1608 2089
1612 3920
1612 4422
1612 4684
1636 1923
1636 2052
1636 3636
1636 3858
1636 4403
1636 4677
1636 4679
1636 4688
1636 4694
1640 1824
1680 2225
1709 3930
1753 2687
1753 3930
1753 4693
1753 4701
1763 3228
1763 4408
1763 4705
1774 3727
1793 2307
1793 2687
1793 2989
1793 3171
1793 3405
1804 3267
1807 2382
1807 2919
1807 3158
1807 3688
1807 3760
1807 3984
1807 4696
1831 2089
1877 2307
1877 2412
1990 2741
1994 2720
1994 2919
1994 3943
1994 4318
1994 4709
2019 2599
2027 2307
2038 3062
2052 2284
2052 2307
2052 2583
2052 4665
2052 4667
2052 4684
2052 4694
2053 2603
2064 2919
2095 2529
2095 4680
2132 4709
2148 3727
2223 2583
2223 4061
2223 4687
2255 3329
2256 4422
2284 2381
2284 3580
2284 4100
2307 2389
2307 2612
2307 4419
2321 2919
2366 2403
2389 4419
2432 3062
2432 4403
2455 3858
2488 4545
2488 4666
2529 4460
2562 4696
2583 4422
2583 4507
2583 4687
2583 4699
2603 4171
2627 4061
2687 2775
2687 4422
2687 4600
2687 4695
2687 4705
2756 3515
2756 4680
2762 2821
2762 3580
2762 4698
2767 2783
2767 3417
2767 4702
2919 3171
2919 3727
2919 4338
2919 4696
2919 4709
2930 4648
3030 3920
3030 4684
3039 4523
3052 4419
3065 3171
3159 3217
3166 3920
3171 3928
3171 4422
3171 4679
3329 3416
3329 3580
3329 3865
3329 4489
3405 4523
3446 3657
3477 3897
3477 4683
3515 4680
3613 4403
3613 4517
3613 4689
3613 4692
3636 4677
3649 4688
3657 4298
3745 4061
3745 4582
3745 4678
3745 4679
3877 4699
3880 4646
3928 4678
3945 4646
3984 4187
4171 4690
4187 4403
4187 4700
4238 4689
4286 4678
4318 4517
4338 4666
4403 4689
4403 4703
4422 4690
4518 4567
4563 4678
4582 4668
4583 4679
4646 4707
4695 4705
