4 3613
4 4187
7 2024
12 2027
12 3405
14 820
14 1145
14 1413
14 3484
14 4340
19 286
19 1763
19 2455
19 2767
19 3688
19 4150
19 4600
25 1732
26 90
26 2024
26 2149
29 43
29 370
29 839
29 2024
29 2158
29 4015
29 4332
30 1742
30 2694
33 153
33 2756
33 4753
41 1473
41 2762
41 3158
42 1824
42 4187
42 4582
43 820
43 836
43 1053
43 1732
43 1818
43 3975
43 4332
43 4600
43 4653
43 4759
43 4765
46 634
46 837
46 1510
46 2340
46 2868
46 3945
46 4187
46 4762
56 1763
56 4187
68 4600
72 1255
72 2694
73 762
73 3578
73 4187
75 4600
76 2062
76 3928
76 4187
79 3417
80 2739
80 4589
83 1831
83 3062
83 4187
83 4744
84 1470
84 3062
84 3874
88 1145
88 4523
89 729
89 1793
90 1255
90 3417
109 4110
134 2412
135 2640
138 712
138 852
138 1206
138 1255
138 1763
138 3329
138 4600
138 4744
153 852
153 1005
153 1115
153 3579
153 4187
153 4760
157 1732
157 2412
157 3716
158 461
158 1540
158 1751
158 2223
158 3030
158 3476
158 4171
158 4187
158 4759
162 2694
196 206
196 3329
206 4015
226 318
240 565
240 4664
258 577
258 3417
280 4744
302 1636
302 4187
302 4366
304 4187
318 4150
335 3171
338 2149
358 3171
370 839
370 1818
370 3446
370 4187
370 4332
388 3346
390 968
412 4600
447 4751
460 2062
460 2845
460 3745
461 565
461 1625
461 1751
461 3613
461 4187
461 4714
461 4740
477 1636
477 2132
477 2767
477 3928
499 2453
539 2762
539 4015
539 4723
565 4187
570 852
570 1255
570 1268
570 1917
570 2307
570 4187
570 4600
570 4762
573 1012
573 4187
589 729
589 4187
599 4187
610 1243
610 1359
613 729
613 4766
618 659
618 1831
621 4600
621 4759
641 4187
659 729
659 2529
659 2756
659 2762
659 4187
691 922
691 4744
696 3329
712 4759
721 1625
729 1012
729 1106
729 1255
729 2534
729 3122
729 4187
729 4756
729 4762
762 852
762 2412
762 3578
762 4187
762 4744
762 4759
803 2775
836 1917
836 4380
839 4340
852 1005
852 1122
852 1206
852 1845
852 2095
852 2756
852 2762
852 2767
852 3171
852 3578
852 4140
852 4585
852 4754
852 4760
881 2762
886 1144
886 2455
897 4150
922 4187
950 1115
950 2627
960 1794
963 1751
968 2845
969 2124
1002 4600
1002 4766
1005 1365
1005 1636
1005 3412
1005 4600
1012 1732
1012 2062
1012 3166
1012 4187
1012 4756
1031 4187
1036 1413
1039 4140
1039 4754
1062 2453
1106 1636
1106 3412
1106 3613
1106 4187
1115 3579
1140 3636
1140 3928
1144 1418
1144 3613
1206 4756
1242 1917
1243 1818
1243 2214
1243 2453
1243 2862
1255 1915
1255 3030
1256 3158
1256 4140
1256 4744
1268 1792
1268 2694
1321 4742
1322 1831
1322 3984
1322 4187
1359 2724
1359 4187
1359 4746
1361 4743
1365 1418
1365 2670
1390 2052
1413 3166
1416 2694
1418 1636
1418 1818
1418 2919
1418 4523
1418 4600
1510 2423
1540 1994
1540 4694
1581 1877
1581 2027
1581 3543
1625 3158
1625 4187
1636 1768
1636 2432
1636 2821
1636 4187
1636 4600
1636 4677
1636 4747
1636 4749
1636 4750
1646 4419
1667 4747
1751 1794
1751 1917
1751 3745
1753 2111
1753 2419
1763 3476
1763 4080
1768 3613
1768 3791
1768 4171
1776 3943
1785 2775
1792 2694
1792 3417
1793 2694
1794 2919
1808 2839
1818 2455
1818 2821
1818 4052
1824 4600
1845 3171
1877 1971
1877 2694
1917 4340
1917 4653
1929 3171
1929 4187
1939 2775
1971 3405
1994 4110
1994 4740
2024 3171
2027 2406
2027 2453
2062 3716
2064 2095
2095 3078
2095 4220
2095 4744
2132 4220
2132 4708
2156 3613
2188 2589
2223 3904
2223 4760
2245 3412
2272 4031
2284 2381
2319 2694
2419 3405
2428 2919
2428 3158
2428 4744
2432 3613
2432 4187
2434 4670
2453 2694
2453 2696
2488 4140
2529 4095
2583 4507
2650 4238
2670 3515
2670 4095
2670 4113
2687 2775
2691 4187
2694 3453
2694 4015
2694 4113
2694 4558
2728 2762
2739 3023
2756 3412
2756 3515
2756 4095
2756 4113
2756 4187
2756 4680
2756 4744
2762 3158
2762 3928
2762 4110
2767 3171
2767 3579
2767 3613
2767 3688
2767 4600
2767 4760
2767 4764
2821 4494
2825 3928
2845 3171
2845 3417
2845 3716
2845 3783
2845 4194
2919 3417
2919 4745
3030 4113
3062 3791
3062 4187
3071 4758
3078 4744
3107 4187
3122 4015
3122 4187
3152 4563
3158 3928
3158 4140
3158 4756
3166 4756
3171 4171
3171 4507
3171 4761
3268 3893
3412 4600
3415 4419
3415 4600
3447 4187
3476 4382
3515 4095
3515 4744
3613 4110
3613 4187
3626 4187
3677 4187
3727 3745
3727 4150
3727 4664
3727 4751
3745 4187
3745 4494
3745 4558
3745 4742
3745 4746
3745 4764
3799 4600
3806 4234
3874 4732
3874 4762
3945 4187
4061 4714
4095 4113
4110 4118
4110 4746
4113 4693
4113 4763
4140 4754
4187 4254
4187 4755
4187 4757
4289 4744
4316 4600
4340 4518
4677 4767
4694 4749
4731 4752
4735 4748
