0 4419
1 948
4 729
14 824
25 43
26 1278
26 1786
26 2845
26 4286
26 4853
29 138
29 255
29 461
29 570
29 762
29 1636
29 1941
29 2062
29 2762
29 3030
30 3543
41 823
41 1454
41 4849
42 1198
42 1540
42 1998
42 2437
42 3171
42 4419
43 100
43 570
43 1278
43 2956
43 4340
43 4691
43 4861
46 753
46 1268
46 1636
46 4826
46 4842
46 4853
48 255
48 904
59 2095
73 138
73 255
73 1039
76 138
76 304
76 573
76 1255
76 1687
76 2131
76 2583
76 2668
76 2756
76 2868
76 3313
76 3368
76 3416
76 3417
76 3984
76 4323
76 4585
76 4771
76 4836
76 4838
77 1369
77 2389
77 4419
80 1812
88 4523
90 1255
96 1223
96 1753
97 570
97 1804
97 4783
100 1753
100 4419
101 2423
108 1658
109 3811
122 4836
126 2319
137 1877
137 3984
138 240
138 789
138 817
138 1145
138 1255
138 1636
138 2062
138 2529
138 2603
138 4811
140 1242
149 1255
153 686
153 1122
153 3368
153 3745
153 3984
153 4126
153 4585
158 1106
158 2287
158 3329
158 4861
179 4582
184 446
184 3945
206 2825
240 1255
247 4826
249 1145
249 1255
249 1581
255 1941
255 2845
258 1321
258 1812
258 2930
258 3727
276 1900
280 312
280 785
280 3458
280 3573
280 3745
286 3984
287 570
289 730
289 839
289 3416
289 4845
298 442
298 881
298 2529
298 2767
298 3322
303 1540
303 4822
304 1106
304 3023
312 1106
315 2687
315 4423
348 3535
370 753
370 3191
374 483
408 3712
414 708
417 4708
434 1145
442 1333
442 2019
446 3945
447 2767
461 573
461 1145
461 2437
461 2756
461 2868
461 4171
461 4691
461 4858
483 4187
503 3781
570 762
570 1255
570 2062
570 4783
573 1244
573 2970
573 3984
577 2762
599 1209
599 3636
599 4821
610 1359
610 4582
613 729
613 1786
613 1793
613 2307
613 3107
613 4122
613 4171
618 1198
618 1812
618 4422
621 2149
621 2603
621 4677
621 4853
641 3228
641 4422
659 4830
665 2694
686 2245
686 3110
686 3984
729 753
729 1177
729 1812
729 1824
729 2406
729 2756
729 3337
729 3745
729 3838
729 4107
729 4370
729 4422
729 4423
729 4840
729 4841
730 1005
730 1359
753 1002
753 3984
762 2062
762 2668
762 2845
762 2868
762 3030
762 3388
762 4286
762 4646
762 4691
817 2845
852 2529
852 2756
852 2868
852 3509
852 3707
852 4113
852 4126
852 4422
852 4760
852 4840
852 4846
852 4850
852 4858
881 3636
881 3984
883 4841
893 1392
904 1278
907 4286
921 1255
938 3882
948 1278
948 4419
968 1753
969 2321
969 3067
1002 1365
1002 1875
1005 1177
1005 3217
1005 3928
1005 4853
1012 4641
1036 3267
1036 3543
1041 2640
1106 1636
1106 3388
1106 3984
1106 4827
1122 4585
1145 1164
1145 1255
1145 1616
1145 1877
1145 2437
1145 2694
1145 3030
1145 4419
1148 3984
1177 3928
1177 4171
1177 4581
1185 4760
1198 1636
1198 1812
1198 4536
1206 3368
1209 3171
1209 3574
1233 4384
1242 2437
1242 3984
1242 4822
1244 2970
1244 4280
1255 1365
1255 1753
1255 1877
1255 2529
1255 2845
1255 2888
1255 3900
1255 4783
1256 3707
1256 3850
1275 2583
1278 1724
1278 2149
1278 3984
1333 2019
1333 2321
1359 4835
1361 1812
1365 4171
1369 4419
1406 3657
1418 3882
1540 2868
1540 3613
1540 4009
1540 4822
1540 4844
1560 3405
1581 2027
1636 2529
1636 2583
1636 2762
1636 2868
1636 3051
1636 3501
1636 3838
1636 3984
1636 4171
1636 4323
1636 4422
1636 4842
1636 4851
1680 4856
1729 4857
1742 2668
1742 4855
1753 2423
1753 3030
1753 3405
1753 4333
1753 4340
1763 4045
1763 4582
1763 4845
1786 2070
1793 1917
1793 4419
1812 2762
1812 4708
1818 4116
1824 3984
1831 3228
1894 4840
1917 2437
1917 3067
1917 3405
1917 3984
1917 4431
1972 4839
1985 2243
2019 2132
2019 4318
2027 4826
2052 3416
2052 4238
2062 2845
2062 3030
2076 4489
2089 4853
2095 2617
2095 3945
2131 2583
2131 3712
2132 4840
2139 4783
2142 2668
2147 4843
2149 4677
2158 3657
2158 4832
2169 4853
2223 2783
2223 3030
2243 2617
2243 2687
2245 3712
2287 4798
2307 4107
2307 4171
2382 4831
2382 4860
2389 4419
2406 3030
2406 3543
2406 3951
2406 4370
2406 4419
2423 2437
2423 3405
2423 4177
2428 3453
2428 3984
2455 2583
2455 3984
2460 4107
2488 3458
2529 2670
2529 2756
2529 3368
2529 3984
2529 4113
2529 4811
2529 4858
2535 3613
2535 4187
2536 4859
2583 3145
2583 3228
2583 3745
2583 4122
2583 4187
2598 4853
2603 2694
2603 4523
2603 4843
2628 3624
2668 4171
2687 4423
2694 3405
2694 3646
2694 4333
2694 4847
2756 4113
2756 4140
2756 4641
2756 4848
2756 4858
2762 3030
2762 3928
2767 3322
2767 3329
2767 4122
2767 4764
2767 4840
2767 4845
2775 4853
2845 4573
2845 4702
2845 4858
2868 3329
2868 3945
2868 3984
2868 4113
2868 4858
2888 4582
2919 4860
2930 3191
2956 4280
3026 4800
3030 3727
3107 3799
3122 3191
3125 3984
3192 3457
3228 3649
3228 3745
3267 4856
3322 3984
3329 3984
3329 4862
3368 3745
3368 4848
3388 3636
3405 4847
3416 3712
3416 4646
3453 4582
3453 4852
3456 4798
3458 3578
3458 4754
3477 4187
3484 4853
3509 3850
3509 4110
3509 4126
3509 4422
3515 3707
3515 4641
3515 4849
3530 3745
3574 4845
3578 3707
3578 4113
3578 4126
3613 4842
3624 4783
3636 3787
3646 4333
3649 4126
3688 3712
3688 3984
3707 4846
3712 3984
3712 4646
3727 3850
3745 3984
3745 4045
3745 4126
3745 4286
3745 4646
3745 4853
3787 4669
3799 4822
3928 4171
3954 3984
3984 4045
3984 4187
3984 4200
3984 4384
3984 4821
3984 4842
3984 4851
4126 4422
4150 4783
4157 4419
4171 4691
4187 4422
4187 4600
4187 4853
4286 4853
4289 4600
4382 4422
4423 4641
4585 4600
4600 4837
4641 4849
4783 4853
4821 4854
