12 461
12 2255
12 5016
28 2868
29 893
29 2149
29 5021
29 5028
30 4150
30 5018
41 1115
41 5005
42 123
42 2377
42 4882
43 1333
43 3115
43 4332
46 2682
46 4523
46 4673
46 5018
48 434
56 2800
59 196
59 4187
59 4366
59 5041
65 1793
69 4832
73 921
75 3023
75 4839
76 297
76 455
76 762
76 813
76 1106
76 1198
76 1206
76 1255
76 2377
76 2800
76 3313
76 3329
76 4832
76 4949
83 3160
83 4766
88 4232
97 3727
100 1375
100 2603
101 3484
103 1593
108 729
110 4080
115 304
115 442
115 1458
115 2340
115 2756
123 2694
123 4882
133 315
136 1242
136 1540
136 3030
138 641
138 852
138 1115
138 1206
138 1255
138 3582
138 4783
138 5015
140 2728
151 3171
153 465
153 995
153 2627
153 2728
153 5041
156 255
156 839
158 3727
158 4232
158 4590
158 5003
158 5032
184 2762
184 3171
184 3928
195 2158
196 3313
196 3329
196 5015
236 2868
236 4419
255 4909
258 1365
258 5014
280 2589
280 3636
286 1763
286 3613
286 4187
286 4473
289 4100
290 3123
290 4998
297 367
297 696
304 442
304 3313
315 1198
315 3171
348 2149
354 2888
367 455
367 1206
367 3313
367 3745
370 1612
370 5035
372 3160
383 5033
394 539
394 1753
397 4077
434 562
434 1206
434 2767
434 3313
434 3636
434 4909
434 4949
434 5028
442 2800
455 1106
455 1561
455 1742
455 1831
455 2132
455 3313
461 1375
461 2142
510 5039
515 2868
515 3838
524 1941
539 2589
539 2682
539 4673
539 5013
539 5025
556 3145
556 3712
556 4646
556 4920
562 5007
562 5014
565 3115
570 3052
570 4419
570 4673
573 1612
577 2762
577 2821
577 3160
577 3171
600 5011
613 2728
618 4993
621 712
621 3123
621 3166
621 5018
621 5042
641 762
641 881
641 1333
641 1636
641 2650
641 3984
641 4171
641 4600
641 5023
682 2499
686 1106
691 1206
691 3313
712 3171
729 1255
729 5013
729 5031
736 3329
736 4100
762 852
762 2628
762 2868
762 5028
762 5031
796 2762
803 2256
803 2687
803 2775
803 4140
803 4839
821 3329
821 5015
834 1106
834 3717
852 1115
852 2052
852 2529
852 2589
852 2756
852 2868
852 3458
852 3582
852 3636
852 4113
852 4911
857 4481
886 2767
886 4050
886 4924
895 2682
904 4280
921 1012
921 2529
921 2627
921 2756
921 3515
948 3484
948 4961
963 2589
995 1763
995 1787
995 2053
995 2820
995 3026
995 4382
995 4783
1002 1563
1002 5001
1005 2762
1005 3501
1005 3636
1005 3945
1005 4535
1006 2019
1006 2286
1006 2956
1012 4783
1017 5016
1039 2756
1106 1421
1106 2132
1115 1636
1115 2589
1115 2756
1115 4924
1145 4523
1164 2027
1164 4080
1171 1612
1179 1763
1206 1256
1206 2132
1206 2627
1206 3313
1206 3412
1206 5015
1242 4171
1244 5010
1255 2650
1255 2756
1255 3505
1255 3636
1255 4236
1255 4935
1255 5013
1256 4731
1278 1543
1278 3967
1322 2389
1322 2455
1322 2762
1322 2970
1322 3313
1333 1636
1359 2728
1359 3893
1359 5037
1365 2589
1365 3578
1369 5026
1375 1661
1388 2756
1390 3458
1527 4419
1540 4885
1554 3515
1561 3313
1561 5028
1563 3484
1581 2027
1598 1804
1612 1793
1612 2868
1612 3030
1612 3405
1612 3984
1612 4783
1612 5035
1636 1812
1636 3258
1636 4181
1636 4590
1636 5023
1657 1787
1661 1825
1661 4171
1661 4536
1663 5007
1742 3313
1753 1807
1753 1985
1753 2252
1753 3484
1753 4080
1753 4419
1753 4673
1753 5031
1753 5036
1763 3313
1763 3613
1763 3838
1763 4100
1763 5015
1768 5010
1794 1825
1807 1917
1818 4978
1824 3313
1825 1915
1825 2504
1831 3313
1917 2412
1917 3067
1917 4993
1917 5009
1985 2845
1985 3422
1985 3572
1990 4031
1996 3313
2019 2286
2019 2956
2027 4332
2027 5029
2052 3484
2052 5013
2052 5039
2053 2682
2062 2650
2089 5028
2089 5030
2132 3313
2148 2756
2149 5031
2158 2888
2169 3313
2223 3984
2223 5005
2223 5015
2255 3484
2256 5007
2274 5018
2286 2956
2286 3717
2297 4150
2297 4998
2389 5022
2412 4536
2432 4731
2455 2583
2455 2845
2455 5024
2460 3727
2460 4232
2472 2473
2504 3313
2529 2756
2529 5015
2583 2767
2589 2756
2589 2868
2589 3313
2589 3928
2589 4632
2589 5007
2598 2868
2627 2756
2650 2704
2650 3484
2650 3572
2650 3636
2650 4181
2650 4338
2650 4562
2650 5031
2660 3582
2670 3458
2670 4140
2682 4419
2682 4673
2687 3838
2687 5018
2694 2868
2694 3313
2694 4882
2720 4332
2728 2767
2728 3501
2728 4926
2756 2868
2756 3258
2756 3578
2756 3636
2762 3171
2762 3745
2762 5043
2762 5045
2767 4562
2775 5007
2800 2868
2800 3984
2821 4562
2821 5044
2868 2961
2868 3078
2868 3405
2868 4366
2868 4590
2868 4646
2919 5019
2970 3636
2983 3945
3052 4419
3122 5016
3145 4366
3168 4839
3217 4535
3251 3385
3251 4999
3251 5011
3258 3515
3258 4908
3258 5017
3313 3329
3313 4236
3313 4714
3313 5040
3329 3541
3344 5044
3405 4523
3405 5016
3405 5032
3405 5038
3413 5027
3453 3458
3453 5014
3458 3850
3458 3946
3501 4181
3501 4830
3515 3578
3515 4113
3515 4887
3515 4908
3515 5015
3541 4896
3582 4783
3613 5011
3636 3945
3636 5007
3712 4366
3727 5008
3745 3928
3745 4171
3745 5015
3745 5028
3854 3945
3893 4181
3928 4961
3928 5028
3945 4238
3945 4366
3945 4646
3967 5034
3975 4080
3975 4961
4038 4419
4080 5042
4113 4304
4113 5015
4171 5025
4171 5028
4187 4831
4187 5010
4187 5011
4225 4390
4332 4370
4332 5020
4366 4646
4370 5044
4403 5011
4419 4673
4419 4961
4419 5022
4419 5026
4419 5038
4523 4562
4523 5032
4600 5028
4646 5037
4716 4839
4783 4949
4783 5012
4783 5025
4783 5039
5007 5028
5018 5042
5031 5036
