3 1375
3 4419
19 96
25 4731
26 948
26 4523
26 5053
28 96
29 573
29 1255
29 4333
29 4523
29 4783
29 4935
30 3344
30 3785
30 4333
30 5059
41 539
41 1002
41 1214
42 76
42 2756
42 5052
43 76
43 280
43 686
43 1807
43 2468
43 3160
43 5063
73 1012
76 141
76 156
76 326
76 434
76 447
76 461
76 762
76 1232
76 1375
76 1915
76 2583
76 2756
76 3166
76 3727
76 3745
76 3984
76 4171
76 4333
83 5064
88 4523
94 1255
95 5030
96 570
96 762
96 4333
96 4910
96 5018
100 1375
108 138
110 1164
110 1753
110 1879
110 3975
110 4080
114 280
121 2650
121 3865
123 2333
123 2694
134 1793
136 1300
138 1255
138 2884
138 3515
141 461
156 539
156 730
156 1002
156 1268
156 1359
156 1375
156 1413
156 1879
156 2142
156 2583
156 2611
156 4577
167 335
167 1561
167 1742
196 3613
196 3917
196 4803
196 4896
196 5050
206 2762
226 2062
236 1164
236 4080
236 4171
258 303
258 1561
258 4171
258 4333
270 297
275 339
280 297
280 881
280 922
280 1375
280 1552
280 2589
280 3745
280 3865
280 4771
280 5007
297 455
297 504
297 1300
297 1785
297 3453
297 5048
302 2694
303 5052
304 539
304 872
304 1915
304 2307
304 2930
335 1321
335 1742
339 1298
370 997
370 2948
370 4333
370 4528
370 4577
370 5050
390 1255
394 1527
394 1753
397 1005
442 1002
442 3882
447 5065
461 837
461 1255
461 1375
461 1661
461 1753
461 1793
461 2603
461 2839
461 4333
461 5061
461 5065
503 5062
524 1941
539 730
539 1002
539 1268
539 1375
539 1413
539 1753
539 1915
539 2052
539 2307
539 2583
539 3717
539 4171
556 3171
570 2169
570 3785
573 4333
610 5054
613 4280
618 1724
618 3865
618 5047
621 1807
621 4150
621 4333
621 4803
621 5066
621 5067
634 3515
647 948
647 2214
686 5055
729 1255
730 1793
730 2255
730 2948
730 4171
803 5018
821 2694
836 2845
875 4332
881 1057
881 4971
946 1057
946 2583
946 4187
948 2214
948 2389
948 3928
948 4419
948 5048
997 2526
997 4528
997 4577
1002 1359
1002 2437
1002 3717
1002 3727
1005 3458
1005 3501
1005 3636
1017 1278
1017 1646
1017 2771
1039 3515
1051 2756
1051 3636
1057 2961
1106 2583
1106 2915
1164 4080
1185 2731
1206 3613
1206 4187
1206 5041
1232 1661
1232 1915
1242 1359
1242 3951
1255 2603
1255 2884
1255 3505
1255 4333
1255 5051
1256 2670
1256 2756
1258 4577
1268 2468
1268 2884
1268 5028
1278 5050
1298 2468
1365 3578
1375 1413
1375 1753
1375 1915
1375 2468
1375 2603
1375 3693
1375 4171
1413 2603
1474 1959
1476 2428
1476 3745
1543 2030
1552 2529
1554 5047
1583 2762
1636 2027
1636 3717
1636 4228
1640 4332
1717 2756
1724 5046
1753 2603
1753 4080
1753 5049
1763 3917
1763 5060
1779 2307
1785 2821
1785 3727
1793 2027
1793 2650
1793 3785
1793 4577
1807 1917
1807 2767
1831 2529
1831 5057
1877 3785
1877 5063
1915 2307
1915 2930
1915 4171
1959 2762
1971 5051
1985 3511
1985 4878
2027 2583
2027 3785
2027 3984
2052 2389
2052 3501
2052 3613
2052 5051
2089 5030
2111 5049
2123 3785
2124 4646
2149 4419
2156 2527
2156 2868
2204 2915
2223 4909
2246 4862
2286 5057
2321 4909
2333 2694
2389 2403
2389 2472
2389 4333
2389 4596
2389 5051
2428 2589
2428 3745
2437 2682
2455 3917
2460 3727
2472 2762
2472 4596
2504 2915
2527 2611
2527 2868
2583 2611
2583 2868
2583 3171
2583 3865
2583 5058
2589 2668
2589 3176
2606 4909
2611 3613
2611 4187
2611 4708
2650 3030
2650 3785
2650 4333
2656 3636
2668 3865
2670 3458
2670 4140
2674 4171
2687 3838
2694 3000
2694 4419
2756 3171
2756 3515
2756 3578
2756 3636
2756 4140
2756 5047
2762 2868
2762 3511
2762 3613
2762 3745
2762 3928
2762 4031
2762 4110
2762 4577
2762 5045
2821 4577
2821 5046
2884 3458
2884 3515
2915 3727
3030 4150
3145 4283
3171 3865
3329 4896
3344 3543
3458 4140
3515 5047
3578 4908
3578 5047
3613 5064
3636 3717
3639 5058
3745 5048
3785 4419
3865 3893
3865 4577
3882 4032
3928 4283
3928 5030
3928 5048
3928 5060
3945 4646
4050 4909
4171 4577
4171 5049
4187 4577
4280 4577
4283 4366
4283 5045
4332 4985
4419 5051
4523 5032
4523 5053
4577 4582
4641 5050
4803 4896
4909 4924
5031 5036
5052 5057
5053 5056
