0 26
0 2583
0 5127
19 2052
26 2786
26 4888
26 5127
29 196
29 875
29 904
29 3171
29 5132
30 712
30 805
30 839
37 4380
42 1002
42 1510
42 2149
42 5104
43 2412
43 2820
43 4798
43 5126
48 805
60 4523
75 4798
76 712
76 852
76 1915
76 2762
76 2868
76 2919
76 3171
76 4370
76 4634
76 4878
76 4891
76 5107
76 5114
76 5119
77 5127
80 1915
83 1359
84 3874
88 1206
90 634
95 2762
95 3819
97 1366
97 4634
100 236
100 388
120 1164
120 3545
120 4138
120 4765
123 2762
128 2694
133 857
133 2529
133 2762
133 3948
138 730
138 2052
153 1256
153 2762
156 3490
157 4333
158 4727
158 5107
162 3110
184 446
184 3865
184 5137
196 886
196 1426
196 2611
196 2762
196 2767
196 3422
196 3984
196 4138
196 4577
196 5065
201 1206
202 5124
206 839
206 2694
206 4477
226 2111
226 2762
226 2845
226 3392
226 5135
236 1793
239 712
249 634
249 5116
258 1763
280 852
280 1039
280 2437
280 2529
280 3515
280 4050
280 4756
280 4909
280 5106
285 1039
287 634
287 4267
287 5116
297 3322
297 4370
315 2455
315 4349
315 4813
318 5122
339 3900
347 370
370 621
370 712
370 2948
370 5132
388 1793
388 2053
407 4957
434 2762
441 2868
446 3477
446 3578
455 531
455 1763
455 3369
455 4727
455 4888
461 859
461 1359
461 2307
461 2786
461 4756
461 4888
461 5138
461 5141
481 852
503 1106
506 1206
536 3945
539 875
539 2204
539 3110
539 3185
539 4727
539 4888
539 5137
556 4646
563 3030
563 4781
563 5136
570 2606
570 3505
570 4333
570 5082
572 729
572 839
572 1753
572 2126
572 2307
586 1915
586 5138
613 3797
613 5137
618 5065
621 712
621 2868
621 2961
621 3745
621 5029
621 5084
621 5107
633 4138
634 2027
634 5116
641 852
641 1831
641 3515
641 3745
641 4786
641 5053
693 4807
712 2762
729 852
729 2307
736 4528
762 5036
789 1017
803 2775
805 2123
805 2307
813 4368
821 4380
823 2762
839 1012
839 4891
839 5126
852 1831
852 2177
852 4151
852 4786
852 5062
852 5110
875 1255
875 2111
881 4971
893 3457
897 1915
904 4280
910 1106
910 4323
948 1268
948 4419
963 4370
993 1915
993 5119
1002 4727
1007 2437
1012 2437
1012 2762
1012 2767
1012 4909
1012 5108
1012 5111
1038 1636
1039 1141
1039 2024
1039 2318
1039 2504
1039 2529
1039 2627
1039 2762
1039 3026
1039 4488
1039 4786
1057 2762
1091 2762
1097 1164
1097 1753
1106 2188
1106 3984
1106 4380
1106 5104
1135 2307
1135 5093
1141 1365
1147 1255
1255 4935
1255 5116
1265 3329
1268 1661
1268 4807
1268 4987
1268 5129
1320 2694
1359 1540
1359 3490
1359 5104
1359 5137
1365 2529
1383 3865
1390 4727
1413 5065
1415 4138
1510 4756
1540 2412
1540 2762
1540 4727
1540 4756
1540 4798
1540 5137
1561 1915
1581 4882
1612 3123
1636 2052
1636 2820
1636 3745
1636 3984
1636 4727
1636 5053
1636 5109
1636 5125
1636 5137
1709 2307
1709 3484
1732 4138
1742 2762
1742 4956
1745 2762
1753 3110
1753 4267
1753 4333
1753 4419
1753 4807
1763 3984
1763 4138
1763 4641
1763 5062
1763 5065
1763 5066
1774 3984
1774 5053
1779 3787
1785 2581
1785 2762
1786 3858
1786 4138
1787 5134
1807 1959
1812 3727
1824 4546
1825 4888
1831 3727
1861 5119
1872 5112
1894 2052
1899 3026
1915 2132
1915 2762
1915 5140
1959 4190
1959 4641
1972 2762
1985 3745
1985 4813
2019 2053
2052 4634
2053 2412
2053 2868
2053 4528
2053 4670
2111 3505
2124 4646
2126 2307
2132 2437
2132 3661
2132 4888
2142 2412
2149 3024
2149 3405
2149 3874
2149 3900
2188 4523
2191 5124
2223 4756
2254 2583
2255 3484
2307 3948
2307 3984
2307 4798
2307 5129
2307 5132
2318 5108
2350 2762
2389 2888
2389 4267
2389 4419
2389 4891
2389 5116
2412 2820
2423 4333
2434 3578
2434 5133
2437 3745
2455 2762
2455 3026
2455 3984
2455 4349
2455 4888
2455 5126
2455 5130
2457 5119
2465 5105
2472 5127
2529 3677
2562 2767
2579 5131
2589 3166
2598 3948
2627 4488
2650 3900
2656 3636
2658 2694
2668 5119
2692 2762
2694 4333
2694 4477
2724 4171
2762 2767
2762 2868
2762 3030
2762 3122
2762 3613
2762 3727
2762 3816
2762 3945
2762 3984
2762 4050
2762 4171
2762 4187
2762 4370
2762 4908
2762 5024
2762 5105
2762 5134
2762 5138
2767 4298
2767 4889
2820 3515
2820 3984
2820 4138
2823 3850
2825 5128
2868 3745
2868 4138
2868 4909
2868 5105
2884 3515
2888 4267
2888 4333
2919 3171
2919 5008
2919 5041
3030 3948
3030 5036
3049 3930
3107 5132
3110 4985
3122 4641
3158 5117
3166 5136
3171 5008
3171 5065
3171 5114
3184 5137
3258 5124
3322 3984
3322 4138
3322 4813
3322 5126
3328 5119
3329 3984
3329 5041
3392 4323
3405 3710
3405 4882
3457 5123
3545 4138
3578 4908
3587 4187
3587 4646
3617 5096
3636 3661
3661 3945
3712 4999
3712 5115
3712 5118
3713 4634
3727 3745
3727 4523
3727 5041
3727 5136
3745 4382
3745 4888
3745 5134
3745 5138
3756 3948
3785 4994
3785 5139
3797 5119
3799 4727
3819 5008
3819 5053
3843 4138
3843 4641
3882 5084
3900 5127
3984 4138
3984 4187
3984 5053
3984 5109
3984 5123
3984 5126
4113 4488
4113 4786
4138 4382
4138 5065
4140 5053
4151 5110
4171 4323
4171 4811
4171 5113
4171 5136
4187 5119
4190 5114
4267 4419
4267 5041
4286 5100
4323 5080
4336 5128
4349 4523
4456 5099
4523 5120
4523 5136
4641 5065
4727 5065
4786 4908
4813 5041
4832 5134
4855 5141
4891 5102
4895 5138
4908 5111
4908 5125
4970 5121
4999 5118
5008 5065
5041 5123
