0 19
0 36
0 38
0 141
0 507
0 678
0 731
0 783
0 788
2 312
2 727
2 752
2 765
2 767
2 769
2 776
3 539
3 570
4 76
7 758
8 659
8 687
13 752
14 19
14 26
14 30
14 76
14 128
14 133
14 141
14 168
14 201
14 225
14 249
14 271
14 304
14 374
14 659
14 662
14 670
14 729
14 761
16 286
16 662
19 26
19 46
19 68
19 69
19 76
19 79
19 94
19 96
19 103
19 109
19 135
19 140
19 153
19 168
19 186
19 201
19 206
19 225
19 240
19 275
19 289
19 295
19 348
19 374
19 434
19 506
19 507
19 549
19 563
19 570
19 589
19 635
19 644
19 659
19 673
19 724
19 731
19 748
19 751
19 760
19 767
19 772
19 780
19 782
25 26
25 46
25 140
25 348
25 573
25 662
25 712
25 724
25 760
25 783
26 42
26 119
26 134
26 151
26 174
26 249
26 519
26 670
28 226
28 408
28 461
28 678
28 755
28 790
29 42
29 271
29 660
29 729
29 760
29 767
30 56
30 60
30 64
30 89
30 109
30 126
30 135
30 162
30 186
30 195
30 199
30 249
30 336
30 404
30 501
30 507
30 546
30 563
30 589
30 610
30 654
30 699
30 729
30 778
36 162
36 235
36 240
42 46
42 79
42 132
42 304
42 431
42 461
42 593
42 623
42 662
42 729
42 761
42 769
46 80
46 119
46 154
46 275
46 490
46 507
46 621
46 727
46 752
46 779
47 79
48 121
48 729
48 762
56 507
64 76
64 140
64 199
64 410
64 506
64 729
64 763
64 791
69 79
69 158
70 94
70 493
74 570
76 94
76 119
76 123
76 129
76 151
76 201
76 206
76 249
76 354
76 506
76 546
76 563
76 570
76 594
76 621
76 660
76 670
76 728
76 729
76 731
76 756
76 775
76 776
76 778
76 780
79 153
79 258
79 539
79 660
79 670
79 761
80 89
80 295
80 403
80 758
83 507
83 610
83 660
83 724
89 432
90 94
90 186
90 507
90 519
90 788
93 516
94 97
95 769
97 490
97 493
97 654
103 158
103 225
103 312
103 729
103 743
103 788
105 623
108 121
108 238
108 354
108 760
109 312
109 539
109 659
109 726
115 644
119 129
119 549
119 660
121 519
121 570
121 678
121 729
121 769
121 770
123 488
123 779
124 712
127 201
129 678
129 781
131 134
132 201
133 724
133 729
134 201
135 168
135 432
135 712
140 249
140 304
140 338
140 685
141 570
146 769
151 225
151 546
151 659
151 727
151 758
153 374
153 408
153 507
153 767
158 286
158 311
158 490
158 565
158 587
158 724
158 743
168 275
168 432
168 662
168 754
174 312
174 660
184 201
184 757
186 354
186 662
186 724
186 726
186 765
190 226
191 660
196 610
199 354
199 662
201 226
201 289
201 506
201 570
201 670
201 770
201 784
206 225
206 411
206 434
206 621
206 662
221 539
225 351
225 507
225 519
225 785
226 354
226 678
226 755
226 773
233 727
238 623
238 760
240 354
249 729
253 766
256 724
262 757
271 748
289 432
289 563
289 608
289 621
289 670
289 725
289 729
289 743
289 767
289 786
289 787
295 563
298 659
303 304
303 660
304 539
304 724
304 729
307 791
312 404
315 724
335 731
348 490
348 610
348 621
348 712
351 447
354 524
354 563
367 731
374 475
392 659
408 727
411 570
411 789
412 659
414 447
414 602
417 778
419 662
423 774
424 662
432 727
447 507
447 729
451 724
451 727
455 775
459 783
461 509
461 546
461 768
461 771
461 784
477 659
487 752
488 659
490 608
490 767
502 610
502 757
502 761
506 662
507 610
507 660
507 678
507 731
507 786
507 792
509 768
509 771
519 726
519 758
519 767
519 769
519 786
526 725
528 726
539 660
539 764
542 731
546 731
549 660
563 659
563 724
563 761
570 662
570 786
577 724
589 659
593 753
608 786
610 724
610 794
618 662
618 724
618 727
621 727
621 748
635 787
637 760
659 712
660 729
660 731
660 765
662 731
671 725
671 727
699 758
699 759
712 724
724 727
726 728
727 729
727 760
729 761
731 785
731 788
738 749
748 752
760 766
776 777
783 789
786 790
787 793
