0 5386
4 1255
7 2919
12 1017
12 4503
19 5241
26 131
26 442
26 729
26 1724
26 1793
26 2016
26 4031
26 4949
26 5241
29 83
29 158
29 442
29 621
29 1255
29 1304
29 2868
29 4201
29 5241
29 5353
30 1268
30 4503
42 43
42 77
42 1646
42 3624
42 3984
42 4230
42 5362
42 5396
42 5410
42 5420
43 461
43 572
43 881
43 1971
43 2024
43 3624
43 3928
43 5174
43 5398
43 5403
43 5416
43 5419
46 370
46 461
46 1338
46 1527
46 2619
46 2800
46 3975
46 5041
46 5400
56 88
56 839
56 1666
56 1959
56 2805
56 3065
56 3943
56 3984
56 5065
70 570
72 1300
72 4947
73 138
73 153
73 762
73 2756
73 3337
73 3515
73 4113
73 4664
73 5041
75 1268
75 5229
76 201
76 963
76 1177
76 1255
76 1268
76 1786
76 1959
76 2016
76 3984
76 4113
76 4518
76 5287
76 5386
77 532
80 4727
83 447
83 532
83 4110
83 5241
88 1959
88 3943
108 5353
115 1774
133 1361
136 1268
138 158
138 201
138 1106
138 1177
138 1774
138 4935
138 5393
140 904
140 3065
140 4503
140 5394
140 5412
153 3984
153 4949
153 5393
158 1365
158 4935
158 5241
158 5394
158 5396
172 4503
190 3785
196 2868
196 5065
196 5079
196 5174
196 5394
196 5408
204 4230
248 3122
248 3785
248 4332
248 4765
258 4577
280 1177
280 5407
280 5409
298 3984
330 1242
370 3107
370 3785
370 4332
370 5174
370 5398
382 1959
410 4577
423 2455
434 2627
434 5174
442 4171
442 5241
447 4187
447 5241
455 1831
461 1017
461 1959
461 5400
461 5403
504 1959
506 1895
506 1959
506 5404
531 3065
532 729
532 802
532 1243
532 1915
532 2214
532 2245
532 2268
532 2307
532 2756
532 3745
532 3858
532 3948
532 4577
532 4949
532 5318
539 2956
544 5353
570 1612
570 3030
570 3329
570 4110
570 4503
570 4664
570 5353
572 788
572 1268
572 1917
572 2053
577 5396
610 1322
613 1959
618 4110
618 5398
618 5403
633 938
633 1395
633 5308
647 2472
647 3900
659 2762
726 1812
726 5419
729 3030
729 4949
729 5084
741 2868
741 5421
762 852
762 1256
762 2756
762 3515
762 4935
762 5146
762 5415
810 5398
821 1164
836 5305
836 5329
852 1177
859 4935
875 968
881 4201
881 5353
883 5393
883 5409
904 1177
938 5308
963 2627
968 4927
1002 4230
1005 5396
1017 4503
1036 3785
1051 1470
1051 2254
1054 4110
1057 2254
1057 5287
1106 1177
1106 2223
1106 4113
1106 5006
1164 1804
1179 3298
1223 5408
1242 2956
1242 4503
1255 2603
1255 5041
1268 4171
1268 4503
1268 4771
1268 5403
1333 5404
1338 5174
1344 1917
1344 2070
1344 2619
1344 3171
1344 3453
1361 1831
1361 3624
1361 4171
1361 4771
1365 5397
1365 5402
1390 3171
1392 5400
1395 5308
1413 5417
1418 1972
1426 1959
1426 3158
1436 4839
1470 1959
1470 2016
1510 3947
1510 4140
1527 3052
1527 3930
1527 5400
1540 4503
1549 5241
1551 3883
1563 4431
1581 3484
1581 3975
1622 2800
1636 5006
1636 5396
1636 5413
1666 1774
1666 2692
1666 3943
1666 5404
1737 1774
1742 5241
1786 5241
1808 5308
1812 2868
1812 5241
1831 3984
1831 4171
1854 2694
1877 2930
1877 4503
1877 5305
1917 3756
1942 2158
1942 3785
1942 3951
1959 2692
1959 3943
1959 4187
1959 5065
1972 3727
1972 4518
1972 5079
2016 3171
2016 3636
2016 4236
2024 4117
2053 3984
2053 4171
2076 5399
2084 5416
2124 5308
2124 5406
2149 5241
2156 5241
2179 5404
2254 3636
2254 4696
2254 4708
2254 5006
2254 5386
2254 5405
2255 3052
2389 5400
2403 5366
2412 5305
2455 2868
2455 3026
2455 4236
2455 5413
2472 5392
2512 3065
2534 2627
2600 5403
2603 3573
2619 4171
2619 4973
2627 2756
2627 4509
2627 4949
2691 5392
2692 3046
2692 4201
2694 4503
2756 2868
2756 5006
2756 5386
2762 4201
2762 5394
2820 4503
2868 5241
2888 4503
2930 4059
2930 5305
2930 5409
2930 5420
2956 4503
3030 5174
3030 5305
3030 5415
3051 4771
3065 4187
3065 5065
3107 5408
3122 5079
3122 5394
3158 4949
3171 4110
3313 5421
3322 5409
3368 5394
3392 3657
3484 3975
3515 4949
3543 5241
3624 3928
3636 5254
3636 5341
3785 4332
3791 5337
3843 5408
3928 5406
3943 5362
3943 5418
3975 5400
3984 4171
3984 4190
3984 5065
3984 5408
3984 5410
3984 5411
3984 5420
4031 4265
4031 5042
4031 5409
4110 5006
4110 5018
4110 5065
4110 5420
4140 4201
4171 4949
4171 4973
4187 5065
4187 5241
4297 5174
4332 5065
4419 5400
4491 5414
4503 5366
4646 5301
4646 5392
4771 5413
4839 5362
4866 5405
4924 5308
4924 5410
4924 5418
4949 5270
4949 5309
5006 5065
5006 5329
5041 5174
5041 5400
5065 5396
5065 5398
5065 5410
5079 5394
5146 5393
5146 5394
5241 5393
5241 5401
5305 5366
5306 5341
5353 5393
5362 5393
5362 5417
5394 5395
