0 4110
3 5432
19 162
19 1826
26 455
26 1017
26 1036
26 1793
29 88
29 1418
30 190
41 2412
42 76
42 132
42 190
42 3350
43 997
43 1418
43 1612
43 2132
43 2603
43 3113
43 3184
43 4236
43 4765
43 5305
43 5377
43 5425
43 5436
46 904
46 1778
56 88
56 2805
56 5065
59 2124
70 570
70 805
70 1426
70 2603
73 2756
76 729
76 917
76 1039
76 1177
76 1255
76 1365
76 1778
76 2254
76 2412
76 2603
76 3113
76 3573
76 5377
76 5439
76 5440
83 5424
88 5100
93 4927
120 5305
124 1418
132 922
132 2728
138 1177
138 3573
138 4771
140 997
153 950
153 2223
153 3573
153 4839
153 5436
158 997
158 5443
172 5305
190 805
190 1972
190 5425
196 258
196 1322
196 2334
196 5065
196 5428
213 5435
247 3158
253 5353
258 2821
280 852
280 1177
280 1778
315 922
315 1209
348 836
348 1640
348 1877
370 3573
370 5428
408 4911
410 2124
423 904
423 1778
441 762
441 5425
447 2603
455 1106
455 1625
455 2455
455 2460
455 3984
455 4110
455 4187
455 4798
455 5065
455 5329
460 3943
460 4577
461 3453
461 3984
461 4927
506 4577
531 613
531 1005
531 5377
533 3313
539 2412
563 904
570 1106
570 1255
570 5174
592 4879
592 5428
610 3160
618 3113
618 3171
618 5434
621 2603
621 5377
633 3453
636 5409
647 2472
691 5377
724 5065
729 1106
729 2603
729 2627
729 4577
729 4765
729 5377
736 2930
741 5146
762 1418
762 4352
762 4911
762 5425
810 3992
823 5065
836 1778
836 2603
836 5446
852 1177
852 5146
852 5441
859 5432
891 5006
904 1778
904 3026
919 2412
922 936
922 2728
922 2762
997 1268
997 2674
997 4752
1002 2412
1002 5305
1005 1625
1005 3113
1005 4646
1005 5377
1012 2756
1012 3453
1012 3515
1012 5309
1036 2086
1039 1106
1039 1959
1039 5065
1057 5436
1106 1322
1106 5423
1140 2923
1169 4234
1177 1413
1177 2627
1177 2756
1177 4488
1177 4916
1177 5309
1177 5445
1206 2535
1209 2728
1242 4110
1255 2845
1255 5353
1268 3935
1268 3975
1268 4110
1268 5432
1322 1365
1322 1959
1322 2670
1359 2728
1365 3329
1418 2627
1510 2603
1540 2603
1540 4110
1540 5440
1612 3030
1612 4031
1625 4646
1636 1663
1636 2254
1636 5006
1636 5065
1636 5396
1636 5431
1636 5446
1742 3573
1778 1972
1778 2254
1778 2333
1778 3023
1778 3026
1778 3453
1778 3573
1778 3636
1778 3984
1778 4187
1778 4236
1778 4771
1778 5146
1778 5353
1868 2255
1872 5438
1877 2086
1917 3113
1917 5305
1959 4727
1959 5424
1972 4523
1985 4488
1985 4832
1985 5438
2052 3501
2076 5435
2086 2333
2124 3880
2124 4646
2124 5308
2223 5443
2254 3026
2254 3113
2254 3350
2254 3984
2254 4708
2254 4822
2254 5006
2254 5405
2254 5423
2254 5436
2254 5437
2254 5443
2255 3158
2256 5426
2284 3160
2284 3392
2284 3657
2321 5433
2334 3984
2355 2756
2355 5146
2472 5006
2567 2762
2567 3526
2567 4839
2583 5439
2603 2820
2603 4236
2603 4332
2603 4771
2603 5065
2603 5353
2603 5428
2627 2756
2692 5442
2756 3515
2756 4949
2756 5309
2756 5386
2756 5429
2756 5431
2756 5441
2756 5444
2762 3350
2762 4110
2762 5422
2762 5433
2938 3313
3026 5353
3030 3648
3030 5305
3078 3856
3113 3171
3113 4236
3122 3624
3125 5447
3158 4822
3158 5431
3158 5438
3160 4702
3160 5065
3171 4110
3171 5427
3313 5309
3388 5441
3509 4488
3515 4949
3515 5422
3515 5429
3563 4031
3578 5041
3636 5341
3636 5423
3648 4031
3648 4176
3882 5434
3984 5423
4110 5423
4110 5430
4110 5431
4110 5440
4187 4352
4187 4895
4187 5377
4187 5423
4190 4577
4236 5353
4382 4831
4382 5442
4419 5212
4488 5438
4493 5065
4577 4765
4771 5353
4866 5405
4911 5353
4924 5006
4927 5305
5041 5439
5065 5329
5065 5423
5065 5424
5065 5428
5065 5434
5065 5442
5079 5439
5119 5433
5270 5353
5278 5305
5309 5429
5353 5439
5375 5429
