0 14
0 280
2 8
2 19
2 94
2 97
2 348
2 662
2 802
2 835
3 134
4 140
4 731
7 19
7 43
8 304
8 729
13 97
13 280
14 19
14 28
14 42
14 43
14 129
14 133
14 201
14 249
14 258
14 280
14 431
14 467
14 477
14 623
14 671
14 729
14 761
14 767
14 813
19 37
19 42
19 43
19 56
19 60
19 64
19 68
19 79
19 80
19 94
19 97
19 108
19 109
19 113
19 118
19 123
19 129
19 134
19 153
19 186
19 201
19 226
19 236
19 280
19 286
19 289
19 307
19 311
19 330
19 334
19 336
19 412
19 453
19 621
19 635
19 678
19 698
19 708
19 767
19 800
19 803
19 831
19 832
25 42
25 129
25 140
25 191
25 206
25 238
25 275
25 372
25 519
25 563
25 621
25 623
25 659
25 729
26 42
26 162
26 249
26 283
26 477
26 623
26 806
26 812
28 43
28 129
28 226
28 678
28 729
28 826
29 43
29 74
29 80
29 275
29 307
30 76
30 109
30 158
30 280
30 593
30 662
30 678
30 748
31 805
33 729
36 797
38 159
41 80
41 146
41 819
42 76
42 79
42 121
42 190
42 283
42 431
42 519
42 659
42 685
42 802
42 820
42 821
42 835
43 80
43 109
43 121
43 162
43 206
43 249
43 258
43 307
43 678
43 806
43 810
43 828
43 833
46 442
46 518
46 805
47 79
48 698
48 810
56 134
56 201
56 307
56 374
56 442
56 602
60 186
60 501
60 814
64 109
64 129
64 134
64 158
64 768
64 810
73 121
73 201
73 434
73 556
73 691
75 221
76 80
76 109
76 140
76 280
76 289
76 307
76 461
76 490
76 621
76 644
76 728
76 798
76 800
76 802
76 810
76 828
79 109
79 404
79 800
79 802
80 97
80 121
80 199
80 307
80 442
80 506
80 526
80 728
80 731
80 819
83 644
88 507
88 743
88 810
89 731
93 516
93 810
94 109
94 280
94 621
97 121
97 153
97 307
97 354
97 459
97 490
97 678
97 708
97 810
97 823
97 836
103 743
108 120
108 201
108 226
108 390
108 516
108 570
108 637
108 815
109 129
109 201
109 280
109 349
109 403
109 434
109 459
109 507
109 539
109 644
109 698
109 731
109 748
109 817
113 814
118 286
120 339
120 708
121 240
121 539
121 678
121 685
121 729
121 802
122 258
129 539
129 623
129 698
129 729
129 748
129 798
131 760
132 134
133 249
133 621
133 811
134 199
134 514
134 563
135 215
135 432
135 490
140 236
140 662
140 806
141 280
146 349
146 833
151 240
151 519
153 280
153 507
153 731
158 307
158 444
158 729
158 800
162 729
162 788
162 801
166 685
174 221
184 349
186 199
186 698
190 431
196 610
199 432
199 570
199 621
201 226
201 258
201 539
201 565
201 588
201 678
201 832
202 354
206 798
221 236
221 539
225 507
238 623
249 315
258 307
258 729
270 434
280 374
280 506
280 507
280 519
280 556
280 621
280 659
280 691
280 729
283 821
289 307
297 507
297 745
303 809
304 349
307 374
307 410
307 563
307 731
307 795
307 803
307 804
315 440
334 835
335 662
335 731
339 708
339 810
348 712
348 796
349 434
349 731
354 678
354 810
374 602
397 594
414 602
417 833
431 656
431 729
431 824
432 604
434 810
451 798
455 602
461 507
461 811
466 602
475 833
477 800
477 802
490 678
493 829
502 834
507 644
507 729
507 788
507 825
510 546
514 659
514 810
518 805
519 602
519 613
519 662
519 671
519 685
519 812
524 810
524 817
526 602
526 819
528 726
539 685
539 798
546 729
570 678
579 698
602 816
620 788
621 760
621 829
635 800
637 810
659 662
659 731
662 694
670 837
671 812
708 729
724 760
729 731
729 820
729 822
731 809
735 799
745 808
767 807
789 826
797 827
812 816
813 814
818 819
826 830
