7 5694
8 158
8 3128
14 138
14 374
14 2158
14 2292
14 5065
26 461
26 5220
26 5440
26 5694
30 2406
41 59
41 2223
41 4646
41 4839
41 5673
42 1563
42 1599
42 1917
42 1940
42 2455
42 3313
42 5483
42 5652
42 5688
42 5702
43 570
43 2868
43 5065
43 5697
48 4949
59 1543
59 2223
72 1255
76 114
76 135
76 138
76 190
76 539
76 875
76 1206
76 1369
76 1395
76 2534
76 3128
76 3975
76 4605
79 2954
83 5685
84 5146
88 461
88 570
88 4523
95 4949
96 1644
109 2428
114 190
114 506
114 633
114 875
114 2820
114 3125
114 3453
114 4332
114 4765
114 5701
115 477
120 2954
131 461
134 539
138 206
138 434
138 852
140 382
140 5633
153 2158
158 2382
158 2919
158 3128
158 5691
158 5692
158 5705
158 5707
159 3000
159 3405
184 2158
184 5706
190 3171
196 349
196 610
196 1636
196 1985
196 2541
196 4090
196 4110
196 4684
196 5065
196 5682
199 1612
199 2868
201 2820
201 3128
201 4605
206 4187
226 1612
226 3648
226 4672
226 4873
236 3930
249 391
249 4090
280 391
280 442
280 3543
286 1543
287 2027
304 1763
304 2762
304 2930
315 4702
315 5700
318 1612
318 3030
348 2412
349 1395
349 4113
349 4366
349 4646
349 4765
349 5065
374 531
374 1106
405 5515
410 2868
429 3024
434 2694
434 2868
442 461
442 1636
442 5694
455 5598
455 5711
461 809
461 1242
461 4949
461 5432
461 5709
505 1599
505 4187
510 4605
531 1012
531 1395
531 2868
531 3947
533 2428
536 5065
539 1085
539 2961
563 1774
563 5065
570 1242
570 1255
570 2756
570 5536
573 2412
577 610
577 1774
593 4949
610 1973
610 1985
610 5065
618 1774
618 1818
618 5704
621 2098
621 3329
659 953
690 953
699 1028
726 4275
729 3329
729 3930
729 4690
729 4848
753 891
762 2412
762 2756
762 4031
762 4949
762 5685
762 5705
803 1242
803 4910
809 2529
809 3484
812 2158
839 2694
852 1365
852 1470
852 1899
852 2098
852 2756
852 5686
859 1085
879 2541
883 4672
883 5697
891 4927
891 5366
904 953
904 1036
904 4190
922 5650
938 4366
950 1543
950 5679
953 1705
953 2158
953 2756
953 2762
953 3417
953 5710
960 1818
963 3128
968 1268
968 1877
968 3900
1005 5514
1012 1206
1012 4366
1012 4605
1028 2599
1028 2954
1028 4317
1028 5652
1028 5683
1036 2406
1036 3648
1036 3874
1041 5695
1051 1115
1085 1793
1106 1917
1106 2126
1106 3417
1106 3463
1106 5616
1106 5710
1115 5699
1116 4783
1206 2428
1206 4605
1206 5676
1242 2956
1255 2888
1255 3166
1255 3930
1255 4949
1255 5483
1256 5709
1268 1369
1268 1599
1268 2158
1268 4848
1268 5633
1321 4605
1365 1717
1365 2529
1365 5476
1392 4771
1395 2124
1395 5617
1413 2243
1413 5699
1470 5684
1478 1742
1521 4690
1540 1661
1540 5550
1543 2223
1543 2529
1543 5041
1543 5692
1599 4117
1599 4171
1599 5633
1612 3030
1612 4672
1625 5709
1636 2053
1636 2158
1636 3171
1636 3313
1636 3388
1636 3636
1636 5065
1636 5695
1636 5699
1636 5709
1636 5711
1640 1824
1658 2412
1666 5341
1717 2756
1717 5690
1763 3984
1763 5065
1763 5694
1763 5705
1811 1877
1811 4546
1818 5065
1831 5065
1831 5695
1872 5438
1877 2169
1877 3930
1877 5694
1877 5702
1894 5665
1899 1973
1917 3417
1917 3874
1917 5615
1917 5664
1917 5700
1972 3171
1973 2762
1973 5065
1985 5065
1995 4949
2024 5514
2027 2406
2027 4177
2027 5689
2053 5633
2053 5692
2081 2158
2086 5065
2098 4110
2098 4910
2102 5704
2124 5696
2158 2256
2158 2868
2158 4848
2223 2756
2223 3313
2234 4187
2292 5008
2307 3463
2382 5041
2389 2468
2389 5689
2428 4236
2428 4765
2428 5065
2472 5685
2472 5712
2488 2529
2488 3578
2512 5696
2521 3617
2529 2756
2582 5306
2583 4949
2594 4684
2617 4949
2660 3578
2660 5146
2694 2868
2694 4937
2694 5705
2696 4177
2756 3578
2762 5065
2762 5514
2868 2930
2868 3158
2868 3313
2868 4366
2868 4690
2868 4949
2919 5698
2930 4702
2930 5065
2948 4387
2956 4866
2956 4949
2956 5703
2961 5648
3040 5699
3128 3943
3128 4117
3128 5065
3158 4839
3158 4949
3158 5697
3171 3727
3171 4117
3171 4848
3171 5041
3171 5065
3171 5274
3171 5695
3313 3745
3313 5065
3313 5669
3378 3874
3388 3636
3388 3984
3405 5685
3509 5341
3543 5694
3578 5676
3617 3928
3636 4949
3636 5065
3636 5695
3661 3945
3661 5362
3745 5065
3874 4090
3975 5515
3984 5065
3984 5611
3984 5699
4031 4873
4090 5705
4110 5065
4117 5694
4150 5705
4171 5707
4236 4949
4251 4973
4310 4839
4366 4646
4384 5432
4384 5685
4387 5615
4414 5065
4419 5689
4641 5146
4684 5220
4702 5065
4702 5700
4771 4949
4839 5037
4866 4949
4896 5615
4904 5709
4949 5100
4949 5468
4949 5615
4989 5230
5009 5550
5065 5679
5065 5687
5065 5700
5065 5707
5162 5708
5229 5362
5272 5615
5287 5635
5292 5612
5366 5694
5432 5515
5483 5699
5483 5712
5514 5693
5566 5616
5633 5699
5691 5692
5705 5707
