0 2694
14 29
14 196
14 570
14 729
14 1256
14 1985
14 3329
14 3727
14 4168
14 4672
14 5008
14 5682
14 5725
19 659
19 762
19 4190
26 2128
26 2650
29 478
29 3727
29 4949
29 5729
42 236
42 1106
42 1268
42 3636
42 3953
42 5616
42 5730
42 5737
43 255
43 1604
43 2820
46 461
46 729
46 2255
46 2956
46 3515
46 3578
46 5563
59 531
70 3648
73 762
73 4910
73 5720
75 134
75 3823
76 478
76 1322
76 2820
76 3727
76 4140
76 4684
76 4949
76 5483
76 5616
80 184
80 3887
83 3819
83 5065
83 5141
83 5741
88 570
93 953
93 5488
94 922
94 5713
95 5719
96 5682
97 3030
97 5141
100 190
100 659
100 968
109 881
115 2739
119 5739
132 4968
132 5724
134 236
134 1563
134 2286
134 5728
138 461
140 3540
140 3984
151 461
151 1793
153 461
153 4684
154 5682
157 3975
158 1115
158 1972
158 2919
159 4419
184 1322
184 3158
184 4048
184 5375
184 5717
190 968
190 5652
196 2694
196 3329
199 3850
201 2694
206 573
206 3405
206 3975
218 613
218 4605
226 1060
226 3030
226 3648
226 4873
255 4935
267 461
280 1763
286 4670
286 5041
302 1818
302 4031
302 5734
312 5274
315 5546
315 5683
315 5716
318 4031
318 5734
339 4177
345 4798
374 531
374 1115
374 2243
391 1242
423 3727
433 5478
434 2694
446 659
446 3065
446 3984
446 5041
446 5065
446 5682
446 5715
446 5717
455 461
455 478
455 659
455 1051
455 3745
455 5598
455 5711
461 948
461 1446
461 1540
461 1563
461 1971
461 2255
461 2286
461 3030
461 4771
461 5432
461 5483
475 4971
478 712
478 1365
478 5682
506 659
514 5718
531 3852
531 5237
539 1085
539 3823
539 5744
544 3540
568 5682
570 3540
570 4935
570 5141
573 1002
577 1091
577 2762
592 4280
599 2762
599 4332
603 2718
603 3818
610 708
610 2762
610 5725
613 3329
613 3388
621 3329
621 4110
621 4168
621 5714
633 5728
634 1256
636 2768
641 1940
659 682
659 904
659 1115
659 1322
659 1365
659 1470
659 2255
659 2472
659 2694
659 2845
659 3727
659 4577
659 4605
659 4886
659 5173
659 5353
659 5366
659 5566
671 5745
682 3329
682 4968
712 5683
712 5714
729 1322
729 1831
729 2455
729 5652
762 4187
762 4352
762 4949
762 5237
762 5366
779 1002
813 5724
824 968
824 1298
824 5664
836 1322
836 2169
837 5731
839 1606
852 5730
865 3835
875 968
875 4177
881 1255
886 5306
891 1051
891 1971
897 1742
897 5065
904 1322
904 2026
904 2919
904 3166
904 4031
950 1543
953 3951
963 1990
963 5141
963 5633
963 5742
968 1793
968 5553
968 5721
1002 2324
1002 5724
1005 1322
1012 4949
1012 5053
1012 5563
1017 5141
1036 4546
1051 2820
1051 5616
1051 5720
1057 3158
1057 3636
1106 2126
1106 3040
1106 4684
1106 5737
1115 4605
1169 5587
1177 5720
1200 2529
1223 4546
1242 5742
1255 1604
1255 1831
1255 3505
1255 4935
1255 5483
1255 5652
1255 5741
1256 2718
1268 4771
1268 5553
1268 5718
1268 5723
1312 5208
1322 1636
1322 4949
1322 5353
1333 5724
1365 3727
1395 4949
1404 5699
1418 3727
1446 1470
1470 1604
1540 5230
1540 5432
1604 1831
1604 2529
1604 3617
1604 4935
1604 5366
1606 1917
1612 3648
1636 1831
1636 2739
1636 2762
1636 3636
1636 4968
1636 5730
1717 5690
1732 5488
1742 3030
1742 4605
1763 2589
1763 4377
1763 5730
1793 4419
1818 5734
1831 2762
1875 5742
1877 2169
1877 2255
1877 5682
1917 3453
1929 3953
1971 3951
1972 5488
1985 5173
2019 5721
2024 2762
2053 4216
2082 4384
2124 5230
2124 5737
2126 3463
2126 5615
2169 2324
2223 3313
2223 5065
2223 5173
2243 3145
2255 5735
2286 5721
2292 3984
2292 5008
2321 3329
2334 3984
2334 5699
2355 5720
2389 3951
2389 5723
2389 5736
2428 2762
2455 2762
2455 3329
2455 5353
2460 2919
2468 3646
2472 5712
2512 4325
2541 2687
2580 5483
2589 3984
2589 4839
2589 4924
2589 5065
2589 5682
2589 5732
2599 5721
2600 3823
2600 5366
2627 5730
2670 5720
2692 4048
2692 5173
2694 2868
2718 4605
2728 5274
2739 4117
2756 2956
2756 4605
2756 5563
2756 5690
2762 2821
2762 4110
2762 5065
2762 5274
2762 5743
2820 5616
2820 5718
2821 4110
2868 3158
2868 4366
2919 5698
2923 5621
2956 4216
2956 5563
3000 4419
3030 4031
3030 4873
3041 4177
3065 5372
3166 5141
3171 3819
3251 5722
3254 5065
3313 4684
3329 3984
3329 4971
3329 5353
3357 3992
3381 5713
3388 3636
3388 3984
3388 4110
3405 4419
3453 3975
3477 3727
3501 3636
3515 3727
3515 5720
3636 5362
3636 5616
3648 5141
3661 5362
3727 4140
3727 4488
3951 4177
3953 5065
3975 5515
3984 5726
4031 5353
4031 5734
4048 5621
4048 5717
4110 5546
4110 5714
4117 5353
4150 4949
4171 5742
4226 5041
4236 4949
4323 4605
4377 5065
4377 5270
4419 4546
4421 5728
4536 5742
4546 5042
4605 4949
4605 5555
4646 5727
4670 5488
4765 5728
4947 5712
4949 5722
5041 5692
5041 5733
5053 5741
5053 5742
5065 5230
5065 5237
5065 5682
5065 5719
5065 5732
5065 5737
5079 5746
5162 5708
5173 5673
5230 5587
5230 5737
5267 5721
5309 5733
5440 5483
5488 5652
5587 5727
5615 5616
5633 5699
5724 5740
5726 5727
5737 5738
