0 5759
3 134
14 76
14 196
14 528
14 621
14 729
14 1012
14 1106
14 1365
14 1724
14 1807
14 1917
14 2243
14 3024
14 3122
14 4907
14 4949
14 5065
14 5144
14 5754
14 5774
19 5692
19 5760
26 5009
29 73
29 76
29 1106
29 1255
29 4949
29 5493
41 852
41 1763
41 2691
41 5041
41 5692
42 43
42 174
42 196
42 621
42 3453
42 3900
42 4873
42 5652
42 5699
42 5737
43 76
43 570
43 1255
43 2589
43 4949
43 5041
43 5440
43 5681
43 5764
43 5767
43 5776
46 573
46 1422
46 1971
46 3900
46 3951
46 4419
46 4771
46 5753
46 5758
65 1879
73 1255
73 2628
73 4910
75 1365
75 5493
76 84
76 138
76 302
76 570
76 1106
76 1742
76 2589
76 2943
76 3417
76 4234
76 4949
76 5744
80 1636
80 5773
88 1255
88 4523
94 904
95 2455
95 5195
97 201
97 964
97 5041
97 5141
97 5766
115 5125
119 1742
119 2223
119 4924
128 368
128 3330
128 5079
129 5468
134 518
134 1002
134 2956
134 5762
138 1422
138 1636
138 1742
138 4949
138 5754
138 5782
140 1023
140 5493
153 1644
153 2756
153 4528
154 5682
156 730
158 3627
158 5065
158 5707
158 5767
172 5553
174 5633
184 1322
190 1255
196 431
196 3322
196 3687
196 5778
199 729
199 2674
199 3791
199 5509
201 5174
201 5752
206 599
206 3122
226 2650
226 3648
280 852
280 2534
286 289
286 1115
286 3322
302 461
302 1392
302 3122
302 4949
312 1625
318 5734
348 3453
374 5065
406 1917
429 4031
431 3122
442 4507
442 5125
442 5274
446 774
446 5341
455 475
455 886
455 5598
461 948
461 1413
461 1540
461 2286
461 3104
461 3953
461 4949
461 5770
475 610
475 1763
475 3745
475 4605
475 4971
478 1413
493 599
518 1413
518 1879
518 3787
518 5515
518 5744
528 1622
528 1661
528 3104
528 4171
528 5009
556 2124
563 5141
570 762
570 859
570 964
570 968
570 1742
570 5766
570 5782
573 1877
573 2423
573 3283
573 5634
573 5758
577 904
577 2762
599 1383
599 1413
599 2395
599 2589
599 2591
599 2762
599 3122
599 3204
599 4026
599 4577
599 5551
599 5750
599 5763
599 5771
610 1763
610 4873
621 1995
621 4168
621 4702
621 5144
633 5756
662 3122
671 1232
682 1861
699 1422
699 5742
708 1763
708 4110
712 4907
729 875
729 1106
729 1422
729 1724
729 4332
729 5141
729 5551
729 5682
729 5758
729 5765
730 2053
730 5041
730 5230
753 1917
762 2628
762 2650
762 4157
762 5767
762 5775
774 3945
774 5065
781 5782
802 4187
802 5265
839 5174
846 2149
852 4110
852 5720
852 5757
852 5768
859 2423
859 5634
881 5773
904 2821
948 2255
948 2389
948 4419
948 5400
948 5764
948 5772
963 2254
968 1255
968 1877
968 3041
968 5468
968 5553
1005 5493
1012 1365
1012 3617
1023 2412
1036 4031
1036 5093
1051 1115
1051 1985
1057 1106
1057 3158
1106 1917
1106 2395
1106 2956
1106 3283
1106 4771
1106 5174
1106 5648
1106 5758
1106 5776
1115 1985
1170 2389
1200 4949
1243 3122
1243 5195
1255 2845
1255 3900
1255 4910
1255 5753
1256 2529
1256 5757
1268 4333
1268 5718
1281 4419
1312 5208
1321 1422
1361 2775
1361 5776
1365 1422
1365 2692
1365 3453
1365 3712
1365 4171
1365 4332
1365 4366
1365 5427
1369 1413
1369 1540
1369 2583
1369 2818
1369 3417
1369 3984
1369 4117
1369 5362
1375 4384
1413 1879
1413 2825
1413 4949
1413 5774
1470 1604
1470 2057
1470 3887
1476 2868
1527 2389
1527 4157
1527 4419
1527 5483
1540 5767
1604 1636
1604 4949
1606 3107
1606 3900
1612 3030
1636 2818
1636 3023
1636 3417
1636 3627
1636 5006
1636 5125
1636 5767
1636 5776
1644 4110
1724 4031
1742 1894
1742 3540
1742 5782
1763 1985
1763 4110
1763 5746
1774 1985
1774 4896
1774 5144
1792 4546
1792 5682
1793 3104
1793 4157
1793 5581
1818 3171
1818 5144
1818 5734
1824 5744
1831 3627
1831 5776
1879 5744
1917 2504
1917 3104
1917 3107
1917 3453
1917 5065
1917 5618
1917 5754
1917 5780
1971 1980
1971 2158
1971 2412
1972 3417
1985 2455
1985 4702
1985 4896
1985 5776
1990 5747
1995 5144
2019 4987
2046 2428
2053 4427
2053 5230
2057 3943
2102 4949
2124 5090
2124 5551
2124 5592
2124 5744
2124 5758
2132 5776
2158 5682
2169 4949
2254 5551
2297 5749
2319 3453
2319 4253
2321 5699
2355 4873
2389 3951
2389 5772
2412 5638
2455 2541
2455 3417
2455 3984
2455 4528
2455 5195
2472 5749
2472 5767
2504 3104
2529 4110
2529 4684
2529 5748
2589 3065
2589 3171
2589 3636
2589 5125
2589 5493
2589 5754
2617 5776
2628 4910
2674 4507
2687 5018
2720 5440
2731 5551
2741 5729
2756 3627
2756 4110
2762 3687
2762 5493
2762 5743
2767 3417
2818 3417
2818 3791
2820 3104
2820 3122
2820 3791
2820 4528
2825 4949
2868 3745
2956 4427
2957 4280
2957 4684
3026 5746
3104 5009
3104 5770
3122 4253
3122 4896
3137 5761
3171 4605
3329 4577
3329 4971
3329 5748
3368 4280
3388 4110
3414 5065
3417 3627
3417 3984
3417 4523
3417 5230
3543 3900
3574 5775
3627 3636
3627 3893
3627 5309
3627 5551
3636 5341
3636 5519
3636 5616
3636 5754
3712 4117
3712 5233
3865 5777
3900 5753
3951 4949
3953 4048
3953 5065
3953 5493
3975 4987
4031 5468
4031 5782
4110 5018
4113 4771
4117 5125
4117 5237
4117 5427
4171 5681
4171 5781
4305 4904
4332 5233
4333 4419
4380 5780
4384 4419
4419 5772
4427 5440
4536 5681
4562 5468
4577 5638
4605 4684
4605 5146
4634 5230
4646 4873
4771 5634
4771 5648
4771 5758
4786 4873
4786 5125
4802 5682
4873 5065
4873 5722
4888 5751
4888 5752
4949 5633
4949 5722
5006 5722
5041 5754
5041 5759
5065 5141
5065 5493
5065 5515
5065 5618
5079 5756
5229 5362
5230 5777
5464 5767
5493 5638
5493 5755
5493 5779
5515 5744
5551 5592
5551 5767
5551 5769
5633 5767
5652 5780
5661 5722
5682 5699
5682 5760
5692 5760
5751 5752
