0 570
0 1255
0 1527
14 5065
19 621
19 904
19 1128
19 1793
26 1298
26 3203
26 5936
29 802
29 1255
29 2191
29 2534
29 3727
29 4419
29 5905
29 5915
41 46
41 753
41 852
41 1012
41 1604
41 2600
41 4283
41 4419
41 5220
41 5292
41 5914
41 5916
42 114
42 1996
42 2670
42 3203
42 5261
43 1012
43 2158
43 2600
43 5927
46 904
46 1877
46 2694
46 4523
56 5901
65 4752
65 5599
65 5744
69 4886
73 1322
74 2191
76 407
76 729
76 1517
76 1844
76 2158
76 5261
76 5263
76 5859
76 5927
80 442
83 5921
95 5873
97 226
97 4031
98 5065
100 968
100 1164
113 3283
114 2389
114 2694
114 4771
114 5898
124 4031
126 370
126 2600
128 382
128 5034
128 5079
128 5923
134 714
134 1268
134 4752
138 442
138 1012
138 1255
138 1298
138 3229
138 3716
153 610
158 1920
158 2191
158 4658
158 5886
158 5905
158 5912
158 5929
190 573
190 5053
191 1543
196 3638
196 5079
196 5915
216 3283
226 5135
226 5599
226 5917
258 407
258 613
258 904
258 3984
267 5913
285 1255
290 5849
302 997
302 2762
302 5509
302 5515
304 4910
356 852
370 1793
394 460
407 1413
407 3065
407 5440
412 5833
423 5857
429 4615
432 3229
434 1145
434 5913
442 881
442 2191
442 2472
447 4771
449 948
449 4419
455 5220
460 461
460 570
460 762
460 810
460 1206
460 2191
461 4752
461 5633
506 1012
506 2191
506 2650
528 4323
531 1636
556 1825
556 2306
556 5292
570 968
570 1426
570 3716
570 4886
570 4935
573 4419
577 1091
577 4280
592 714
592 2582
599 1636
603 3171
603 5912
613 5901
613 5912
613 5915
621 3229
621 4280
621 5915
633 5922
634 1301
682 714
682 1365
714 4090
714 5550
729 1996
729 4771
729 5906
729 5912
729 5924
729 5934
736 781
753 1002
762 2191
762 2741
762 4585
809 904
839 1164
839 4419
839 5905
839 5910
852 1844
852 2659
852 5086
852 5173
852 5261
852 5720
859 2600
881 2191
891 1540
904 1115
904 1543
904 1818
904 2674
904 2868
904 4523
904 4910
904 5519
917 2306
921 3951
948 3203
968 5599
968 5919
997 1058
1002 5833
1012 1255
1012 1941
1012 2529
1012 2659
1012 2820
1012 4752
1012 5913
1057 1625
1057 1636
1057 3158
1057 4057
1057 5065
1091 4523
1106 1301
1106 4323
1106 4340
1106 5009
1106 5913
1115 1632
1140 2694
1145 1894
1145 2149
1145 3030
1145 4031
1145 4113
1145 5468
1164 1527
1164 1996
1164 4419
1177 2659
1206 1941
1223 3122
1236 2694
1255 2845
1255 3484
1255 4419
1255 5912
1255 5917
1256 2627
1256 3026
1256 5261
1256 5916
1268 2600
1268 4031
1268 4419
1278 2762
1298 4301
1298 4523
1301 3676
1319 1996
1322 3030
1322 5720
1322 5913
1333 5862
1361 4419
1361 4960
1361 5292
1365 2762
1392 4323
1426 4467
1426 5912
1470 1831
1470 2191
1470 2472
1470 3727
1470 5823
1470 5880
1470 5907
1470 5912
1470 5929
1510 2600
1510 2659
1540 1636
1540 1940
1540 5635
1543 1818
1604 1763
1622 5921
1632 4140
1636 1831
1636 2582
1636 4014
1636 5823
1636 5903
1636 5907
1644 5935
1661 1996
1742 2191
1763 5915
1763 5931
1786 3203
1786 5930
1818 1844
1818 3648
1818 5911
1825 5902
1831 4866
1831 4960
1844 2191
1844 5861
1877 5480
1917 2214
1917 5912
1917 5921
1917 5924
1917 5930
1920 2600
1920 5065
1940 2820
1941 5913
1941 5937
1972 5922
1977 3049
1977 3484
1996 3203
1996 5041
2027 2123
2027 3716
2027 4419
2027 5599
2062 5913
2123 5599
2124 4403
2124 5897
2124 5903
2158 2783
2158 4110
2158 5873
2191 2818
2191 4419
2191 5440
2191 5903
2192 2582
2255 4419
2306 2930
2306 5472
2355 4839
2406 4419
2411 5904
2428 4960
2468 5627
2472 5876
2472 5910
2488 5859
2512 5912
2529 2582
2529 3484
2529 4910
2529 5857
2529 5913
2534 2845
2537 5908
2583 2739
2589 2659
2600 4419
2600 5515
2600 5933
2627 2756
2627 3515
2659 5720
2659 5916
2670 4771
2670 5935
2674 5917
2739 4904
2739 4960
2741 4585
2741 4910
2762 3745
2762 5292
2796 5859
2820 5913
2892 5908
3026 5146
3030 3648
3031 4280
3104 5618
3158 3368
3158 5913
3166 5913
3171 5065
3171 5912
3283 3727
3477 5901
3484 4140
3515 4858
3543 4419
3574 4090
3574 5918
3617 4771
3636 4403
3648 4265
3648 4910
3648 5891
3648 5911
3687 4489
3727 4910
3745 4960
3745 5870
3874 5921
3943 5907
3943 5918
3951 4419
3951 5618
3984 4340
3984 5292
3984 5912
4057 4117
4090 5918
4251 4340
4265 5926
4277 4872
4283 5220
4323 5921
4338 5922
4384 5065
4384 5890
4403 4872
4414 5905
4419 5812
4456 5915
4467 5912
4489 5065
4523 5340
4528 5928
4585 5862
4658 5816
4670 5922
4752 5599
4771 5261
4771 5901
4771 5924
4798 5932
4839 5220
4866 4960
4910 5911
4960 5519
5006 5833
5041 5618
5042 5873
5065 5833
5065 5931
5079 5618
5079 5915
5135 5141
5141 5658
5261 5935
5263 5831
5263 5912
5267 5599
5292 5722
5292 5914
5353 5915
5455 5859
5484 5838
5550 5906
5599 5915
5614 5652
5652 5922
5699 5921
5699 5929
5720 5879
5816 5905
5823 5925
5831 5912
5838 5908
5859 5937
5879 5896
5880 5909
5900 5901
5901 5904
5901 5934
5913 5920
