19 6087
26 297
26 839
26 1005
26 2255
26 5676
26 6087
28 573
28 4523
29 2860
29 5247
30 4731
30 6108
37 60
37 2297
41 1395
41 5676
42 1242
42 2027
42 2158
42 5342
42 6121
43 1369
43 3543
43 4727
43 5237
59 3281
60 1936
60 2592
60 3329
60 4396
60 4402
60 6102
61 921
73 89
73 852
73 1255
73 3030
73 3648
74 6113
75 2545
76 89
76 461
76 1255
76 1703
77 729
77 928
77 1977
77 5515
80 2243
83 621
83 4317
89 138
89 240
89 573
89 729
89 1255
89 1268
89 3676
89 4949
97 3648
134 442
134 852
134 2223
134 2529
134 2692
134 3727
134 4949
138 158
138 1206
138 1255
138 1561
138 2592
138 2608
138 2674
138 4151
138 4402
138 5305
138 6103
153 852
153 2868
158 240
158 1636
158 4727
158 6087
158 6112
158 6119
190 904
190 1786
190 2158
190 3543
190 6121
196 610
196 4159
196 5870
196 6062
196 6118
204 2313
218 280
249 1527
249 2319
249 4419
258 852
258 1206
258 2522
258 5125
280 881
280 1369
302 4031
348 1135
348 1971
348 6102
349 5173
349 6104
351 4332
370 531
370 852
370 1691
370 1824
370 2860
370 3122
370 4159
374 1936
374 4031
374 6087
390 2169
390 3030
390 5978
407 2545
414 6118
431 5946
444 5493
446 4931
455 3281
461 2529
461 3041
461 4031
461 4151
528 3477
531 2158
539 1369
539 1667
563 1818
563 5305
568 2136
570 2428
570 2805
570 2868
570 3281
577 6085
592 621
592 2821
592 6113
610 6062
610 6095
612 4831
613 2158
613 4677
618 2592
618 5912
621 659
621 4379
621 4402
621 5305
621 5680
621 6113
659 1115
659 2255
659 2292
659 2522
659 2650
659 3313
659 5173
659 6087
659 6108
712 6120
729 904
729 4332
729 4340
729 5141
729 6119
733 6113
762 1255
762 6098
779 2472
779 4419
809 852
823 6108
839 5828
852 1206
852 1393
852 1552
852 1779
852 2529
852 2756
852 3313
852 3578
852 4151
881 2756
883 6108
891 1375
891 1625
891 2825
904 4332
919 6108
921 1879
928 968
938 6099
948 6108
968 1375
1036 3543
1051 5125
1106 3939
1106 4113
1115 1936
1115 2024
1115 2132
1115 3745
1115 4031
1115 5100
1115 5652
1135 2562
1145 3648
1177 1322
1177 3636
1197 5949
1242 1369
1242 1667
1242 3122
1242 4949
1242 5599
1242 6119
1243 6106
1255 1350
1255 2158
1255 6103
1255 6113
1255 6121
1256 2169
1256 2756
1256 5041
1322 1941
1359 1552
1359 1636
1359 3636
1359 5237
1361 2243
1361 6087
1361 6120
1369 2403
1375 1664
1375 3823
1393 1552
1395 6115
1413 4749
1426 1691
1470 5493
1527 2403
1527 3158
1527 4419
1527 6108
1527 6117
1540 1667
1540 4727
1552 3171
1552 5237
1552 6111
1563 6086
1602 6124
1612 4031
1622 4783
1625 2545
1625 2825
1625 2956
1636 2136
1636 3171
1636 3636
1636 4677
1636 4727
1636 4957
1667 4590
1667 5487
1691 2158
1691 6122
1732 1936
1732 2255
1732 4031
1742 3648
1763 5873
1778 2845
1778 5996
1818 4783
1824 3405
1824 5342
1824 6121
1861 3065
1877 2295
1877 3041
1877 6108
1877 6121
1917 4783
1928 5493
1936 2292
1936 2650
1936 3158
1936 3745
1936 4117
1936 4783
1936 6087
1959 3281
1971 2403
1971 3405
1980 2472
1985 6118
1995 4332
2027 2123
2070 4609
2095 6100
2122 3158
2123 3543
2124 4957
2158 3122
2158 3381
2158 4000
2158 4590
2158 6121
2169 5041
2179 5341
2255 4419
2292 2650
2292 4031
2292 6087
2297 4332
2389 4419
2389 6108
2389 6121
2455 5652
2455 6090
2460 4402
2472 4333
2472 6096
2472 6108
2529 3727
2529 4151
2545 5551
2545 5933
2583 6061
2592 4402
2650 4702
2650 6063
2650 6087
2650 6114
2692 6116
2694 6108
2739 4236
2739 4727
2739 6091
2756 3578
2756 5676
2767 5873
2821 3648
2821 6113
2868 3484
2868 5493
2919 6109
3030 3648
3030 6114
3158 4839
3158 6108
3166 4523
3171 3501
3204 4677
3281 3462
3405 5342
3457 6098
3462 4008
3477 6094
3501 5247
3543 6108
3636 5006
3636 5125
3636 5237
3648 4590
3648 4841
3648 6113
3745 6087
3823 4609
3823 4749
3823 6087
4031 4117
4117 5125
4117 6091
4117 6119
4171 5065
4187 6112
4236 5237
4283 6111
4332 5141
4332 6108
4333 6096
4333 6108
4340 4523
4340 4771
4340 6107
4390 4419
4402 4590
4402 5362
4419 6108
4419 6121
4523 6103
4523 6113
4523 6121
4609 5065
4609 6097
4677 5065
4749 5362
4749 5635
4771 6101
4783 5305
4783 6103
4798 5912
4798 5932
4931 5433
5009 6093
5065 6098
5097 6105
5146 5949
5267 6087
5362 6105
5440 5828
5501 6110
5515 6108
5618 5816
5658 6123
5996 6062
6029 6112
6086 6108
