2 2191
12 441
13 3254
14 2102
14 5009
14 5615
14 5680
14 6225
14 6231
19 6245
26 1996
41 5125
42 383
42 539
42 837
42 1393
42 6224
43 76
43 100
43 140
43 1255
43 1268
43 4333
46 461
46 621
46 2423
46 3943
46 5729
46 6162
46 6225
60 729
60 1013
60 6225
73 3624
75 1393
75 6219
76 539
76 1177
76 1779
76 2149
76 2158
76 2423
76 5729
76 6225
76 6252
76 6256
80 5832
88 374
88 917
94 196
94 6225
95 1249
95 1793
96 1268
100 968
100 1793
100 2403
100 2437
100 6225
101 6254
113 1413
113 3787
113 6225
115 6246
126 2286
126 3049
138 1200
153 6235
156 315
156 762
156 883
156 3166
156 6225
158 286
158 1740
158 1785
158 2423
158 5065
158 5729
158 6225
158 6228
158 6236
162 539
184 968
184 1057
184 1223
184 1255
184 1563
184 2650
184 2845
184 4590
195 206
196 610
196 2423
196 5065
196 6225
253 696
253 837
258 3745
286 1785
286 2208
286 5100
286 6236
304 5125
315 610
315 1223
315 6225
383 1393
383 2762
383 5306
390 968
423 4382
441 2423
455 2950
461 1177
461 3171
461 3405
461 6256
484 729
484 1742
484 4632
494 539
502 2423
510 2340
519 5729
536 1740
536 5476
539 1779
539 5890
539 6242
544 4632
608 6256
610 729
610 2423
610 5724
613 4839
618 1786
618 5036
641 4117
696 5652
729 1742
729 1917
729 1995
729 2192
729 4632
729 5041
731 5560
736 801
762 4050
774 5065
801 1786
875 2027
875 2423
938 5433
963 5729
963 6124
993 6165
1002 2396
1002 4752
1002 5125
1005 4421
1005 5832
1017 6108
1041 6225
1057 3010
1057 5679
1057 6175
1106 1877
1106 5009
1106 5890
1115 5652
1144 5065
1164 6171
1164 6239
1177 5720
1200 3624
1200 4605
1255 2319
1255 6225
1256 2156
1256 2529
1256 5729
1268 1793
1268 1971
1268 6225
1359 6225
1361 1393
1361 5832
1375 6229
1393 1470
1393 2583
1393 5679
1393 5832
1413 2412
1413 6225
1419 6226
1432 6237
1437 3158
1470 5237
1470 5679
1540 2412
1540 3930
1570 6165
1571 6209
1581 2619
1622 1786
1636 3930
1644 2437
1644 6225
1742 4523
1768 2156
1785 5065
1786 5036
1788 6109
1854 2027
1877 6171
1894 5476
1917 2820
1917 3992
1959 2950
1972 2423
1972 6236
1972 6260
1985 6225
1996 6255
2053 4080
2053 5933
2062 6247
2118 2995
2124 3945
2124 6139
2140 3204
2156 4403
2158 4882
2180 6235
2208 5100
2208 6236
2255 2319
2319 2489
2319 6171
2360 2820
2360 4117
2360 5065
2364 6252
2389 2472
2389 6234
2396 6219
2412 2956
2412 3799
2423 3648
2423 4031
2423 5682
2423 5893
2423 6258
2437 6220
2455 6238
2472 6234
2472 6253
2488 4095
2529 4095
2529 6220
2598 3745
2628 5036
2650 4702
2694 5936
2696 6162
2739 6189
2820 5125
2820 6225
2845 4333
2930 5652
2930 5943
2930 6185
2950 4117
2956 5679
2956 6225
3030 6258
3107 6225
3171 5476
3171 5729
3171 5832
3171 6246
3171 6256
3254 5166
3254 6243
3307 4713
3329 6225
3377 6162
3405 6248
3405 6262
3414 5399
3417 6225
3484 6209
3484 6256
3624 4935
3636 6014
3745 4684
3764 6235
3787 6225
3799 5362
3930 5366
3930 5681
3950 6250
3975 6239
3984 6225
3984 6230
3992 5065
4038 4419
4110 6225
4117 5832
4117 6228
4117 6233
4117 6249
4136 6102
4242 4471
4333 4632
4333 5100
4382 4403
4390 6225
4403 5065
4419 6162
4419 6220
4419 6227
4488 6251
4646 6238
4771 5890
4802 5065
4879 6225
4957 5933
5009 5890
5009 6225
5065 6162
5065 6203
5065 6252
5125 5933
5306 6186
5309 6256
5366 5832
5473 6185
5483 6234
5652 6185
5679 5720
5682 5943
5692 6213
5706 6232
5720 6124
5720 6251
5729 5857
5859 6241
6014 6189
6171 6239
6175 6235
6203 6225
6225 6240
6225 6259
6225 6261
6244 6245
6255 6257
