0 618
0 659
0 852
2 103
2 154
2 477
2 570
2 861
3 13
3 134
3 539
4 644
7 43
7 348
8 153
14 103
14 109
14 128
14 153
14 455
14 621
14 659
14 878
19 37
19 64
19 76
19 80
19 108
19 129
19 158
19 196
19 201
19 251
19 289
19 351
19 408
19 419
19 451
19 490
19 563
19 618
19 809
19 885
19 898
19 902
25 26
25 858
25 903
26 30
26 42
26 121
26 126
26 129
26 190
26 351
26 431
26 570
26 678
26 729
26 897
29 74
29 76
29 103
29 121
29 135
29 459
29 477
29 490
29 888
30 120
30 403
30 608
37 201
39 134
39 461
42 73
42 74
42 77
42 121
42 129
42 233
42 303
42 451
42 455
42 519
42 539
42 600
42 774
42 823
42 884
42 891
42 897
43 76
43 123
43 140
43 570
43 621
43 678
43 714
43 774
43 820
43 824
43 882
43 891
46 206
46 490
46 570
47 685
47 880
48 103
54 888
56 201
56 233
56 477
56 613
60 302
60 519
64 539
64 647
64 678
64 698
64 895
69 189
73 121
73 233
73 570
73 731
74 238
74 823
74 845
74 883
74 891
74 892
76 77
76 109
76 121
76 129
76 138
76 233
76 335
76 348
76 370
76 461
76 477
76 519
76 539
76 613
76 621
76 659
76 714
76 729
76 800
76 803
76 906
77 109
77 121
77 302
77 461
83 235
83 563
84 694
90 121
93 348
95 477
95 600
97 302
97 678
97 890
103 729
108 121
108 129
108 201
108 451
108 897
109 459
109 659
109 803
109 852
121 233
121 455
121 570
121 618
121 827
121 897
123 158
123 712
123 714
123 789
123 890
126 899
128 565
128 893
129 190
129 233
129 394
129 570
129 729
129 781
129 836
129 859
129 882
133 900
134 190
134 461
134 891
135 875
135 887
138 729
140 190
140 490
140 659
140 845
146 189
146 659
153 374
153 571
153 888
154 206
158 189
158 488
158 563
158 565
158 570
158 809
158 884
158 901
176 873
184 659
184 725
189 390
189 434
189 570
190 403
191 809
195 253
199 714
206 249
206 370
206 490
206 659
206 715
206 729
206 731
206 890
206 891
233 488
233 570
233 731
233 771
233 852
235 406
235 577
238 451
242 729
249 348
255 490
280 477
280 886
289 565
289 731
290 302
290 659
295 348
295 456
295 904
302 678
303 884
304 613
304 698
335 519
339 659
345 884
348 621
351 490
370 659
374 809
384 659
384 886
394 669
394 859
403 570
406 539
408 727
408 883
431 729
431 891
439 900
442 884
447 613
447 892
451 729
451 875
451 897
454 729
455 610
455 802
461 570
461 571
461 724
477 600
488 570
488 659
490 539
490 563
490 570
490 608
490 729
490 731
490 771
490 899
502 889
506 714
519 659
519 731
519 774
519 884
519 888
539 647
539 895
563 610
563 905
570 659
570 714
570 891
571 621
577 610
577 901
610 618
612 873
613 714
618 899
621 678
621 809
621 883
647 678
659 726
659 760
659 809
659 894
659 903
659 904
669 887
684 903
694 714
698 714
712 760
714 800
719 852
726 881
727 883
727 896
729 820
729 891
729 899
729 906
731 809
786 852
809 842
834 892
836 858
858 882
883 892
901 905
