0 64
0 162
0 1917
3 1481
29 5215
30 519
30 4771
41 1051
41 3072
41 4833
43 6225
59 4366
64 1255
64 1793
70 1005
70 3648
73 138
74 6364
75 2053
75 5362
76 84
76 138
76 729
76 1051
76 1818
76 1958
76 2919
76 2961
76 3166
76 4605
76 6357
76 6362
88 1115
89 729
89 762
89 1255
97 1742
100 2603
100 5362
113 6366
115 685
117 1470
120 5943
123 2603
124 442
133 6365
134 4031
138 1872
138 3166
138 5305
153 3984
153 4760
153 5831
153 6340
153 6350
156 2762
156 3850
158 736
158 6026
158 6119
158 6331
162 1917
175 206
184 6349
190 1972
195 839
195 1793
196 3122
196 4159
196 5219
196 5458
206 4419
236 2919
258 461
258 4663
275 1058
280 6363
283 2081
315 2292
315 3171
318 1958
348 4532
370 762
370 2062
370 2919
370 6010
370 6366
374 4366
391 6119
407 1051
449 6171
460 461
461 1193
461 1413
461 2236
461 2603
461 3426
461 3705
461 5362
461 6364
504 3930
519 762
536 641
539 1563
539 6370
556 2874
556 5194
556 6289
577 1972
577 2762
577 5816
599 6289
610 2762
610 5306
613 6347
618 3023
618 6289
621 2062
621 2105
621 3166
621 6338
647 2333
647 4419
647 6340
659 1106
659 2522
659 6289
669 1413
682 1242
682 6336
712 6289
729 3405
729 6359
729 6364
736 4663
762 1365
762 2062
762 3515
762 5699
774 1361
774 5720
801 839
801 1917
837 6189
839 2650
839 6119
839 6344
852 6341
881 6370
897 4366
938 6351
948 6359
963 6338
988 6368
1002 2600
1002 5305
1005 2158
1005 4110
1005 6289
1041 6294
1051 2396
1051 5362
1051 5993
1051 6354
1106 3705
1106 6355
1115 2919
1115 6294
1148 5305
1148 5362
1177 6160
1200 3624
1242 2598
1242 6119
1255 2158
1255 3166
1265 3426
1268 6119
1268 6358
1321 3158
1349 5530
1359 6348
1365 1786
1365 1994
1393 5305
1413 1636
1413 3745
1413 4113
1413 4117
1413 4731
1413 6364
1413 6365
1418 1960
1418 2934
1418 3727
1418 3882
1418 4798
1563 1786
1602 2877
1615 4419
1622 2412
1636 1887
1636 2762
1636 3642
1636 4106
1636 4117
1636 5306
1636 5362
1636 6189
1636 6289
1636 6332
1640 2919
1732 1786
1742 6010
1768 1825
1768 2292
1774 6289
1793 3484
1793 6352
1807 6264
1825 2292
1831 2158
1831 5560
1861 2820
1861 3065
1877 2919
1877 3850
1877 6307
1887 6338
1917 6355
1958 3166
1977 6338
2027 4419
2053 5489
2053 6189
2062 3030
2081 4031
2105 4031
2105 6299
2124 6347
2158 5906
2158 6364
2223 6264
2255 4419
2286 2600
2319 2919
2333 4419
2396 5362
2403 2669
2472 6338
2522 6347
2527 5615
2600 3520
2691 6351
2694 6338
2756 6336
2756 6353
2762 4546
2762 5306
2762 6289
2767 6026
2820 5906
2820 6026
2820 6337
2820 6343
2820 6364
2821 6344
2868 4242
2868 4366
2874 5722
2919 3984
2919 4338
2919 5652
2919 5698
2919 6294
2919 6366
2943 6352
2956 6332
2956 6338
3001 5857
3001 6336
3023 6328
3062 5230
3065 5362
3072 4366
3072 6350
3123 4000
3123 5468
3123 6305
3158 4106
3158 6362
3171 6295
3254 5166
3258 4908
3258 6353
3313 6353
3377 6119
3405 3648
3405 6340
3417 6343
3453 6353
3484 6359
3515 6342
3515 6353
3636 5305
3636 6280
3636 6332
3648 6010
3657 4949
3689 6342
3705 6355
3727 3882
3727 4798
3745 6289
3828 6345
3850 6307
3865 6360
3930 4771
3930 5146
3950 4106
3967 4839
3967 5306
4031 4366
4031 6344
4090 4352
4090 6342
4090 6346
4110 6369
4117 4731
4117 5652
4117 6289
4117 6332
4117 6354
4187 4366
4216 6119
4310 6361
4338 6366
4366 4833
4366 6264
4419 5189
4419 6371
4545 6353
4663 6289
4731 5362
4731 6366
4760 5831
4760 6203
4787 4882
4924 5652
4924 6372
4949 5125
4949 6338
5304 6367
5305 5362
5362 6189
5433 6289
5589 5938
5652 6160
5699 6332
5706 6342
5720 6370
5929 6351
5933 6189
5938 6225
5938 6370
5956 6366
6049 6343
6119 6357
6137 6203
6175 6365
6203 6348
6264 6331
6338 6339
6351 6354
6353 6356
6364 6365
