0 6242
19 4907
26 4297
26 6486
29 5682
29 6114
41 3160
41 6503
42 134
42 461
42 1476
42 3636
42 3745
42 5227
42 6488
43 2455
43 2718
43 2943
43 4297
43 4701
46 5948
59 80
59 556
59 4187
59 5614
72 1255
73 1941
75 891
75 968
76 4232
76 4811
79 3984
80 153
80 1604
80 6487
83 6495
84 3900
84 4080
84 4419
88 5698
95 4110
97 2118
100 6488
111 6248
132 4333
134 6479
138 570
138 703
138 1845
138 2062
138 2820
138 4544
138 6467
138 6504
140 2396
156 5143
156 6501
158 3984
158 5386
174 810
174 1763
174 6470
175 4701
196 2864
196 6505
215 3917
215 6462
218 3745
280 599
280 2428
280 4065
280 4811
280 6470
286 4886
315 6424
338 2118
348 5340
370 5615
383 659
391 6430
412 839
412 2267
412 4310
455 1058
455 2076
455 5276
455 6487
461 6490
531 1058
536 2682
536 3065
536 3158
539 963
539 1359
539 3984
539 5599
563 2284
563 5983
565 2627
570 963
570 2117
570 2472
570 6504
573 6491
577 2284
589 1058
599 1383
599 6369
610 1058
610 1322
610 3439
610 3543
610 5730
610 6280
610 6414
610 6496
613 4380
659 682
659 1091
659 1636
659 2081
659 5706
659 6110
682 1392
682 2488
682 2756
682 5994
682 6419
682 6502
691 5146
696 4879
703 1995
703 2062
703 2718
703 2845
703 3030
729 963
729 1268
729 1877
729 2696
729 4232
729 4380
729 4798
729 4820
729 6486
762 2062
773 5983
810 6470
837 4187
839 5490
938 3984
948 2589
963 1732
963 2325
999 2919
999 2934
999 5698
1002 3049
1002 6248
1002 6491
1002 6503
1006 5599
1036 6344
1051 6470
1057 6503
1058 1661
1058 1972
1058 4523
1058 6419
1097 1517
1097 2403
1106 4297
1115 4187
1148 5542
1198 3336
1232 1971
1243 5614
1249 6013
1255 1732
1255 6359
1255 6467
1256 6478
1268 2199
1268 2396
1268 6479
1268 6488
1319 6501
1335 1379
1359 4117
1365 6478
1369 4232
1379 6045
1393 3984
1413 2718
1468 2756
1468 6483
1470 6478
1540 5599
1563 1755
1604 1941
1615 2229
1615 2403
1636 2682
1636 3049
1636 4488
1636 5681
1636 6289
1709 5948
1724 6344
1742 6480
1753 2396
1755 1818
1763 2864
1763 3624
1763 5521
1763 6414
1774 3171
1785 6481
1804 4080
1845 2529
1845 3158
1845 5720
1877 6479
1877 6491
1877 6495
1879 1917
1879 2126
1879 2255
1894 6480
1917 2126
1917 6114
1917 6486
1917 6501
1941 4544
1948 2199
1948 5366
1972 2674
1985 5458
1996 6486
1996 6490
2020 4232
2062 6467
2079 2254
2095 6478
2102 4297
2118 4080
2124 2243
2146 2389
2156 2682
2156 6502
2177 3578
2199 4171
2229 2403
2256 4507
2277 6503
2292 3355
2389 6491
2403 5267
2428 2534
2428 3007
2472 4232
2472 6503
2488 6478
2488 6502
2529 2756
2529 3171
2529 6110
2541 2943
2619 6359
2670 5720
2682 3158
2682 6280
2718 3158
2762 4110
2762 5991
2767 3925
2767 5862
2767 6476
2767 6489
2818 4187
2820 4731
2820 5991
2820 6114
2820 6484
2864 5362
2864 5478
2864 6493
2868 6470
2919 4798
2919 5560
2930 6344
2934 3171
2956 3984
2956 4117
3026 5521
3030 4798
3030 5143
3049 4117
3099 3171
3107 3917
3107 5641
3158 3184
3158 5433
3158 5720
3158 6280
3160 3984
3171 5704
3184 6280
3184 6503
3239 5006
3405 5948
3405 6491
3526 5458
3578 5146
3636 5227
3648 4080
3648 6123
3745 5227
3745 6210
3745 6503
3756 6501
3856 6470
3882 6280
3882 6485
3917 3984
3925 5862
3925 6354
3984 4117
3984 5065
3984 5130
3984 5720
3984 6470
3984 6493
3984 6500
4031 5400
4080 4419
4090 5386
4110 5991
4110 6464
4117 4338
4117 6359
4117 6470
4232 6492
4283 6506
4310 6444
4380 4802
4488 4907
4544 5100
4591 6462
4731 6114
4839 5862
4924 5386
4924 6493
5006 5816
5065 5143
5100 6476
5130 5831
5130 6494
5143 5720
5143 6378
5146 6478
5227 6403
5230 6403
5236 6114
5263 6280
5367 6430
5378 6248
5433 6280
5487 6493
5592 6470
5615 6486
5698 6482
5720 6485
5831 6493
5862 6203
5862 6354
5935 6476
5983 6225
6280 6485
6289 6482
6393 6470
6470 6497
6470 6500
6498 6499
