1 2319
4 6508
14 2396
26 249
26 6517
29 6527
42 249
42 280
42 461
42 1106
42 6210
43 110
43 134
43 1097
43 4332
43 6203
46 5034
46 5948
46 6108
46 6515
46 6536
61 3975
64 3484
66 410
66 3745
75 891
75 4731
75 5551
76 190
76 3453
77 190
77 5652
94 5127
95 1469
109 4333
110 2914
123 249
128 156
128 1793
128 4031
128 4523
128 4783
128 5141
134 138
134 613
134 1361
134 1742
134 2098
134 2504
134 2739
134 5857
134 6203
134 6232
134 6414
134 6419
138 5267
141 730
148 6470
153 1321
153 1894
153 6528
156 1751
156 2534
156 3453
156 6503
158 249
158 442
158 610
158 730
158 1255
158 1561
158 1972
158 4065
158 4090
175 2472
175 6514
190 5652
249 442
249 1106
249 1470
249 3745
258 4731
258 5682
275 6161
280 712
280 3484
280 3745
280 4028
280 4151
280 5127
280 6470
280 6523
302 875
315 1751
348 5578
374 6530
382 5652
382 6515
391 2583
410 936
410 2589
410 3745
412 6525
423 2156
442 563
442 2156
442 3336
442 5263
446 4488
447 1972
447 2589
455 4802
455 5862
461 891
475 6533
490 1571
490 1636
490 5267
539 891
539 1687
539 4731
546 1179
563 5065
599 1470
610 659
610 1322
610 2762
610 5386
610 6509
610 6520
610 6521
610 6529
610 6530
610 6531
613 2156
613 5173
613 6419
621 6515
659 3745
659 6520
660 712
673 3417
673 4731
682 6161
714 6462
714 6505
729 2114
729 5141
729 5938
729 6108
729 6469
729 6470
730 1755
730 2124
730 5127
730 5831
730 6288
762 5141
762 5551
801 4731
837 4117
839 2156
852 1058
852 1845
852 6470
875 1419
881 1255
883 3453
883 4031
883 6469
886 2124
891 2820
891 6435
912 1106
963 6507
1015 1058
1015 5801
1039 2868
1051 1393
1051 1831
1051 2583
1051 6503
1057 1179
1057 6518
1106 1255
1106 2589
1106 3745
1106 3841
1106 4634
1106 4731
1106 6470
1106 6523
1115 2583
1135 4174
1144 6475
1164 6534
1179 1636
1179 4117
1179 6527
1249 6013
1255 1369
1255 2027
1255 2158
1255 2845
1255 3030
1255 3484
1255 3984
1255 4771
1255 4783
1255 5652
1255 6028
1255 6419
1256 4605
1268 1687
1366 2255
1379 2527
1379 6045
1393 5833
1393 6503
1413 2820
1419 6537
1426 3417
1426 5386
1469 4117
1469 4839
1470 6279
1470 6503
1470 6517
1622 2825
1636 1831
1636 2739
1636 2956
1636 4517
1636 5125
1636 6232
1636 6435
1636 6503
1636 6517
1636 6530
1658 6514
1667 3368
1687 5362
1687 6029
1687 6528
1709 2324
1724 1751
1742 5783
1747 6535
1763 6511
1776 6505
1786 5215
1793 6534
1804 2118
1816 6497
1831 5560
1831 5704
1831 5720
1831 6503
1831 6508
1864 6430
1877 2389
1877 6536
1879 2126
1917 2324
1917 2825
1917 6501
1941 4544
1952 6527
1959 3156
1959 6532
1972 3727
1985 2534
1985 5458
1985 6503
1996 2214
1996 4731
2011 6462
2024 6508
2027 4332
2038 5560
2107 4509
2114 2284
2114 4783
2124 4366
2124 5068
2124 6026
2149 4477
2156 5127
2158 6108
2158 6419
2214 2598
2223 6203
2284 3648
2284 4507
2319 2956
2324 3900
2389 2472
2389 6514
2396 2825
2406 2472
2472 2694
2472 3368
2529 6502
2534 6470
2600 2820
2619 6522
2694 6108
2699 6505
2714 6253
2714 6371
2728 3453
2741 6470
2756 6419
2762 3657
2762 6232
2762 6280
2762 6510
2767 4117
2767 5941
2767 6525
2820 3799
2820 4731
2820 4783
2820 5599
2820 6435
2820 6524
2825 5009
2914 3543
2919 4798
2919 6289
2930 4731
2930 6533
2934 3171
2956 5362
2956 6500
2970 6108
3030 4523
3030 6469
3125 4370
3160 5306
3171 3336
3171 3819
3171 5065
3171 6516
3239 5006
3322 5521
3368 5135
3388 6203
3417 4839
3417 6523
3453 4783
3453 4879
3453 6524
3578 5146
3617 6527
3636 4839
3636 5125
3648 4783
3657 6513
3657 6533
3727 4731
3745 6470
3745 6513
3745 6518
3756 4634
3799 5542
3800 6225
3943 5521
3943 6511
3950 4647
3975 6534
3980 4507
3984 6500
3984 6518
4031 6469
4090 4187
4090 5518
4117 5518
4117 6522
4117 6525
4171 5127
4187 5518
4187 5941
4187 6419
4283 5722
4283 6535
4523 6225
4727 6498
4731 4798
4731 4949
4731 5362
4731 6110
4783 5127
4839 5125
4839 5720
4924 5833
4924 6414
4924 6503
5009 6498
5034 6515
5041 5652
5065 5125
5125 6319
5127 5386
5127 5652
5292 6511
5362 6503
5362 6528
5386 6386
5487 6526
5494 6498
5518 6225
5599 6514
5615 6486
5681 5816
5692 5831
5706 6232
5720 6498
5816 5936
5831 5929
5831 6288
5929 6225
6203 6525
6481 6507
6494 6511
6498 6522
6512 6513
6515 6519
