0 6358
0 6505
0 6913
7 4090
7 6909
14 5215
19 712
19 3030
26 89
26 712
26 1793
26 1917
26 3254
26 3745
26 4090
26 5493
26 6899
26 6903
29 43
29 48
29 138
29 249
29 6462
30 1877
41 4018
41 6908
42 117
42 1106
42 6471
43 1002
43 3158
43 4731
43 6900
46 6890
54 76
54 1636
54 1793
65 1793
73 1941
73 4935
75 6189
76 138
76 455
76 536
76 1106
76 2529
76 4187
76 5493
76 6909
79 852
79 885
79 1206
83 89
83 2694
83 2728
83 5141
84 5490
89 158
89 196
89 315
89 1732
89 2756
89 5560
96 138
96 6498
100 1879
108 3195
108 6462
111 162
111 2316
111 2650
111 2728
111 3337
114 621
114 5141
117 539
117 618
117 1002
117 1497
117 1661
117 1917
117 3171
117 5036
117 6810
124 138
128 297
128 3195
128 6893
130 2694
134 252
138 1617
153 6889
153 6903
156 5490
158 455
158 836
158 2382
158 2728
158 2868
158 6902
158 6909
162 836
172 1600
174 963
174 3254
174 5939
190 6899
190 6909
196 610
196 4275
196 6892
196 6903
196 6905
236 2019
236 3405
249 1255
249 4783
249 5692
258 881
258 1041
258 2534
280 2762
280 4018
280 6888
286 1732
297 2455
297 2728
297 4835
297 6325
297 6704
302 1002
302 2286
302 3405
312 837
348 6654
354 2169
358 2694
370 1179
370 6654
383 539
383 2428
383 2670
383 2762
391 1268
407 5493
412 6901
414 5119
435 5487
442 6910
455 2762
455 4018
455 6002
461 1002
461 1879
519 1361
519 2762
528 6885
536 610
536 837
536 1470
536 2124
536 3613
536 3727
536 4187
536 6619
539 1879
539 2728
539 2762
539 4731
539 5783
547 6789
556 4839
556 5722
556 6573
573 823
573 5174
577 6887
608 971
610 1863
610 1985
610 2694
610 5594
610 6683
621 6914
636 6002
641 6898
656 6899
682 2728
682 6771
712 1985
712 2256
712 6683
712 6903
729 836
729 2316
729 2728
729 6905
753 839
810 1732
823 963
823 4370
823 5174
823 6889
836 1002
836 2406
837 1256
837 2223
837 2316
837 3171
837 3613
837 4117
837 4187
852 2504
852 6817
875 3195
881 5006
881 6885
891 5933
897 983
963 2728
971 1106
971 2316
1002 1540
1002 1879
1002 2956
1002 5939
1011 3254
1051 5722
1051 6750
1058 1268
1058 6903
1060 6509
1106 2316
1106 2728
1106 3453
1106 4632
1106 4783
1106 5493
1106 5615
1106 6471
1106 6896
1106 6900
1115 2382
1255 1732
1255 4783
1255 6904
1268 2142
1342 6911
1361 5615
1393 2504
1393 2762
1393 6896
1413 3254
1413 4731
1470 2316
1470 2694
1470 6898
1540 3254
1540 3405
1540 5006
1561 2694
1622 6873
1625 1687
1625 5493
1658 1971
1658 6171
1687 5493
1732 2598
1732 6903
1745 4018
1763 2694
1793 4822
1804 2406
1812 2316
1812 3453
1824 2728
1824 6903
1831 4018
1831 6903
1863 1985
1877 2694
1877 2728
1877 3169
1877 6767
1879 2820
1894 4910
1917 2307
1917 2728
1917 6596
1917 6894
1917 6899
1917 6900
1959 2728
1985 6745
1985 6903
1992 6289
2019 2142
2057 2529
2062 3030
2124 6750
2142 2674
2142 5440
2142 5783
2142 6894
2255 2868
2278 2728
2284 6903
2307 6900
2316 5615
2316 6663
2382 2627
2416 2694
2437 3405
2437 5006
2527 6889
2529 5615
2529 6898
2598 5065
2599 2674
2600 3405
2606 4018
2660 3515
2660 4018
2694 3361
2694 3745
2728 2868
2728 3181
2728 3573
2728 4280
2728 5119
2728 5939
2728 6640
2728 6745
2728 6897
2756 4018
2762 4236
2762 6576
2762 6683
2868 6903
2919 6482
3030 4445
3030 6895
3065 6862
3122 6505
3169 3405
3169 4419
3171 4231
3171 4822
3171 6902
3171 6912
3181 3943
3181 4634
3181 6393
3195 6462
3239 6901
3251 6180
3254 3636
3254 5493
3254 6810
3313 3515
3322 6892
3329 6373
3346 4157
3346 6223
3453 6471
3515 4018
3515 5801
3541 6663
3613 4090
3613 6289
3673 6767
3727 6280
3745 6894
3745 6903
3992 6897
4018 4507
4018 4545
4031 4994
4090 5493
4236 6909
4275 6750
4523 6767
4523 6891
4536 6912
4632 6904
4708 6471
4749 5218
4783 6887
4783 6891
4783 6904
4822 5065
4822 6619
5006 5551
5366 5783
5487 6894
5722 6896
5722 6901
5933 6897
6002 6203
6373 6455
6373 6654
6596 6686
6596 6906
6619 6902
6619 6906
6745 6903
6769 6889
6905 6907
6906 6909
