0 875
0 6358
0 6498
0 6970
1 1365
1 6885
7 48
7 1786
7 3624
13 1255
13 3484
26 875
29 4765
29 5615
42 156
42 568
42 1002
42 1422
42 2583
42 3975
42 5519
42 6965
42 6974
42 6977
43 610
43 5615
43 6623
43 6949
43 6957
43 6958
46 1255
46 6938
70 577
70 3986
75 6189
75 6974
76 286
76 1002
76 1177
76 1426
76 1644
76 2114
76 3030
76 3329
76 4911
76 6498
76 6885
79 412
79 6950
83 577
83 904
83 6623
90 5173
95 2762
97 4493
100 2030
100 5494
115 335
117 5009
117 6596
133 852
133 1792
133 1899
138 286
138 335
138 367
138 731
138 1159
138 3329
138 6897
140 1268
140 3806
153 412
153 1636
153 4253
153 5065
153 6189
156 2583
158 1792
158 2650
158 6189
158 6623
158 6738
158 6961
158 6973
158 6975
167 3030
170 237
170 6679
172 1099
172 3975
172 5174
172 6629
195 836
204 1002
253 1644
253 3171
280 904
280 6498
280 6942
286 1812
286 2627
286 2650
286 3329
286 4187
286 4783
286 4924
286 5041
315 6940
335 592
335 3313
335 3322
335 4731
335 5173
335 5652
335 6358
335 6897
335 6967
348 836
369 6738
370 1099
370 6964
370 6965
370 6977
374 536
382 682
391 6596
407 613
407 1540
407 2956
412 2775
412 2818
412 5007
412 6968
432 1058
434 4577
455 6301
461 1977
461 4949
461 6956
528 6885
531 5125
532 2024
536 610
536 2762
536 6953
539 875
539 1002
539 2142
539 6543
556 1899
563 904
573 1709
577 2821
577 5615
610 1361
610 2762
613 1002
613 1365
613 1426
613 3799
613 4117
613 4366
613 5125
621 2149
621 2729
621 4911
621 6973
682 6623
682 6800
712 904
712 6826
729 4822
729 6373
729 6803
760 5615
762 2062
774 6962
836 2149
836 2158
836 6863
837 2264
839 6946
846 2694
846 6708
852 1177
852 2529
852 2627
852 2670
852 2762
852 3304
852 6952
852 6972
875 1164
875 1793
875 3975
875 6976
883 2149
904 1622
904 4911
919 6961
1002 1361
1002 1422
1002 1687
1002 2142
1002 5783
1002 6543
1002 6955
1002 6977
1005 6952
1006 1864
1006 2019
1006 2413
1015 2114
1057 1333
1058 1106
1058 3329
1058 6957
1091 4771
1091 6454
1099 6965
1106 1206
1106 6863
1106 6885
1148 4519
1177 2627
1177 3636
1177 3800
1177 5935
1206 1644
1232 1255
1255 2472
1255 3030
1255 3041
1255 4419
1255 5917
1268 5174
1336 6963
1390 2396
1393 1470
1393 2762
1393 3313
1393 3636
1393 6959
1395 2124
1395 5722
1413 1636
1426 1786
1426 4090
1426 4366
1426 4488
1426 5007
1426 5125
1426 5215
1426 6596
1426 6662
1470 1644
1470 6789
1470 6971
1543 4924
1563 1917
1563 5825
1571 4419
1606 4507
1606 6889
1636 5006
1636 6889
1636 6948
1636 6952
1792 3026
1793 6960
1794 6958
1804 3785
1836 6951
1864 2019
1879 2437
1894 2114
1894 5615
1894 6949
1917 2583
1917 2943
1917 4949
1917 6818
1917 6939
1917 6960
1917 6964
1977 6956
2019 2413
2019 6977
2023 6912
2023 6961
2027 6064
2062 4862
2114 4783
2114 5935
2124 2349
2142 6543
2148 3727
2149 3030
2158 6498
2264 4090
2264 5065
2264 6203
2307 6885
2418 5992
2423 2464
2455 4187
2455 6953
2472 6064
2504 6952
2527 3329
2529 6800
2529 6961
2529 6966
2583 5519
2594 4802
2599 4802
2619 6960
2627 2762
2627 3313
2627 3745
2627 4924
2627 5146
2627 6952
2650 2729
2650 4731
2650 6619
2650 6941
2650 6949
2650 6965
2668 2767
2670 2756
2670 3158
2694 6708
2729 5615
2739 5065
2739 6962
2741 4253
2741 6947
2762 4018
2762 4283
2762 5615
2762 6952
2818 6619
2818 6955
2820 6974
2868 3745
2868 6223
2934 6912
2956 6974
2956 6977
3026 4179
3026 6738
3030 3484
3030 5494
3030 6943
3041 5783
3171 6817
3195 3785
3313 5146
3313 6800
3313 6816
3329 4151
3329 4924
3336 6885
3416 6619
3417 5215
3417 6952
3453 6800
3515 5706
3515 6145
3569 6951
3636 6971
3639 6885
3656 6929
3727 6280
3727 6619
3727 6902
3745 4488
3745 6936
3799 4731
3836 6625
3893 6185
3975 5494
3975 5744
3984 6738
3984 6952
4018 6954
4090 6738
4151 4253
4187 5065
4187 6289
4187 6953
4253 6498
4366 6975
4419 6064
4519 5933
4519 6955
4577 6498
4605 6223
4783 6965
4783 6978
4802 4987
4866 6952
4911 4924
4911 5615
4911 6498
4924 5309
4924 5692
4924 6953
5034 6973
5036 6957
5065 6738
5117 6498
5146 6800
5146 6817
5215 6789
5306 6280
5329 6966
5340 5797
5373 6976
5494 6745
5615 6373
5615 6619
5699 6973
5706 6145
5706 6959
5933 6948
5933 6955
6180 6934
6185 6562
6203 6659
6225 6940
6280 6736
6362 6498
6393 6976
6410 6894
6576 6623
6576 6800
6576 6968
6596 6953
6625 6738
6818 6969
6894 6957
6936 6973
