28 5494
29 5929
29 6990
30 43
30 6989
42 455
42 1359
42 4507
43 75
43 76
43 621
43 946
43 1147
43 1255
43 2199
43 2307
43 5006
43 5342
43 5783
43 6162
43 6569
43 6977
43 6987
61 946
75 172
75 461
75 1002
75 6990
76 1543
76 2307
76 5065
76 5679
76 6979
83 873
83 1255
83 1258
83 2957
83 5173
95 2762
117 5272
133 1258
138 2223
138 4634
140 539
140 2286
140 5599
141 6982
153 729
153 2504
153 2767
153 3322
153 4744
153 5065
167 6162
172 1099
172 2199
172 2324
172 3030
172 3573
172 5599
247 1255
253 946
253 4232
253 6987
280 455
280 904
280 5679
283 3030
286 4297
298 6988
312 2771
348 1724
348 2762
348 4532
374 1115
374 6988
406 5599
412 4318
412 5679
423 5720
423 6994
455 4507
455 5276
455 6998
461 1002
461 1604
475 6548
475 6817
486 2970
507 1600
507 2694
507 6358
507 6562
507 6713
507 6986
539 873
539 1667
539 2324
539 2396
539 4589
539 5550
602 613
602 2124
621 1786
621 3024
621 4911
621 5173
621 6738
659 2762
659 5065
699 6362
703 1742
762 907
762 2062
762 6982
836 2149
836 4236
837 4589
837 6991
837 6992
839 1917
839 6834
846 6995
852 1177
873 891
873 1540
881 1359
886 4924
946 1147
946 1732
946 2472
946 3975
946 5682
948 4419
969 6988
1002 1687
1006 2019
1036 3907
1057 6647
1058 2773
1106 2583
1106 3030
1115 3322
1148 4519
1148 4957
1177 2529
1177 2627
1177 5720
1186 6978
1255 1664
1255 2845
1255 3030
1255 4419
1255 4783
1255 6569
1258 2062
1359 1470
1359 2199
1359 3984
1359 6790
1359 6987
1361 3587
1361 5125
1395 2124
1395 6203
1454 1571
1454 1658
1470 6971
1521 4117
1521 6992
1563 1917
1605 6867
1623 2650
1636 6990
1658 6979
1664 2292
1664 2355
1664 2396
1664 3030
1664 4783
1667 2019
1667 5440
1687 4957
1732 6863
1785 6203
1786 2762
1786 2822
1786 4489
1786 5065
1894 2114
1899 6945
1917 2619
1917 3405
1917 6960
1972 2107
2019 2286
2019 2324
2019 4384
2019 6981
2057 2767
2062 6498
2124 3587
2124 5125
2124 6588
2124 6750
2199 4384
2248 6588
2292 2396
2307 3484
2307 5720
2307 6569
2307 6612
2319 3030
2324 5703
2324 6619
2355 6800
2437 4419
2455 5679
2472 6834
2472 6981
2529 2627
2529 3273
2529 5720
2562 6980
2627 6738
2650 4731
2650 6619
2694 6708
2762 4236
2762 4283
2762 5065
2762 6623
2764 5065
2767 5065
2767 5679
2818 6619
2818 6945
2820 4589
2820 6162
2907 4301
2907 6623
2907 6984
3030 5550
3030 6945
3034 5687
3078 4744
3078 6982
3171 6817
3195 6945
3195 6982
3229 5861
3273 5012
3273 6942
3322 5831
3329 4924
3405 6979
3405 6981
3453 5679
3465 6623
3515 4117
3515 5173
3587 6203
3599 6624
3636 4589
3681 6817
3727 5929
3727 6280
3745 5929
3943 6981
3979 6995
3984 6945
4117 5041
4117 5173
4236 5065
4297 5469
4318 6985
4366 5325
4419 6981
4419 6996
4589 5065
4589 5720
4589 6203
4632 5550
4632 6569
4744 6982
4783 6569
4783 6964
4860 6619
4911 4924
4911 5065
4911 5940
4911 6745
4924 5065
4924 6839
4949 6983
5041 6992
5065 5706
5065 6988
5065 6997
5125 6203
5325 6992
5493 5679
5615 6373
5652 6945
5679 6203
5703 6393
5720 6924
5720 6987
5720 6993
6064 6979
6393 6979
6619 6663
6719 6738
6738 6987
6752 6902
6762 6983
