0 64
0 103
0 993
1 206
1 235
1 878
2 851
2 873
2 973
3 77
3 247
3 461
4 76
4 109
4 184
4 289
4 434
4 459
4 621
4 659
4 851
4 960
4 981
4 993
7 189
13 570
13 673
14 19
14 30
14 69
14 76
14 80
14 121
14 135
14 348
14 370
14 434
14 539
14 552
14 565
14 570
14 621
14 724
14 903
14 960
14 963
14 973
14 981
14 993
19 69
19 76
19 90
19 94
19 141
19 158
19 174
19 191
19 201
19 325
19 434
19 903
19 953
19 960
19 963
19 979
25 26
25 29
25 73
25 206
25 509
25 662
25 708
25 836
25 968
25 981
25 997
26 69
26 75
26 189
26 206
26 461
26 539
26 662
26 704
26 729
26 824
26 928
26 946
28 983
29 76
29 509
29 976
30 76
30 662
37 73
37 109
37 370
37 704
37 973
41 673
42 47
42 65
42 662
42 946
42 993
43 75
43 151
43 201
43 662
47 76
47 180
47 370
47 852
48 201
48 570
48 928
56 76
56 447
60 64
60 76
60 267
60 330
60 613
64 132
64 275
64 883
64 948
65 221
65 236
65 570
66 973
69 76
69 662
69 898
69 919
75 77
75 83
75 109
75 153
75 221
75 330
75 339
75 451
75 461
75 475
75 539
75 563
75 613
75 729
75 803
75 897
75 950
75 953
75 987
76 77
76 94
76 109
76 132
76 135
76 166
76 174
76 196
76 370
76 447
76 461
76 477
76 552
76 570
76 659
76 673
76 810
76 873
76 950
76 960
76 963
76 967
76 970
76 977
76 980
76 988
76 990
76 994
77 109
80 151
80 153
80 196
80 206
80 304
80 442
80 570
80 993
83 370
83 451
88 103
88 999
90 240
90 275
90 543
90 703
90 928
92 960
94 174
97 121
97 507
97 539
97 729
98 449
103 158
103 414
103 431
109 115
109 184
109 304
109 370
109 442
109 461
109 728
109 774
109 903
109 987
115 206
115 221
115 303
115 304
115 461
115 903
121 190
121 570
121 910
123 662
132 196
132 201
133 135
133 325
134 221
134 247
134 975
135 296
135 311
135 552
135 729
135 760
135 846
135 873
135 974
140 190
140 662
140 816
140 983
140 985
140 992
141 201
141 325
146 903
151 291
151 729
151 873
151 973
153 289
153 563
153 704
153 903
158 291
158 552
158 752
158 953
158 963
158 993
158 995
162 708
174 565
174 851
174 977
184 446
184 595
184 659
188 595
189 196
189 206
189 852
189 952
190 946
196 201
196 206
201 206
201 270
201 374
203 873
206 233
206 235
206 528
206 836
206 878
206 960
206 993
206 997
221 330
226 849
233 948
235 851
235 878
240 289
240 391
240 570
240 928
247 461
247 975
270 673
270 703
275 461
275 570
275 678
280 304
283 724
286 552
287 912
287 978
289 475
289 998
291 570
291 694
291 834
303 903
304 728
304 903
312 989
318 836
330 704
339 824
348 508
348 613
348 836
370 621
370 659
370 729
370 789
377 953
394 948
414 708
414 976
434 662
434 993
439 673
442 729
442 903
446 774
449 572
451 507
451 662
451 708
461 678
461 760
461 997
467 700
475 980
475 995
477 493
477 873
502 980
506 960
507 659
508 662
509 662
509 700
509 724
519 852
519 873
519 903
526 973
539 724
539 760
539 830
539 831
539 971
539 981
539 982
539 984
539 985
544 673
563 836
570 746
570 993
593 971
610 973
613 892
618 621
618 851
621 673
621 836
621 904
654 973
659 694
659 724
662 968
673 963
673 994
678 928
678 983
694 973
704 729
708 928
708 991
712 970
719 852
728 903
729 789
729 912
729 970
729 994
746 963
752 903
760 896
771 912
805 968
812 952
816 952
817 852
817 963
821 946
823 994
824 903
824 946
830 878
831 982
873 981
903 904
903 1000
912 948
912 953
928 996
929 986
936 952
948 978
968 972
982 984
991 997
