0 2741
14 1985
14 7326
26 1563
29 3785
29 6842
29 7363
30 206
30 318
30 3405
41 7358
42 539
42 1517
42 1550
42 3330
43 1992
43 2650
43 3785
46 172
46 948
73 852
73 6124
74 1972
75 6189
75 7291
76 436
76 762
76 2191
76 2868
76 6200
77 6498
83 3996
100 2158
100 2603
138 196
138 436
138 762
138 4783
138 7368
138 7378
151 7375
153 1787
153 2455
158 1369
158 1992
158 3281
158 4283
158 7365
158 7377
162 4466
172 348
172 2158
175 2158
190 1298
190 3785
196 1992
253 3631
259 2762
280 1787
280 1992
280 2868
280 3281
280 4783
280 4839
280 6618
280 7290
280 7358
286 1115
286 6280
287 6498
348 7290
351 7335
385 762
407 6448
417 5706
433 7370
436 729
436 4226
436 5699
436 6467
436 6810
436 6842
436 7290
436 7369
442 7262
509 839
536 3281
536 7367
539 1057
539 1393
539 5362
539 7373
577 2284
602 1395
602 4366
610 1057
610 2762
610 2767
610 4783
659 3787
691 762
729 2389
729 7363
762 1206
762 2603
762 2650
762 3515
762 4117
762 4771
762 5440
762 5616
762 5720
762 7359
762 7367
836 6247
839 4297
839 6687
852 2024
852 4680
859 2191
904 1543
938 4366
963 4419
1002 2412
1002 3996
1002 7368
1036 1543
1036 5938
1056 2027
1056 3405
1057 1393
1057 1992
1057 2762
1057 5362
1057 7373
1058 4466
1099 7339
1106 1392
1106 2455
1106 4783
1115 2529
1115 2627
1115 3281
1115 4909
1148 3330
1196 2529
1196 7374
1206 1745
1206 5720
1243 7362
1255 1732
1255 2158
1255 2191
1255 2603
1255 4763
1255 4783
1256 2529
1256 4488
1298 3528
1304 3281
1321 4113
1359 2762
1359 4680
1359 7365
1361 7367
1392 2948
1393 1505
1393 3113
1413 5378
1517 3330
1550 3984
1550 5065
1600 1724
1636 7360
1636 7361
1691 5720
1742 6498
1745 7376
1763 3416
1763 7359
1786 7379
1787 7358
1793 5305
1807 4317
1807 5267
1807 7036
1818 6867
1818 7370
1958 6945
1972 2775
1972 4523
1985 7326
1992 2583
1992 4507
1992 5362
2011 7337
2012 7034
2024 2529
2024 2756
2027 7127
2102 6283
2104 6498
2142 3330
2156 7376
2158 2888
2158 5641
2158 6189
2191 2389
2191 4419
2191 7096
2199 3330
2245 7338
2254 2396
2254 5125
2254 6375
2256 4116
2396 7368
2411 7378
2424 5618
2455 3381
2529 4488
2529 4680
2529 5720
2529 7127
2529 7367
2640 4088
2650 4783
2650 7379
2691 4088
2762 2767
2762 7326
2767 3281
2775 7335
2831 6498
2919 7335
3113 3578
3166 7371
3168 4050
3217 7335
3251 7238
3281 4839
3281 6280
3281 6596
3417 7379
3501 7368
3515 4680
3592 7337
3727 5265
3737 4190
3745 6618
3785 7379
3800 7290
3947 7376
3996 4117
3996 6165
3996 6498
4088 4488
4117 6189
4117 7361
4176 6498
4187 7335
4190 6640
4283 7365
4366 7110
4488 7376
4592 6619
4680 6817
4731 6189
4752 6448
4783 4839
4783 6810
4783 7364
4783 7367
4909 7156
5041 6200
5041 7377
5065 7378
5292 5706
5305 6596
5362 5699
5362 7367
5362 7373
5378 7368
5440 7358
5440 7372
5468 7366
5589 5682
5589 7379
5599 6770
5618 6498
5681 7368
5682 6373
5699 5720
5699 6810
5699 7367
5720 7361
5720 7367
5859 6782
5939 6779
6200 6619
6280 6498
6280 6816
6440 6498
6448 6894
6467 6842
6498 6842
6498 7378
6810 7367
7092 7367
7261 7363
7348 7372
