25 7400
42 76
42 432
42 968
42 1002
42 1359
42 1732
42 5215
42 6779
43 1732
43 2650
43 5384
43 7381
43 7385
46 4763
73 6842
76 201
76 572
96 1658
103 6619
110 3049
110 7123
119 2254
138 201
138 444
138 570
138 1097
153 201
153 1097
153 5720
153 5801
158 4909
172 236
172 948
172 2149
172 2682
172 3049
172 4216
172 4419
196 7337
196 7399
201 442
201 461
201 3850
258 1148
258 6779
280 1470
280 4839
280 7156
290 7393
298 823
298 2254
311 1115
311 7156
315 1097
315 5065
348 7123
348 7252
358 7348
384 6619
455 1140
455 7386
461 1359
461 5560
461 7389
521 7357
528 7384
536 1899
536 6779
539 1097
539 2254
539 4317
547 3639
570 762
570 3984
572 1002
577 2158
577 5065
602 6180
610 5065
610 7384
636 1732
656 946
670 6619
682 3737
682 6505
729 7181
729 7252
729 7396
762 3515
837 7386
839 7123
839 7379
852 2529
852 2756
852 5801
852 6800
859 1097
859 4632
886 2428
886 7380
891 3071
891 4317
948 1581
948 4419
948 4763
1002 1732
1002 5366
1036 1804
1036 3157
1057 2254
1057 3038
1057 7252
1058 4419
1058 5933
1058 7381
1097 1359
1097 1763
1097 1877
1097 2767
1097 2868
1097 3122
1097 3745
1097 4117
1097 6779
1115 7156
1177 1413
1177 2599
1199 1732
1206 1844
1255 5801
1256 2627
1256 5801
1256 7239
1278 5682
1359 5125
1359 6779
1392 3313
1393 2422
1393 3639
1413 1626
1418 3171
1521 7377
1540 4731
1543 7383
1581 1793
1581 5890
1600 1724
1622 1745
1626 2254
1636 2599
1636 5366
1636 7387
1687 7033
1709 7394
1732 5362
1732 6189
1732 6362
1763 5682
1763 7399
1778 2156
1804 7383
1825 6596
1877 2149
1877 2529
1899 2295
1958 6945
2011 7392
2114 5215
2142 4317
2158 5065
2204 4731
2233 4069
2254 2264
2254 2583
2254 5215
2254 5592
2254 5939
2254 6375
2254 6640
2255 4419
2255 5384
2260 7385
2292 3281
2324 5125
2389 4763
2408 6498
2488 4488
2529 6800
2529 6817
2562 3405
2627 5801
2650 5215
2762 2767
2762 5215
2762 6546
2762 7326
2818 7399
2956 3049
2956 4216
2956 4317
3030 4419
3038 4117
3160 3745
3160 5641
3160 6362
3168 6448
3251 7238
3281 7252
3377 7127
3381 7392
3405 7390
3415 7386
3417 3785
3417 7377
3453 6779
3636 5125
3639 5065
3639 5720
3639 7397
3727 4798
3727 7290
3745 5641
3745 7384
3785 5468
3893 7386
3947 7395
3984 7384
4117 5720
4157 7394
4190 6640
4216 7356
4236 7384
4419 4763
4419 5869
4632 7181
4763 6429
4860 7327
4909 7156
5041 5801
5065 7391
5125 5366
5125 6779
5125 7382
5440 6708
5440 7372
5589 7379
5682 6373
5682 7337
5682 7362
5801 6800
5801 6817
5938 7383
6373 7377
6596 6945
6619 7379
6779 6945
6779 7382
6800 6817
6867 6940
6867 7337
6917 7156
7184 7398
7211 7386
7290 7388
