3 4783
4 138
8 1602
25 5236
25 6271
25 7407
29 852
29 1255
30 318
30 3405
30 6181
30 7429
36 762
42 774
42 1335
42 3573
42 4731
43 1893
43 3160
43 5384
46 2599
48 570
70 190
70 2762
72 394
75 4731
76 138
76 2762
76 2823
76 3461
76 3573
76 4731
76 4822
76 4839
76 6779
80 774
80 3636
96 1255
110 2169
110 3520
138 2158
138 3573
153 7417
172 1058
190 1255
195 4546
195 6679
195 7261
236 1002
236 2600
238 7425
249 3030
249 4783
280 6638
286 6319
286 7411
287 7416
297 3763
297 7428
304 7405
311 7156
390 2280
407 899
411 1255
411 1581
436 7427
510 4026
536 2191
539 891
539 3520
539 5366
570 5699
570 7096
577 7357
621 7422
659 2529
659 7290
669 3030
669 4783
669 6373
682 3515
729 1097
729 1893
729 2233
729 6142
729 6708
729 7415
762 2280
762 2650
762 4242
762 6653
762 6867
762 7417
774 1636
837 1177
837 1422
839 2169
839 7420
852 2529
852 7153
881 3405
891 2199
891 6779
899 4117
899 4822
948 4419
948 7416
1002 1056
1048 4323
1056 1793
1056 2199
1056 2323
1056 2694
1056 3405
1056 3573
1056 3950
1056 4419
1058 1836
1058 1893
1058 6779
1106 3195
1115 7156
1144 3420
1148 4731
1148 7414
1242 1413
1242 5267
1255 2027
1255 3030
1255 3458
1255 3573
1255 3844
1258 1383
1278 5682
1281 6779
1335 2956
1335 6596
1335 7382
1359 2762
1359 7420
1361 2762
1361 7420
1393 6189
1393 7368
1418 1915
1418 3171
1418 5066
1422 1636
1469 4090
1470 1505
1470 1636
1470 1899
1470 2191
1470 2422
1470 2762
1470 5362
1470 6189
1470 6779
1470 7402
1510 7399
1510 7413
1561 1972
1581 1793
1625 6862
1636 2191
1636 2254
1636 3461
1636 5616
1636 6779
1636 7402
1636 7405
1717 7405
1763 2233
1763 4653
1788 2650
1793 4419
1818 2694
1824 2930
1824 3122
1824 3405
1836 4802
1836 7116
1877 4783
1877 5596
1877 7283
1893 2606
1893 4670
2019 7417
2027 6629
2027 6708
2027 7127
2070 6708
2081 5938
2081 7425
2101 3458
2101 3799
2118 3405
2158 3745
2191 2529
2191 3388
2191 6143
2191 6203
2191 6817
2204 4466
2204 5236
2233 2762
2233 5065
2254 6779
2323 6779
2389 6708
2406 5966
2406 6373
2406 7426
2422 2529
2472 7425
2529 7417
2562 4546
2562 7412
2562 7418
2627 3458
2640 7116
2650 4731
2650 5215
2650 6653
2756 3515
2762 3943
2762 4839
2783 3417
2818 3076
2818 3168
2868 3573
2930 3122
3024 4783
3030 4783
3041 7416
3065 7414
3071 6498
3076 3168
3076 6679
3122 6373
3122 6653
3125 3405
3166 7410
3326 5616
3326 7368
3405 4419
3405 4546
3405 4860
3405 7409
3405 7425
3458 5720
3458 7043
3461 4117
3461 5362
3461 6596
3461 6779
3515 5217
3515 6800
3573 4860
3573 6779
3573 7211
3785 4523
3785 5468
3828 6619
3828 7382
3984 6779
4117 4822
4187 4839
4201 6844
4216 6638
4283 7365
4419 5596
4466 5236
4466 6306
4488 7090
4493 6619
4546 7412
4632 7401
4731 5468
4783 5478
4783 7364
4783 7401
4783 7425
4839 5065
5041 7307
5065 7283
5267 7116
5306 7404
5362 6779
5362 7402
5362 7415
5478 7425
5599 7399
5682 6373
5682 6505
5699 6474
6160 7399
6203 7413
6247 6382
6289 7424
6319 7411
6474 7406
6474 7408
6596 7116
6596 7413
6613 7420
6619 7403
6640 7428
6654 7412
6779 7402
6779 7412
6860 7419
6867 7018
7110 7421
7184 7398
7378 7423
7381 7402
7412 7418
