0 5065
1 7461
2 1893
26 3578
29 315
29 852
29 3049
29 4280
29 7486
29 7494
42 172
42 647
42 752
42 1106
42 1255
42 2027
42 2158
42 4117
42 4187
42 4783
42 5929
42 6945
42 7236
42 7466
42 7488
43 74
43 1255
43 2412
43 4138
43 4783
43 7448
43 7451
43 7477
43 7486
46 172
46 1002
46 2820
46 3405
46 7458
56 6738
61 2412
73 138
73 7096
73 7290
75 729
75 1268
75 2412
75 2599
75 7463
76 2868
76 4117
76 4822
76 7466
76 7467
76 7469
76 7494
76 7495
80 1255
84 6708
87 6448
87 7477
95 6713
96 1658
96 1877
110 1255
110 1581
110 5783
110 6708
110 7451
133 7382
138 1941
138 3030
138 3229
138 7475
138 7486
153 490
153 4138
153 5931
157 7377
172 348
172 7453
172 7461
184 7495
196 1940
196 7252
196 7485
196 7490
236 2317
238 7446
258 5931
280 2020
280 3171
280 6463
287 2389
291 2070
348 7453
354 2529
354 7377
370 1724
370 6448
406 6448
407 7463
412 490
417 1106
456 7018
490 1763
490 2650
490 5007
490 5263
519 6779
528 7476
539 2529
539 6448
539 6782
546 610
568 7466
568 7488
577 7433
577 7460
582 2412
610 6463
610 7460
613 4822
613 7226
618 1255
618 7433
621 904
647 752
659 2650
659 2762
660 7483
669 1779
669 2158
669 4783
669 7382
729 1255
729 2027
729 2158
729 3950
729 4138
729 5929
729 7447
729 7469
729 7494
752 2027
752 2389
762 4822
762 7448
774 1359
774 5065
774 5362
774 6779
836 6708
836 7479
837 7488
852 2216
852 2640
852 2762
852 4544
852 4731
852 6319
852 6800
852 7198
852 7462
859 2489
881 7452
881 7478
891 1540
891 7463
904 1972
904 2767
904 2821
904 3648
904 4523
904 5682
904 7478
917 1877
917 1972
917 2730
917 3030
936 3578
948 1365
948 1940
963 4731
1002 1517
1002 1908
1002 2142
1002 2804
1002 5305
1002 6779
1036 7442
1054 3865
1056 2317
1056 3405
1056 4882
1057 1540
1057 4708
1057 5929
1057 7471
1058 4731
1058 5783
1058 7477
1062 2086
1097 2434
1097 3030
1097 5783
1099 3049
1106 1359
1106 7466
1115 7472
1200 2158
1206 2158
1206 2529
1206 7467
1255 2158
1255 2954
1255 3484
1255 5929
1255 5993
1255 7236
1255 7433
1255 7451
1255 7461
1256 6782
1256 6816
1256 7462
1268 2599
1268 3377
1268 4317
1351 5065
1351 7470
1359 5929
1359 7359
1359 7454
1359 7466
1361 5065
1361 5929
1361 7486
1365 1940
1390 1540
1390 5305
1393 3171
1393 6279
1393 6994
1393 7440
1393 7495
1422 1636
1422 6779
1422 7359
1470 2355
1470 3171
1470 6279
1470 7346
1470 7486
1517 5783
1540 6448
1561 5034
1563 2184
1625 7493
1636 2355
1636 7359
1636 7454
1636 7473
1636 7482
1636 7486
1745 2529
1763 4138
1804 7469
1825 7438
1831 2583
1831 3171
1831 6782
1831 7482
1877 2317
1877 6708
1940 2868
1940 4981
1940 6738
1940 7456
1941 3229
1959 1972
1972 5931
1972 7488
1992 4187
2020 4467
2023 6448
2027 6945
2027 7450
2027 7461
2070 4106
2149 6708
2158 4117
2158 7236
2158 7447
2158 7466
2199 2389
2204 4731
2216 6319
2216 6817
2255 2317
2292 7433
2317 3405
2317 6708
2324 6708
2355 7454
2389 3041
2389 7335
2389 7474
2437 5596
2504 7438
2529 2650
2529 4138
2529 4280
2529 7467
2529 7480
2529 7486
2583 3171
2640 6817
2650 4138
2650 6883
2728 5493
2775 7486
2804 6203
2868 7487
3030 3648
3030 4280
3030 5478
3030 6810
3030 7450
3049 3405
3065 4670
3122 7484
3125 7492
3154 4187
3171 4783
3171 5305
3250 7428
3329 4523
3377 7449
3405 4015
3405 6708
3405 7458
3405 7473
3473 6448
3484 7236
3484 7458
3639 6994
3639 7482
3648 7475
3649 7440
3742 6373
3787 7433
3893 5931
3950 7250
4057 7489
4106 6779
4117 4981
4117 6448
4117 7473
4138 4839
4138 6448
4190 4280
4199 6448
4280 5041
4280 6467
4370 7466
4377 7486
4382 6448
4390 4860
4419 5596
4419 7127
4419 7449
4488 7440
4546 7449
4577 6779
4577 7245
4731 6448
4731 7462
4731 7477
4783 6463
4783 7494
4822 6448
4822 6945
4822 7382
4839 6280
4985 5783
5041 5931
5065 6883
5065 7326
5065 7382
5065 7452
5065 7470
5065 7482
5065 7485
5362 7463
5362 7493
5440 7463
5682 6505
5831 7452
5929 7481
5966 7123
6203 7486
6203 7487
6319 6800
6448 7463
6463 6779
6494 6623
6494 7489
6498 7475
6576 7486
6623 7489
6654 7252
6654 7490
6708 7236
6708 7491
6713 6816
6779 7463
6800 6817
6800 6917
6816 7462
6842 7457
6883 7468
6994 7440
7034 7359
7034 7452
7096 7457
7236 7447
7245 7379
7326 7490
7377 7466
7445 7459
7452 7455
7464 7465
