0 249
26 7290
29 76
29 852
29 1255
29 2650
36 1335
36 7290
42 76
42 1335
42 1359
42 1687
42 3984
42 5065
42 7541
43 1359
43 2412
43 7539
43 7548
46 1793
46 7551
59 7093
70 4031
70 7523
72 2468
72 3158
74 3030
75 76
75 5362
75 6189
76 762
76 1361
76 1413
76 2313
76 2650
76 2825
76 3676
76 3727
76 4731
76 5041
76 5487
76 6448
76 7539
76 7541
83 318
83 4280
95 659
95 1359
95 7511
96 2122
96 2255
96 5373
103 2650
110 948
110 7145
128 6467
130 417
130 1608
138 1243
138 2191
138 2650
141 403
153 286
153 1256
153 2627
153 3417
153 7526
153 7552
158 1243
158 7132
158 7526
196 2541
196 5682
196 7252
196 7326
204 5362
216 839
249 1255
249 3727
255 7457
259 3984
280 3249
280 7532
286 3727
287 948
348 2650
348 4419
348 5849
348 6467
348 7012
348 7127
374 7093
383 7430
390 570
390 1255
390 5373
431 7550
532 5560
546 1608
565 3649
570 3030
570 5658
571 2504
621 904
621 3137
621 3171
621 4031
647 1035
656 693
659 3636
659 6916
693 1917
729 2650
752 839
752 2771
752 3405
752 4419
762 6916
762 7538
762 7540
803 2775
803 4839
820 7524
839 1365
839 3030
839 6373
852 3313
852 6817
852 7540
881 3325
904 4031
948 2319
948 7145
960 7548
1002 1242
1002 1335
1002 1793
1002 2142
1002 3071
1002 5366
1035 1527
1054 3865
1057 7541
1060 2627
1060 5616
1106 3245
1115 7534
1243 7132
1243 7525
1255 1786
1255 1793
1255 2650
1255 3030
1255 4783
1255 4997
1255 7236
1255 7539
1256 2122
1256 3171
1256 5041
1256 5362
1256 6800
1256 7547
1278 3125
1300 6448
1335 2650
1335 3171
1335 4536
1335 6498
1335 7532
1359 2930
1359 5065
1359 5849
1359 7511
1390 1540
1393 7543
1395 6180
1413 1687
1422 1793
1422 2504
1422 5362
1422 5366
1469 6738
1470 3171
1470 7543
1527 7145
1540 7541
1545 7520
1625 5362
1687 1793
1687 2956
1687 7541
1704 7093
1763 3649
1763 3984
1763 5487
1763 5940
1763 7534
1763 7545
1763 7552
1793 2783
1793 2956
1793 4731
1793 5065
1793 6779
1793 7551
1804 7523
1818 5305
1825 2934
1836 7116
1877 2412
1877 7012
1877 7551
1908 5366
1973 2650
1973 2762
1973 3065
1973 4297
1973 5065
1992 3649
1992 4187
2057 4702
2158 2412
2184 4783
2191 3026
2191 3078
2191 3458
2255 2603
2255 2650
2255 3024
2255 4031
2255 7523
2313 7401
2317 6753
2319 2389
2319 2762
2412 3975
2511 7537
2529 7440
2529 7529
2529 7535
2562 7551
2583 3325
2598 4702
2598 7549
2627 7093
2650 2902
2650 3171
2650 3649
2650 3727
2650 4702
2650 4860
2650 5294
2650 5415
2650 7289
2650 7290
2650 7511
2650 7539
2650 7541
2762 6916
2762 7326
2762 7511
2762 7541
2767 7326
2767 7505
2767 7534
2775 4839
2818 5613
2818 7093
2821 6916
2888 7530
3030 4031
3030 7539
3065 7541
3122 6373
3137 3171
3158 7289
3158 7548
3160 7326
3171 5720
3171 6800
3239 7518
3283 6448
3313 6319
3313 6817
3325 4116
3325 4708
3325 6596
3325 7526
3405 7529
3458 5720
3649 7536
3649 7542
3703 7531
3727 7293
3745 7542
3745 7543
3799 7541
3843 6916
3984 7132
4031 7552
4090 7521
4117 7552
4187 7521
4190 4702
4280 5065
4366 5308
4419 7127
4456 7252
4546 7012
4702 6867
4731 6448
4839 7541
4924 7545
5009 7290
5041 5487
5041 7526
5065 6916
5065 7529
5362 5649
5362 6189
5362 7541
5366 6770
5366 7401
5468 7523
5487 5831
5487 7522
5487 7534
5493 7541
5560 6619
5682 6373
5831 7545
6010 6467
6245 7471
6421 7526
6448 7541
6576 7544
6596 6936
6596 7529
6618 7093
6625 6893
6640 7545
6800 7547
6867 7533
6916 7326
6994 7440
7119 7359
7236 7530
7290 7553
7326 7541
7359 7538
7401 7516
7440 7535
7457 7553
7527 7528
7528 7546
7542 7543
