0 7363
4 407
7 5493
7 6966
29 74
29 3158
29 4031
29 5215
29 5509
29 5652
29 7236
29 7289
29 7548
29 7618
30 59
30 90
37 42
37 2111
37 7621
41 1395
42 2149
43 74
43 5493
43 7419
43 7548
43 7627
46 72
59 5493
72 110
72 928
72 3515
72 7611
73 762
74 4783
74 6499
75 287
75 461
75 2674
75 3281
75 7236
75 7474
76 407
76 1604
76 3458
76 7617
76 7621
76 7634
76 7639
80 938
80 7630
88 267
95 1057
95 2762
95 4585
108 6549
110 134
110 1268
110 3405
110 7629
134 577
134 836
134 1242
134 2603
138 4760
138 7620
153 1321
153 1359
153 1604
153 2135
153 2818
153 4585
153 6203
153 7153
153 7628
157 2603
157 6467
158 552
158 4760
158 6448
196 610
196 7632
198 1268
240 2603
258 3250
258 7471
259 6189
259 7640
298 2627
298 5720
348 1793
348 5065
348 7383
348 7621
349 2868
370 7631
374 7632
383 2089
407 461
407 1393
407 1413
407 1625
407 2885
407 3281
407 4117
407 5065
407 6619
410 5720
451 636
455 679
460 6867
460 7508
461 1242
461 1359
461 1413
461 5440
461 5993
528 7637
539 1527
563 5065
568 7548
577 5065
589 2954
592 7615
602 6180
602 6640
610 1057
610 1816
610 2256
610 5306
610 6867
613 1973
613 7625
618 3355
621 2762
621 3030
621 6867
621 7057
621 7621
636 7628
659 2111
659 3171
659 5065
659 5616
659 7591
691 762
708 1359
708 4117
708 5041
708 5065
708 5158
729 6867
762 7627
839 1002
839 3158
839 5487
852 2529
852 3313
852 3891
852 6616
852 6800
852 7599
852 7616
881 7632
891 5440
891 7621
897 7621
920 7471
928 5493
936 5699
948 7474
1012 7057
1057 2277
1057 2465
1057 2762
1057 7359
1057 7419
1057 7637
1058 3355
1058 4585
1106 6017
1115 7628
1122 2631
1232 3217
1242 1908
1242 6189
1242 7619
1256 1365
1256 1604
1256 2488
1256 2627
1256 3458
1256 7624
1268 2023
1268 2603
1268 5599
1268 7097
1321 4839
1359 2339
1359 2762
1359 4585
1359 7419
1359 7627
1361 7625
1361 7627
1365 1470
1365 2762
1390 1604
1390 7621
1393 1470
1393 2804
1393 3171
1413 5440
1413 6189
1413 7621
1418 7138
1469 2223
1469 6782
1470 1973
1470 2804
1470 5493
1470 6203
1470 7003
1470 7625
1470 7632
1474 7615
1527 1793
1527 1971
1527 3484
1527 7622
1527 7623
1572 7383
1581 2027
1600 7245
1604 2488
1604 2627
1604 3458
1604 4236
1604 6800
1625 3065
1625 6189
1636 7003
1636 7585
1636 7627
1644 6203
1644 7612
1687 6189
1745 7634
1816 2256
1819 2255
1825 2292
1908 2163
1908 7619
1971 6189
1972 7635
1973 2006
1973 2627
1992 5265
1992 6264
2081 2762
2081 6916
2089 3945
2102 3405
2111 5065
2111 6867
2111 7621
2135 3501
2135 4632
2187 7633
2192 2319
2256 3545
2272 7589
2277 4783
2313 2804
2339 4187
2389 6708
2396 5366
2396 6189
2488 2529
2488 2627
2488 3458
2488 7624
2529 2627
2529 3313
2529 5362
2529 7057
2603 6160
2603 6467
2627 6800
2627 7624
2631 5616
2631 7591
2730 7548
2756 5441
2756 7613
2767 7327
2804 3158
2818 5362
2818 5864
2818 6498
2868 5493
2934 4187
2934 7617
3023 3515
3023 3705
3024 7621
3033 5265
3065 6189
3093 4605
3122 4054
3154 4187
3158 4731
3171 4536
3171 4887
3171 5009
3262 5720
3262 7606
3281 5065
3313 6800
3388 7632
3405 4783
3405 6708
3405 7621
3417 4731
3417 4760
3417 6448
3458 7547
3501 4585
3515 3705
3546 6180
3984 7471
4031 4783
4031 7621
4117 5065
4117 5493
4117 6189
4138 4731
4187 7617
4283 7625
4297 5009
4317 7619
4366 5493
4536 5009
4585 5366
4585 6013
4731 6448
4760 6448
4783 5493
4783 7621
4949 7620
5065 5993
5065 7621
5265 7617
5265 7628
5366 7626
5366 7638
5440 6189
5560 6619
5616 7591
5652 7548
5652 7618
5720 6800
5720 7057
5720 7606
6171 7629
6779 7621
6779 7632
6800 7606
6867 7621
7093 7289
7236 7621
7289 7548
7290 7616
7326 7632
7383 7639
7471 7636
7525 7633
7608 7614
7641 7642
