0 206
0 729
0 895
7 157
7 1540
7 5215
7 7695
12 110
12 2255
12 7539
19 2767
29 43
29 76
29 190
29 2728
29 7690
30 1877
30 7236
30 7665
42 76
42 1242
42 3330
42 7701
43 5783
43 7673
73 3515
73 3891
75 7674
76 1298
76 2603
76 2627
76 4554
76 5652
76 5970
76 6448
76 7688
84 2214
88 2919
94 592
95 5215
108 7668
110 134
110 729
110 1242
110 2111
110 2389
110 3405
110 7681
134 1604
134 2111
134 2255
138 7695
153 3154
153 3707
153 3891
153 4187
153 4488
153 7673
153 7685
157 1058
158 3856
172 839
196 201
196 1763
196 3241
196 7695
201 647
201 2062
201 2603
206 2389
206 3900
218 7674
236 5783
259 7699
280 2158
280 2767
280 3023
280 5720
280 7685
280 7686
304 4488
335 2767
349 7680
370 2158
370 2919
370 5065
370 6625
383 5366
390 461
440 7382
455 7695
460 1747
460 2256
461 948
461 3250
461 5720
539 2603
539 7329
556 920
556 1422
556 3158
556 4839
556 7574
556 7695
573 2158
573 2453
613 2762
613 7675
621 5305
621 5970
621 7670
621 7684
636 3330
691 7607
729 839
729 2158
729 3405
729 4731
729 5652
729 6448
729 7701
762 1877
762 3049
762 6625
762 7525
762 7692
803 3417
836 2389
837 4187
837 7675
839 1527
839 2158
839 2255
852 4187
852 4585
891 1540
891 6448
895 1106
895 2319
895 3330
895 4164
895 6448
895 7653
895 7665
895 7699
904 4117
920 4839
920 7471
920 7574
948 2319
948 7665
948 7672
948 7681
1002 4497
1036 7600
1056 6629
1056 7695
1057 1470
1057 1604
1057 1636
1057 2841
1057 3171
1057 4488
1057 7034
1097 6448
1099 7665
1106 3030
1106 3330
1106 7335
1106 7676
1106 7693
1128 2767
1164 2062
1198 2762
1206 2529
1206 5970
1207 4166
1242 1540
1242 1563
1251 2529
1256 3707
1300 3241
1312 2762
1312 7670
1321 2254
1321 7673
1359 1470
1359 1604
1359 2762
1359 3254
1359 7695
1365 2728
1365 2820
1365 3158
1365 7673
1365 7688
1390 2728
1393 1470
1393 2728
1393 2762
1393 3707
1393 7695
1413 3420
1419 7679
1469 6782
1470 1636
1470 3158
1470 4497
1470 5616
1470 7034
1470 7693
1540 1879
1563 3122
1604 1636
1604 2627
1604 5065
1604 6800
1604 7604
1604 7698
1636 2762
1636 7693
1636 7694
1636 7696
1742 7666
1747 7702
1763 2841
1763 7692
1793 2319
1793 7665
1825 4562
1825 7122
1877 7564
1877 7665
1908 7659
1917 5783
1917 7548
1956 2158
1956 6625
1958 2841
1958 5215
1958 5714
1959 7691
1985 3843
1985 4050
1985 5306
1985 7690
2023 6448
2111 5305
2142 6596
2148 3262
2158 3405
2158 4059
2158 6624
2248 2499
2272 7589
2313 7674
2319 5012
2319 7335
2389 6629
2389 7611
2396 4171
2396 6596
2406 3950
2406 5366
2406 6708
2460 7633
2529 3078
2529 3313
2543 2762
2543 6203
2603 6448
2627 3254
2627 4117
2627 5560
2627 6800
2627 7599
2627 7671
2627 7695
2670 6122
2728 3515
2728 5720
2728 6782
2730 7548
2756 3707
2756 6800
2762 3649
2762 6203
2762 7034
2762 7643
2767 5362
2767 7669
2796 3707
2818 7670
2820 7673
2841 5265
2845 3515
2845 7685
2868 3707
2868 4187
2868 6779
2919 6625
2919 7673
2934 7617
3030 3330
3030 5783
3065 4191
3071 7697
3077 7329
3100 5566
3123 4031
3125 6625
3128 7688
3158 7673
3166 7683
3325 6782
3325 6847
3330 5440
3330 6448
3377 6708
3405 4164
3405 7611
3405 7665
3405 7699
3453 3856
3458 4497
3458 5366
3458 5720
3458 7575
3495 3707
3515 7657
3574 7675
3639 7701
3707 6782
3707 6800
3745 7329
3785 7618
3843 4050
3856 4050
3856 4731
4031 7666
4031 7683
4038 7653
4117 4488
4117 7691
4117 7695
4138 7596
4164 6498
4171 6596
4187 4191
4187 5265
4191 5065
4488 5720
4497 6810
4554 4866
4839 7667
4839 7669
4882 7699
4947 7676
5009 6596
5065 5305
5065 6619
5065 7673
5066 6373
5265 7617
5305 6595
5305 7236
5362 7685
5362 7687
5366 5720
5699 6448
5706 7671
5720 7290
5720 7329
5720 7599
5720 7616
5720 7687
5720 7688
5783 6498
6203 7329
6203 7574
6203 7702
6373 6867
6373 7337
6373 7692
6448 7290
6546 7684
6619 7382
6625 7236
6625 7679
6625 7689
6708 7611
6750 7691
6782 6847
6782 7667
6810 7695
7284 7680
7289 7695
7290 7616
7379 7678
7544 7700
7548 7678
7585 7682
7673 7677
7685 7686
7685 7687
