0 96
0 539
0 3484
0 4038
0 6629
4 6782
26 6448
29 7712
30 110
30 7236
41 258
41 6448
42 6596
43 96
43 110
43 2255
43 7713
75 5649
76 1057
76 5065
76 7665
76 7723
80 7703
84 2823
88 7720
94 7716
95 7724
96 110
96 1255
96 1732
96 6549
108 7668
110 134
110 1877
110 5036
110 7711
134 1517
134 2111
138 1732
138 3281
140 5948
153 1422
153 2288
153 3405
158 3856
158 7548
158 7716
172 7067
174 7708
184 7708
196 2288
201 3856
201 5970
240 4771
258 7714
280 2868
286 4909
287 948
370 7621
383 5720
397 7709
461 729
461 1413
461 5305
461 7067
528 1413
528 1540
528 7701
539 2720
556 1422
563 6945
573 1517
573 7708
573 7716
618 7290
621 6945
621 7693
621 7712
621 7716
659 7708
659 7726
679 2818
679 5065
708 6867
729 1877
729 7717
762 1732
762 7525
762 7704
762 7711
762 7714
837 3613
837 5036
837 6203
837 7719
875 4771
881 1422
895 1255
948 7715
948 7716
948 7717
948 7726
1002 7713
1012 7716
1056 3969
1057 1375
1057 1393
1057 1470
1057 2158
1057 2396
1057 2619
1057 2682
1057 2762
1057 5065
1057 6596
1057 7662
1057 7693
1057 7714
1106 1255
1106 1793
1106 4164
1106 7335
1106 7676
1115 7718
1140 1831
1140 3969
1140 7709
1242 1413
1255 2062
1255 2682
1255 7290
1255 7665
1255 7710
1255 7717
1256 2529
1256 3023
1256 4886
1256 6816
1268 2694
1359 7692
1361 7703
1361 7714
1365 4467
1375 2045
1375 4171
1375 5009
1375 6596
1391 7705
1393 1470
1393 1636
1393 5616
1393 7034
1393 7712
1393 7716
1413 7067
1422 1470
1422 3458
1470 3723
1470 4497
1470 4957
1470 5616
1517 5305
1540 5305
1604 7698
1625 5362
1636 7704
1732 7716
1793 2840
1831 7348
1831 7709
1877 6549
1917 6692
1958 5649
1972 3122
1972 7621
1972 7714
1985 7690
2024 7716
2081 7708
2158 3329
2158 3405
2158 4771
2158 7621
2248 2499
2256 2288
2256 5682
2288 3931
2389 5596
2396 5009
2529 2868
2529 3023
2529 5951
2529 6782
2529 6800
2583 5036
2583 5065
2583 7621
2619 4171
2627 6800
2631 7591
2670 6122
2682 7516
2739 6596
2756 7722
2818 3065
2820 7621
2825 4297
2868 4187
2868 7703
2868 7716
3001 3707
3001 5720
3158 7716
3171 7716
3184 7067
3281 4538
3281 7714
3377 7711
3405 6708
3405 7708
3405 7716
3458 3707
3484 6708
3501 5649
3613 3990
3613 4191
3613 6203
3613 7704
3613 7707
3705 6223
3707 5720
3707 6782
3969 5305
4171 5009
4171 5367
4171 6596
4280 6945
4297 7716
4414 7706
4536 7290
4577 7621
4882 7699
4947 7676
4957 5065
4957 5366
5009 5890
5009 6596
5041 7665
5065 5849
5065 6108
5065 7289
5065 7693
5065 7721
5119 7670
5330 5720
5362 7724
5373 6108
5440 7710
5441 6223
5682 7621
5720 7616
5720 7712
5857 7693
5933 6108
5950 6448
5966 7711
6108 7725
6203 7329
6203 7702
6203 7704
6203 7706
6223 7540
6618 7593
6779 7712
6782 6800
6867 7621
7348 7723
7443 7664
7600 7621
