7 5215
42 821
42 948
42 1106
42 2389
42 3484
42 5828
42 6640
42 6931
42 7090
42 7820
42 7822
43 1822
43 7806
46 5176
46 5599
46 7823
56 7824
59 95
59 613
59 886
59 3947
59 4366
59 7824
70 2650
72 1268
75 539
75 801
75 3065
76 1255
76 5100
77 613
77 1636
77 7396
88 5891
88 6917
89 6436
94 5215
95 4110
95 7757
95 7838
97 3166
100 172
109 1844
138 5891
151 2839
157 2650
158 6931
158 6936
158 7534
158 7812
158 7833
162 5305
172 4882
172 5176
172 5828
172 7665
172 7823
172 7829
196 5065
196 7809
196 7815
226 1365
247 348
249 1057
249 7335
258 1604
318 7830
348 762
348 7806
374 1818
374 7625
391 539
391 5362
404 7837
433 3166
455 2377
455 5720
532 7334
539 762
539 2142
539 2600
563 577
563 2111
563 2821
563 3355
563 3882
565 7833
577 1359
577 2840
577 3355
610 7815
613 7625
613 7816
621 2821
621 6619
621 7803
621 7830
729 1057
729 1636
762 1256
762 1604
762 2255
762 3861
762 7090
762 7539
762 7820
836 4031
837 3010
837 4138
837 4187
852 1845
852 3313
852 3368
886 1636
886 2617
886 4092
886 5265
886 7827
895 2158
895 7823
948 2389
948 7822
1002 7701
1002 7810
1005 3010
1036 7806
1036 7807
1039 1177
1039 1256
1039 4488
1039 6782
1051 1361
1057 1636
1057 4589
1057 4641
1057 6436
1057 7734
1057 7832
1083 6498
1106 6596
1115 7534
1177 1256
1177 1393
1177 2529
1177 5720
1177 7186
1211 7648
1242 4171
1255 1540
1255 1908
1255 2650
1255 5865
1255 6779
1255 7822
1256 4488
1256 7090
1258 7826
1321 7836
1351 1776
1359 2840
1359 3065
1359 7090
1361 7811
1365 4332
1539 4641
1540 6436
1540 7828
1604 2627
1604 7326
1625 7463
1625 7820
1636 3854
1658 4882
1658 7665
1804 7665
1836 5599
1877 2389
1877 4882
1877 6931
1908 7701
1917 2169
1958 7835
1971 7665
1977 7665
2024 3368
2070 7808
2111 3355
2156 4488
2156 6779
2255 5305
2287 4187
2287 4924
2287 6505
2377 2529
2377 5720
2377 7817
2389 5828
2389 7665
2396 3065
2396 7820
2455 7701
2472 2562
2472 7648
2488 4488
2504 3727
2529 3613
2529 5036
2529 5041
2529 7090
2600 5362
2627 3515
2627 7625
2674 4171
2692 7690
2693 7588
2756 3313
2756 7090
2818 7757
2821 7830
2864 7819
2888 7665
2947 7775
3010 3613
3010 4187
3030 4280
3065 6448
3065 7463
3166 3505
3166 3648
3166 4783
3166 5468
3171 3355
3184 7701
3262 3346
3405 6708
3501 6779
3501 7463
3515 7831
3613 5325
3613 6867
3648 4641
3648 5305
3854 5560
3865 5036
3882 6289
3891 7760
3984 7326
3988 6619
4064 5720
4117 7463
4117 7701
4170 7785
4187 7824
4488 5720
4536 7813
4604 5267
4604 7822
4615 7826
4691 4765
4731 7805
4860 7834
4882 6434
4882 7823
5065 6436
5065 7809
5065 7814
5065 7830
5119 7816
5176 5599
5305 7290
5305 7539
5305 7782
5306 7805
5599 7810
5699 5891
5720 7690
5935 6779
6203 7690
6373 7074
6596 7813
6779 7463
6779 7811
6867 7829
6917 7443
6947 7090
7032 7818
7119 7742
7186 7831
7290 7398
7326 7812
7326 7815
7330 7813
7335 7831
7463 7825
7539 7665
7539 7810
7617 7821
