0 64
0 70
0 1041
2 14
2 19
2 30
2 77
2 184
2 577
2 1016
2 1041
4 153
4 276
4 659
4 1066
7 42
7 189
7 218
7 572
7 789
7 1067
7 1069
13 235
13 275
13 354
14 26
14 39
14 64
14 76
14 80
14 90
14 96
14 196
14 233
14 330
14 345
14 370
14 374
14 455
14 461
14 588
14 610
14 703
14 708
14 771
14 998
14 1041
14 1064
14 1076
19 123
19 201
19 866
19 878
19 1041
19 1055
25 235
25 1058
26 42
26 48
26 76
26 134
26 189
26 196
26 235
26 336
26 410
26 539
26 570
26 662
26 824
26 878
26 995
29 30
29 196
29 370
29 486
29 724
29 1055
29 1069
30 43
30 76
30 96
30 196
30 206
30 235
30 289
30 370
30 453
30 486
30 786
30 878
30 967
30 1034
30 1075
37 184
37 746
37 1039
42 121
42 151
42 461
42 572
42 610
42 686
42 708
42 912
42 946
42 1069
42 1074
42 1076
43 109
43 189
43 729
43 1028
43 1077
47 126
47 384
47 852
48 73
48 97
48 240
48 270
48 318
48 336
48 370
48 403
48 570
48 771
48 928
48 1002
51 158
51 852
60 76
60 1050
64 76
64 151
64 189
64 235
64 330
64 461
64 570
64 662
64 831
64 895
64 1070
65 140
65 946
68 70
68 570
68 878
70 97
73 96
73 121
73 157
73 434
75 206
75 1054
76 80
76 88
76 96
76 109
76 134
76 153
76 169
76 189
76 196
76 199
76 216
76 235
76 330
76 367
76 370
76 374
76 387
76 410
76 461
76 477
76 506
76 507
76 543
76 570
76 659
76 686
76 789
76 803
76 836
76 852
76 928
76 956
76 970
76 977
76 1054
76 1069
76 1076
77 90
77 126
77 339
77 824
79 995
80 90
80 121
80 196
80 507
80 635
80 1065
80 1076
83 1063
88 189
90 121
90 122
90 432
90 455
90 461
90 570
90 577
90 610
90 659
90 834
90 928
90 1068
90 1072
94 1064
96 97
96 121
96 174
96 196
96 370
96 771
96 878
96 917
96 1027
97 290
109 459
109 1054
113 206
115 158
121 157
121 189
121 577
121 771
121 789
121 1041
121 1068
121 1076
123 289
123 904
123 1054
132 572
134 703
134 836
134 1035
134 1037
135 686
135 1050
135 1052
146 570
146 1064
146 1067
146 1069
151 461
151 852
153 307
153 556
153 570
153 970
154 196
158 565
158 1054
169 184
169 201
174 233
174 507
174 570
174 960
184 218
184 519
184 538
184 659
184 1039
184 1041
184 1067
186 354
186 1040
189 506
189 570
189 618
189 691
189 729
189 789
189 852
189 878
189 970
189 1058
195 1035
196 233
196 307
196 315
196 370
196 570
196 970
196 1033
199 233
199 570
199 960
201 686
206 453
206 570
206 859
206 1053
206 1056
218 570
218 1041
235 543
235 570
235 635
235 977
235 1062
238 610
270 486
280 330
280 1059
283 546
289 370
289 486
289 507
289 659
289 934
289 959
289 1077
290 678
292 570
292 1057
295 789
307 354
307 1061
315 970
315 1013
315 1020
315 1028
318 970
330 461
330 852
330 1015
335 1015
336 805
336 824
336 891
336 1013
338 946
348 948
348 1058
354 486
370 410
370 459
370 519
370 570
370 789
370 1033
370 1056
374 703
374 1060
377 1013
384 852
408 995
410 959
414 708
417 1042
418 771
434 960
434 1041
442 519
442 1041
451 507
451 1020
453 1053
455 686
455 760
459 852
461 570
461 852
461 878
461 895
461 934
461 1059
486 550
486 635
486 694
486 729
486 897
486 993
486 1024
506 1069
507 570
507 875
507 946
507 970
519 728
519 1041
543 895
546 1057
546 1060
554 570
554 810
556 588
556 852
565 995
570 686
570 878
570 903
570 995
570 1040
570 1053
570 1058
570 1067
570 1069
570 1070
570 1071
572 944
577 1041
593 946
593 1069
599 1068
610 659
610 694
610 794
610 1064
618 686
618 712
618 970
635 686
659 686
659 728
659 878
662 789
662 1013
662 1056
686 991
691 878
703 1038
712 970
712 1047
729 1024
760 1059
771 928
771 1035
771 1046
773 970
789 912
789 1028
789 1053
789 1056
789 1069
821 946
824 970
852 934
852 1059
852 1070
859 1002
878 1071
891 934
895 912
895 977
895 1033
895 1046
899 1067
903 963
903 1051
904 1054
912 948
917 1055
928 1023
928 1035
928 1046
934 1044
946 1032
946 1048
946 1049
963 1051
970 1063
998 1057
1009 1069
1013 1045
1020 1036
1037 1043
1051 1054
1057 1060
1057 1076
1073 1074
