0 1877
2 6842
14 4187
19 1787
19 5720
19 7289
29 7911
30 2694
30 6744
43 5569
46 948
48 240
48 6842
59 1393
59 2529
59 2767
59 3882
59 7794
76 641
76 5215
76 6885
83 138
83 4910
95 1636
95 2762
95 5329
95 7903
96 3505
138 2650
138 3229
138 6842
153 1393
153 1554
153 3501
153 4187
153 7839
158 3727
158 7903
172 1035
172 1123
172 1877
172 4384
184 4187
186 7890
196 374
196 1813
196 4059
196 7888
201 2529
201 6842
240 953
240 5720
240 7634
240 7890
280 3281
307 837
307 4187
307 7896
370 5065
374 610
383 7734
390 6498
433 4448
455 7026
532 3787
556 7901
563 839
568 5501
599 6230
610 1813
610 2762
610 7902
621 7892
641 659
641 1256
641 1365
641 3078
641 4783
659 729
659 1057
659 4092
659 4187
659 5569
659 6618
682 1005
682 2762
682 6810
712 4456
727 852
727 2529
727 2767
729 6498
729 7912
729 7915
729 7918
762 3973
762 4187
762 6498
839 7903
852 1256
852 1365
852 2529
852 3313
852 3515
852 3891
852 4187
852 5329
852 7794
852 7916
891 1636
904 1365
917 7902
936 1636
948 7715
949 7454
1005 1060
1012 4117
1035 1877
1035 6253
1036 3012
1036 3745
1036 7907
1057 1393
1057 1636
1057 4092
1057 4187
1057 6779
1057 7734
1057 7895
1106 5065
1123 1527
1123 1877
1123 2962
1123 3969
1144 4187
1145 4523
1177 5270
1199 7708
1206 2627
1211 2669
1256 7742
1300 6319
1359 6584
1359 7904
1361 7690
1361 7901
1393 4117
1393 5065
1393 7890
1393 7901
1419 6618
1419 7896
1419 7899
1419 7900
1510 7890
1539 6842
1554 4187
1622 4536
1636 6779
1636 7904
1658 7903
1747 2762
1778 2598
1778 6782
1778 7839
1778 7893
1785 4731
1787 3229
1787 5720
1787 6779
1787 7801
1793 2694
1793 4031
1793 4384
1793 6549
1793 7874
1793 7897
1793 7905
1813 5700
1813 7326
1877 3405
1877 7918
1880 7902
1917 5501
1917 7662
1959 3281
1971 7855
1971 7889
1990 7894
2019 3501
2124 4092
2124 5065
2124 6347
2124 7901
2158 7912
2177 3515
2297 6842
2389 6615
2389 7889
2396 4117
2472 6267
2529 7722
2529 7891
2581 2627
2598 2762
2606 6203
2617 7901
2619 7398
2619 7912
2627 2762
2627 6015
2627 7903
2650 7907
2669 7905
2692 4187
2692 6584
2694 4384
2694 7862
2694 7905
2756 3891
2762 5065
2762 5996
2762 7326
2767 6549
2767 7839
2818 7791
2868 5065
2868 6373
2868 6779
2868 7901
2902 6945
2961 7912
2962 4187
2962 6467
2970 6549
3010 6403
3030 7895
3076 7901
3158 7901
3166 4671
3171 4536
3239 7359
3281 3984
3313 7893
3325 7898
3388 4187
3453 7801
3543 4138
3649 7708
3745 5065
3745 7742
3745 7840
3745 7890
3764 7742
3843 7887
3882 7860
3882 7904
3891 4187
3947 7904
3973 5065
3973 7891
3984 4187
3989 7910
4031 4783
4092 6347
4117 5560
4117 7907
4187 5021
4187 5352
4187 5720
4187 6122
4187 6403
4187 6505
4187 6584
4187 6615
4187 7890
4280 7839
4309 4702
4384 7855
4448 6498
4536 7886
4731 5041
4749 5616
4749 6779
4783 6431
4783 6549
4783 6842
4783 7895
4938 7824
5009 6596
5021 5501
5065 5119
5065 5329
5065 7611
5065 7891
5065 7901
5065 7905
5065 7907
5065 7910
5065 7911
5100 5698
5100 5816
5329 6505
5427 7794
5569 6448
5698 5816
5935 7895
5938 7906
5996 6782
5996 7887
6203 7882
6203 7901
6230 7913
6498 7912
6596 7398
6596 7912
6640 7642
6640 7917
6692 7912
6779 7791
6867 7906
6945 7915
7155 7862
7398 7912
7690 7869
7824 7854
7855 7909
7869 7908
7887 7914
