7 48
7 1002
16 3458
19 48
19 97
19 4031
19 5652
19 6498
26 7991
30 460
30 762
42 1365
42 2437
42 3405
42 5065
42 5569
42 6779
42 7714
43 73
43 839
43 1085
43 2406
43 3265
43 6319
43 7923
43 7998
46 1793
46 2482
46 6498
46 7874
48 318
48 351
48 1818
70 544
76 3281
83 3505
88 138
88 7991
95 2762
95 5065
97 6010
100 172
100 2412
100 3405
100 7539
100 7947
108 157
108 240
108 904
114 2472
114 5468
126 2603
134 138
134 258
134 577
134 659
134 682
134 729
134 839
134 1002
134 1006
134 1268
134 1393
134 1413
134 1959
134 2437
134 2603
134 2650
134 2962
134 3515
134 4092
134 6498
134 7659
134 7924
134 8011
135 1268
138 3405
153 1636
153 7213
153 8016
156 2107
157 5935
158 2762
158 2962
158 3515
172 826
172 3049
172 8026
196 315
196 762
196 3967
196 5682
222 3171
226 7974
239 621
240 5935
280 2762
280 3613
287 8021
302 852
315 610
315 7903
315 8020
318 573
318 621
318 3024
318 4523
318 7903
370 2767
391 1268
407 1540
407 2527
407 4216
407 7924
449 1057
449 1369
449 1393
449 1531
449 2482
449 3239
451 4873
460 570
460 762
460 3166
460 5468
460 5658
460 8024
461 6017
528 8006
528 8023
539 2412
539 2603
539 3515
539 3975
539 4216
539 5236
563 736
563 5065
572 8016
573 1369
573 4632
577 2111
577 2954
577 3012
577 5065
577 5938
577 6295
577 6945
599 1002
602 3882
618 5065
621 1636
621 4873
621 7903
634 1321
659 1268
659 1636
659 2962
659 5065
659 5720
659 6498
659 7991
659 8008
682 729
682 837
682 891
703 968
729 1268
729 7662
760 3785
762 1268
762 3951
762 7364
762 7749
762 7923
762 8013
836 3505
836 5305
837 7924
839 7924
839 7947
852 6117
881 5065
895 2295
895 4632
895 6171
897 1106
897 1359
904 5935
1002 1922
1002 2156
1002 2412
1002 2962
1002 3313
1002 3816
1002 7659
1006 8021
1007 2762
1007 5442
1057 2158
1057 2313
1057 2762
1057 5133
1057 5305
1057 6087
1057 7947
1057 8004
1058 6498
1058 8011
1085 3951
1106 1321
1106 1365
1106 1636
1106 3381
1106 3728
1106 5720
1106 6947
1106 7924
1106 8019
1115 1531
1115 3984
1115 6280
1144 7924
1232 7874
1232 7903
1255 3281
1256 2158
1256 2868
1256 5036
1256 7794
1268 1369
1268 1959
1268 2412
1268 2482
1268 2603
1268 3166
1268 4382
1268 7665
1312 2868
1321 2254
1321 3313
1321 4382
1321 6498
1321 7924
1359 5036
1359 7996
1361 1636
1361 3728
1361 4092
1361 5362
1361 5569
1361 6319
1365 1917
1365 2158
1365 2674
1365 2970
1365 5362
1365 7236
1369 2406
1369 2603
1369 2720
1369 5440
1369 7236
1392 7999
1393 6498
1395 1525
1413 5036
1413 5368
1413 5682
1470 1531
1531 1636
1531 1922
1531 5065
1531 6885
1531 8017
1540 2254
1604 6640
1636 2158
1636 2472
1636 2603
1636 2756
1636 3515
1636 4117
1636 5036
1636 5362
1636 5720
1636 6873
1636 7998
1636 8004
1636 8015
1658 5682
1774 5009
1793 1877
1793 4634
1793 7874
1877 2412
1877 2437
1877 3951
1877 7749
1877 8025
1893 7947
2023 2412
2024 8003
2081 5331
2107 4523
2111 3505
2158 3078
2158 4632
2158 5362
2254 7769
2254 7924
2256 8027
2280 3405
2280 4632
2280 7090
2313 5625
2324 8002
2355 5720
2389 3049
2389 3169
2389 4419
2389 8012
2406 4839
2412 3951
2412 4882
2437 2482
2437 4031
2437 5933
2437 7659
2437 7845
2472 3049
2472 3969
2472 4117
2472 7924
2472 7947
2472 8007
2482 3505
2482 7659
2488 5720
2527 3226
2527 7924
2529 2868
2529 3856
2529 4634
2598 3381
2603 2720
2640 7714
2650 7924
2674 6087
2694 7924
2756 3578
2762 3745
2762 5065
2762 5442
2762 7533
2762 7924
2825 3745
2825 7924
2868 3856
2868 3947
2868 5518
2868 7703
2954 3171
2954 8018
2962 4605
2970 4632
3012 5938
3093 4783
3171 5690
3177 7787
3195 6842
3233 7998
3265 7984
3281 4771
3307 8009
3313 3578
3313 3856
3313 5720
3313 5857
3322 7991
3377 8007
3381 7991
3405 4964
3405 7035
3405 7127
3405 7924
3405 7989
3453 4765
3458 5720
3458 8005
3458 8009
3515 3745
3573 7665
3578 5006
3631 7991
3728 7924
3745 7924
3753 4860
3753 7991
3856 7090
3882 6280
3967 3984
3967 7991
3969 5305
3969 7035
4031 4523
4031 4783
4092 5065
4092 5569
4092 7329
4092 8000
4092 8006
4092 8017
4117 7924
4117 8008
4171 7184
4226 7923
4379 6280
4382 6498
4419 8012
4421 7359
4523 6062
4523 7903
4536 7923
4562 6373
4632 5362
4632 7924
4632 7972
4731 5487
4765 8022
4783 7364
4783 8004
4860 7991
4885 7991
4924 5265
4924 8010
4924 8016
4964 5596
5006 6203
5006 8008
5036 5487
5065 5849
5065 6087
5065 6295
5065 7290
5065 7903
5065 7923
5065 8018
5119 7816
5236 7979
5305 6779
5305 7845
5362 5720
5362 6779
5362 7924
5427 7714
5560 6498
5597 7357
5615 8006
5615 8018
5652 8013
5682 7924
5720 6498
5720 7714
5720 8005
5720 8006
5720 8017
5720 8023
5933 7976
6045 6596
6062 6498
6087 6779
6280 6498
6284 8012
6319 7924
6498 7364
6498 7548
6498 7924
6498 7999
6498 8009
6576 8008
6619 7662
6619 8018
6640 8010
6779 7845
6779 8017
6867 7874
6947 7924
7090 7924
7290 8018
7396 8005
7533 7924
7533 7991
7822 7924
7822 8025
7911 8014
7924 8015
