4 447
7 134
7 6498
19 3648
19 8049
29 76
29 1877
29 3195
29 6867
29 7926
29 7960
41 1256
41 1525
42 84
42 132
42 172
42 449
42 3405
42 4488
42 4882
42 7127
43 1348
43 6162
43 8041
43 8050
46 895
46 3969
75 4216
76 2107
76 3195
76 8051
79 97
79 4860
80 1198
82 4855
88 570
88 5637
89 2816
100 1877
100 4632
100 5596
110 1600
110 7074
114 5468
132 449
134 407
134 6498
140 307
153 4117
153 5065
153 5637
153 5699
153 8038
156 2158
156 7027
158 917
158 5006
158 7307
158 8027
158 8030
158 8031
172 8026
174 6618
196 1568
196 2158
196 5065
201 6498
206 1106
206 6498
206 7896
214 8034
240 5658
240 5935
247 2762
258 1268
258 4064
258 8032
258 8039
271 1531
271 4390
284 729
284 7290
295 1392
297 917
297 8040
312 7646
370 2712
391 407
407 919
407 4001
446 8009
447 4092
449 1854
449 2019
449 3727
449 6203
460 5468
539 2674
539 4216
570 6498
572 1763
599 3745
599 8045
613 1198
618 5065
636 895
636 4632
636 5065
636 6619
636 7290
659 3072
659 4092
659 4187
659 6618
659 8039
729 1057
729 1763
729 7290
762 2712
762 3856
762 8043
803 6595
821 6498
836 910
839 4117
886 2818
886 5065
895 3969
895 7665
895 7822
917 2606
1002 6498
1002 7359
1002 7665
1035 3049
1051 1256
1051 6165
1057 1198
1057 2254
1057 2455
1057 2527
1081 6498
1099 1793
1099 3951
1106 6947
1106 8028
1115 4379
1169 6498
1198 2527
1243 5637
1256 2488
1256 2640
1256 7213
1256 7359
1268 7548
1300 4323
1348 7119
1348 8048
1359 2254
1359 5616
1361 2472
1361 6319
1361 8033
1365 1374
1365 1623
1365 7109
1390 8051
1527 7999
1531 6885
1568 5065
1600 4523
1625 2254
1636 2488
1636 8036
1687 3065
1724 7201
1742 6498
1763 5065
1763 6108
1793 3865
1793 7074
1818 6498
1831 4187
1877 3484
1877 5038
1877 6498
1877 6945
1877 8041
1877 8042
1917 7027
1922 7119
2107 6498
2124 8033
2156 5616
2156 7359
2158 5065
2158 6916
2192 4390
2254 3154
2254 8046
2297 2472
2313 5625
2472 2970
2472 6162
2472 6267
2472 8042
2488 3578
2488 5309
2527 4092
2529 3856
2529 7525
2620 8029
2650 3313
2650 3969
2650 4117
2650 8035
2650 8041
2674 4216
2694 4771
2712 4456
2712 6108
2712 6373
2712 7201
2756 6117
2756 8050
2762 3745
2762 6683
2767 4280
2816 3461
2818 6595
2868 3856
2868 3947
2868 8029
2868 8041
2943 3171
2962 8049
3125 7951
3195 6842
3281 3967
3405 3484
3405 7074
3405 7989
3405 8042
3648 6842
3727 6280
3745 6448
3745 6498
3753 4860
3950 6108
3969 4117
3969 8041
4031 5686
4090 8031
4092 5179
4092 6779
4117 5637
4117 8041
4171 7184
4216 7845
4379 6280
4382 7213
4390 4632
4456 7647
4488 5065
4536 7662
4605 6498
4612 7548
4632 7972
4684 8035
4882 7127
5065 5119
5065 5615
5065 7290
5065 8038
5065 8041
5215 6467
5366 8036
5468 5686
5616 7359
5637 5720
5637 6625
5686 6692
5686 6779
5686 7822
5724 6779
5935 8034
6067 6867
6087 6779
6162 6779
6203 8033
6301 6498
6448 6498
6498 6712
6498 7905
6498 7984
6498 8025
6595 6640
6595 7090
6595 8044
6596 7923
6738 8040
6779 7306
6779 8028
6867 7951
6945 8042
7027 7743
7122 7662
7306 8037
7824 8047
8027 8030
