0 408
0 570
0 1081
0 1089
1 1078
2 19
2 367
2 810
2 999
2 1061
2 1088
4 76
7 30
7 451
8 128
13 30
13 275
13 1023
14 19
14 42
14 43
14 64
14 76
14 121
14 206
14 238
14 315
14 414
14 461
14 477
14 546
14 610
14 728
14 729
14 813
14 928
14 946
14 999
14 1092
19 25
19 43
19 48
19 73
19 153
19 158
19 189
19 565
19 570
19 729
19 928
19 1081
25 570
26 206
26 292
26 394
26 824
26 928
26 946
26 999
26 1102
29 88
29 370
29 403
29 451
29 875
30 42
30 77
30 206
30 451
30 507
30 708
30 1002
30 1078
30 1091
30 1092
37 73
37 486
37 506
37 570
37 813
42 195
42 206
42 461
42 506
42 610
42 708
42 728
42 946
42 991
42 1084
42 1087
42 1096
43 95
43 97
43 108
43 109
43 128
43 140
43 184
43 206
43 570
43 577
43 928
43 999
43 1096
43 1105
46 1102
47 1096
48 73
48 1103
60 501
64 501
64 662
64 712
64 831
65 221
65 593
68 189
68 456
68 999
70 97
70 1057
73 570
75 1094
76 123
76 451
76 506
76 507
76 518
76 570
76 600
76 610
76 659
76 728
76 762
76 813
76 821
76 1057
76 1081
76 1084
76 1096
76 1100
79 119
79 729
79 1084
80 998
83 570
90 1081
95 124
95 206
95 271
95 813
96 394
96 427
96 451
96 565
96 570
96 621
96 703
109 813
115 204
119 446
119 506
121 506
121 570
121 729
121 789
123 904
124 131
124 621
124 999
124 1091
126 451
128 570
128 1028
128 1090
132 451
134 1102
135 446
135 589
135 1009
140 189
153 565
158 813
158 938
158 995
158 1079
159 789
162 206
169 184
174 570
174 1081
174 1108
184 446
184 610
184 915
184 1041
186 1101
189 506
189 565
189 570
189 691
189 731
189 813
189 991
189 1079
189 1084
189 1107
195 206
195 451
196 846
199 451
199 965
206 370
206 506
206 813
206 824
206 1009
206 1078
221 859
226 570
226 789
233 367
238 451
238 610
238 1036
240 813
267 928
280 367
289 451
289 613
289 671
289 728
289 938
289 1092
292 1057
304 451
315 610
330 461
330 539
330 1102
335 1096
336 1096
339 789
339 1097
354 813
354 993
354 1102
367 570
367 809
367 1009
367 1081
370 414
370 577
370 708
370 946
370 1075
370 1081
370 1083
370 1108
374 477
391 1023
403 813
408 570
408 970
414 708
414 946
422 528
432 486
446 610
446 1077
449 572
451 507
451 570
451 686
451 721
451 729
451 813
451 919
451 1028
451 1057
451 1089
451 1104
461 570
461 728
461 946
461 993
461 999
477 938
486 507
486 728
506 938
506 1081
506 1084
507 1096
516 813
519 728
539 1092
544 813
546 1060
546 1083
556 852
556 1057
556 1089
565 703
565 995
570 686
570 729
570 789
570 810
570 824
570 928
570 995
570 1023
570 1081
570 1084
570 1089
570 1091
570 1102
572 1085
577 610
577 946
593 859
598 1088
599 1084
600 610
602 938
602 998
610 647
610 729
610 794
613 728
613 938
613 1057
613 1084
613 1089
618 970
621 773
621 970
621 1092
635 1084
662 1078
670 852
671 728
671 1092
686 964
686 1028
691 1058
703 729
703 1102
712 970
728 1080
728 1092
729 789
729 912
729 928
729 946
729 1083
729 1091
729 1106
771 891
773 970
773 1081
778 915
789 859
789 912
789 1023
789 1084
789 1097
789 1099
809 1081
810 928
813 1098
852 959
852 999
859 928
875 1096
895 1023
919 1087
928 1023
928 1102
938 1084
938 1089
950 1092
970 1028
970 1081
970 1092
991 1102
1002 1087
1009 1081
1020 1036
1028 1078
1054 1079
1057 1060
1057 1080
1057 1081
1058 1082
1058 1086
1079 1095
1089 1093
1097 1099
