0 3484
0 4216
7 7109
26 729
26 4031
26 6010
41 8191
42 156
42 1365
42 1540
42 2529
42 4216
42 6385
42 8176
42 8195
42 8200
42 8211
43 1866
43 2256
43 8167
46 348
46 1527
46 2603
46 3484
46 4216
46 8197
75 1106
75 2956
75 4216
75 5065
75 6779
76 138
76 726
76 1298
76 3528
76 6413
80 8207
83 3171
83 5065
95 8183
96 1441
128 659
133 3330
134 172
134 6248
138 141
138 1298
138 4605
141 762
141 4605
153 3984
153 6280
156 1057
156 1115
156 2650
158 726
158 3330
158 6947
172 846
172 948
172 968
172 2437
172 8164
172 8192
172 8194
195 348
195 2334
196 1985
196 2762
196 5845
238 4349
253 6947
266 4170
267 5065
298 4444
315 8202
338 821
339 3528
348 836
348 847
348 2334
348 3984
370 3865
370 6557
433 3049
442 8195
447 7109
447 8196
449 968
449 8195
453 2280
460 570
460 2845
521 6010
528 726
528 8185
556 8110
563 5065
563 8191
563 8202
568 1298
570 5179
577 4822
577 5065
577 8194
587 8167
610 1985
610 7869
618 3171
618 7838
621 2627
621 8197
659 3330
659 8184
692 6947
726 1177
726 4187
726 5065
726 5119
729 1298
729 3330
729 3484
729 4605
729 7398
729 8215
762 4605
762 6010
774 8193
801 4080
821 4216
823 8204
836 3984
836 8197
836 8199
846 2024
846 4467
846 6553
852 1825
852 3592
852 5720
852 8189
881 5720
952 6517
968 7855
993 2762
1002 3402
1002 6413
1002 8178
1002 8204
1057 1115
1057 2650
1057 5720
1057 8210
1106 7838
1106 8198
1177 1278
1198 5720
1243 3742
1256 2148
1256 3313
1256 3515
1256 4117
1256 4605
1256 8179
1278 3426
1278 3742
1278 4882
1278 5682
1278 5845
1278 6779
1298 3528
1298 7398
1322 2158
1359 6517
1359 6947
1359 8191
1361 2762
1361 5065
1361 5650
1361 8150
1361 8186
1361 8195
1361 8198
1365 2158
1365 4216
1413 8195
1426 4092
1510 3160
1527 2255
1527 2603
1540 8192
1540 8195
1787 4138
1787 4467
1787 5065
1787 8183
1812 5065
1825 5720
1825 6319
1831 8207
1831 8212
1877 2603
1877 8049
1985 2762
1985 8190
1985 8194
1996 4380
1996 8211
1999 5592
2019 8195
2024 4190
2024 4467
2027 6553
2070 8211
2124 8207
2148 5008
2158 4582
2245 7109
2272 3125
2280 8202
2286 6248
2286 6779
2313 8207
2418 7398
2522 8208
2529 6280
2603 4216
2603 8197
2627 3313
2645 4216
2650 3330
2650 6010
2691 4092
2691 6018
2691 8197
2692 5179
2693 8196
2756 8189
2762 7326
2762 8015
2767 6280
2825 8200
2888 3484
2934 6280
2947 5179
2956 8195
3023 3313
3030 8192
3049 5468
3171 3865
3171 4216
3171 4783
3171 5008
3171 5065
3171 6517
3171 6779
3171 7838
3183 3984
3184 8195
3313 3707
3313 4605
3330 3984
3330 4117
3346 5828
3377 8197
3377 8202
3426 6779
3515 6775
3515 8208
3515 8209
3574 8203
3592 5831
3727 6947
3745 4170
3745 4216
3745 8214
3984 4187
3984 5065
3984 5845
3984 8195
4059 5644
4092 5065
4092 8198
4117 5065
4117 7109
4170 8214
4187 5065
4187 8203
4216 4771
4216 4908
4216 5720
4216 8195
4216 8197
4226 5179
4226 5468
4280 8211
4382 8200
4403 8186
4444 4931
4488 7109
4731 8191
5008 6280
5065 6018
5065 6385
5065 7109
5065 8051
5065 8194
5065 8200
5065 8205
5065 8209
5065 8212
5065 8213
5065 8217
5065 8218
5329 8203
5366 6248
5592 6517
5682 5845
5720 6319
5720 8197
5720 8214
5845 5966
5845 6779
6280 8209
6738 7935
7186 8191
7290 8215
7335 8216
7471 7935
7869 8067
8067 8196
8195 8201
8197 8202
8197 8203
8205 8206
