14 29
14 134
14 573
14 610
14 836
14 1002
14 1268
14 1877
14 2027
14 5616
19 3856
29 2762
30 1854
41 1177
42 8337
46 8337
75 2199
76 1140
76 1365
88 3856
95 5065
134 2199
134 2956
134 4216
134 7593
134 7944
138 423
138 1140
138 1361
138 1644
138 2845
138 3515
138 3554
138 4544
138 6498
138 8323
138 8336
141 3984
153 2888
153 3856
153 8324
156 4783
156 8197
158 1636
158 6280
172 8337
172 8338
184 4092
196 7903
196 8297
280 659
280 4117
280 4226
298 1831
298 8314
311 8331
315 1115
315 8197
338 1917
368 1636
370 5066
374 726
412 8334
423 539
434 455
455 1057
455 2583
460 4544
499 2053
499 4322
506 3856
528 3075
531 1690
556 2762
556 6779
556 8293
563 2521
563 5389
563 7903
568 5066
570 2100
573 1002
573 8337
577 1198
577 2762
577 3984
577 7903
592 2284
610 1393
610 2762
618 5008
621 659
621 2762
634 1361
636 8266
659 1917
659 5065
659 6280
673 1388
682 3984
703 895
712 3737
726 5119
729 895
729 2845
729 5065
729 6498
729 6863
729 8287
729 8328
729 8329
762 1792
820 1824
821 1413
837 7478
839 8337
852 8265
852 8334
881 1413
881 7708
881 8337
895 921
895 948
895 1177
895 2888
895 8323
895 8324
895 8337
921 948
946 8291
948 4632
1002 8327
1002 8337
1057 3075
1057 5065
1057 8318
1106 3984
1106 6863
1115 2756
1128 5857
1177 1206
1177 1413
1177 4605
1177 8197
1179 6618
1198 1359
1232 8340
1255 1275
1255 3554
1255 8333
1256 2627
1256 5859
1256 8321
1256 8336
1268 7236
1356 6280
1359 2762
1361 1365
1361 3075
1361 4216
1361 5053
1361 7867
1365 1917
1393 4216
1393 8327
1413 1605
1413 1917
1413 4216
1413 6498
1426 8293
1481 7855
1540 5065
1540 8334
1540 8335
1540 8337
1622 5681
1636 1917
1636 6369
1636 8334
1687 3065
1717 3313
1717 3707
1787 3984
1792 2970
1854 3543
1877 7236
1910 8314
1917 1985
1917 4216
1917 4746
1917 5065
1917 6280
1917 8326
1941 8336
2019 2845
2019 8320
2057 3171
2057 5720
2057 7186
2081 3075
2111 5889
2124 6189
2177 3984
2199 4216
2243 3984
2243 8297
2297 3984
2396 8320
2406 6708
2521 8121
2529 3515
2627 5859
2674 8337
2712 3984
2762 4059
2762 6810
2762 7593
2762 8291
2762 8328
2767 3984
2767 5725
2767 7478
2795 2888
2868 4117
2868 8325
2888 7236
2888 8323
3075 4908
3171 8326
3171 8329
3405 6708
3458 8319
3501 8325
3515 5720
3515 8332
3550 4187
3554 6467
3636 7478
3636 8197
3636 8330
3649 8319
3843 7903
3966 4187
3984 4011
3984 4092
3984 4187
3984 5569
3984 6498
3984 6618
3984 8331
3984 8340
4011 4117
4011 8277
4080 8341
4090 8339
4092 4746
4092 7478
4092 8290
4116 5084
4116 8329
4117 8327
4117 8334
4117 8335
4187 8297
4216 4634
4216 6498
4216 7186
4320 8119
4322 5480
4382 7478
4431 6619
4484 5065
4565 7690
4585 7421
4605 8093
4605 8336
4632 8121
4771 6467
5065 5809
5065 6203
5065 6498
5065 7478
5065 7867
5065 8298
5065 8337
5066 8151
5137 7754
5215 8291
5362 8337
5366 6248
5550 6498
5558 8286
5560 7593
5616 7754
5720 8324
6203 7478
6203 8318
6618 7903
6619 8326
6632 8330
6779 8337
6820 7593
6945 8291
7290 8323
7478 8159
7593 8197
7867 8297
8144 8322
8179 8331
8265 8321
8334 8335
