26 3125
26 8494
29 1177
29 4358
41 1206
41 1792
41 8515
42 84
43 1198
43 8568
43 8578
46 621
46 729
46 1242
46 1877
46 2158
46 3405
46 4216
46 7236
46 7942
46 8515
64 2521
70 7926
70 8544
73 859
73 4641
74 810
74 7926
74 8411
76 134
76 1198
76 8197
77 510
77 762
77 859
77 2822
77 4910
77 8553
80 2762
87 156
96 4641
97 948
97 1788
97 2472
97 3030
97 8576
108 1177
110 195
110 2603
110 4171
123 2526
123 3377
128 7083
134 573
134 577
134 1198
134 2526
134 5366
138 2816
138 8568
158 636
158 1115
158 3330
158 4181
158 5009
158 7034
158 7266
158 8550
158 8558
172 1056
184 2762
184 6470
195 1615
195 2334
195 3592
195 8197
196 8440
196 8560
218 2405
280 712
286 8580
287 2645
297 4171
297 4503
302 8197
311 6203
311 8559
383 659
407 2919
407 8159
407 8433
434 729
434 2919
434 7213
442 6498
444 8444
449 729
449 895
449 1255
449 2603
455 536
455 821
455 2158
455 2660
455 2868
455 4746
455 8571
455 8572
524 1941
532 1794
532 7290
532 7334
536 5720
546 7334
556 1126
556 1745
556 2243
563 8573
577 8411
610 1115
610 4831
621 836
621 4358
621 4910
621 8573
633 5616
633 8575
636 6618
659 7708
671 837
708 7190
727 8467
729 2668
762 1256
762 2529
762 3023
762 3313
762 4605
762 4641
762 8533
762 8576
775 1231
821 2919
821 4171
821 7726
821 8159
821 8218
823 1672
823 4216
836 5305
836 5488
836 5644
836 7534
836 7942
836 8131
852 2529
852 2660
852 3262
852 3313
852 4641
852 5720
852 8550
852 8554
859 2158
859 7658
895 7942
895 8533
904 5921
907 1115
948 6708
968 5553
1002 2526
1011 2694
1036 8556
1051 1361
1051 1985
1103 2158
1103 6177
1106 3745
1106 7944
1115 3330
1115 4831
1115 8440
1115 8552
1177 1941
1177 4641
1198 1636
1198 8571
1206 2669
1206 4641
1206 8515
1206 8567
1206 8568
1255 2645
1255 3030
1255 3405
1255 7266
1255 8429
1255 8515
1255 8564
1298 4746
1340 2750
1359 8557
1365 1745
1393 8218
1393 8477
1413 2668
1458 7871
1470 4561
1470 8584
1615 2027
1615 2472
1615 3377
1615 3405
1622 4171
1622 5785
1625 8571
1636 1745
1644 8563
1657 8444
1745 4216
1745 4605
1745 4908
1745 5720
1745 8562
1787 2158
1787 4380
1787 5720
1788 1819
1793 8408
1812 2789
1812 8218
1877 6479
1877 8472
1985 8550
2023 3029
2027 7787
2053 2412
2053 4731
2053 7034
2098 6223
2158 2472
2158 2692
2158 3787
2158 4380
2158 8558
2158 8564
2204 4731
2204 5891
2280 8197
2313 8433
2313 8562
2313 8572
2324 8433
2412 3158
2412 4171
2412 4216
2412 7236
2412 8472
2428 4507
2526 3405
2526 3950
2526 5366
2529 3313
2534 4771
2603 4171
2603 8197
2640 5720
2645 4419
2645 5373
2645 7855
2650 4280
2650 8131
2660 4181
2660 4641
2660 8550
2668 4771
2668 5553
2668 6692
2668 8197
2669 8578
2694 2919
2762 2868
2762 4489
2762 8581
2767 4181
2767 8550
2773 8556
2789 6470
2789 8297
2795 7658
2845 8567
2919 3745
2919 3799
2919 7067
2919 7726
2919 7944
2919 8159
2919 8580
3023 3313
3029 5933
3030 5966
3030 8411
3030 8568
3111 4403
3125 4080
3166 8411
3171 8429
3171 8440
3195 7942
3322 7174
3377 4882
3377 8551
3405 5305
3405 8551
3458 8562
3487 8524
3636 8583
3673 4358
3745 4171
3745 5263
3745 8577
3787 4171
3787 7266
3856 5857
3925 4971
3945 8563
3950 5305
3984 4339
3984 8477
4031 6002
4031 8411
4031 8556
4092 5616
4092 7034
4092 8525
4092 8577
4171 4317
4171 4536
4171 7839
4171 7944
4171 8197
4181 8550
4317 8550
4339 5362
4339 6203
4358 8014
4465 4641
4465 8411
4467 6280
4641 7236
4641 7658
4641 8411
4641 8440
4641 8567
4641 8568
4641 8573
4656 8582
4771 5553
4771 5891
4839 6470
4910 5005
4910 7708
5008 5912
5065 8408
5065 8477
5119 8472
5373 7855
5373 8564
5616 8555
5616 8577
5681 8342
5720 6223
5720 8535
5720 8562
5828 6978
5857 8562
5938 5966
5966 8556
6010 6942
6010 8467
6059 8579
6203 8552
6203 8571
6223 8197
6280 6817
6280 8554
6280 8582
6413 8562
6470 8297
6470 8558
6619 7266
6619 7534
6619 8440
6692 8429
6692 8569
6708 8413
6779 8197
6779 8297
6779 8471
6816 8570
7034 8558
7034 8577
7119 8540
7190 7252
7190 8297
7266 8569
7290 8535
7398 8494
7533 8408
7760 8566
8067 8297
8067 8559
8119 8562
8131 8565
8197 8408
8197 8571
8297 8576
8323 8548
8411 8574
8481 8484
8515 8555
8535 8568
8558 8561
8567 8568
