0 30
0 48
0 80
0 175
0 184
0 570
0 686
0 881
1 68
1 1168
2 315
2 1137
4 76
4 80
4 903
13 42
13 46
13 48
13 124
13 968
14 19
14 42
14 76
14 109
14 135
14 146
14 174
14 184
14 315
14 374
14 431
14 433
14 516
14 577
14 610
14 678
14 729
14 820
14 836
14 928
14 963
14 970
14 993
14 1051
14 1057
14 1106
14 1134
14 1139
14 1141
14 1149
14 1152
14 1163
14 1179
14 1181
19 73
19 79
19 158
19 459
19 565
19 805
19 993
19 1115
19 1179
19 1181
25 442
25 618
25 686
25 904
25 1128
25 1136
25 1140
26 238
26 431
26 554
26 678
26 824
26 1147
29 76
29 79
29 80
29 94
29 195
29 201
29 431
29 442
29 461
29 613
30 90
30 487
30 493
30 1106
33 1002
42 80
42 97
42 121
42 124
42 175
42 431
42 490
42 694
42 729
42 968
42 991
42 1057
42 1106
42 1170
42 1177
42 1179
46 124
46 201
46 570
46 968
46 1035
46 1156
46 1159
46 1160
48 789
48 859
54 109
64 79
64 1137
66 741
68 424
73 295
73 852
76 109
76 121
76 184
76 201
76 298
76 386
76 404
76 490
76 493
76 565
76 644
76 772
76 904
76 1057
76 1141
76 1145
76 1149
79 610
79 659
79 1028
79 1137
79 1138
80 109
80 386
80 644
80 993
80 1153
80 1163
84 247
95 225
97 121
97 433
97 836
108 789
109 146
109 189
109 519
109 899
109 993
109 1128
109 1141
109 1144
109 1162
109 1163
109 1165
115 1162
121 249
121 570
121 810
121 1149
121 1163
123 195
123 813
123 1128
124 206
124 488
134 1145
135 1161
141 201
146 189
153 249
153 772
153 1136
158 195
158 644
158 686
158 729
158 1152
184 1041
184 1139
189 370
189 570
189 691
189 852
189 1045
189 1143
190 946
190 1147
191 993
195 235
195 577
195 1002
195 1035
195 1128
195 1135
195 1146
196 451
201 570
201 1159
203 577
206 1035
233 1106
233 1164
235 1135
238 247
238 1010
238 1018
240 659
240 729
247 287
247 394
247 729
249 1154
270 852
283 836
283 1169
287 882
287 948
287 1176
289 644
289 1179
298 414
298 455
304 728
315 618
336 431
336 1149
339 821
348 1010
370 436
370 773
370 991
374 386
396 1141
404 1141
414 760
424 570
424 647
424 821
424 881
424 904
424 1155
431 678
431 729
431 824
431 1106
433 436
455 652
461 644
461 772
461 1179
477 506
477 1106
477 1137
502 1177
506 1045
506 1128
516 1179
519 728
519 1045
539 1031
554 824
565 813
565 922
565 1015
565 1142
565 1178
565 1179
570 723
570 772
570 922
577 618
577 621
577 836
577 1036
577 1128
602 1153
610 621
610 883
613 644
618 621
621 721
621 904
621 948
621 970
621 1020
644 1172
644 1173
644 1174
659 1175
662 813
712 1128
712 1177
728 1179
729 919
729 1106
729 1136
729 1144
729 1160
731 852
772 1134
789 912
789 1158
789 1182
803 1120
810 928
824 928
824 1180
830 1170
834 1054
834 1160
836 1169
852 922
852 1133
852 1151
903 1057
912 948
922 1142
928 1149
935 1166
938 1057
946 1048
948 1176
952 1167
968 1145
993 1128
998 1126
1002 1035
1028 1170
1031 1148
1035 1146
1054 1177
1057 1150
1106 1160
1106 1164
1132 1134
1137 1157
1144 1160
1153 1158
1163 1165
1170 1171
1179 1181
