2 4746
14 1413
14 7290
14 8830
19 83
19 138
19 573
19 852
19 1115
19 1255
26 3125
26 8842
29 258
29 461
29 3030
29 4746
29 8297
29 8822
41 8821
42 2070
42 4746
43 921
43 6528
43 8834
43 8836
46 233
46 490
46 546
46 1571
46 2199
46 2319
46 2956
46 4632
46 8197
48 1539
76 258
80 5493
83 528
87 8845
88 8837
96 3030
96 3166
96 4339
97 3030
98 4387
98 6942
100 2255
100 2412
133 8630
138 1255
138 1787
138 1844
138 8175
140 762
140 4117
145 3232
145 7236
153 5616
153 7132
156 839
158 311
158 528
158 1255
158 2733
158 5066
158 5237
158 7606
158 8175
158 8282
158 8836
162 5467
196 8837
198 3177
201 921
201 1255
201 2741
201 3122
201 5362
240 6467
258 1863
258 2243
258 4353
258 4746
259 8466
286 311
286 8839
287 8855
311 1115
311 7606
338 839
348 7379
374 8839
383 8197
405 1527
407 1413
434 2959
455 2775
455 6829
528 1005
528 1255
528 3107
528 4117
528 7359
556 8821
563 712
563 5065
568 7631
577 1622
577 5065
577 7753
577 8841
577 8854
618 2019
618 8854
621 1255
621 7753
621 8836
621 8838
641 881
641 1831
669 6318
682 4339
712 5065
712 7753
712 8379
712 8635
712 8841
727 7290
729 7290
729 8558
729 8851
837 6829
839 1917
839 8823
852 4339
852 7722
881 1242
881 8840
895 4117
904 7753
904 8822
921 3484
948 7335
993 2762
1002 1242
1002 2825
1057 5467
1057 6248
1085 1242
1085 2243
1106 4199
1106 5566
1115 1644
1115 1763
1115 7606
1115 8839
1144 8837
1144 8844
1242 2199
1242 6779
1242 8850
1255 2255
1255 2437
1255 2599
1255 2762
1255 3122
1255 4117
1255 5065
1255 7290
1255 8175
1255 8601
1255 8613
1255 8843
1255 8855
1278 2762
1321 4634
1322 6498
1365 6779
1369 1664
1369 1877
1369 3484
1413 2762
1413 4746
1413 7290
1466 5066
1470 5237
1470 8844
1481 5103
1481 7236
1539 1941
1539 6467
1571 8843
1636 6829
1717 3023
1717 3155
1717 5720
1742 7290
1763 3054
1774 8854
1787 5566
1787 8558
1787 8849
1788 8282
1825 3573
1831 4092
1831 7359
1863 4746
1915 3573
1917 6596
2019 3171
2023 8843
2122 6248
2123 8851
2150 8832
2156 5616
2158 8850
2184 8012
2204 4731
2256 3487
2313 5467
2319 4117
2319 4855
2389 7335
2389 8843
2488 2885
2529 5616
2598 6779
2599 3165
2617 8852
2640 6319
2733 4136
2739 3110
2739 7186
2739 8847
2756 5467
2762 8744
2762 8853
2767 5471
2816 6467
2845 5720
2845 8282
2885 4600
2954 3171
3030 8843
3075 5065
3107 5066
3110 6203
3110 8416
3122 8848
3158 7236
3171 3487
3171 8833
3171 8854
3275 8713
3313 4339
3377 5566
3487 4340
3573 6248
3574 6829
3613 8835
3745 5616
4011 8750
4059 8297
4059 8838
4092 7034
4092 8853
4117 7290
4187 4746
4190 4339
4200 8811
4242 8852
4339 6319
4339 8197
4339 8562
4339 8769
4340 4536
4355 5362
4355 5493
4382 8835
4419 8472
4419 8843
4546 8232
4573 6467
4634 6618
4731 8630
4731 8843
4746 8837
4765 7290
5018 8635
5065 7753
5065 8841
5066 5100
5066 6779
5100 8282
5174 6942
5174 7631
5179 7290
5467 8630
5566 7290
5681 8342
5720 8197
5816 8834
6059 6373
6109 8282
6162 8472
6203 8844
6319 7722
6373 8403
6373 8846
6429 6942
6463 8197
6467 6779
6498 7753
6738 6829
6768 8843
6779 8845
6779 8847
6817 7722
6829 7034
6867 7631
7034 8837
7136 8839
7186 8831
7290 8842
7471 8835
7855 8260
7855 8472
7855 8843
7877 8630
8093 8367
8159 8410
8297 8838
8515 8840
8558 8750
8724 8818
8821 8824
