19 1223
25 5550
29 7371
41 4417
42 8849
60 196
60 949
60 952
60 1167
73 226
73 4641
76 7199
95 5471
95 8008
95 8894
96 97
96 570
96 8897
97 8363
110 4419
110 8770
113 1057
113 5272
123 8901
138 1561
140 4117
140 5179
151 407
153 455
153 2534
153 5649
158 762
158 1126
158 6280
158 7359
158 8401
158 8918
172 2650
196 4050
201 285
201 6280
226 1106
226 1255
236 5530
236 8197
258 3535
286 8918
287 2319
297 4862
297 7726
370 4280
434 7924
455 729
455 5065
455 5493
455 7534
455 8898
455 8907
461 2961
536 3636
568 1255
570 5658
570 8024
577 699
610 1321
610 3535
610 4727
610 7631
610 8015
610 8500
610 8551
613 2775
621 729
621 837
621 7292
621 7631
621 7851
621 8770
621 8897
621 8901
621 8912
679 8735
682 5828
699 5065
729 5471
729 8900
762 1369
762 3166
762 4615
762 4641
762 6434
762 7359
773 1742
789 897
836 7481
836 8297
836 8909
837 1365
852 2488
852 3313
852 4339
852 7199
852 8911
904 8901
952 4600
952 5272
952 7631
952 8500
1002 1636
1002 5065
1002 5471
1002 5493
1002 6779
1041 1470
1057 1242
1057 5272
1057 7976
1106 1255
1106 5828
1106 6108
1106 7631
1115 5265
1115 8401
1115 8552
1115 8918
1126 4187
1128 8902
1198 3417
1206 7199
1206 7290
1240 7631
1247 7851
1255 1787
1255 5828
1255 8918
1256 4339
1265 7481
1268 5744
1302 3166
1302 4641
1321 6289
1321 7534
1365 1561
1365 3453
1365 8900
1369 1877
1369 2255
1369 3158
1369 4117
1369 5828
1392 7513
1392 8401
1393 8015
1393 8500
1393 8910
1393 8914
1413 2019
1418 2136
1539 1787
1539 5272
1561 3281
1622 8130
1625 8910
1636 6638
1658 3329
1742 8363
1787 5065
1787 5134
1787 8896
1787 8907
1794 8795
1864 2019
1877 3195
2019 5362
2053 5471
2136 3973
2136 4092
2156 2762
2256 8770
2313 4417
2313 5362
2313 8750
2324 5471
2324 8888
2360 5493
2412 7516
2529 5261
2529 6663
2534 4339
2541 6373
2650 4997
2650 5065
2650 8906
2663 7631
2762 5065
2762 6638
2762 8015
2762 8218
2767 3636
2775 6434
2805 6498
2826 4092
2845 3727
2845 8024
2919 6434
2919 7631
2956 5616
3000 8890
3023 3313
3023 8911
3030 8297
3107 6434
3166 4641
3166 6619
3166 8297
3166 8895
3171 5272
3171 7290
3171 7359
3195 8908
3281 7631
3313 4339
3313 8911
3325 6916
3325 8897
3414 8735
3414 8904
3636 5237
3636 8914
3727 7290
3727 8918
3856 8904
3975 8260
3975 8903
3984 8900
4011 6434
4050 6373
4092 8894
4116 4548
4117 8910
4187 4339
4187 5065
4187 8900
4199 4431
4339 5261
4339 5362
4339 6319
4339 8898
4417 5362
4488 8896
4615 5468
4765 8885
4783 5261
4783 6175
4839 8899
4839 8900
4839 8905
5006 8913
5007 6280
5007 8197
5040 8221
5040 8900
5041 8904
5065 6638
5065 7976
5065 8849
5065 8877
5065 8899
5065 8900
5065 8907
5065 8910
5261 6917
5263 5530
5270 5828
5362 8904
5373 8260
5468 5828
5493 6779
5493 8750
5720 8917
6175 7631
6203 7481
6280 6816
6373 8846
6373 8919
6385 7234
6434 6618
6434 7090
6434 8905
6434 8915
6498 8363
6596 8795
6619 8297
6619 8401
6619 8895
6638 8197
6942 7631
7199 7290
7199 8916
7236 8260
7290 8912
7392 7589
7398 8494
7398 8882
7481 8909
7534 8917
8008 8874
8008 8887
8197 8363
8197 8895
8282 8918
8297 8886
8297 8895
8401 8567
8494 8851
8515 8795
8515 8914
8621 8862
8626 8878
8630 8893
8735 8907
8894 8896
