7 1972
19 6643
30 4026
37 4632
37 4641
37 6643
41 563
41 4339
41 8658
41 9022
42 1106
42 2789
42 8969
43 1298
43 2453
43 2789
43 4997
46 2816
46 8197
48 6643
70 5141
73 2062
74 963
76 9011
80 3613
83 563
88 283
96 570
96 1972
96 4523
96 7290
96 7339
97 283
97 4841
97 5141
110 7339
133 134
138 1206
138 1255
138 1972
138 2816
138 8688
151 7290
153 785
153 8750
153 8849
153 8981
153 9023
158 1255
158 2469
158 2789
158 5912
158 6448
158 8956
158 9002
158 9023
158 9032
174 9010
184 2762
190 4949
218 3984
226 6643
249 3865
249 5065
249 5938
258 4473
258 4771
267 1972
275 839
283 5141
285 2816
285 6498
286 1365
286 2934
286 5065
286 8956
286 9009
297 1850
297 7399
318 1106
318 4841
367 3984
374 8284
407 6203
442 2776
444 5550
455 2776
455 3088
455 4501
455 8658
455 8988
455 9007
455 9022
455 9024
455 9025
455 9030
528 8981
546 1106
546 4771
546 5036
546 7290
556 6498
556 8284
563 3241
563 5065
563 6619
577 2724
577 3241
577 6643
577 7290
621 6666
641 5838
682 2816
708 3122
708 8297
729 6643
729 9010
762 3313
762 4997
762 8688
762 9015
785 3613
821 3030
821 4771
836 839
837 2256
837 3613
839 2957
839 8990
839 9015
852 2529
852 7329
852 9017
852 9034
891 1540
891 8826
895 4632
917 1824
968 1877
968 8926
1002 1971
1002 4882
1002 9001
1039 1255
1039 9010
1041 2789
1057 5065
1106 4746
1106 8969
1106 8982
1106 9010
1115 4339
1115 8401
1115 8956
1206 8688
1242 2762
1255 1941
1255 1972
1255 2845
1255 7339
1255 9013
1256 3707
1256 4949
1256 7329
1278 6373
1298 1877
1298 2970
1298 7236
1298 8182
1361 4501
1365 9010
1369 2169
1369 4771
1369 5844
1369 9005
1418 8981
1470 5615
1470 9035
1527 3975
1527 5828
1539 9015
1540 2964
1540 8195
1540 8826
1540 9015
1600 9018
1612 3484
1612 4771
1622 5615
1622 6643
1622 7290
1636 9022
1658 9028
1672 8014
1717 3707
1763 3865
1774 9013
1824 4546
1824 5093
1825 8093
1917 4731
1917 9014
1941 1972
1971 2956
1972 2541
1972 2730
1972 2919
1972 3624
1972 4117
1972 4523
1972 5468
1972 6467
1972 6498
1972 8688
1972 9027
1994 2816
2027 8074
2052 9010
2053 8197
2053 9023
2057 6203
2062 2816
2081 5844
2081 8874
2126 5036
2191 2816
2204 4731
2204 5362
2255 4997
2255 6064
2437 8977
2469 4523
2469 7290
2469 9002
2472 9017
2488 4949
2488 7329
2522 9025
2529 9015
2529 9034
2534 8981
2541 6319
2599 5720
2650 9023
2762 2956
2762 4092
2762 5065
2762 6373
2762 8477
2762 8887
2767 7034
2767 7329
2775 8867
2775 9016
2776 3402
2776 5065
2776 7034
2816 6280
2869 9031
2919 9027
2934 8093
2943 4323
2943 6945
2956 4670
2970 5844
2970 9005
3030 6643
3030 7290
3088 4839
3122 6373
3122 8297
3171 4501
3171 8956
3313 7034
3313 9034
3405 9021
3484 7339
3578 6759
3613 9026
3624 9010
3636 8981
3707 4949
3856 8688
3951 8631
4026 7290
4038 5828
4092 8981
4092 9026
4117 4949
4117 5828
4171 5615
4419 8074
4419 9005
4419 9015
4501 5065
4501 6619
4546 8144
4615 5468
4632 8613
4641 8981
4746 6948
4746 8254
4746 8969
4765 5550
4771 8990
4839 5720
4839 8750
4866 7034
4910 5065
4949 6759
5036 8988
5065 5157
5065 5329
5065 6318
5065 6643
5065 6666
5065 7290
5065 8981
5065 9023
5065 9026
5082 5270
5141 7371
5141 9029
5157 8981
5263 8658
5329 8477
5352 9010
5468 6643
5550 9011
5560 8891
5615 7290
5699 9022
5720 7329
5816 9014
5828 6064
5828 7335
5831 8477
5838 8981
5844 7290
5844 8484
5966 8144
6203 8935
6203 9009
6203 9026
6373 9033
6385 9014
6498 9022
6546 9019
6618 8144
6643 7290
6779 9022
6779 9025
6817 9034
7034 7329
7251 8837
7290 8297
7855 9028
7998 9020
8117 8982
8144 8311
8197 8887
8197 9025
8284 8981
8297 8750
8346 9018
8515 9017
8561 8759
8750 8981
8849 9032
8874 8997
8981 9001
9002 9012
9002 9027
