7 6842
26 42
29 4501
29 7290
29 7371
41 8658
42 338
42 821
42 891
42 1540
42 8826
42 8970
43 946
43 4997
43 5471
43 7335
46 2611
46 6220
59 8874
61 3075
73 9043
75 948
76 708
76 3075
76 4702
76 7335
76 8416
83 1255
96 570
96 1972
97 283
110 7339
138 2816
138 7199
140 158
158 201
158 2158
158 2816
158 2868
158 5828
158 5857
159 823
201 4702
239 755
240 9055
258 4473
287 8890
287 9063
307 3075
338 1917
354 1106
354 2158
354 2529
354 2767
354 4852
374 9057
403 729
403 6945
410 3075
449 3075
455 8947
455 9024
455 9057
461 1242
528 5065
528 5157
528 8981
539 6220
539 9036
546 2255
556 1057
556 2762
556 5065
556 6349
556 6683
563 6220
563 6619
577 4171
577 8330
577 8923
610 1247
610 5065
613 2158
618 1255
621 2158
621 3737
621 4862
621 8330
621 9053
641 4092
656 5806
656 6945
708 2389
708 5720
708 5844
708 7335
708 7938
729 1242
729 6945
729 8420
729 9037
753 5806
762 3313
823 4702
836 8297
837 2428
837 4589
852 2428
852 3313
852 3636
852 4858
852 5720
852 9017
881 5471
881 9036
891 3067
895 921
921 2255
921 4632
921 7290
921 8970
938 8874
946 1917
948 7335
1002 4301
1002 4589
1002 9042
1002 9060
1011 2762
1011 4702
1035 5938
1057 1917
1057 6289
1057 8099
1057 9035
1057 9040
1057 9045
1106 4771
1106 9037
1115 9045
1206 7199
1247 2767
1247 7903
1247 8297
1255 2816
1255 4632
1255 6596
1255 7290
1256 1787
1256 9035
1256 9037
1298 2158
1304 8947
1321 4702
1321 4862
1321 9055
1361 8506
1361 9035
1364 5720
1369 8182
1375 8970
1392 6596
1404 7634
1539 7290
1540 3067
1540 8195
1732 4301
1745 4848
1763 3122
1774 9058
1787 2255
1787 7335
1787 8515
1787 9037
1787 9041
1917 5806
1917 5933
1917 8099
1917 8948
1941 9043
2126 9046
2158 4523
2158 7096
2158 7290
2197 8119
2204 4731
2243 9057
2255 4546
2255 8093
2255 8515
2428 2789
2504 3088
2529 3313
2599 2674
2617 8874
2617 9035
2692 4589
2739 4117
2762 3088
2762 3717
2762 4702
2762 5065
2762 5367
2762 6373
2762 6683
2767 6945
2767 9036
2785 9057
2816 4702
2816 7199
2816 7290
2816 7924
2844 6413
2845 9047
2868 5844
2869 3377
2934 8093
3000 8752
3067 5065
3067 5373
3075 6768
3088 4702
3088 5550
3088 8484
3088 9048
3125 4746
3171 9044
3322 5065
3501 8416
3613 3717
3648 4841
3717 6203
3727 7839
3737 9053
3787 9046
3806 9034
3843 5065
4011 4702
4026 4746
4092 5065
4092 5157
4092 7933
4092 8981
4171 5828
4171 6596
4231 9038
4317 6596
4382 5065
4448 6945
4589 5065
4632 5681
4632 9044
4702 4862
4702 6220
4702 9055
4731 6448
4731 6619
4746 5036
4746 6948
4771 6110
5006 8979
5065 6349
5065 6596
5065 6683
5065 6945
5065 8297
5065 8981
5065 9044
5065 9045
5065 9046
5065 9048
5065 9054
5065 9064
5065 9065
5157 8981
5157 9039
5362 8195
5468 9056
5493 9064
5550 9044
5658 7841
5658 8931
5681 6596
5806 5933
5933 8416
5966 8144
5966 8977
6220 7290
6230 8711
6349 9062
6580 9049
6619 8484
6779 9054
6917 8401
6945 8931
7034 7329
7155 7290
7156 8401
7290 8890
7290 9037
7329 8197
7335 8515
7335 8890
7371 9059
7516 8416
8281 8947
8330 9053
8420 9010
8467 9056
8631 9050
8849 9032
8874 8887
8874 8997
9046 9061
9051 9052
