7 729
29 3785
29 8608
38 978
38 3158
41 1312
41 2974
41 9092
42 636
43 2970
48 964
48 5179
76 3075
76 5141
76 5550
90 8099
95 3171
96 2816
97 7371
101 2970
131 9089
133 5550
138 9103
158 9101
158 9103
201 1295
271 1470
297 9105
410 3171
412 5065
455 9082
528 8981
531 1295
568 1106
568 5129
729 3756
729 6498
729 6945
729 9100
762 9105
836 7714
837 5065
852 9086
852 9102
904 2158
938 9092
938 9098
952 4117
952 9090
964 7371
968 4317
968 4949
968 5065
968 5487
1002 9097
1057 1779
1057 2739
1057 2825
1057 3171
1057 5065
1057 7290
1057 8416
1057 9101
1106 5129
1106 9103
1115 3171
1242 9097
1243 5129
1247 3535
1256 2845
1256 5065
1295 1359
1295 4117
1295 5065
1312 2974
1321 9103
1338 5179
1359 4589
1364 9093
1369 2694
1413 5065
1470 8608
1622 5065
1636 9091
1787 4708
1824 5093
1824 9089
1893 2970
1917 3125
1917 9099
2052 7090
2062 7290
2148 3171
2197 2762
2389 5596
2529 2845
2529 8608
2529 9086
2541 8197
2576 3171
2576 5065
2617 2974
2739 3171
2741 9093
2741 9094
2756 5065
2762 3171
2762 5065
2767 5550
2825 7480
2845 5179
2845 5270
2882 5129
2930 5065
2956 3854
2956 8608
3057 8015
3158 3171
3166 4117
3166 8099
3171 5008
3171 5065
3171 6429
3171 9095
3414 3856
3515 6817
3574 9078
3648 8097
3756 6945
3785 6373
3843 4117
3854 5065
3897 8099
4092 5065
4092 8981
4116 5065
4117 5065
4117 7480
4293 5065
4293 6756
4507 7119
4546 9089
4546 9096
4589 5065
4771 8197
4841 6467
5065 6250
5065 7749
5065 8197
5065 8608
5065 9095
5065 9098
5065 9100
5065 9105
5129 5141
5129 5468
5129 5487
5141 7531
5362 6202
5550 6250
5550 7236
5550 8097
5550 8197
5844 9101
6202 6385
6203 9098
6220 6373
6250 8197
6373 9089
6373 9096
6448 8596
6467 9093
6467 9094
6498 9103
6596 8608
6619 7749
6779 9100
7119 9097
7335 9069
7371 9081
7371 9103
8197 8608
8515 9106
8910 9104
9087 9088
