29 1106
36 43
36 390
36 2255
41 2617
43 9107
46 2956
46 9118
73 2845
73 5468
73 6842
73 7371
73 9109
75 6779
76 5362
76 9118
76 9127
83 5550
88 968
96 5141
96 9126
101 2357
101 2970
110 9107
138 3420
138 5141
138 5468
140 3171
153 3420
158 6990
158 9117
158 9125
190 4465
190 4841
190 6842
196 2868
196 4746
196 6373
201 6842
271 1470
280 1576
280 3166
280 3171
280 6797
286 4895
370 8515
407 9125
442 1400
446 9106
447 2868
455 7216
455 9114
528 2730
539 1742
539 9123
546 1106
546 7923
577 2822
577 7090
577 8379
577 9018
577 9071
577 9116
610 3250
621 7787
621 9119
621 9125
686 1540
712 8379
821 9005
836 968
836 8297
837 4589
837 5065
852 2559
852 9102
891 5616
920 4746
920 5065
960 3171
968 1413
968 1742
968 2204
968 4419
968 5366
968 6619
1002 2318
1002 9101
1002 9127
1057 2825
1057 3171
1106 4485
1115 6280
1122 4589
1147 3414
1147 7371
1198 1483
1235 2035
1256 8674
1256 9131
1359 6373
1359 7140
1359 9071
1359 9117
1359 9125
1365 9093
1400 5362
1539 7290
1539 9109
1561 5141
1561 9108
1576 5065
1576 8608
1576 9127
1636 9117
1636 9132
1742 1779
1857 3030
1857 5468
1857 9122
1917 3378
1917 7923
2095 4746
2095 9102
2148 3171
2204 7923
2204 8671
2243 5065
2339 9049
2357 5373
2389 5596
2522 3171
2529 2845
2529 9131
2559 4908
2576 3171
2617 2974
2674 3171
2674 5362
2762 9132
2767 9134
2775 7090
2785 9057
2816 4841
2816 6842
2822 9071
2845 9109
2868 4746
2868 5065
2882 5129
2956 5616
2974 9077
3030 5468
3125 4746
3166 5141
3166 6842
3171 3854
3171 3984
3171 5493
3171 5616
3171 6596
3171 7290
3238 9071
3388 4065
3414 9101
3541 6373
3634 8551
3785 6373
3854 8416
3865 5038
4092 8981
4117 5141
4187 9117
4419 4589
4419 9107
4465 6842
4465 7841
4465 9126
4589 4746
4589 5720
4589 8406
4746 5065
4746 7998
4839 7090
4860 9121
4882 5596
4908 5720
4908 6817
5065 5550
5065 6619
5065 7787
5065 7923
5065 8119
5065 8330
5065 8967
5065 9071
5065 9107
5065 9117
5065 9125
5065 9128
5065 9132
5141 5415
5141 5468
5141 6842
5141 7371
5141 8931
5141 9103
5270 9118
5362 6385
5362 9118
5468 6247
5468 8897
5487 9101
5493 5616
5550 7371
5616 6779
5720 9129
6203 6373
6203 6990
6203 9105
6203 9114
6203 9132
6373 9114
6373 9130
6448 9120
6619 9071
6797 8119
6797 9112
6797 9124
6817 8968
6842 7371
7034 9124
7290 9002
7290 9109
7364 9002
7371 9081
7614 9113
7787 8297
7787 9071
8015 8297
8015 9111
8330 9106
8407 9110
8515 9113
9080 9113
9114 9115
9128 9129
9132 9133
