42 7335
43 2762
43 6945
59 9137
75 1198
75 5065
75 5493
76 610
76 5757
83 133
83 3417
83 7208
83 8297
83 9142
88 5757
93 4171
93 8644
96 133
97 1742
97 2158
138 1255
138 2670
138 4680
158 5757
158 6018
158 7359
170 3157
170 7383
196 9137
201 2816
236 2158
280 9145
287 2468
315 8600
407 1235
455 7216
461 1321
528 9138
539 5065
563 1020
563 6811
570 762
570 5179
577 3541
577 5065
577 6373
577 6945
577 9116
610 9137
613 3416
621 5550
621 9137
724 6945
729 2868
729 3541
729 9144
748 2255
802 5065
821 7335
852 2529
852 4680
852 8468
852 9139
1011 8099
1011 8382
1057 9143
1106 3984
1106 9140
1198 4904
1198 5065
1198 5493
1198 7927
1235 1359
1235 1470
1235 4839
1235 8416
1242 9071
1256 9139
1268 4216
1268 9144
1321 3856
1359 2868
1359 4680
1359 7140
1359 9136
1365 9139
1400 1470
1400 3636
1400 8750
1413 2204
1470 2724
1470 2762
1470 3171
1525 2255
1604 9143
1622 5550
1636 7776
1691 2845
1742 8363
1786 9140
1794 8918
1824 8099
1857 3030
1857 3648
1994 5366
2027 4546
2027 7335
2156 4691
2158 4771
2158 5468
2243 2529
2243 5065
2357 5373
2395 8382
2468 7335
2529 2627
2640 4908
2650 2762
2670 4908
2691 6018
2692 9135
2724 2762
2756 4366
2762 5560
2767 9134
2821 6945
2868 5682
2868 6779
2956 5616
2956 6779
3166 8363
3171 8416
3322 5757
3541 4546
3579 9136
3856 9055
3947 9136
3984 9140
4092 6018
4092 9134
4187 9146
4188 6018
4188 8297
4188 9137
4325 5518
4403 4839
4507 9141
4546 7335
4680 4908
4746 5366
4746 9144
4771 5468
4839 5065
4895 5692
4908 9139
5041 8918
5065 6203
5065 6945
5065 7749
5065 8981
5065 9104
5065 9129
5065 9133
5065 9135
5065 9136
5065 9141
5065 9142
5141 5550
5267 6448
5331 8967
5362 9118
5468 7208
5493 5616
5550 7371
5616 6779
5757 6448
5844 8382
6064 7335
6203 9134
6215 9143
6448 9071
6498 8363
6596 8215
6619 7208
6654 9146
6692 8215
6817 8468
7015 7119
7093 9143
7216 8711
7290 9140
7944 8382
7985 8874
8099 8382
8276 8918
8297 8600
8297 9137
8515 9128
8787 8798
8837 9130
8981 9104
9104 9134
