19 434
30 950
41 1525
43 96
43 110
43 1563
43 2062
43 2762
43 5179
43 6755
43 7236
43 8981
43 9198
70 9197
73 5179
75 891
75 6189
90 1255
96 101
96 1255
110 9210
158 186
158 2592
158 6588
158 9200
158 9204
170 4168
184 4554
184 9207
186 9200
201 805
201 4641
201 5179
236 7311
271 9199
280 2816
280 4746
311 9186
412 3187
423 482
433 5468
442 1365
442 7311
455 602
455 837
455 1106
455 4187
455 6588
455 6779
455 7617
455 9178
528 9199
546 9203
568 1243
568 1812
568 2816
568 4117
568 4168
568 7290
573 5272
577 2762
577 3727
577 4168
577 9197
602 1525
613 837
613 2762
618 2256
621 4168
621 9217
637 7311
641 3675
729 5493
762 805
762 8347
762 9124
762 9204
801 6203
801 8197
803 9209
805 1206
805 1255
805 1732
805 2845
836 9152
837 4117
837 4187
837 4382
837 4746
837 9152
846 3865
852 9186
881 5065
892 2529
892 8762
895 8347
1011 4702
1041 8484
1057 2529
1057 9213
1076 9196
1092 2816
1106 4187
1197 6817
1206 1787
1206 6817
1206 9124
1206 9201
1233 9198
1242 8407
1243 4746
1255 2062
1255 5305
1268 9110
1335 5599
1359 9202
1359 9203
1365 1470
1365 2627
1365 7034
1365 7311
1365 8484
1392 2627
1392 2919
1456 1941
1456 3887
1470 4702
1540 6779
1540 6810
1604 3636
1622 2592
1622 5681
1622 7290
1636 8225
1672 6375
1704 2235
1774 4523
1787 2529
1787 2845
1787 3887
1787 7290
1818 2816
1819 9152
1972 9004
1977 8121
2057 9143
2062 2795
2111 7311
2131 2762
2139 2816
2158 9130
2315 8411
2324 9210
2346 9180
2428 2762
2453 2674
2460 2934
2460 6125
2529 3313
2529 6817
2583 2767
2592 2627
2592 2919
2592 4007
2592 6619
2592 7290
2592 8119
2627 3171
2627 4317
2627 7290
2660 8367
2660 9147
2692 4048
2692 9202
2692 9216
2707 5560
2707 9194
2762 4702
2762 5065
2762 6779
2762 9197
2762 9211
2767 9204
2767 9213
2816 3648
2816 4641
2816 7926
2845 8347
2919 3171
2956 9195
3030 7926
3071 6448
3107 6373
3122 6373
3134 7292
3195 9206
3405 9208
3570 5616
3717 3893
3717 5720
3727 9215
3787 4731
3865 5038
3887 7290
3887 8917
3887 9193
3945 4092
3945 5065
3975 9195
3984 6373
4048 4187
4048 6203
4092 5065
4168 5983
4168 9152
4188 4839
4317 4536
4419 7290
4419 9210
4523 4632
4523 5606
4523 8297
4523 9205
4536 5681
4632 8411
4655 8981
4702 9207
4702 9211
4746 9214
4771 8197
4839 9215
4935 6431
5065 6160
5065 8981
5267 5599
5272 7290
5400 9161
5468 6498
5493 9204
5550 8411
5816 9203
6160 6247
6203 6588
6373 7325
6434 8905
6588 6619
6708 9152
6779 9212
6817 9201
7026 8824
7290 8917
7311 9197
7839 9191
8750 9152
8837 9152
8981 9152
9004 9152
9130 9152
