0 9369
26 9414
29 96
30 8688
42 729
42 968
42 2428
43 2098
43 4199
43 6250
43 6467
43 9393
73 762
74 1742
74 3166
74 5468
74 6498
74 7236
74 7371
76 2098
76 3166
76 8688
76 9397
83 1622
83 2098
83 6945
84 881
88 5141
88 9401
120 8061
128 304
133 2418
134 6160
134 6945
138 5082
153 9337
158 9416
162 7027
196 4159
201 9408
286 1115
286 2460
286 9402
287 7335
315 8297
351 5065
374 1198
374 5899
390 1255
391 4397
528 8780
531 9398
563 3414
563 6643
577 677
577 1242
577 6643
577 8297
577 9406
602 7857
610 729
610 836
610 8297
610 9412
613 2762
613 8837
618 9406
619 9414
621 677
621 2406
677 4280
712 9406
729 4949
729 6779
729 8837
729 9285
729 9393
729 9415
736 2627
794 2428
836 968
836 6996
836 7379
836 9285
839 6945
852 2318
852 9233
852 9294
881 6467
881 9386
895 3951
895 7127
895 8260
904 2098
904 9152
907 9294
907 9337
922 3636
928 1075
928 1255
946 4746
968 3166
968 4632
1002 1242
1006 6779
1036 5912
1057 7872
1106 4403
1106 5679
1106 9401
1115 9402
1128 9285
1144 1179
1179 1242
1179 2396
1179 4746
1179 4860
1198 5899
1242 1359
1242 2603
1242 4187
1242 4746
1242 5933
1242 7531
1255 1413
1255 2299
1255 3166
1255 3727
1255 4419
1255 4949
1278 3030
1278 6290
1298 3528
1335 4397
1359 9411
1364 6336
1366 1369
1366 5788
1395 7857
1470 2098
1470 4949
1470 9369
1470 9393
1525 7033
1539 1612
1539 2816
1571 8260
1612 5468
1612 6498
1622 5681
1636 9398
1636 9409
1742 9080
1742 9322
1755 5912
1836 4199
1877 2603
1917 2435
1917 2729
1917 7127
1917 7379
1917 9401
1917 9414
1929 6779
1994 9393
2053 7033
2057 9405
2098 2816
2098 6945
2098 8197
2098 9158
2102 4397
2123 9421
2124 9385
2149 2389
2149 2714
2158 5912
2256 3075
2292 5267
2319 2453
2319 4038
2389 8260
2406 5468
2406 9080
2418 5065
2418 6945
2418 9393
2428 4059
2428 4641
2428 5065
2428 9399
2453 4419
2460 7726
2460 9311
2472 7872
2627 6290
2627 9294
2756 6336
2756 9294
2762 2868
2762 3967
2762 9393
2762 9416
2771 7872
2816 3850
2816 4641
2816 9397
2820 5912
2995 5141
2995 9322
2995 9420
3023 9233
3030 4632
3030 8837
3107 9414
3160 3414
3171 9406
3265 4746
3283 3636
3313 5912
3313 9233
3341 4059
3414 6618
3636 6779
3687 4419
3687 8197
3727 9407
3967 7743
3973 4839
3973 9418
3992 4746
4038 4080
4038 7127
4059 5065
4059 8297
4092 9386
4117 4746
4117 9337
4141 4949
4171 4397
4187 9245
4187 9411
4187 9419
4280 9337
4323 4397
4329 8093
4397 4761
4397 8168
4403 8630
4419 6996
4419 7035
4419 7127
4419 8260
4632 9397
4632 9404
4641 7034
4641 8688
4641 9396
4727 5065
4731 7027
4746 4833
4746 5487
4746 5966
4746 6242
4746 7027
4746 7379
4746 7531
4746 8061
4746 8099
4839 8110
4866 9374
4866 9403
4866 9409
4949 5720
4949 6817
4949 7290
5065 9412
5267 5366
5267 6429
5306 9423
5362 6448
5366 7335
5493 5912
5679 6810
5679 8093
5720 9408
6250 8197
6290 8159
6290 9300
6315 7335
6373 6650
6373 9400
6373 9422
6383 9410
6498 9369
6576 9416
6779 9393
6916 8297
6945 8197
7127 8197
7335 9299
7491 9416
7857 9077
8110 9413
8197 9376
8837 9285
9374 9409
9407 9420
9414 9415
9416 9417
