2 677
7 9436
12 7027
14 9152
19 9425
29 4116
29 7379
29 9434
30 2086
42 117
42 546
42 2767
42 4157
43 1369
43 9446
70 226
70 1972
70 2650
73 762
73 1255
73 4615
73 9444
76 114
76 2031
76 8197
83 618
83 1515
83 7190
83 9436
96 1612
96 9424
97 677
114 546
114 1106
114 3195
123 1106
134 2762
134 4116
134 6945
134 9436
141 571
151 2418
153 536
153 852
153 2627
153 2767
153 5065
153 9321
158 286
158 2816
158 3171
158 6416
158 9427
158 9441
162 4080
162 7307
167 4397
196 5644
196 7190
201 1255
201 5720
204 1057
226 2062
226 2650
226 6498
226 8363
226 9449
249 1106
249 7335
249 9437
258 1763
258 9256
280 1144
280 1321
280 2488
286 2382
286 9427
287 2389
359 5018
405 2619
412 8197
414 9322
432 1880
432 3417
434 2816
528 2031
536 539
536 3501
536 5065
546 1057
546 1106
546 2741
546 4116
546 6596
546 9427
546 9441
556 4488
563 3414
563 4798
563 9432
568 6220
573 919
573 1048
573 1917
577 8809
577 9436
610 1774
610 9412
618 2529
618 9436
621 6945
621 9432
621 9434
634 2355
729 2741
729 7961
729 8096
729 9454
753 4080
762 2062
762 9445
836 1877
836 6996
836 7027
837 4373
839 4080
852 1364
852 8234
852 9428
852 9448
881 1057
881 5679
881 9415
895 4157
898 1636
904 9152
905 2650
905 2934
928 7961
968 1369
968 5783
1002 2956
1002 7998
1002 9447
1006 6315
1036 9434
1044 2956
1044 9312
1044 9447
1048 1877
1048 2767
1048 3984
1051 8197
1057 2156
1057 2956
1057 4080
1057 6779
1057 8416
1106 2741
1106 3195
1106 3377
1106 3417
1144 1148
1144 9452
1147 9421
1198 9168
1198 9294
1206 2529
1206 9426
1235 5658
1235 9444
1242 1359
1242 5933
1242 8676
1255 2299
1255 2319
1255 2741
1255 8234
1255 9426
1256 3313
1278 6290
1321 1947
1365 3075
1365 3417
1365 9156
1369 3975
1369 7335
1392 3313
1413 8234
1416 3975
1470 2762
1470 3887
1470 4727
1470 6683
1470 9430
1510 8809
1515 2118
1515 4031
1515 4523
1576 3887
1576 4949
1612 2816
1612 4798
1622 4798
1636 7998
1636 9204
1636 9430
1636 9441
1650 4489
1675 1786
1675 2943
1675 4746
1675 8099
1742 1894
1742 7371
1742 7961
1751 8297
1768 9245
1793 4397
1877 2319
1877 6996
1917 2360
1922 2767
1922 9435
1925 2053
1925 6779
2053 2360
2053 4080
2062 3166
2062 9122
2062 9449
2086 9450
2123 9421
2158 2319
2204 9110
2255 6162
2319 4419
2319 7127
2319 8301
2355 2650
2360 7034
2382 4187
2389 5596
2396 4798
2428 4641
2437 9446
2472 7872
2489 7480
2522 9451
2529 2627
2529 7186
2529 9380
2541 2762
2541 5306
2541 9321
2583 5679
2589 5471
2589 5679
2627 9441
2691 9439
2730 9259
2739 9441
2762 2767
2762 3088
2762 8096
2762 9152
2762 9442
2767 2956
2767 4632
2767 4746
2767 6220
2767 6756
2767 8096
2767 9423
2767 9441
2773 9424
2775 5306
2775 9423
2816 4615
2816 6467
2816 6683
2816 9341
2818 9438
2821 6945
2956 9312
2956 9441
3030 6498
3030 6596
3030 8363
3030 9444
3072 9383
3107 4615
3113 5009
3166 7961
3171 4798
3171 4841
3171 4886
3171 6683
3171 9436
3171 9440
3283 8197
3313 9426
3355 4798
3381 6779
3417 9427
3447 4397
3484 3975
3636 9429
3727 9407
3844 5179
3855 7186
3855 8197
3973 9418
3975 7335
4007 9451
4031 5550
4031 8809
4038 4080
4056 4488
4080 4746
4080 4866
4080 7027
4080 7236
4080 7307
4116 6596
4116 8197
4117 9204
4117 9429
4151 8093
4171 4397
4187 6683
4187 8096
4187 9419
4373 4746
4373 8981
4397 5681
4419 8301
4467 9409
4488 4839
4488 6498
4632 4798
4632 9441
4641 7034
4727 9430
4746 4833
4746 4886
4746 5551
4746 7190
4746 7379
4746 8809
4798 5065
4949 7290
5041 6416
5065 6945
5065 9442
5366 9441
5468 9322
5599 9445
5720 6280
5720 7186
5720 8096
5720 9426
5915 9433
6203 9393
6203 9438
6280 9426
6280 9429
6280 9448
6373 9422
6416 9425
7127 8197
7290 9443
7616 9431
7857 9077
8099 8382
8119 9438
8137 9160
8197 9455
8297 9080
8313 9283
8363 9122
8849 9168
9024 9453
9080 9434
9122 9449
9245 9409
9312 9447
9377 9378
9407 9420
9436 9440
