7 9440
7 9480
12 43
25 9458
29 2730
29 2816
29 9458
42 1879
42 9479
43 4746
43 5498
43 9311
46 9457
70 9471
72 2319
73 762
76 6280
76 9457
76 9482
83 8841
84 946
101 5599
108 351
108 883
110 1854
110 8260
110 9458
115 1422
130 1198
138 286
138 736
138 921
138 1206
138 6280
138 9311
140 3086
151 5021
153 4746
153 5577
153 6280
153 9311
155 1877
155 1917
158 2382
158 6448
158 6936
158 9454
158 9465
158 9474
167 7658
196 546
196 2158
196 2223
196 2767
196 7871
196 7985
196 9459
204 258
226 1366
226 9449
258 1763
286 6936
297 686
297 1244
297 1413
297 3453
359 5018
374 9477
390 1255
412 8197
412 9458
432 5241
433 5498
536 8197
536 9466
545 4212
546 729
546 4116
546 9459
546 9482
577 5065
577 8512
577 8841
577 9480
613 3062
636 1863
641 2762
669 9407
691 9368
703 9368
712 8841
729 1863
729 2529
729 6280
736 1255
736 3887
736 3969
823 1854
836 9462
837 2389
837 4746
852 9368
852 9448
881 9408
881 9463
891 5366
891 9461
891 9468
905 2650
905 2934
905 4064
928 4746
946 1917
946 3107
968 2255
1006 6315
1044 1051
1044 2234
1044 9042
1044 9312
1048 2767
1048 5498
1051 8197
1057 1106
1106 4092
1106 4746
1106 9474
1126 3414
1244 1413
1255 1863
1255 5498
1256 9470
1265 9469
1268 4632
1268 9467
1359 2529
1359 2762
1359 3062
1359 6779
1359 8525
1359 9071
1359 9474
1369 9467
1390 4117
1390 5125
1392 9322
1510 9468
1515 4910
1539 1751
1539 4746
1540 7754
1540 9464
1540 9468
1576 1863
1576 2522
1576 3887
1576 7985
1576 9481
1581 6784
1606 9460
1622 2360
1622 9407
1636 9456
1675 8099
1717 3313
1751 6467
1751 9459
1788 4994
1854 2027
1854 6784
1863 5243
1863 6576
1917 6945
1917 9322
1925 8796
1971 2389
1972 2158
1972 6280
1972 9449
2053 2762
2148 3313
2158 2930
2158 3484
2158 5498
2158 6373
2223 5692
2223 5831
2223 9152
2243 2902
2243 4746
2286 2396
2286 9461
2319 4419
2319 7127
2319 9457
2389 8260
2389 8796
2412 2603
2455 9473
2489 7480
2529 2762
2529 4746
2593 8197
2691 9439
2730 4746
2730 6160
2762 2902
2762 3388
2762 6463
2762 6867
2762 9368
2762 9478
2767 3254
2767 8525
2767 9458
2767 9465
2902 3107
2902 3195
2930 9459
2943 4746
2956 5366
2956 9195
2956 9479
3013 9481
3024 9462
3062 7331
3107 4746
3107 5243
3107 9352
3122 8796
3171 4798
3414 6779
3474 9395
3484 9457
3727 9407
3855 5577
3882 8277
3887 5243
3887 7290
3975 5599
3984 4746
4092 8197
4092 9455
4117 9482
4126 6373
4171 9464
4187 4746
4216 7356
4323 8970
4419 7127
4419 8260
4456 7985
4546 6767
4546 9458
4632 9454
4632 9467
4632 9474
4680 5498
4727 9430
4746 5720
4746 8981
4839 9474
4910 9444
4910 9463
4923 7379
4987 5599
4994 9322
5065 6945
5065 8841
5200 8301
5241 6945
5362 9482
5366 6779
5366 7335
5366 9461
5366 9466
5692 7109
6018 6779
6064 8301
6124 9368
6161 9481
6248 9476
6280 6619
6315 6498
6474 8077
6779 9245
6779 9458
6779 9466
6810 9457
6867 9352
6936 9425
7331 8796
7335 8260
7335 9299
7871 7985
8093 9470
8197 9245
8197 9338
8671 9447
8970 9474
9024 9453
9152 9469
9408 9458
9414 9415
9441 9456
9461 9466
9470 9475
9472 9473
9481 9482
