2 9533
7 5215
12 7658
19 5479
26 70
29 138
29 253
29 729
29 1972
29 5173
30 1824
30 3067
42 63
42 2360
42 8121
43 1917
43 2126
46 3030
61 2158
70 729
70 1786
70 8882
70 9471
76 3171
76 7463
83 5173
83 8297
83 9542
83 9550
114 4280
114 9545
133 5468
138 1255
138 2919
138 5066
141 6619
153 9525
153 9560
153 9561
153 9565
158 1972
158 4117
158 5066
158 6220
158 6619
158 9448
158 9501
158 9526
158 9527
158 9533
158 9543
158 9558
184 1068
196 4187
196 9492
226 8363
286 6220
297 4187
315 8297
339 4997
370 4117
374 4117
383 2692
407 919
407 2919
407 5125
407 6779
407 9550
447 5173
528 9564
536 1576
536 2650
536 2762
536 4507
539 2598
546 2292
546 6692
556 922
556 4798
556 5265
559 1877
570 9550
577 9158
577 9469
577 9552
613 1562
621 904
621 3030
621 9492
712 4187
712 9550
729 852
729 1106
729 6108
729 8197
729 9284
762 5652
813 4731
821 9525
837 3457
837 4187
852 3681
852 6817
852 6947
852 9560
881 4171
881 8526
895 9189
904 1255
904 1972
904 2086
904 2158
904 2319
904 2529
904 3030
904 3158
904 4523
904 5270
904 5468
904 5652
904 8197
921 1369
921 6498
928 1075
948 2319
1002 2583
1002 9533
1002 9539
1006 4670
1048 1563
1048 1917
1048 2126
1057 2762
1057 8526
1057 9385
1057 9524
1106 4117
1115 8947
1144 3509
1144 8758
1255 2086
1255 2158
1255 2255
1255 4523
1255 5468
1255 6810
1255 7290
1256 2545
1256 9448
1256 9544
1256 9565
1359 1636
1359 2053
1359 5125
1359 5933
1359 6779
1359 9469
1359 9555
1361 9526
1361 9533
1365 3681
1369 1540
1369 1877
1369 9555
1395 6439
1413 5125
1470 4488
1470 4727
1470 6769
1510 5125
1540 4117
1563 1917
1576 2762
1576 4488
1576 4727
1576 5173
1576 6779
1576 9550
1622 4536
1636 3636
1636 5215
1660 2767
1687 2053
1724 9552
1745 9560
1755 9554
1786 5215
1786 9536
1825 4171
1836 2453
1877 2319
1877 2453
1877 4997
1877 9533
1894 9557
1917 2126
1917 2943
1917 4171
1972 2730
1972 4187
1972 4523
1972 5468
1972 6220
1995 8363
2118 2816
2118 4031
2118 5479
2122 9189
2122 9554
2123 8338
2124 9526
2149 4080
2156 3509
2156 4727
2156 9525
2158 2319
2158 7290
2169 8363
2177 2529
2177 3681
2177 6817
2184 8600
2199 5366
2199 6770
2199 6843
2223 9526
2243 9536
2255 2319
2255 4589
2292 3171
2292 4536
2292 6692
2292 9533
2292 9550
2313 9204
2319 2619
2319 9550
2324 7335
2324 9189
2389 4997
2453 9280
2529 2545
2529 5720
2529 9524
2599 2970
2603 5574
2603 7335
2619 6108
2650 5215
2692 9524
2756 5173
2762 4488
2762 5173
2816 5479
2821 8297
2919 4589
2919 6220
2919 6498
2919 9525
2919 9562
2943 9565
2956 9195
3030 8363
3158 4523
3171 4771
3171 6220
3171 6619
3171 8099
3171 9533
3171 9534
3183 4212
3313 3578
3313 9560
3326 5362
3355 9530
3453 9542
3457 4187
3457 4746
3457 9548
3484 8796
3484 9539
3636 5720
3636 7034
3636 9385
3636 9537
3646 9519
3681 6817
3745 8600
3756 6108
3951 7127
3969 9539
3992 9292
4031 4783
4031 8886
4058 9492
4117 4727
4117 6797
4117 9204
4117 9532
4117 9533
4117 9555
4171 4536
4171 5009
4171 6596
4187 4488
4187 9550
4187 9553
4187 9556
4280 4746
4414 5448
4419 7658
4448 9494
4488 9547
4507 8466
4536 9533
4589 4731
4589 8970
4589 9466
4632 9543
4641 9560
4641 9564
4746 6220
4746 9529
4771 6619
4771 9560
4910 9444
4997 7335
4997 9189
5065 9469
5065 9541
5066 5468
5066 8197
5362 9245
5366 9466
5448 9546
5468 9543
5490 7127
5493 9563
5504 9152
5560 9526
5616 9563
5652 9535
5682 9469
5720 9531
5966 9492
6220 6619
6220 8340
6220 8382
6220 8467
6220 9550
6264 9439
6498 9525
6498 9550
6576 9521
6619 7463
6619 8467
6692 9533
6779 8466
6779 9245
6779 9466
6779 9549
6945 9385
7034 8550
7290 9542
7855 9446
8093 8947
8099 8382
8099 9532
8121 9503
8197 9189
8197 9528
8197 9553
8416 9549
8466 9466
8466 9551
8466 9559
8758 8824
8824 9540
8970 9523
8970 9536
9080 9533
9152 9352
9152 9522
9152 9541
9168 9469
9428 9507
9441 9538
9470 9544
