0 7336
41 10180
42 10186
43 158
43 10192
46 133
46 156
46 196
46 258
46 712
46 1223
46 1268
46 1818
46 1877
46 3171
46 4116
46 5065
46 7391
46 9323
49 6064
59 6867
60 3030
76 917
76 2360
76 3158
76 5550
76 7391
76 10164
83 133
83 3030
83 5065
83 7290
83 8190
88 8567
97 1255
103 3171
133 618
133 4116
133 5065
140 7336
153 7290
153 9776
156 3030
196 1115
196 2156
196 2323
196 2762
196 4171
196 4831
196 6232
196 8190
196 9152
196 9469
258 304
276 3171
276 9776
286 3456
304 8466
304 10171
348 10189
374 9851
383 1057
383 1390
383 10188
510 2845
528 8008
528 10170
539 1365
539 6429
539 8197
539 8272
556 938
556 10167
577 3171
610 2762
618 3171
618 9695
621 729
621 897
621 1877
621 2821
621 5550
621 6888
621 7290
621 8297
621 10036
621 10181
712 2100
712 5065
712 6888
712 8190
712 9323
729 5065
729 8297
729 9323
729 9776
771 6203
774 10188
820 10164
852 4949
852 5065
883 10036
883 10184
917 1106
917 3030
917 3377
917 7658
917 10164
920 10126
938 4283
999 9962
1002 5065
1012 1140
1024 10164
1057 1576
1057 2762
1057 2767
1057 10163
1106 8190
1115 8190
1115 10179
1144 2919
1144 10090
1170 4731
1242 3171
1242 9776
1255 2529
1255 3856
1255 4841
1255 5468
1255 5720
1321 4949
1359 8190
1359 10075
1359 10187
1361 5616
1361 7034
1369 8272
1413 10186
1422 9776
1436 2529
1436 2670
1436 4641
1469 10175
1470 7290
1540 9776
1576 10171
1622 3171
1622 9695
1786 5215
1818 7391
1824 10184
1831 8008
1831 10178
1904 2529
1917 2184
1917 10154
1917 10164
1922 4193
1977 10176
2019 10182
2027 5596
2043 4489
2063 9428
2089 3088
2089 3636
2124 9368
2156 4585
2156 7034
2199 8272
2309 6619
2309 6942
2350 7290
2360 5065
2389 4997
2389 5596
2529 3856
2529 7290
2670 3707
2670 4140
2670 4783
2756 9428
2762 4831
2762 6203
2762 9469
2762 10181
2767 5929
2767 7155
2816 3313
2816 4841
2816 5550
2816 5669
2816 8881
2888 4964
2888 9744
3030 3158
3030 4032
3088 5065
3166 9781
3171 5065
3171 7290
3171 9695
3171 9776
3313 4949
3313 5441
3322 10173
3330 5720
3341 10016
3341 10178
3380 5616
3417 7463
3636 9136
3648 5550
3648 5828
3764 8373
3780 7336
3843 3967
3856 5065
4092 9045
4092 10188
4116 5065
4117 5065
4187 10040
4216 8272
4216 9781
4358 4994
4419 10176
4507 5125
4507 6779
4507 8466
4746 5220
4746 8472
4746 9863
4746 10040
4831 9469
4839 4924
4910 10174
4924 5682
4949 8566
5041 10174
5065 7034
5065 7391
5065 8467
5065 10164
5065 10184
5065 10190
5125 5935
5366 7290
5560 8190
5616 5649
5652 10164
5720 10158
5926 8297
5929 6319
5931 10166
5966 10184
6203 10090
6203 10164
6230 6505
6319 6817
6373 10185
6403 10170
6413 10013
6413 10177
6448 9920
6498 7336
6619 7290
6779 7290
7156 9871
7290 7391
7290 8190
7290 9695
7290 10149
7335 8190
7335 10176
7391 8981
7391 9502
7463 9483
7743 10164
8119 10187
8190 9152
8197 10163
8225 10135
8234 9871
8272 10186
8297 10036
8364 10171
8364 10180
8373 9152
8373 9851
8484 10157
8935 10165
9011 10191
9152 9851
9152 10144
9152 10189
9330 10183
9422 10090
9550 10181
9591 10172
9596 10173
9744 10169
9831 9869
9939 10189
10013 10177
10040 10179
10058 10168
10075 10193
10157 10158
10163 10178
10174 10181
10185 10187
