0 25
0 89
0 348
0 851
0 1282
0 1295
3 1290
7 42
7 76
7 146
7 370
7 461
7 852
7 1161
7 1198
7 1291
14 109
14 132
14 170
14 370
14 461
14 504
14 565
14 570
14 618
14 852
14 1198
14 1268
19 196
19 348
19 388
19 565
19 904
19 1264
19 1278
25 73
25 76
25 109
25 121
25 184
25 206
25 247
25 249
25 348
25 404
25 460
25 570
25 610
25 712
25 810
25 899
25 928
25 948
25 1206
25 1211
25 1243
25 1292
25 1295
25 1300
26 42
26 121
26 162
26 206
26 370
26 461
26 621
26 898
26 946
26 1177
26 1214
26 1242
26 1255
26 1285
26 1298
29 1243
30 810
37 73
42 137
42 195
42 461
42 610
42 659
42 1242
42 1255
42 1268
46 196
46 460
46 948
46 1278
47 1185
48 946
48 948
48 1198
56 1233
61 570
61 1242
65 946
68 1298
73 121
73 201
73 390
73 434
73 570
76 109
76 121
76 138
76 270
76 461
76 539
76 570
76 685
76 780
76 904
76 946
76 948
76 1039
76 1177
76 1211
76 1214
76 1255
76 1277
76 1278
76 1282
76 1285
76 1291
76 1299
76 1300
80 1237
80 1255
80 1283
89 206
89 760
90 810
95 836
95 1299
96 403
96 460
96 1179
96 1234
96 1290
97 121
97 836
97 1186
97 1255
103 1283
109 349
109 404
109 446
109 461
109 573
109 1057
109 1285
109 1300
109 1301
115 573
115 729
115 1057
115 1295
121 138
121 201
121 206
121 348
121 390
121 434
121 446
121 460
121 570
121 899
121 1039
121 1128
121 1186
121 1200
121 1237
121 1284
121 1302
123 570
123 685
123 946
123 1287
127 946
129 1255
134 1242
136 1242
137 891
137 946
137 1268
138 1255
140 206
146 189
146 1291
153 461
153 948
158 1115
158 1283
162 1253
168 621
170 836
170 904
184 404
184 1057
188 1300
189 370
189 447
189 461
189 570
189 675
189 946
189 1243
195 206
195 621
196 1179
196 1247
196 1288
201 1200
201 1255
201 1285
201 1300
206 247
206 348
206 570
206 760
206 771
206 1164
206 1226
206 1243
206 1268
206 1286
221 899
235 1242
258 685
270 1300
289 455
289 610
289 671
311 644
330 1290
348 610
348 729
348 1106
348 1177
348 1292
349 613
349 694
349 852
370 712
370 729
370 852
370 1039
370 1198
370 1233
370 1242
370 1243
370 1291
370 1298
370 1300
404 659
404 1057
404 1291
406 1242
414 460
434 570
442 780
446 1057
446 1237
447 570
447 1301
455 570
455 671
455 685
455 1164
455 1283
455 1292
455 1295
460 621
460 904
460 1128
460 1212
460 1243
461 505
461 565
461 570
461 694
461 851
461 1057
461 1185
461 1211
461 1242
461 1255
461 1268
461 1290
461 1294
461 1300
487 1211
490 948
505 1300
539 1031
539 1211
565 570
565 780
565 851
565 1242
565 1283
565 1292
565 1305
566 1282
566 1291
570 729
570 946
570 948
570 1185
570 1206
570 1211
570 1242
570 1292
570 1300
570 1301
608 1300
610 729
610 1177
610 1292
613 1179
613 1300
613 1306
621 729
621 904
621 1292
621 1300
644 903
644 1115
644 1289
659 1278
685 903
685 1057
691 1039
691 1200
691 1206
712 1211
729 810
729 898
729 1039
729 1290
729 1292
729 1298
733 1292
760 1292
765 938
765 1191
772 1278
780 1283
836 1189
836 1292
852 1039
852 1177
852 1185
852 1200
852 1256
852 1286
859 1242
881 1211
881 1234
898 1002
898 1214
899 1214
903 928
903 1206
928 1295
948 1211
948 1242
960 1300
997 1031
1002 1214
1002 1242
1002 1278
1002 1300
1031 1148
1031 1300
1039 1286
1057 1227
1057 1233
1057 1269
1057 1285
1106 1234
1106 1292
1115 1255
1128 1177
1133 1200
1140 1300
1185 1256
1186 1255
1206 1291
1206 1300
1214 1242
1227 1285
1237 1283
1242 1268
1243 1288
1243 1298
1243 1303
1255 1284
1256 1286
1277 1297
1278 1304
1283 1291
1292 1293
1295 1296
1300 1301
