8 461
12 5943
26 839
26 10149
26 10198
29 839
29 3676
41 2156
42 1604
42 4949
42 5272
43 4585
43 4632
43 8766
43 10036
46 1877
46 3030
56 4382
56 10261
59 196
59 621
59 9469
59 9958
76 3676
77 4783
77 8272
83 10206
89 7208
90 5803
101 2435
110 4157
110 7659
140 7710
141 201
141 1365
141 10283
153 4585
153 10288
158 10050
190 3785
196 621
196 2256
196 8173
196 9152
201 1206
201 2660
201 10283
226 4783
258 8119
280 8550
286 7093
287 4164
298 7194
315 3177
348 449
368 599
383 6413
383 10025
383 10214
390 1255
390 5468
390 7710
407 762
407 4632
432 505
434 7984
440 4632
449 3405
455 4530
455 10244
482 3086
528 10269
568 10260
571 852
573 2255
573 6108
573 6708
577 1017
577 2762
577 5606
599 837
599 2197
599 4157
599 4731
599 6009
608 7710
618 712
618 1774
618 3171
618 6280
618 10198
618 10262
621 1543
621 4031
621 6108
621 7391
621 7984
621 9958
621 10036
703 3505
712 1774
712 7391
712 9238
729 839
729 3676
729 10266
729 10281
762 4358
762 6108
762 10269
839 3415
839 5550
839 6108
852 5720
852 10283
885 1206
897 8282
905 7093
917 3322
921 1298
921 5141
921 10293
948 5305
1002 5703
1017 4702
1017 6373
1048 1917
1057 10265
1070 3515
1106 4949
1106 5272
1115 10050
1144 6413
1144 10035
1144 10202
1177 2089
1177 8197
1177 10040
1206 4908
1206 10283
1247 2762
1247 9652
1255 3785
1255 5468
1256 10122
1268 4746
1268 5305
1268 10266
1359 2762
1359 7984
1359 10295
1369 8197
1392 2292
1413 4746
1470 6498
1470 6582
1470 7984
1470 9553
1470 10276
1576 3341
1576 5720
1576 10035
1576 10259
1576 10276
1604 3636
1622 3313
1622 10198
1625 2739
1625 5493
1625 7034
1636 4117
1636 10283
1658 9924
1672 5943
1769 6779
1794 3313
1818 5550
1824 6624
1824 10261
1831 9432
1831 10273
1877 4358
1877 5305
1917 5943
1917 6708
2019 4216
2053 3632
2053 5305
2063 2607
2089 3639
2089 10040
2156 5971
2156 6779
2255 6708
2255 8121
2256 8173
2256 9469
2286 5703
2292 10128
2313 3391
2319 4164
2319 10283
2364 8567
2364 10202
2389 4164
2389 4997
2389 5596
2472 9786
2488 2529
2529 5720
2529 9522
2529 10149
2529 10261
2529 10279
2619 4723
2621 10275
2645 5553
2650 5943
2660 6498
2660 9147
2730 4746
2730 7213
2730 10211
2730 10281
2739 5493
2762 3636
2762 4585
2762 7391
2762 10287
2767 10247
2775 9522
2775 10286
2820 3632
2919 3943
2919 6413
2956 8445
2957 6498
3072 5065
3171 4117
3171 5912
3171 6517
3171 7391
3171 10198
3177 7391
3177 9152
3233 7194
3313 10285
3322 10289
3341 7391
3391 10267
3415 10027
3458 9292
3458 10052
3479 10278
3632 4731
3632 8272
3636 4702
3648 4523
3648 5141
3745 4949
3745 10261
3816 10283
3975 7659
4011 9948
4031 4783
4031 6498
4031 10266
4038 4358
4090 10263
4090 10290
4092 10258
4092 10276
4117 10259
4117 10288
4164 8272
4216 4358
4242 6100
4243 6867
4280 10206
4358 7391
4358 10272
4585 4731
4585 10245
4591 10264
4632 7208
4632 10256
4702 9652
4731 5703
4731 9323
4731 9948
4731 10090
4731 10184
4731 10253
4746 5966
4746 10090
4746 10261
4771 8121
4771 9924
4771 10265
4783 5606
4783 8202
4783 10036
4798 9962
4839 10270
4908 10283
4910 10036
4949 10282
5018 10286
5065 6108
5065 10184
5065 10219
5065 10244
5065 10276
5106 8939
5115 8364
5141 5606
5141 6498
5141 8202
5265 7093
5272 10164
5305 10268
5347 6593
5347 8364
5427 5912
5468 9620
5468 9924
5468 10206
5550 10266
5606 10206
5616 5649
5720 10013
5720 10276
5720 10279
5912 7290
5912 8515
5917 8121
5966 9458
5971 6498
6018 10277
6064 9786
6108 7391
6108 9323
6108 10280
6165 9309
6171 7658
6203 6582
6203 7690
6203 9522
6203 10219
6203 10294
6280 10122
6319 10050
6319 10285
6373 9336
6413 7290
6413 8364
6413 9841
6413 10259
6413 10276
6576 6582
6576 10265
6582 7034
6582 10265
6708 6867
6708 7391
7007 9536
7290 10164
7292 10261
7391 10206
7391 10272
7855 9786
7984 9152
7984 9958
8093 10285
8272 10261
8409 10288
8469 10211
8849 10252
9081 10283
9292 10283
9323 9522
9323 9948
9848 10262
10040 10261
10040 10263
10124 10261
10139 10265
10158 10265
10164 10262
10183 10284
10219 10271
10274 10275
10291 10292
