3 762
7 3171
14 83
14 201
14 729
14 1242
14 1359
14 2156
14 3171
14 4456
14 4746
14 4910
14 8671
14 10465
14 10498
14 10529
25 2111
29 1057
29 3171
29 10374
29 10496
42 1636
42 9158
42 10465
43 1755
43 10543
65 1290
65 9826
72 771
72 10369
76 10040
83 9285
90 1198
96 4116
97 8197
133 7290
153 2762
153 9330
158 1788
158 5065
158 9330
158 10529
189 2816
189 8503
196 4731
196 10538
201 10476
236 4746
258 9158
280 1636
280 2360
283 1198
283 4746
304 397
304 4116
304 10543
370 8565
391 1517
391 2413
397 837
397 1057
397 5065
397 10040
408 7290
447 4746
447 5065
447 5265
467 5672
519 2989
519 7397
546 726
546 4895
568 4466
577 4949
610 1057
610 1774
610 5065
610 10407
621 4135
726 1972
726 2767
726 2919
726 4092
726 4187
726 4632
726 9596
726 9789
726 10374
729 2762
729 3171
729 10206
736 10206
762 1517
762 3975
762 8484
762 8901
762 10533
771 10369
839 3107
852 6223
852 8510
852 10405
898 5577
904 10342
1002 3171
1011 1289
1041 8197
1041 8969
1057 1232
1057 1255
1057 2762
1057 3910
1057 3984
1057 4746
1057 5621
1057 7391
1057 10040
1057 10545
1106 2762
1106 3171
1122 1943
1198 4746
1198 8099
1206 4140
1206 5065
1206 10040
1206 10536
1206 10539
1242 9874
1255 2027
1255 2255
1255 2845
1255 3910
1255 4466
1255 5468
1255 7658
1255 9158
1255 9557
1255 10367
1264 2562
1264 10450
1359 2762
1359 3171
1359 9709
1361 10531
1361 10540
1422 5625
1449 2919
1470 1523
1470 2762
1470 10529
1514 9285
1523 2395
1523 2919
1523 7399
1523 10534
1551 1787
1576 3171
1576 3910
1576 8197
1576 10293
1576 10347
1576 10476
1576 10529
1612 3648
1622 10529
1633 7391
1636 2762
1636 7355
1636 8969
1636 10543
1687 10542
1717 6548
1768 4397
1788 10347
1818 2762
1824 8634
1825 8015
1908 8596
1917 4243
1917 4746
1917 8519
1959 7647
1971 3381
2111 8197
2156 2762
2156 3171
2156 10476
2204 4731
2223 10525
2243 10531
2255 7335
2255 10545
2286 3930
2453 9874
2529 8732
2529 10224
2583 5265
2598 9158
2660 5680
2674 5305
2750 10535
2756 2885
2762 3125
2762 3171
2762 4092
2762 5065
2762 5362
2762 6467
2767 10532
2775 10522
2885 4908
2885 6548
2885 7722
2919 3456
2956 8596
3023 6223
3023 8732
3065 10542
3107 7924
3171 4117
3171 4949
3171 5065
3171 6779
3171 7290
3171 10528
3171 10529
3171 10546
3341 3381
3341 4403
3341 7355
3341 10507
3380 3682
3380 9330
3381 5966
3414 6203
3484 5305
3484 5577
3540 7007
3631 9130
3636 4092
3636 10531
3648 5468
3648 10533
3673 10487
3910 4092
3910 8197
3930 4117
3930 5672
3930 6779
3984 8173
3984 9465
3984 9596
3984 9985
3984 10537
4018 9147
4092 10040
4092 10224
4092 10531
4116 4397
4140 5859
4140 10536
4140 10539
4171 6202
4187 10374
4243 8519
4280 9285
4466 4731
4466 5699
4507 10347
4632 5305
4704 5065
4704 8067
4704 9168
4731 6448
4746 6692
4746 7391
4746 8099
4746 8519
4746 9446
4783 10476
4783 10533
4839 5900
4910 7290
4910 10342
4949 9323
5065 7391
5065 8067
5065 9596
5065 10040
5065 10224
5065 10342
5065 10529
5065 10536
5065 10537
5065 10545
5278 8565
5362 10484
5366 8596
5366 10476
5479 10532
5616 8596
5682 6373
5682 9708
5699 8596
5859 10536
5900 10540
5966 10166
6203 10536
6203 10540
6203 10541
6220 7924
6300 7525
6300 9715
6373 8634
6373 9708
6373 9958
6373 10537
6498 10533
6692 10530
6779 8596
6779 9168
7007 9536
7034 8969
7290 9431
7290 10544
7335 9687
7355 8015
7391 8015
7391 10206
7391 10537
7443 10520
8015 8969
8015 10527
8067 10040
8197 9465
8197 9939
8567 10526
8567 10527
8969 9948
9168 9709
9168 10224
9323 9431
9330 10347
9431 10544
9789 10321
9789 10519
9966 10465
10040 10071
10040 10536
10071 10304
10321 10538
10342 10366
10465 10545
10536 10539
