4 510
14 3171
14 4910
25 2111
26 453
29 96
30 108
42 839
42 1057
42 2669
42 2762
42 4026
42 10557
43 2603
43 4632
43 4731
61 4746
73 1255
73 2845
73 5270
74 7190
76 2592
93 2762
93 8015
93 10299
96 97
96 2943
96 5141
108 121
174 10416
189 5471
190 4746
190 7569
196 9152
201 10557
204 686
206 5949
297 1543
297 5493
297 9596
304 10457
315 2393
315 3648
315 4879
315 8197
335 1956
383 10347
403 7569
407 2292
407 4548
407 4949
407 5065
407 6358
407 7944
434 1198
434 10366
442 10332
442 10457
444 5065
461 2816
467 4397
467 5672
467 9848
467 10548
478 610
536 577
536 3636
536 5699
539 2111
539 2413
539 10564
568 4523
573 2111
573 3951
573 5812
577 1825
577 2156
577 3171
577 4026
577 4798
577 9323
577 10560
599 990
599 10553
610 2762
610 5065
610 9152
613 2156
613 9466
621 2762
621 3575
621 9152
621 10559
641 4092
659 1002
659 1057
659 1636
659 2739
659 2762
659 5065
659 5366
659 5493
659 5616
659 6779
659 9929
659 10465
686 4011
686 5065
708 2422
708 9649
726 8901
729 10549
736 9722
762 1517
762 2488
762 4632
762 5577
762 6800
762 10265
762 10562
762 10567
771 10369
836 7335
837 5224
837 8015
837 10040
837 10347
852 922
852 3313
852 6223
852 10547
852 10552
852 10565
904 2534
904 10536
922 2428
922 4488
996 4116
996 4866
1002 2762
1002 4746
1002 5812
1002 10560
1057 1470
1057 2592
1057 3984
1057 6779
1060 4949
1106 6708
1115 8093
1115 10347
1115 10565
1206 1636
1242 4216
1242 10560
1255 2027
1255 2669
1255 8093
1255 10567
1255 10568
1268 1877
1268 3330
1295 10090
1298 9984
1312 2223
1321 10040
1359 9158
1369 4771
1390 3636
1392 8133
1395 1525
1402 4126
1402 10550
1413 6569
1413 8569
1470 10568
1483 4246
1543 9152
1554 10552
1561 10040
1576 3636
1576 4092
1576 10040
1576 10347
1576 10556
1576 10558
1576 10559
1576 10568
1622 10560
1625 1687
1625 2592
1625 5305
1636 2592
1636 9158
1675 1824
1675 2086
1737 2156
1785 4187
1785 4632
1786 2762
1786 6708
1788 10236
1788 10407
1824 2086
1825 4379
1825 6429
1825 9323
1877 3330
1917 4466
1917 4783
1917 8519
1917 10549
2019 10564
2027 2389
2076 4382
2111 7611
2111 8197
2111 8901
2118 3648
2122 8260
2156 4216
2156 8433
2156 10166
2156 10551
2192 8626
2255 3575
2324 3000
2324 4746
2324 8519
2357 10550
2389 2840
2389 8901
2393 3648
2428 10562
2489 8260
2492 9431
2504 4783
2522 5065
2529 10565
2592 5065
2592 6779
2592 9168
2592 9446
2600 10548
2603 4746
2617 10550
2619 10563
2660 10570
2739 5616
2756 7290
2756 10559
2756 10570
2762 3171
2762 5699
2762 6203
2762 9158
2762 10040
2762 10299
2762 10556
2762 10569
2767 10220
2767 10562
2787 8197
2816 2902
2816 3930
2840 3405
2840 8197
2845 5135
2902 5613
2989 4280
3000 10558
3072 3930
3072 10566
3099 5065
3099 10550
3107 3183
3107 4746
3107 10218
3171 4746
3171 4949
3171 6203
3171 6429
3171 6779
3171 9466
3171 10040
3171 10546
3171 10569
3183 10487
3281 6569
3313 3707
3313 10552
3313 10570
3484 5577
3484 10563
3575 4910
3575 10347
3636 4092
3648 5468
3707 10570
3759 7335
3975 8260
4092 8433
4092 10040
4092 10374
4092 10562
4117 5347
4117 10040
4171 4783
4239 10561
4243 8519
4317 8197
4507 10347
4523 4632
4544 6505
4731 5812
4731 10090
4731 10555
4746 5816
4746 7391
4746 8519
4763 10565
4771 8133
4771 8626
4771 10040
4783 5812
4783 10558
4798 4839
4798 5065
4798 5615
4839 10562
4910 10465
4924 5941
4949 5065
5065 9323
5065 9998
5065 10457
5065 10550
5065 10556
5065 10557
5065 10562
5065 10569
5267 8197
5272 10548
5305 5616
5362 5724
5362 10090
5408 9649
5471 10166
5674 6161
5682 6373
5682 9130
5682 9708
5724 9466
5812 8467
5816 10218
6203 9998
6203 10040
6203 10541
6310 7569
6373 9130
7290 9722
7290 10559
7658 8565
7801 8433
7944 9285
8015 10299
8067 10265
8197 9848
8224 8984
9168 10556
9323 9998
9431 10559
9446 9848
9596 9789
9848 10293
9962 10547
10040 10458
10220 10558
10347 10561
10387 10549
10550 10554
