19 762
36 70
36 4157
37 10465
41 158
41 5864
41 9472
41 10645
41 10776
41 10985
42 9458
43 108
43 110
43 201
43 1255
43 2062
43 10941
43 10967
43 10968
43 10986
51 5720
61 2453
70 1786
73 2062
76 4546
76 4632
76 5864
96 4000
96 9977
108 5550
110 1255
110 1264
110 2319
153 5864
153 6678
158 4546
158 9722
158 10883
158 10949
158 10986
175 2319
190 1298
196 8140
196 9649
199 5699
247 1298
273 2756
297 8140
298 3882
351 3125
403 1255
403 1369
403 6498
423 9483
434 2453
434 3107
434 9722
442 4117
442 10989
449 4216
455 1359
528 10979
539 2255
556 4839
568 9335
568 10986
572 5599
573 3313
573 4589
573 5857
573 10977
577 1198
577 4910
577 4949
577 9444
577 10993
610 7190
621 8131
621 9000
634 875
634 1255
637 1057
637 4632
637 5012
637 6429
637 7266
673 3072
712 9323
729 8121
762 5550
762 9000
762 10989
774 1812
837 10040
852 4488
852 6982
852 9292
852 9431
852 10977
852 10980
852 10990
852 10999
875 10930
891 10967
895 10957
897 8298
928 8121
1002 1704
1002 4589
1057 7266
1057 10991
1058 4582
1070 1365
1115 9330
1115 10949
1198 2284
1198 4242
1198 6810
1198 8197
1206 5471
1244 9483
1255 2529
1255 2816
1255 2845
1255 3484
1255 3676
1255 5141
1255 7290
1255 8272
1255 10883
1256 10068
1256 10939
1256 10980
1264 5031
1264 8197
1334 9562
1335 5141
1335 5550
1335 8272
1336 9562
1359 2825
1359 4216
1359 10992
1361 7216
1361 10987
1365 2428
1365 2756
1365 5720
1365 6800
1365 10991
1369 2412
1369 3405
1369 7855
1369 10967
1413 2412
1517 10988
1521 5550
1576 4092
1576 10866
1576 10951
1588 6203
1636 1861
1636 6203
1680 8379
1709 8634
1737 2943
1786 8298
1786 9335
1786 10966
1786 10989
1812 10981
1824 5966
1861 5560
1877 8164
1877 10931
1917 2307
1925 5599
1939 4839
2003 2692
2255 3484
2255 3676
2255 10931
2307 4731
2307 5816
2307 10910
2389 7290
2418 4370
2472 5948
2529 5012
2592 7290
2650 9000
2756 3313
2756 7034
2756 10984
2762 7034
2767 6203
2820 10967
2820 10997
2825 4216
2845 10983
2943 10982
2956 10967
3041 10998
3107 10910
3125 4419
3171 10344
3313 10977
3380 9425
3458 10939
3676 4771
3676 7658
3707 10977
3756 9335
3787 4731
3787 5816
3887 10883
3893 4193
3967 7534
3984 10868
4090 9241
4090 10903
4090 10965
4092 10979
4117 10989
4193 6203
4193 10883
4216 4981
4242 5560
4419 9458
4488 6800
4546 6203
4546 9649
4546 9722
4577 4746
4589 6203
4589 8197
4731 9722
4746 5550
4771 10977
4839 10987
4910 9444
4949 10866
4981 7290
4981 10989
5065 6280
5065 10971
5065 10993
5100 10958
5306 8238
5306 10973
5366 10967
5415 8298
5468 5550
5468 8121
5468 10983
5487 8140
5487 9596
5550 8298
5550 10898
5686 10984
5720 10068
5859 10980
5864 6203
5864 8281
5864 9483
5948 8197
5966 8238
5966 9649
6203 7541
6203 7877
6203 9483
6203 9911
6203 10997
6373 9469
6429 10994
6498 10918
6624 9469
6640 10886
6678 9396
6678 10987
6982 9292
6982 10996
7034 7877
7067 10910
7290 10990
7329 10883
7391 8379
7391 9323
7534 9722
8197 8298
8197 9896
8197 10931
8197 10941
8197 10961
8234 10990
8379 9323
8724 9697
8824 10972
9285 10645
9323 10831
9431 10990
9649 10992
9649 10995
9851 10977
9851 10978
9882 9911
9949 10755
9962 10068
10068 10980
10158 10871
10158 10981
10347 10970
10495 10979
10757 10991
10766 10959
10824 10883
10871 10969
10883 10978
10949 10970
10967 10988
