14 455
37 4746
38 7097
39 1369
41 2529
42 823
42 2820
42 3984
42 5065
42 9458
42 11002
43 153
43 1179
43 1255
43 2868
43 10967
46 434
46 1255
46 2956
46 9469
70 5550
75 8144
76 568
76 8671
76 9120
94 8131
96 97
96 2118
96 2650
96 3030
96 5141
96 9335
100 11010
110 1255
110 1372
110 2255
110 2319
110 9458
110 11004
110 11005
131 5550
131 7391
131 8144
134 636
153 682
153 4117
153 9120
153 9469
153 11011
158 406
158 2592
158 5065
158 8131
158 8671
158 9469
158 11009
158 11011
172 8144
190 946
196 9789
196 10846
196 10965
196 11015
253 6467
253 9469
258 904
258 11007
354 5031
354 8363
374 9548
388 9469
403 1255
403 2845
412 610
434 4949
436 8363
442 1268
442 3501
442 4117
442 4632
442 5007
442 9469
449 9958
455 917
455 9469
528 6435
531 9469
556 4839
568 10831
568 11000
577 11013
610 9120
610 11001
618 9469
618 10831
621 5550
636 2820
636 6779
636 9469
636 10967
637 9010
762 6982
775 1365
837 10887
852 904
852 4680
852 6800
852 6982
852 9431
891 2412
904 1255
904 2389
904 7391
946 2845
1002 2412
1002 3984
1002 5498
1002 11008
1058 2307
1106 2619
1106 6429
1106 10883
1144 10645
1179 1521
1179 4746
1179 5550
1209 4778
1255 4117
1255 4333
1255 7855
1255 9803
1255 11004
1359 1540
1361 2762
1361 10831
1361 11018
1365 9469
1369 4117
1369 7855
1372 2389
1395 11014
1470 10568
1563 6306
1576 2762
1576 6982
1593 10429
1742 2118
1742 8363
1831 6435
1877 9458
1877 10846
1877 10967
1917 11000
1925 10496
2023 4731
2156 2762
2192 9660
2204 4731
2248 11011
2255 9469
2255 10846
2256 9905
2340 11003
2355 5859
2389 3856
2428 7674
2529 6982
2529 10893
2627 10831
2650 5141
2660 10416
2762 3636
2762 4117
2762 5141
2762 5468
2762 6779
2762 7119
2762 10495
2762 11011
2767 8671
2767 9120
2767 11018
2820 10967
2825 4949
2868 4949
2956 9469
3026 3072
3030 5141
3072 10887
3086 5065
3171 9985
3206 8615
3313 6982
3313 10883
3341 9469
3380 7329
3458 6982
3676 8085
3707 6982
3707 8131
3984 11002
4090 9241
4090 9548
4117 6982
4117 7329
4117 9469
4117 10347
4117 10866
4117 11011
4140 6982
4187 11011
4216 7329
4216 9851
4283 4839
4465 8131
4488 6800
4646 10826
4731 5065
4731 6306
5007 9469
5065 5468
5065 6280
5065 8298
5065 9323
5065 9469
5065 9548
5065 10831
5065 11002
5141 5415
5141 8298
5272 9502
5441 6223
5468 8298
5468 8671
5468 9985
5550 9469
5864 11006
6203 7541
6203 11008
6373 6624
6467 9469
6506 9469
6640 10944
6779 6982
6779 8484
6800 10999
6942 7329
6982 9775
6982 10883
7097 8276
7290 9469
7290 11011
7391 8144
7674 9469
7824 9562
8131 9432
8131 11011
8144 9860
8197 8615
8272 8671
8272 9469
8298 8363
8363 9469
8379 9323
8484 11011
9152 10944
9285 10995
9323 10347
9323 10831
9323 10893
9323 11016
9431 10990
9432 11011
9458 10995
9469 9803
9469 10831
9469 11012
9789 11009
9962 10068
10347 11011
10465 11011
10866 11011
11014 11017
11018 11019
