0 1264
0 2669
17 1255
38 7097
41 11014
42 762
42 2412
42 5102
42 8526
43 108
43 2650
43 4746
43 11039
46 8272
70 10166
75 6945
76 5493
76 8298
76 10706
76 11020
79 546
83 9469
89 8298
94 9766
94 10465
96 97
96 5141
97 8298
108 1179
108 9004
108 9860
110 634
110 3528
110 7128
110 10450
110 11005
110 11049
119 1521
119 2809
119 6203
119 9124
119 11041
119 11043
122 659
134 6362
135 2730
137 2529
153 1704
153 3856
153 10166
153 11020
158 406
158 1361
158 4117
158 4493
158 4949
158 8131
158 10965
158 11011
158 11025
190 946
196 6332
196 6650
196 10846
196 10965
253 6467
258 5479
258 7329
258 9469
311 1115
370 10706
433 8363
442 1268
455 8901
528 5493
528 11045
531 9540
546 6332
556 4746
568 1255
568 11027
572 6618
577 1839
577 2540
577 11030
604 1361
610 703
610 11048
618 2816
618 10831
621 1413
621 2540
621 11040
633 9241
636 762
636 5362
636 6618
636 7329
659 5065
659 8197
659 10347
729 762
729 1255
762 2845
762 6467
762 6982
762 8526
773 7397
773 9766
817 4949
837 6332
837 8197
837 10040
852 6800
852 10999
852 11033
852 11044
895 4964
895 10166
1057 1333
1115 9427
1115 9469
1115 11025
1140 11020
1179 1521
1228 10040
1242 7097
1255 1972
1255 3900
1255 5102
1255 8197
1268 6467
1268 8131
1333 4866
1333 9536
1333 10465
1333 11020
1359 5362
1361 5065
1361 8526
1361 10831
1361 11018
1361 11031
1372 2389
1395 11014
1521 5550
1563 6945
1576 11045
1636 2314
1636 5362
1636 5493
1636 6817
1636 10799
1636 11026
1687 2314
1687 11023
1732 6332
1737 6916
1763 4138
1763 11045
1779 6942
1818 8298
1877 2820
1879 10633
1917 5031
1917 6429
2019 5272
2019 10941
2126 10633
2204 4731
2204 6306
2255 10846
2256 4746
2306 9241
2313 5493
2314 2820
2333 10967
2455 11014
2472 10558
2512 11014
2529 2845
2529 6817
2529 6982
2529 11033
2529 11034
2592 4493
2592 11027
2627 2762
2650 2820
2674 6945
2762 3947
2762 3984
2762 4092
2762 4746
2762 5375
2762 6582
2762 7471
2762 8298
2762 11039
2767 5144
2767 11035
2816 10995
2820 9469
2845 3707
2930 7190
2934 4493
2934 8580
2956 10799
3023 6817
3041 9469
3072 4187
3076 4138
3122 10040
3171 9948
3171 11024
3313 6817
3329 4949
3329 10166
3364 8234
3487 9948
3528 8197
3528 10450
3545 5479
3712 11047
3856 8131
3856 10347
3935 5272
3935 8970
3984 5479
3984 10040
3984 10166
3984 10395
4000 6942
4000 9766
4001 8970
4031 9766
4090 9548
4090 10965
4092 7491
4092 8121
4117 6332
4117 10347
4117 11008
4138 9649
4216 7329
4358 5828
4382 6837
4523 9152
4546 10995
4746 4949
4746 5065
4746 5241
4746 7119
4771 11018
4866 11020
4949 10166
4964 5468
4964 6498
4964 11036
5031 6429
5065 6650
5065 9591
5065 10040
5065 10941
5065 11023
5065 11026
5065 11030
5100 6752
5102 8197
5141 6498
5144 6389
5241 6498
5265 10965
5272 10941
5272 11042
5331 11032
5362 6945
5362 11026
5427 10999
5468 6942
5468 10619
5468 11036
5479 6916
5479 9841
5493 10799
5560 6389
5720 6800
5720 11021
5720 11048
5831 11025
5966 9649
6005 10942
6203 7541
6280 9948
6332 6916
6332 7266
6332 10653
6389 10799
6582 9323
6618 6850
6618 8272
6618 9124
6618 10040
6618 10166
6650 7391
6752 7751
6800 10999
6942 9766
6945 7481
6945 11030
7119 11042
7329 11008
7329 11022
7382 11030
7391 9948
7743 8298
8097 8131
8119 11025
8147 8390
8197 8526
8197 8615
8197 10450
8197 10964
8197 10965
8197 11026
8197 11029
8238 9649
8363 9081
8935 11038
9120 9425
9120 10347
9124 10166
9323 9948
9323 10040
9323 10166
9425 10978
9431 11024
9536 10941
9540 11046
9591 11023
9628 10995
9649 10992
9882 10166
10347 11037
10883 10978
10893 11021
10962 11034
10972 11028
