0 1264
0 5468
0 11025
0 11050
41 11014
42 3676
43 119
43 9264
75 1170
75 5362
75 11055
76 1170
76 6982
76 8197
77 153
77 258
77 2961
88 2650
90 1742
95 2762
95 4949
95 9264
95 11068
96 636
96 762
96 2650
96 5141
97 637
97 9977
97 10780
108 1179
108 2650
110 1917
110 8197
110 8970
110 11049
110 11053
120 3361
137 6779
140 4746
140 9323
153 506
153 1576
153 5267
158 11025
196 11054
226 637
236 2845
236 6945
236 9954
236 10166
253 3254
258 2650
258 9323
287 11050
302 1144
302 11067
302 11076
358 10206
433 8363
531 3254
546 573
546 1057
546 3984
546 8197
546 8212
572 3254
573 1917
573 10206
573 11051
573 11070
610 2762
610 7708
610 9474
610 9958
610 11048
636 3254
659 10347
682 11067
729 2888
729 5036
729 11066
762 2650
817 4949
837 3072
837 4746
837 10781
839 2126
839 4632
839 5550
839 11054
852 1774
852 6982
852 11044
895 11050
1002 4746
1057 3984
1057 5366
1057 5816
1106 11073
1115 11025
1115 11078
1144 5479
1144 9469
1170 1268
1170 1563
1242 3254
1242 6189
1255 3984
1255 4771
1255 6982
1255 8197
1255 10206
1256 6982
1268 3361
1281 3984
1281 9130
1281 10745
1281 11052
1333 11065
1352 11028
1359 2961
1361 4746
1361 7119
1369 2437
1369 5366
1372 5828
1426 10347
1563 2650
1606 8601
1636 9264
1742 8363
1777 3737
1777 9323
1777 10733
1786 9502
1788 2118
1818 6471
1818 8298
1824 4746
1845 2692
1845 10495
1877 11054
1879 2126
1917 3361
1917 8197
1917 11053
1917 11073
1917 11075
1921 3049
1941 4746
1960 11059
1972 9323
2086 10995
2118 8363
2140 10166
2149 4370
2156 8298
2197 2762
2223 11017
2223 11077
2307 4731
2307 11073
2355 4746
2412 6945
2428 2762
2428 6618
2529 8197
2529 8212
2529 11056
2621 4746
2650 2930
2650 6945
2650 9671
2650 11066
2669 10206
2762 2868
2762 4489
2762 4949
2762 5682
2762 7593
2762 9323
2762 9958
2762 10166
2762 11062
2767 3984
2767 8212
2767 11057
2868 5560
2868 9124
2868 11069
2930 8298
2930 11037
2956 3984
2956 9323
2956 11063
3030 5141
3072 4153
3072 10781
3195 11066
3254 9483
3329 4949
3361 3676
3361 6942
3409 5747
3458 6982
3528 8197
3528 10450
3676 5278
3676 5415
3712 11047
3843 9323
3984 4117
3984 4746
3984 5720
3984 8298
3984 10745
3984 10944
4011 4746
4031 6471
4031 11050
4116 8526
4117 4746
4117 8298
4117 9911
4117 10347
4117 11023
4117 11054
4127 11064
4138 10347
4157 6817
4159 9445
4159 10465
4216 9658
4382 10894
4460 8281
4507 5272
4507 9001
4523 5468
4523 10206
4536 11056
4632 6471
4632 8411
4632 11071
4731 5362
4731 9658
4746 4771
4746 5427
4746 6817
4746 7034
4746 7119
4746 9124
4746 9323
4746 9562
4746 9658
4746 10166
4746 10215
4771 9264
4771 11028
4924 6779
4949 8197
4949 9323
4949 10166
4949 10465
4964 7658
4964 9459
5018 11059
5036 9502
5065 5272
5065 8298
5065 11058
5065 11068
5270 6982
5272 10894
5272 11058
5272 11060
5362 9658
5450 5828
5479 9469
5493 9264
5720 11048
5747 10040
5816 11056
5831 11054
5912 9431
5966 7391
5966 10995
6203 10040
6373 9469
6467 10619
6498 9565
6498 9981
6596 11056
6640 10822
6800 10893
6842 6982
6945 10206
6945 11057
7335 10166
7335 11023
7714 11050
8119 9911
8144 9152
8197 10016
8197 10029
8197 10450
8197 11055
8197 11058
8212 10465
8272 11070
8298 8912
8364 11017
8526 10465
8887 11014
8887 11039
9152 11072
9323 9958
9323 10206
9911 11061
9981 10918
10187 10419
10411 10416
10633 11053
10846 10995
10995 11063
11014 11017
11070 11074
