26 3195
41 3811
42 573
42 781
42 1057
42 11155
42 11170
43 10166
43 11115
73 96
73 762
73 1407
73 2062
73 2816
76 407
76 917
76 1604
76 3811
76 6982
76 8510
76 9285
76 11156
76 11161
88 1521
88 5550
96 762
96 1742
96 2118
96 2816
96 6982
96 9122
96 9335
97 2816
101 2389
108 1179
110 170
110 2389
110 2787
110 4546
110 8164
110 8197
110 11115
110 11144
110 11145
117 3171
117 3816
117 5265
117 9649
153 3811
153 8298
158 904
158 6264
158 8298
170 8197
174 10166
190 11066
196 10846
196 11178
196 11179
226 762
253 2406
253 11161
258 11161
374 11117
407 1359
410 4900
410 10166
410 11161
442 5616
442 11170
546 1604
546 5215
548 11173
568 1179
568 3856
572 8197
573 1786
573 10369
573 11176
577 4632
577 6429
577 8565
577 9942
577 10206
577 11160
610 8298
633 3107
633 11064
633 11072
725 11157
762 5141
837 4949
837 6203
852 8409
852 8928
917 5065
917 6448
917 8671
917 9958
917 10995
993 2970
1106 3195
1106 5471
1106 11164
1115 8298
1122 4507
1144 8147
1179 3125
1193 5018
1198 11170
1255 1458
1255 1604
1255 2062
1255 8197
1255 10203
1256 8298
1321 3811
1361 11087
1365 6982
1391 11147
1448 4746
1539 6982
1576 2762
1576 10738
1576 10821
1576 11181
1604 2767
1604 3984
1604 4746
1604 6596
1636 5616
1709 3041
1709 4763
1786 2627
1786 5215
1786 11176
1788 2307
1788 4031
1788 4390
1818 8626
1845 2529
1917 2943
1917 3125
1917 5065
1917 9536
1917 11066
1990 7335
2062 2845
2118 5141
2118 9335
2256 2406
2256 11115
2319 10272
2389 3676
2389 8901
2389 11144
2406 2529
2406 3545
2406 8197
2453 9939
2527 8484
2529 3811
2529 4858
2529 8298
2529 8409
2529 11153
2529 11158
2551 10166
2620 7804
2627 3811
2756 8409
2762 3990
2762 4839
2762 8970
2762 11166
2762 11181
2816 6982
2943 9536
2943 10465
3024 5141
3024 11162
3030 11160
3041 11171
3313 3811
3368 4007
3380 6448
3405 10995
3456 11163
3545 8298
3636 6189
3648 4783
3673 9649
3727 11163
3811 8197
3984 4746
3984 10166
4000 5141
4031 11162
4090 10035
4092 11153
4092 11165
4117 11161
4157 8928
4460 8281
4536 4822
4546 11145
4577 9649
4591 11115
4632 5550
4632 6429
4632 7982
4632 8197
4632 11160
4731 8796
4731 11172
4746 4749
4746 7674
4746 8467
4746 10866
4746 11161
4746 11168
4771 8901
4771 11167
4822 5272
4822 6596
4822 8970
4839 8197
4839 11087
4839 11175
4949 11161
5029 9610
5065 10035
5065 10409
5065 11056
5141 9335
5141 10780
5272 6596
5272 10354
5550 11160
5550 11161
5720 11108
5864 9807
5966 6373
5966 10846
5966 11144
6203 11158
6203 11169
6203 11170
6203 11174
6429 11160
6448 11172
6576 9425
6596 8970
6596 11056
6916 11115
6982 8409
6982 9292
6982 9871
6982 11159
7034 11087
7119 9925
7119 11165
7510 11179
7658 10203
7839 11161
7871 10166
8144 9152
8197 11153
8276 11156
8409 10962
8626 9432
8824 11161
8917 10656
8917 11163
9152 10272
9168 11177
9241 10166
9425 11083
9789 11117
9789 11178
9925 11152
9977 10780
10166 11104
10166 11180
10185 10272
10185 11148
10272 11115
10660 11155
11061 11129
11153 11154
11165 11182
11169 11174
