0 10904
0 11262
28 1788
41 2223
41 3171
42 2529
42 4117
42 4507
42 11203
46 196
46 568
46 729
46 10967
46 11264
65 461
73 2839
73 8626
73 9829
76 315
76 1917
76 2313
76 4485
76 4525
76 5574
76 6429
76 6596
76 10889
76 11236
76 11245
96 1742
96 6498
100 5783
110 8197
110 11252
117 4117
117 4746
138 5439
153 5616
153 6059
153 6779
158 11257
172 11241
191 621
196 6203
196 9137
196 11226
201 781
239 7145
280 6708
280 11263
284 5265
304 2739
304 4507
315 577
315 618
351 10889
374 11061
407 5362
434 3049
442 2739
442 4839
444 3380
444 5362
461 1604
546 2527
546 6596
546 6945
546 8197
568 1179
568 1604
568 11246
568 11269
572 875
572 6108
572 11260
577 621
577 4216
577 6429
610 9323
610 10551
610 11126
610 11226
610 11266
613 11038
618 3171
618 9246
621 2724
621 8298
621 11248
729 1604
762 9829
762 11259
762 11260
803 11061
852 8409
897 1604
904 1604
904 6945
1017 4370
1057 1940
1057 4949
1057 6945
1060 11203
1135 2307
1140 6324
1144 10889
1193 2589
1193 6389
1206 11236
1255 6498
1255 9829
1256 11236
1264 1517
1264 4525
1268 7097
1298 7236
1321 11038
1359 11245
1361 5574
1361 10273
1361 10437
1361 10879
1365 5551
1517 2589
1517 11256
1521 11267
1576 5616
1576 6945
1576 11257
1604 2767
1604 8712
1604 9323
1604 11214
1604 11250
1636 2156
1636 3501
1636 5551
1717 8409
1763 11126
1763 11258
1763 11268
1786 3727
1786 4216
1788 2255
1788 4031
1788 5468
1812 5272
1812 5551
1824 5966
1917 4525
1917 9919
2053 4731
2156 2762
2156 4746
2184 8965
2307 8297
2313 5065
2313 11061
2313 11251
2389 11252
2529 2839
2529 4680
2534 3867
2534 4746
2534 4949
2534 11235
2589 6160
2619 9919
2621 11038
2692 7690
2694 4370
2739 2767
2739 3026
2739 4117
2739 4839
2739 6280
2739 10273
2756 4680
2762 4117
2762 8197
2762 9323
2762 11247
2764 4949
2767 11238
2787 9280
2820 4485
2821 11239
2845 6431
2888 11260
2919 11271
3030 10780
3065 5551
3091 8210
3171 8197
3171 8955
3171 9246
3171 11251
3195 6362
3281 10166
3281 10321
3283 4882
3283 7855
3313 8409
3380 5362
3405 4546
3405 11240
3515 5720
3515 11236
3543 4370
3543 4746
3543 4949
3579 11254
3636 6203
3636 10273
3727 4216
3798 4746
3867 4949
3882 3973
3882 5308
3882 9425
3882 11254
3947 11254
3984 4117
3984 7690
3984 11251
4031 8197
4090 7690
4092 10979
4117 5551
4117 6160
4117 11241
4117 11251
4117 11257
4136 11219
4339 4949
4370 5966
4370 11256
4419 7391
4419 11256
4485 5265
4489 11247
4507 11203
4546 6362
4546 11240
4546 11252
4546 11265
4632 10780
4641 7658
4680 8197
4746 4949
4746 5363
4746 5616
4746 6596
4746 7119
4746 10166
4746 11251
4771 11246
4771 11264
4839 5065
4839 11245
4839 11254
4862 9919
4904 5616
4949 9529
4949 11235
5065 10206
5065 11247
5267 7290
5270 6498
5272 10166
5305 6429
5305 6448
5306 11226
5400 11233
5468 11246
5468 11267
5551 10139
5720 11236
5721 8197
5721 9280
5783 8197
5948 10278
5966 11232
5966 11258
6059 6779
6203 11258
6232 9789
6232 11270
6373 11242
6389 9323
6389 11246
6389 11257
6429 11234
6431 8124
6448 9919
6498 7319
6498 8197
6498 10780
6498 10963
6498 11167
6498 11246
6548 8409
6618 10967
6708 11252
6708 11260
6708 11264
6779 11155
6945 9323
6945 11261
7128 11203
7290 11257
7391 9246
7391 10206
7391 11066
7391 11256
8067 11155
8147 11242
8197 10925
8197 11237
8197 11252
8197 11266
8225 8409
8409 10925
8970 11234
9137 9789
9744 11256
9789 11136
9929 10273
10166 11251
10289 11105
10995 11255
11075 11253
11087 11249
11194 11195
11243 11244
