0 762
0 11288
41 2974
42 2499
42 5849
46 4187
76 762
76 4092
76 4749
76 4771
76 6448
76 8901
76 9321
76 10184
83 315
88 11267
97 1972
97 4031
97 7658
97 11272
110 3592
110 11294
128 382
140 407
140 729
140 2360
153 5616
158 8656
196 3545
196 5966
196 11275
196 11276
204 11251
240 6498
297 7960
311 11271
315 2192
315 11206
348 610
348 9323
348 11294
351 11276
354 8224
354 10918
374 11251
383 1576
383 3887
383 8197
383 11293
407 11272
455 9425
506 3856
568 3381
568 5129
572 10931
577 621
577 8015
577 11289
592 1763
610 2767
610 4188
621 729
621 773
621 2406
621 5828
621 6160
621 7391
621 11259
621 11272
621 11273
621 11289
729 4339
762 1755
762 5828
762 10203
762 11267
762 11272
821 10465
837 7692
837 10184
852 2529
852 4339
852 5430
852 8409
881 2350
897 2930
904 5828
904 11272
905 11163
928 8901
928 9152
963 5129
1002 11284
1060 3029
1106 1831
1106 11279
1193 8164
1198 5065
1198 7093
1235 5272
1255 9152
1255 11292
1268 1369
1268 7097
1319 5366
1319 8197
1351 3856
1359 11296
1361 11282
1361 11292
1361 11293
1369 1994
1369 2919
1369 4117
1369 4216
1369 10166
1576 4092
1576 11023
1636 6779
1636 11287
1755 10203
1794 6498
1794 11290
1812 5272
1908 11150
1917 3992
1917 11075
1922 2522
1922 4746
1922 10347
1971 5366
1977 2612
1985 8512
1994 5933
1994 10918
1994 11280
2023 2053
2027 5966
2123 6160
2192 3171
2192 11283
2255 3592
2255 10633
2255 11292
2302 2529
2302 10644
2307 11023
2319 8901
2333 11265
2406 8297
2428 2529
2489 11278
2499 2970
2529 10203
2612 5468
2612 6498
2619 11269
2674 4216
2694 8901
2694 11277
2739 2762
2762 4117
2762 5272
2762 8382
2767 11279
2820 11291
2888 11260
2919 11163
2919 11271
2930 4419
2930 5966
2930 10967
2930 11115
2930 11294
2934 11163
2950 8197
2954 3029
3024 9152
3026 8656
3029 6429
3030 10633
3030 11126
3031 11272
3171 4092
3171 5265
3171 7119
3171 9246
3195 6362
3262 4157
3267 9459
3281 10166
3313 10925
3380 11291
3442 11283
3458 6982
3501 10299
3545 11115
3592 8197
3673 11294
3882 5308
3882 11254
3893 11287
3947 11254
3951 11294
4031 11272
4092 10465
4117 6189
4117 10633
4117 10967
4135 5966
4339 4949
4339 7396
4419 8164
4731 10280
4746 7119
4746 10166
4749 6779
4771 11272
4904 5616
4910 11281
4949 5616
5065 11277
5129 6203
5129 6448
5141 5179
5141 6009
5141 8626
5141 9341
5141 9829
5141 10465
5141 11272
5308 11292
5366 7855
5468 8901
5468 9829
5468 11267
5468 11272
5720 11279
5828 8901
5828 10203
5828 11265
5828 11272
5966 8147
5966 10967
5966 11226
6203 11258
6373 9565
6373 11276
6429 7391
6429 11234
6429 11269
6448 7960
6448 8197
6448 8901
6448 11158
6448 11277
6467 11272
6494 11275
6498 10918
6566 10304
6576 11292
6596 8970
6596 11288
6618 10967
6708 10420
6708 11260
6779 10633
6779 11287
7074 8147
7290 8298
7290 11023
7290 11272
7391 8297
7391 11294
7647 9342
7692 11072
7737 11269
7855 11278
7960 10321
8164 8197
8197 8298
8197 10184
8197 10925
8224 9152
8298 8970
8901 9152
8908 11272
8917 11271
8970 11285
8970 11295
9152 11276
9341 10465
9565 11276
9722 11291
9939 11278
9958 11286
10366 11281
10461 11251
10495 11282
10566 11251
10717 11284
10967 11293
11214 11283
11268 11274
11272 11273
