42 110
42 708
42 1854
42 2499
42 3065
42 3897
42 4117
42 5065
42 5441
42 6576
42 11308
42 11311
73 5179
76 577
76 1422
76 2255
76 2499
76 4577
76 4839
76 4971
76 6448
76 7391
76 9683
76 10184
76 11309
76 11310
90 8565
96 10420
110 172
110 573
110 3158
110 9939
110 11305
117 1812
158 11315
196 610
196 11300
204 11251
258 297
297 9605
297 11213
297 11259
297 11300
297 11314
311 7128
370 2650
370 11276
374 11251
391 1242
391 4981
391 9683
407 9683
434 11318
442 7970
455 1922
455 6576
455 11303
528 11302
539 3065
568 11027
568 11322
572 9939
572 11246
577 11115
610 7391
610 9565
610 11304
613 7871
613 11142
618 4031
618 4632
621 7433
621 11313
647 9613
659 1816
659 2581
659 8298
659 10139
659 11251
660 1917
682 4339
699 6448
708 3673
729 948
729 4117
729 4771
729 9683
729 10254
729 11310
762 2529
762 5828
762 11259
762 11298
781 1255
781 4783
837 4242
852 4339
852 11301
904 7433
904 11303
1002 4419
1002 6779
1002 7461
1002 9939
1002 11256
1011 5065
1036 11294
1057 3897
1057 9925
1057 10465
1057 11142
1106 10166
1122 3270
1169 2111
1206 2355
1235 6448
1235 11297
1242 1971
1242 9683
1256 6362
1256 10203
1264 1369
1281 11299
1300 11301
1319 8197
1359 11296
1361 4092
1361 6576
1361 6779
1361 9017
1361 11115
1576 4117
1576 8197
1576 11293
1636 3897
1636 4092
1636 11296
1666 11280
1745 6362
1774 2255
1836 3283
1854 11313
1877 3951
1877 9939
1917 3992
1917 6117
1917 11295
1922 11303
1925 4802
1972 7433
2027 5966
2149 3479
2156 4746
2248 3283
2255 2619
2313 10813
2319 7097
2355 5272
2360 2583
2389 9161
2389 10713
2428 3897
2529 2756
2529 5430
2529 10420
2529 11298
2612 6498
2612 8121
2619 2840
2694 7461
2739 7897
2756 3515
2756 7128
2762 3897
2762 4090
2762 4187
2762 4507
2762 8197
2762 10166
2767 11136
2775 9510
2785 10184
2800 11321
2821 11115
2822 4031
2822 4632
2822 9323
2840 3041
2930 11115
2930 11294
3023 10203
3030 5672
3065 4090
3065 4981
3065 10166
3158 7855
3171 4117
3171 7290
3171 11023
3204 11170
3206 3458
3283 6708
3380 11291
3458 10920
3479 4370
3545 11115
3774 11282
3882 5308
3882 7970
3897 4577
3897 6779
3897 8197
3897 10465
3897 11184
3951 8197
3951 9939
4011 7970
4031 4632
4031 7391
4031 9323
4031 9860
4092 5065
4092 11302
4092 11318
4117 6117
4117 8197
4117 10254
4187 9017
4187 9152
4187 10184
4187 10425
4187 11220
4187 11306
4187 11307
4187 11310
4242 4746
4242 11028
4242 11123
4323 5720
4339 4949
4339 8197
4339 10425
4419 11256
4577 6779
4577 10747
4577 11304
4632 5468
4632 10959
4632 11027
4696 6708
4696 10465
4746 7119
4746 11182
4839 5672
4839 11303
5036 9502
5065 6117
5065 6203
5065 9017
5065 11303
5065 11307
5065 11308
5065 11309
5065 11310
5065 11312
5065 11322
5270 5345
5270 10959
5270 11298
5306 7970
5345 6124
5362 11303
5366 9939
5468 9152
5560 10166
5635 11293
5672 6429
5672 9323
5720 10425
5720 11301
5828 10054
5828 11298
5966 11300
6203 7871
6203 8411
6203 8656
6203 10461
6203 11142
6203 11259
6203 11307
6203 11309
6203 11318
6362 8409
6373 11310
6429 9323
6448 8197
6448 11318
6494 11306
6498 7548
6498 9683
6576 6779
6692 11269
6779 8656
6867 11294
7128 8409
7391 9246
7391 9744
7391 11294
7391 11312
7433 9152
7433 9323
7855 9613
7855 9939
7855 11307
8197 10184
8197 10420
8197 11293
8197 11311
8212 9722
8218 8738
8298 11115
8409 11318
8411 10465
8824 11310
8917 11271
8970 11285
8970 11311
9152 11320
9161 11142
9565 11304
9613 11317
9683 11299
9722 11142
9722 11291
9958 11276
9958 11286
10068 10416
10068 11027
10166 11307
10425 11116
10495 11282
11028 11061
11315 11316
11315 11319
