19 917
26 1917
26 11066
41 2974
42 11340
43 11305
43 11334
70 3177
73 762
73 1904
76 1917
76 4011
76 4746
76 6429
76 7281
76 8659
76 10416
76 11338
95 9216
96 7236
96 11305
110 1481
110 2319
110 2845
110 3592
110 5759
110 7855
110 9782
110 11329
158 6236
158 11274
158 11324
158 11344
184 11332
196 223
196 11347
201 11340
223 1755
223 2519
223 5551
223 9565
253 10198
289 11291
297 8281
297 9605
354 10967
444 11340
461 566
461 610
461 1925
461 5720
539 11324
568 729
568 9683
570 2529
572 1268
577 2650
577 2692
577 7391
577 10347
577 11115
608 11329
610 6806
610 8197
613 7801
613 9216
656 1917
708 3673
729 917
729 11066
729 11305
729 11338
760 8659
762 2488
762 3177
762 11336
774 1812
852 1361
852 2756
852 2762
852 5615
852 6223
852 8208
852 8409
852 10134
852 11327
904 4031
904 8565
917 7391
917 8147
948 4632
1002 7855
1057 2762
1057 4971
1144 11347
1144 11348
1148 11328
1177 1636
1177 8197
1242 11346
1255 6779
1256 1904
1256 3707
1256 5857
1256 7801
1256 9829
1256 10967
1300 6867
1300 11241
1300 11340
1361 2762
1361 5574
1361 11318
1365 2350
1365 4117
1365 4507
1365 8197
1365 8484
1365 10273
1365 10465
1426 7933
1517 10967
1539 8298
1563 4949
1563 8928
1576 2762
1576 6806
1576 7281
1576 11291
1576 11334
1636 2534
1636 4971
1745 6362
1786 11143
1804 11352
1812 4746
1854 11313
1904 3458
1917 4011
1917 10054
1917 11066
1925 5362
1925 10967
2027 3543
2027 11330
2095 11342
2105 11340
2156 3388
2158 5739
2255 11329
2313 11344
2319 2389
2324 11330
2360 11340
2389 11305
2450 10273
2455 11340
2488 10203
2489 11346
2529 2756
2529 6362
2534 6223
2599 11346
2599 11351
2650 8409
2650 10347
2650 11350
2660 11027
2694 11329
2762 3088
2762 5306
2762 5615
2762 6576
2762 6806
2762 8484
2762 11323
2762 11332
2767 11340
2785 4187
2845 4117
2845 8298
2845 11329
2930 9323
2930 10198
2930 10967
2974 9472
2974 10139
2974 11061
3088 8484
3177 11267
3270 3458
3281 11270
3283 6708
3313 8409
3388 8659
3405 11330
3458 7801
3515 6223
3543 11305
3545 11343
3573 5065
3573 11353
3707 10203
3707 11327
3951 4370
4011 8659
4092 5065
4092 5616
4092 6203
4110 4749
4110 11340
4117 5065
4117 8197
4117 8659
4117 11291
4117 11340
4171 11338
4216 11345
4242 4746
4242 10273
4243 11329
4419 9613
4494 11340
4507 11340
4528 11340
4632 11037
4731 10967
4949 10416
4964 9459
5065 7281
5065 8659
5065 11307
5065 11337
5270 10959
5550 10321
5618 11340
5720 6362
5739 8659
5828 10054
5966 11329
6162 6867
6162 6945
6203 10461
6203 11333
6203 11337
6223 8409
6223 9516
6362 8409
6373 6945
6373 7769
6435 11340
6498 6704
6576 6779
6576 10273
6779 11323
6779 11328
6945 11325
6945 11340
7236 11305
7281 10273
7290 8298
7290 9323
7391 11340
7624 10203
7647 11274
7801 9323
7801 11340
7969 11340
8015 10645
8099 11338
8272 11345
8281 11224
8298 11037
8298 11267
8409 11327
8409 11334
8724 11334
8824 10321
8970 11344
9168 11334
9323 9998
9323 10954
9323 11305
9379 11267
9469 11267
9472 11342
9647 11340
9851 11344
9898 11340
10040 10273
10093 11340
10166 11336
10273 11349
10347 11339
10495 11282
10954 11340
11037 11350
11066 11214
11066 11326
11267 11329
11267 11331
11270 11274
11270 11335
11322 11325
11341 11342
