28 6498
41 1525
42 4746
43 7097
59 11391
70 2650
70 10717
73 138
73 762
73 1235
76 407
76 3065
76 5286
76 6373
76 7073
76 7097
76 8197
76 9414
76 11115
76 11400
76 11401
83 6945
94 904
95 10856
96 2816
96 6498
97 897
110 4882
110 11387
124 11382
126 3543
134 3567
153 1115
153 5143
153 6059
153 11405
157 1131
158 4771
158 6373
158 8085
158 9414
196 11406
201 510
201 2529
201 5788
218 2970
239 10780
297 2970
297 6373
297 10289
298 1359
298 3656
298 4187
298 10465
298 11340
298 11404
302 5699
304 669
325 904
370 11066
407 10465
414 11381
424 3405
510 1990
546 4761
546 11405
573 7097
608 7589
610 2816
610 3024
613 1128
613 3983
618 2954
618 10717
621 4280
671 8147
703 1788
708 1658
712 1787
729 5802
729 11366
736 1633
762 1235
762 2529
762 2650
762 2970
762 11397
774 1576
774 5065
796 6945
836 2070
836 4746
836 8197
836 11241
836 11377
852 6223
891 10177
904 3535
904 7519
904 7589
904 10717
948 4419
948 4632
948 11394
1002 8164
1002 11400
1012 6498
1057 3636
1057 5816
1232 11276
1256 6223
1264 8197
1300 7583
1359 10177
1361 2724
1361 4117
1361 4187
1361 7589
1361 9929
1361 10040
1361 10969
1361 11393
1361 11399
1401 8085
1401 8917
1401 11061
1401 11340
1483 4117
1483 6779
1483 7589
1563 5616
1576 4471
1576 4771
1576 5143
1576 5802
1576 6448
1576 7589
1622 2954
1636 3983
1724 11366
1724 11386
1742 10352
1744 11096
1786 5891
1788 2650
1788 4031
1804 4746
1812 4746
1877 6373
1925 4731
1925 6448
2026 11400
2070 11241
2086 3673
2086 6945
2089 10969
2122 11390
2162 6498
2192 4822
2255 8164
2286 11405
2306 11389
2319 6362
2324 5891
2463 9781
2472 11402
2529 5788
2529 9147
2529 10040
2529 10347
2529 11340
2534 5065
2619 11390
2620 11161
2621 7589
2650 3983
2650 7589
2650 10717
2762 3567
2767 4138
2767 11340
2816 6945
2816 7589
2954 6429
2954 7290
2970 5788
2970 7583
3024 5065
3024 7391
3041 11402
3072 11119
3113 10925
3171 4092
3217 11064
3377 11403
3515 6223
3567 7589
3636 3983
3636 4187
3636 7281
3648 6945
3656 11019
3656 11064
3677 6982
3677 11322
3951 4746
3951 7589
3952 10780
3969 11403
3983 4187
3983 6203
3983 7801
3983 9565
3983 11396
4001 5009
4031 10352
4092 11399
4117 7589
4117 10040
4117 10465
4117 11395
4138 11340
4187 10040
4187 10969
4187 11220
4187 11405
4419 11394
4632 6498
4632 8197
4632 11394
4746 11064
4771 7589
4771 10201
4822 6429
4822 6596
4882 8164
5009 8970
5009 10040
5012 8613
5065 6071
5065 7391
5065 11398
5065 11401
5065 11405
5306 11398
5440 7097
5468 10201
5471 7589
5616 10177
5720 10040
5720 11405
5769 6576
5784 7589
5788 7855
5802 8981
5891 7855
5891 10054
6071 8197
6071 11340
6203 8411
6203 11401
6362 7855
6373 7073
6429 10054
6429 11384
6498 7589
6498 10780
6498 11402
6779 11400
6938 8197
7073 9152
7391 9323
7391 11397
7589 11276
7589 11340
7589 11371
7589 11392
7855 10201
7870 11064
8085 8917
8093 10181
8121 11402
8124 11400
8124 11401
8197 10054
8197 11311
8197 11379
8197 11384
8208 9428
8298 11388
8507 9156
8824 10972
8824 11161
9152 10972
9629 11400
9958 11397
10027 11402
10040 10969
10040 11340
10054 11384
10068 11369
10166 10177
11019 11064
11064 11395
11276 11386
11340 11357
11400 11401
