42 76
42 528
42 4746
42 5065
43 4117
43 11259
43 11421
73 703
73 2845
73 10203
76 157
76 370
76 1576
76 4562
76 6429
76 7290
76 8961
76 11340
76 11378
88 2718
88 3856
94 4562
96 510
96 6498
110 4997
110 9954
110 11414
157 762
157 3195
157 7290
158 568
158 8085
158 11274
158 11416
158 11417
158 11421
196 6373
196 11407
196 11424
297 10321
297 10347
297 11412
297 11424
298 455
298 11404
315 577
315 621
315 2821
315 10959
318 1788
318 4031
318 10959
370 4117
370 5065
370 11419
391 5440
455 3656
455 4187
461 10201
546 3177
568 7073
618 2954
710 5966
729 9929
729 11425
774 1576
781 2816
836 2070
852 3313
875 10054
881 4746
948 8121
1035 11423
1057 5816
1264 11403
1359 11274
1361 3388
1361 3816
1361 4471
1361 11416
1401 8085
1521 2718
1563 8197
1576 2582
1576 2762
1576 9653
1580 3816
1742 10780
1755 1917
1788 1818
1788 5141
1877 8197
1877 8578
1877 9954
1917 10633
1971 10633
2023 6448
2070 11241
2158 11419
2255 7481
2357 8197
2499 11340
2529 3313
2529 5788
2529 11228
2529 11274
2582 2762
2619 11414
2650 10321
2650 11413
2674 5440
2756 5065
2762 5065
2767 6116
2767 11274
2767 11340
2845 6498
2954 3171
3030 10959
3041 10027
3113 8409
3177 10959
3313 3707
3313 8166
3380 3388
3380 8910
3380 11340
3388 3636
3388 7801
3388 8197
3388 11340
3648 6945
3648 10959
3656 8364
3707 8166
3707 11411
3717 11340
3727 6619
3984 4746
4031 7945
4031 10352
4090 11408
4092 8724
4092 11408
4138 11340
4187 11408
4234 10959
4239 8197
4545 8409
4562 5468
4562 8297
4577 6429
4577 11064
4632 10959
4632 11414
4731 4746
4731 5440
4731 11409
4746 5065
4746 6448
4746 8970
4771 6203
4771 10763
4949 11421
4997 6784
5065 6203
5065 6596
5065 6779
5065 8961
5065 8970
5065 8974
5065 11408
5065 11418
5065 11419
5100 10203
5141 6498
5141 10780
5788 10763
5828 10558
5948 7855
5966 11379
6071 11340
6203 9152
6203 11416
6373 8190
6373 11340
6448 6596
6576 10273
6596 8970
6619 11417
6708 10054
6779 8961
6779 11413
7097 8197
7127 10558
7290 11421
7290 11425
7382 9998
7481 8197
7481 11276
7801 11420
7855 9954
7855 10558
7871 8197
7945 11276
7945 11422
8197 8970
8197 9474
8197 9954
8197 10558
8197 10633
8197 11340
8197 11409
8409 11228
8409 11411
8484 8961
8493 10959
8888 10558
8974 11340
8980 11009
8980 11418
9152 10763
9776 11340
10054 11421
10203 11378
11064 11408
11274 11340
11340 11410
11340 11415
