7 73
7 206
7 302
7 657
7 928
7 1106
7 1319
14 109
14 134
14 302
14 370
14 386
14 621
19 375
19 878
19 1255
19 1381
19 1394
19 1408
25 42
25 175
25 1369
26 206
26 729
26 928
26 991
26 1106
26 1384
26 1396
29 206
30 97
30 140
30 339
30 370
30 545
30 1263
30 1301
30 1384
30 1406
42 46
42 84
42 175
42 442
42 729
42 771
42 911
42 991
42 1214
42 1268
42 1384
42 1404
42 1406
43 206
43 434
43 696
43 836
43 852
43 878
43 963
43 1036
43 1106
43 1400
46 539
46 729
46 1242
47 936
47 1388
56 79
58 1393
59 109
63 1383
65 1268
65 1369
68 539
68 1384
73 302
74 94
76 109
76 135
76 302
76 366
76 405
76 461
76 506
76 696
76 729
76 839
76 852
76 963
76 1031
76 1177
76 1186
76 1197
76 1198
76 1351
76 1353
76 1361
76 1369
76 1374
76 1378
76 1390
76 1394
76 1404
76 1406
79 729
79 1408
80 206
80 246
80 729
80 1186
80 1292
80 1399
80 1410
83 936
84 729
88 1300
88 1351
88 1391
93 348
94 134
94 206
94 948
94 1255
97 1255
97 1338
97 1405
109 206
109 659
109 729
109 1054
109 1140
109 1177
109 1361
109 1388
113 302
121 691
121 729
121 1369
121 1406
123 442
124 349
134 206
134 505
134 539
134 898
134 1031
134 1369
137 1369
140 141
140 1226
140 1242
140 1379
141 461
141 1268
153 731
153 936
153 1409
162 729
175 608
175 810
184 1399
184 1410
188 404
190 810
195 729
195 771
195 1198
196 206
196 225
196 374
196 461
196 1205
196 1352
201 729
204 1031
206 233
206 386
206 505
206 729
206 954
206 1171
206 1243
206 1268
206 1334
206 1369
206 1385
206 1386
206 1400
206 1401
206 1404
211 1361
221 461
221 505
221 539
246 834
289 1197
289 1389
302 729
302 928
307 366
348 618
348 637
348 663
348 1035
348 1369
366 613
370 461
370 1036
374 602
374 1283
374 1300
374 1351
375 461
375 1392
382 1197
383 1403
386 446
386 613
386 1394
403 810
403 1367
405 461
414 878
423 1141
423 1332
442 505
442 506
442 589
442 613
442 920
442 1233
446 1394
455 1389
461 570
461 599
461 729
461 836
461 922
461 963
461 1054
461 1268
461 1300
461 1369
461 1391
490 1381
505 539
505 621
505 852
505 891
505 936
505 1169
505 1242
505 1268
505 1300
505 1369
506 1300
539 1268
539 1369
565 1214
565 1406
565 1407
570 729
570 1268
570 1384
602 862
613 647
613 1263
613 1378
621 760
621 852
621 904
621 1255
621 1369
621 1374
621 1390
621 1410
647 1321
647 1332
647 1361
659 1243
659 1361
691 852
691 1197
691 1381
691 1406
725 1361
729 771
729 839
729 852
729 878
729 1106
729 1198
729 1292
729 1300
729 1353
729 1381
729 1390
729 1406
771 839
809 936
809 1300
810 1367
824 839
834 1351
834 1379
836 991
836 1265
836 1366
839 1198
852 1036
852 1185
852 1197
852 1256
852 1351
852 1388
852 1390
852 1391
852 1393
852 1397
852 1398
852 1406
889 913
891 1369
898 911
898 1106
902 936
913 1351
922 1054
928 1106
928 1268
936 1198
936 1300
948 1211
950 1115
963 1206
963 1256
963 1381
991 1384
1002 1031
1006 1242
1031 1369
1039 1141
1054 1351
1054 1387
1057 1335
1057 1400
1106 1268
1141 1397
1177 1256
1177 1402
1179 1364
1179 1383
1185 1256
1197 1256
1197 1381
1205 1389
1206 1381
1214 1361
1214 1406
1242 1268
1255 1366
1256 1388
1268 1369
1292 1396
1300 1351
1300 1374
1300 1389
1300 1391
1321 1361
1332 1361
1334 1408
1351 1352
1351 1374
1351 1391
1351 1408
1361 1406
1391 1395
1400 1401
1406 1409
