0 201
14 2818
26 6708
28 201
38 7097
41 11422
42 76
42 236
42 528
42 729
42 1359
42 1536
42 1755
42 1917
42 2319
42 5065
42 5215
42 10054
42 10256
42 11250
42 11308
70 436
73 97
73 2845
73 6498
73 10203
73 10893
76 138
76 6984
76 10416
76 10893
76 11443
80 134
83 11429
97 6498
101 2574
110 134
110 2027
110 9610
110 11414
110 11441
121 2845
131 5550
134 4370
134 5065
134 5857
134 7097
134 8298
134 10256
134 11431
138 158
138 201
138 5270
138 7290
138 10203
153 10256
158 201
158 2223
158 3325
158 8085
158 8298
158 10416
158 10461
158 11417
172 573
196 3329
196 4577
196 6373
196 8147
196 11347
201 385
201 2616
201 6419
201 7290
236 1755
236 1917
258 3195
289 5430
297 10273
297 11412
297 11424
307 434
374 9950
391 5440
434 10203
455 9425
455 10236
455 11443
478 4949
528 3377
528 4117
528 5065
532 4746
544 3887
568 11441
573 2297
573 5468
577 2762
592 5550
608 3887
608 5430
610 10893
613 8298
613 9168
618 3283
618 5065
618 7290
641 1361
641 1576
641 4092
641 7311
641 11376
641 11426
671 9950
729 1177
729 3329
762 5468
762 6419
762 10203
762 11434
781 836
781 4038
781 5468
781 8970
836 7391
836 11427
836 11429
836 11430
837 4746
837 5065
852 5720
852 11411
872 8272
899 10256
948 5828
1017 3479
1035 1709
1106 10465
1115 8682
1115 9950
1122 6810
1144 10416
1177 5857
1256 5720
1256 8608
1268 11241
1295 2156
1295 4117
1321 5143
1321 11237
1343 11435
1361 1966
1361 2821
1361 5065
1361 8298
1361 9323
1361 10892
1361 11426
1470 10892
1576 2582
1576 3636
1576 5065
1576 11394
1576 11426
1576 11438
1602 3458
1630 1917
1636 10256
1636 11394
1636 11438
1709 11423
1753 7097
1755 1917
1917 3992
1917 5215
1917 7290
1966 2821
1972 2767
2027 5215
2027 9610
2053 11442
2156 10166
2156 10256
2192 11427
2223 8298
2268 2821
2297 3887
2297 11305
2406 11433
2489 7659
2529 4117
2529 5720
2529 5857
2529 10256
2529 11360
2529 11394
2529 11411
2534 11376
2599 3165
2627 11446
2756 3313
2762 6984
2767 4117
2767 6116
2767 6810
2767 10256
2767 10416
2767 11095
2767 11440
2767 11443
2767 11444
2820 11439
2919 10347
2930 6373
2934 7290
2954 3171
3041 11402
3165 4987
3165 8272
3166 5682
3171 4187
3171 6429
3283 4746
3283 5009
3283 7290
3283 8970
3329 5682
3377 5487
3458 7801
3545 4577
3545 8147
3574 11408
3636 11394
3887 5468
4092 9950
4092 11394
4092 11399
4117 5487
4117 10256
4117 10273
4117 11437
4187 5065
4187 11445
4485 7391
4507 8582
4544 5468
4545 8409
4577 8147
4577 9789
4632 5468
4632 9323
4731 11197
4746 5215
4746 7290
4746 10892
4771 10273
5009 7290
5065 6373
5065 8190
5065 8484
5065 8961
5065 10892
5065 11394
5065 11429
5065 11442
5065 11443
5083 9245
5100 7311
5141 6498
5215 7290
5430 10893
5440 7097
5468 8197
5468 10660
5468 11427
5468 11430
5487 10256
5720 8409
5720 11411
5784 10273
5816 11437
5831 10892
5857 11436
6203 10763
6203 10892
6373 8190
6373 9152
6373 11347
6448 10273
6467 6708
6467 11167
6498 10203
6708 7855
6708 10054
6779 11434
6942 8298
7097 8197
7097 10054
7119 11434
7335 8121
7391 11425
7391 11429
7855 9954
7855 11441
7945 11276
7945 11422
7970 9045
8085 8281
8085 11061
8085 11422
8093 10893
8298 9168
8298 9323
8298 9529
8298 11340
8298 11432
8364 10892
8484 10273
8484 11438
8910 11428
8970 11344
9168 10273
9323 10040
9323 10347
9323 11425
9323 11432
9323 11439
9789 11398
9789 11412
9950 11061
10054 11441
10203 11167
10461 11422
10892 11064
11276 11444
