29 221
29 11066
41 11812
42 4340
42 11825
73 11745
75 6448
76 1232
76 3333
76 4456
76 4746
76 4949
76 5093
76 6448
76 9285
76 11066
76 11251
83 610
83 2428
83 2756
93 11432
95 2762
97 460
110 968
110 9610
131 2406
134 2111
134 6619
134 8197
134 8272
138 2350
138 6467
138 9829
138 9888
141 9829
153 1321
153 3072
153 10596
153 11251
153 11709
153 11822
158 954
158 5093
158 9285
158 11061
158 11797
158 11812
158 11822
174 11832
190 946
190 11830
196 610
196 9285
201 4949
204 11546
221 3501
221 4771
226 11803
236 1232
247 968
315 4135
315 11383
315 11803
374 432
412 2762
412 7593
412 11749
434 1321
442 5119
455 11812
460 8363
549 5127
556 10596
559 8472
568 11818
573 8301
577 610
577 2406
577 4702
577 8379
577 11813
610 1531
610 2762
610 6502
618 11452
621 11803
656 946
677 11203
729 2428
729 4632
729 4746
729 11255
773 5141
773 11803
774 9282
821 11830
852 2057
852 4949
852 9565
852 10596
852 11000
852 11826
881 6431
885 9829
954 3072
954 9565
968 2255
968 11824
1012 9565
1036 2406
1036 11813
1056 6467
1058 1144
1058 10816
1115 2756
1135 2307
1198 6596
1206 9829
1232 2053
1232 5093
1232 10592
1242 1917
1247 11815
1251 2930
1256 2756
1256 8567
1264 5127
1321 2767
1321 9152
1321 11251
1359 9285
1361 1531
1361 2762
1361 4746
1361 11696
1361 11823
1521 1788
1521 11267
1531 3627
1531 3636
1531 11000
1531 11749
1531 11816
1531 11829
1540 5366
1593 9829
1636 6817
1636 10730
1636 11825
1745 3627
1788 4855
1794 4536
1794 11806
1824 2255
1831 3627
1879 1917
1985 9285
1985 11656
1985 11811
2027 5127
2057 9565
2057 11827
2111 11751
2255 5093
2256 4702
2307 11806
2350 6467
2389 8012
2406 4243
2406 8712
2406 11813
2422 5468
2472 6629
2529 9285
2692 2767
2692 5554
2692 9757
2739 9565
2739 11804
2756 5041
2762 4577
2762 7593
2762 9565
2762 11340
2762 11749
2767 4031
2767 9152
2771 5127
2783 11696
2956 11808
2974 11814
3030 5141
3072 11251
3160 11340
3164 4187
3313 5041
3333 3984
3333 4187
3355 6619
3458 5720
3515 9147
3627 3636
3627 11829
3636 6467
3636 9737
3636 11444
3693 11452
3707 9888
3947 11251
3984 4187
4000 11803
4001 8272
4031 8301
4092 5375
4187 11809
4242 11809
4243 11267
4280 9152
4283 5083
4283 9529
4340 5699
4465 9829
4536 5681
4536 11806
4746 6596
4749 11825
4771 9285
4882 5125
4924 11812
4949 8409
5065 9737
5065 10040
5065 11444
5065 11452
5093 9978
5119 8301
5125 6629
5127 5616
5127 11299
5141 8363
5141 11803
5179 9829
5272 11828
5375 11823
5468 11066
5468 11444
5672 6596
6015 11822
6203 11251
6203 11821
6203 11831
6429 11452
6467 10465
6817 9285
6817 11444
6945 11812
7391 11452
7593 11749
7634 8567
7984 11255
8281 11812
8281 11822
8298 11000
8409 11000
8927 10596
9147 11832
9152 10252
9152 11803
9285 10550
9610 10558
9737 11340
10347 10596
10425 11741
10550 11822
11000 11267
11000 11745
11061 11797
11210 11255
11251 11820
11267 11817
11328 11736
11340 11647
11340 11812
11452 11620
11587 11804
11744 11819
