14 11751
26 7379
26 11830
29 11066
37 1390
37 2943
42 2234
43 839
43 5471
43 9829
43 10342
43 10400
43 11276
43 11855
43 11856
48 836
76 3528
76 5215
76 9285
76 9326
76 10273
76 10558
76 11856
77 2592
94 621
94 1786
95 10166
95 11291
95 11855
97 836
97 4632
97 6506
110 1002
110 3041
110 10558
135 11824
138 3515
138 3897
138 6467
138 9776
138 11850
138 11855
153 3745
153 5441
153 11851
158 442
158 4746
158 11834
159 8301
159 11824
167 8671
172 1002
172 7659
174 9147
186 434
196 7972
196 8238
196 11383
201 2016
201 2592
226 1302
258 659
258 1831
297 10166
297 11856
315 3355
315 8238
315 11383
318 836
318 4031
374 11833
374 11857
383 4187
383 8067
383 10342
383 11504
391 7659
407 2592
412 2762
434 1470
442 5263
442 6203
442 11251
442 11851
447 11037
455 11255
460 8363
467 5009
467 10273
509 3528
519 10342
549 7611
572 1877
573 5596
577 1966
577 10475
610 1515
610 8238
618 11566
618 11751
634 5616
641 11828
659 729
659 2522
686 8671
726 10876
726 11841
726 11842
729 1390
729 5272
729 11255
729 11850
774 5616
821 11852
836 1742
836 6498
837 11267
839 2437
839 8197
852 5441
852 9257
852 11851
891 2122
928 11824
1006 2592
1006 4216
1057 11751
1058 1144
1177 6467
1193 2158
1206 4050
1206 9888
1232 3171
1242 11855
1245 2057
1245 2158
1256 11251
1264 7611
1276 5127
1321 3515
1321 5065
1361 2592
1361 3627
1361 3636
1361 5049
1361 5272
1361 5956
1361 11772
1365 6889
1365 9312
1390 3409
1390 4746
1390 11251
1390 11360
1415 11839
1531 1831
1531 2762
1531 2825
1531 3627
1531 3636
1531 4092
1531 10342
1531 10716
1563 2592
1630 3727
1630 3984
1630 4187
1636 7281
1636 11850
1666 10541
1709 8012
1709 8272
1717 2756
1717 3313
1724 7379
1774 7391
1774 11566
1794 9776
1818 11824
1831 3636
1831 11291
1854 5440
1877 10400
1985 4050
1985 6654
1985 11749
1996 11830
2053 8197
2057 11836
2122 4216
2158 2306
2158 3515
2158 3954
2158 9829
2177 9829
2192 8474
2255 5215
2255 11837
2306 7714
2307 2592
2350 3897
2389 9683
2472 3000
2493 10465
2529 3745
2529 9776
2529 11835
2592 6189
2592 9152
2592 11751
2592 11845
2627 11856
2762 4050
2762 6180
2762 7593
2762 11749
2767 2845
2767 3333
2767 3745
2767 4749
2767 10273
2767 11843
2775 11848
2820 11840
2825 6779
2930 6654
2956 9776
2974 11814
3000 3405
3000 4419
3026 6203
3026 11838
3160 11340
3171 6429
3171 8474
3313 4050
3322 10643
3333 11856
3355 6429
3356 6619
3405 4419
3515 9323
3515 9829
3528 5021
3528 11066
3627 3636
3627 4092
3636 4216
3636 6203
3636 6779
3636 10273
3693 6429
3693 6596
3745 3882
3745 7213
3745 11661
3745 11856
3801 11565
3843 11340
3882 11037
3897 6467
3984 10273
4057 11855
4113 9152
4116 5065
4187 5616
4187 10541
4187 11856
4216 8272
4216 8671
4283 11749
4419 11489
4419 11724
4448 6498
4536 9776
4671 7434
4746 5828
4771 8474
4771 9829
4839 5065
4886 11835
4924 11565
4924 11800
5012 11837
5065 5554
5065 8197
5065 8474
5065 8671
5065 11203
5065 11843
5065 11848
5127 11751
5215 6619
5272 11856
5362 11291
5415 11838
5440 7659
5441 11851
5471 11276
5560 11838
5828 11824
5956 11772
5956 11840
5966 8238
5966 10400
6203 11831
6203 11840
6429 11452
6467 10465
6619 11855
6843 7659
7034 11749
7093 8887
7093 10550
7093 11833
7391 8238
7391 10475
7391 11566
7659 8197
7659 11751
7871 11839
8067 10342
8096 8238
8099 11854
8281 11800
8298 8671
8298 11849
8472 11489
8887 11833
9147 11832
9152 11855
9257 11858
9323 11397
9565 11251
9649 11851
9683 11250
9829 11847
9888 11835
10273 10643
10273 11360
10273 11834
10273 11846
10465 11838
10465 11854
10475 10730
10541 11267
11203 11843
11210 11255
11251 11851
11340 11800
11340 11844
11548 11835
11728 11822
11728 11858
11766 11784
11851 11857
11853 11854
11857 11858
