14 11779
28 12077
42 117
42 6362
42 9939
76 904
76 8674
76 12077
80 6203
88 12089
95 1198
95 3545
96 921
96 5179
96 8363
97 904
117 659
117 2522
117 4507
117 6619
122 12069
138 9313
138 12079
153 2534
158 1198
158 11340
158 12075
162 1996
196 8238
196 12098
253 3673
297 10321
303 580
315 12079
338 5159
348 6362
391 1369
406 11340
412 12059
455 1426
455 1531
455 4117
455 6779
455 7331
455 12079
455 12095
546 11340
556 12097
573 968
573 9896
573 11340
577 618
577 3737
577 7391
610 2180
610 5065
610 8786
618 7391
618 9928
621 2011
621 5550
621 6362
621 8466
621 11115
621 12074
641 3953
659 5272
659 6498
671 3843
671 6373
671 8119
729 1198
729 11986
762 6498
762 11548
837 7846
837 10040
852 1745
852 3515
852 12075
872 1864
881 10465
881 12062
897 3065
904 1361
904 3355
921 968
921 9122
928 11340
928 12079
938 2617
938 4283
968 1369
968 5373
1106 2762
1198 1531
1198 2255
1198 4117
1198 5560
1198 12079
1206 2762
1256 12087
1268 2229
1268 12079
1359 11751
1359 12076
1359 12104
1361 2180
1361 12086
1369 4216
1369 7283
1393 5560
1413 11991
1531 2180
1531 2762
1531 7534
1531 11340
1531 12079
1531 12096
1539 7681
1539 12082
1540 12104
1604 2627
1745 7801
1751 12084
1812 5065
1825 2599
1825 12082
1864 8272
1941 12079
1996 7398
2011 4136
2017 11779
2057 2529
2057 3707
2057 5065
2057 8197
2057 11340
2122 8197
2156 12079
2180 5065
2180 8298
2180 8786
2199 2600
2199 2956
2229 6479
2313 12067
2313 12104
2472 11115
2529 2627
2529 2640
2529 3707
2529 9147
2534 4064
2534 8225
2599 4117
2599 12079
2619 11285
2627 11862
2627 12018
2640 12087
2650 11779
2674 3953
2674 8272
2694 7872
2756 3313
2756 11340
2762 3088
2767 12101
2767 12102
2782 7681
2831 3958
2956 8298
2970 8197
2970 9928
3030 9721
3065 4117
3088 11998
3122 5966
3122 12068
3122 12091
3195 10071
3204 8912
3355 9928
3368 6779
3381 4032
3381 8824
3401 3764
3405 12093
3545 3745
3545 8312
3545 11863
3636 3953
3673 12091
3693 12074
3953 4038
3953 4117
3953 6596
3953 8981
3958 12093
4031 9721
4064 5265
4064 5267
4090 4382
4090 6362
4117 12079
4117 12082
4140 9326
4174 5966
4216 11340
4234 12094
4280 12079
4280 12103
4301 7681
4382 9352
4507 7534
4577 9565
4577 11779
4632 10660
4632 12070
4632 12094
4702 7391
4746 7391
4746 11241
4783 8363
4839 12089
4997 8197
5065 6362
5065 8786
5065 11115
5065 12076
5065 12094
5065 12104
5159 8197
5159 11938
5179 11340
5179 12079
5272 6362
5362 9939
5362 12067
5373 8338
5430 9954
5430 12077
5699 12104
5831 12083
5831 12084
5857 12093
5966 12068
6015 12084
6036 10604
6036 12019
6300 10660
6373 12091
6429 7391
6596 11360
6616 9326
6619 12094
7141 12085
7391 9928
7391 12101
7398 12102
7681 12078
7846 8712
7846 10040
7846 11340
8159 9789
8197 9896
8197 11285
8197 11938
8197 11998
8197 12090
8208 11997
8272 9939
8298 12074
8466 11987
8613 11241
8796 11779
8955 12100
9071 11998
9152 12074
9152 12098
9168 11998
9352 11340
9352 12021
9616 12086
9789 12083
9928 10409
9928 11938
10035 12086
10040 11340
10278 12068
10321 11340
10321 12083
10416 12073
10416 12080
10456 12021
10465 12074
10465 12079
10465 12092
10944 12098
10981 11203
10995 12094
11159 12077
11270 12061
11340 12079
11340 12095
11340 12102
11473 12088
11862 11951
11938 11986
11938 12070
11938 12090
11986 12070
11990 12079
12081 12082
12098 12099
