26 3160
26 6448
28 12077
43 2762
73 9573
76 3177
83 158
83 618
83 12164
88 2399
93 9573
93 12146
122 1531
122 7034
134 204
134 1361
134 1531
134 4117
138 3177
138 8950
138 12146
153 4523
156 11925
158 12146
158 12170
158 12171
196 12144
201 4746
221 891
258 1256
258 1268
258 2437
258 3381
258 3484
258 5127
258 5373
280 852
280 1256
307 6448
307 9152
307 12163
348 5550
440 618
442 5616
455 938
455 2460
455 5078
455 7331
455 8159
467 9776
467 12111
508 2943
515 11340
519 2583
528 12111
568 5093
577 620
577 5127
577 9246
577 11383
577 12116
577 12141
610 5127
618 682
618 11095
618 12160
620 12116
621 712
621 4632
621 12025
659 1256
671 6373
729 2762
729 12165
762 6618
762 12147
762 12149
762 12152
801 5362
821 1206
837 3013
837 12037
837 12151
852 1256
852 1531
852 3307
852 3313
866 2767
866 5306
866 11061
897 6400
897 10660
921 1527
938 1395
938 11095
938 12150
938 12159
968 11241
1036 5127
1057 11629
1060 11203
1060 12111
1106 3177
1144 5078
1177 8197
1177 11779
1206 2158
1206 3313
1206 3707
1206 4117
1206 12148
1242 2956
1242 11023
1255 1792
1255 3177
1256 1365
1256 1531
1256 1636
1256 2319
1256 6618
1256 7290
1256 12155
1361 2396
1361 8197
1361 10918
1365 2762
1527 1792
1527 9939
1531 2762
1531 2767
1531 3307
1531 4117
1531 6990
1531 11629
1531 12169
1600 12153
1604 2956
1636 12148
1636 12151
1773 12023
1786 2278
1788 6109
1877 5812
1877 12044
1917 6596
1917 12168
1971 9896
1986 12131
1990 9573
2027 2317
2057 4523
2057 12127
2118 9217
2158 12148
2256 9458
2278 5215
2313 4216
2319 2406
2319 12044
2333 4746
2333 8930
2389 2694
2399 2529
2406 2694
2406 3634
2406 4370
2406 11101
2406 12144
2437 2956
2455 7749
2562 3634
2599 12140
2628 12025
2650 10900
2660 6429
2674 2956
2694 4523
2762 8197
2762 11141
2762 11340
2762 11548
2762 11998
2762 12174
2767 8093
2767 9152
2767 12012
2767 12067
2919 6109
2956 8445
2956 11203
2956 12168
3013 12151
3030 4031
3030 8298
3054 6203
3054 12161
3147 5306
3147 11858
3160 4117
3160 4882
3160 5560
3160 11565
3171 10061
3195 12144
3307 4157
3307 5720
3313 6800
3313 12148
3355 12111
3484 8093
3484 8197
3634 4882
3636 11629
3677 6203
3745 5720
3745 12026
3887 8093
3947 4092
4031 9458
4031 11925
4092 10531
4116 12168
4117 4523
4117 11565
4117 12146
4246 5215
4325 11251
4325 12145
4472 8197
4507 4746
4523 7710
4536 6596
4536 8197
4536 12111
4536 12170
4536 12171
4546 8272
4546 9072
4546 12124
4546 12144
4632 10465
4746 6596
4746 7903
4746 11340
4746 12026
4746 12168
4820 5470
4822 4917
4949 5272
4949 6429
4949 8197
5065 7391
5065 9246
5065 12164
5127 5966
5215 11953
5263 12146
5265 7382
5265 9888
5362 8093
5362 11203
5415 12025
5468 9573
5487 10304
5550 5983
5615 12111
5720 12026
5720 12148
5720 12160
5720 12162
5812 11241
5831 11803
5831 12148
5857 12148
5966 12124
6203 6990
6203 12146
6373 11383
6373 12141
6400 12143
6596 11629
6596 12111
6596 12168
6618 10304
6618 12140
6618 12153
6619 11023
6619 11066
6619 12137
6916 12149
6917 12157
6990 8281
7034 12167
7410 12079
7801 12148
7838 12173
7904 12166
7944 12044
8093 12160
8184 11095
8197 8698
8197 11141
8197 11489
8197 11779
8197 12090
8197 12169
8272 10304
8298 9458
8494 12156
8901 11101
9122 10706
9152 9352
9152 9458
9152 11061
9152 12149
9152 12159
9352 9789
9352 12158
9940 12172
9958 11961
10052 12167
10252 10840
10273 12146
10273 12169
10321 11565
10347 12002
10465 12165
10808 12079
11023 12154
11101 12144
11340 12146
11383 11925
11565 11803
11938 12138
12044 12153
12170 12171
