29 12184
41 11083
46 10273
61 2406
68 12192
74 8363
75 6189
76 4746
76 12176
134 412
134 556
134 1361
134 2396
134 4117
138 4714
138 6203
153 11083
156 4746
158 221
158 11548
184 1177
184 4092
189 9565
204 4746
204 12195
221 236
221 455
221 621
221 821
221 1122
221 2019
221 2156
221 2529
221 2956
221 4216
221 10465
236 5127
258 2044
298 12186
312 8234
315 563
330 1818
348 729
348 5550
348 11383
374 12186
412 12116
455 12026
455 12200
461 1242
461 1256
461 2956
461 3484
515 11340
563 3030
572 1255
577 6429
577 11383
577 12178
610 5305
610 11531
610 12182
618 4135
621 1550
621 5550
621 12025
634 11340
659 12177
669 6429
729 2762
729 3166
729 11913
748 8494
753 1917
762 5127
762 9147
762 12184
762 12187
762 12194
762 12195
801 5362
821 2970
837 12037
837 12176
839 11489
852 1256
852 2756
852 3313
852 8409
1036 5550
1041 2437
1115 7760
1115 9427
1144 8147
1198 1359
1198 2529
1242 2019
1256 8409
1268 5127
1268 11489
1278 8159
1309 4632
1319 4746
1361 5132
1361 11340
1531 9951
1531 10061
1531 12193
1604 2956
1625 5127
1636 12193
1709 5049
1709 7611
1709 8173
1724 5550
1917 10304
1917 10465
1917 10816
1917 12090
1917 12179
1966 4135
1971 9896
2027 11489
2027 12090
2044 5127
2062 2767
2122 2668
2313 2767
2317 7611
2334 6373
2355 8732
2406 3634
2472 10265
2529 2756
2529 5305
2529 5430
2529 8147
2562 6002
2627 11951
2682 8914
2739 6189
2739 12193
2756 5430
2756 6817
2756 8409
2756 12175
2762 4577
2762 5132
2762 6467
2767 7760
2767 11951
2767 12176
2767 12183
2956 3484
2956 10265
2956 12178
3030 8363
3030 12182
3049 5267
3065 5127
3065 6779
3171 6142
3381 4332
3381 11205
3456 7760
3515 12175
3636 12193
3648 5468
3648 5658
3676 8712
4031 12182
4064 4117
4092 12199
4117 6189
4117 12198
4135 5550
4216 11938
4283 11259
4380 8159
4419 4917
4419 8197
4419 12090
4523 6002
4523 8298
4523 8914
4523 11141
4525 4917
4746 6596
4746 8197
4746 11340
4746 12168
5012 8698
5049 10633
5065 5127
5065 6203
5065 9951
5093 5119
5127 7611
5127 8197
5127 11489
5127 11938
5141 6203
5263 12180
5430 6817
5468 6498
5468 8363
5550 5966
5699 10299
5720 6362
5720 8732
5812 11241
5929 9789
5929 12199
6002 11340
6203 7534
6203 9951
6203 10265
6203 12187
6362 12199
6373 11383
6429 12178
6429 12188
6498 8363
6498 9122
6692 12170
6779 10265
6817 10265
7290 10061
8147 8712
8159 10294
8173 12189
8197 11489
8208 8409
8298 9152
8298 12199
8363 9122
8363 12190
8494 10265
8735 9413
8955 10304
9152 11383
9152 12185
9241 11259
9425 11951
9951 11340
9951 12191
10265 10273
10265 11203
10273 10304
10299 12197
10304 11938
10304 12126
10465 12090
10465 12165
10816 12090
11037 12181
11083 11728
11115 11779
11251 12186
11565 12185
11799 12007
12194 12196
