43 659
43 1786
43 4216
43 9282
46 221
73 2845
73 3624
73 6498
76 221
90 3107
95 1786
95 12245
95 12288
110 8197
117 455
117 4731
134 4117
138 1904
138 4544
138 9827
138 12278
153 12260
158 736
158 1115
167 461
172 8197
178 839
178 8197
184 3364
208 2204
208 4731
221 461
221 1242
221 1540
221 1972
221 2111
221 2694
221 3065
221 4011
221 4117
221 4731
221 5065
221 6448
221 7335
221 8197
221 9978
221 11565
236 6448
267 9161
290 3030
290 3648
297 4117
348 4370
348 6618
348 12270
374 2064
374 12110
383 641
383 1361
383 1831
383 5065
383 5615
442 11851
444 7081
455 4216
455 12236
461 2956
461 5012
461 5065
461 11565
461 12276
467 4117
467 10730
467 11936
528 4092
528 7801
532 5439
572 8197
573 1971
573 4370
573 7801
573 8822
573 10930
577 5824
610 6817
610 11803
621 3166
621 6467
621 11397
641 1831
641 4092
641 5272
686 10265
708 839
708 1917
708 7944
762 11376
762 12260
762 12263
762 12282
837 1076
837 10040
837 10969
837 12272
839 5824
839 9474
839 10930
839 11723
839 12274
846 1527
846 3377
852 1256
852 2529
852 2583
852 4092
852 4858
852 5720
852 6223
852 8225
852 11376
852 11851
852 12206
866 4187
911 1636
911 12255
1002 8340
1002 12274
1057 1812
1057 2582
1057 5119
1057 9896
1057 10265
1057 12125
1076 12286
1115 9427
1144 11533
1179 5119
1193 9299
1193 11778
1193 12264
1226 8340
1242 12261
1256 11376
1264 1971
1264 4370
1268 12276
1359 10265
1531 1831
1531 1841
1531 5615
1531 10465
1531 12139
1604 3030
1657 3160
1709 2956
1709 5012
1709 11723
1709 12276
1709 12292
1737 7128
1786 4113
1786 5243
1786 7391
1804 9449
1812 2767
1812 5824
1812 12284
1824 9868
1831 2342
1831 4092
1831 4507
1831 12282
1841 4092
1854 2255
1854 11074
1904 5270
1917 10930
1971 4370
1971 5065
1971 8124
1971 8197
1972 3107
1985 3166
2019 9896
2019 9978
2019 10967
2019 12261
2062 9161
2062 12287
2064 4187
2111 8272
2136 11251
2158 12277
2215 9323
2245 11340
2255 9896
2256 12260
2342 5065
2342 12282
2468 10201
2472 4370
2504 12178
2529 4858
2529 8093
2529 8914
2529 11376
2529 11851
2529 12283
2582 2583
2582 4011
2582 12284
2627 12291
2674 8272
2694 11340
2762 9565
2767 12271
2767 12279
2820 10967
2919 6109
2956 3484
2956 8197
3086 9868
3104 12275
3166 7391
3329 12281
3344 12202
3380 7081
3405 12278
3533 12059
3700 12281
3707 12206
3751 5720
3800 11203
3887 4731
3887 7391
3943 12281
3984 6203
3984 10969
3984 11340
4011 10596
4050 8144
4092 5272
4092 6779
4092 10465
4092 12283
4117 5065
4117 6448
4117 6618
4117 7281
4117 11533
4117 12278
4187 7801
4187 11946
4216 6448
4216 8272
4216 12261
4370 5065
4414 5065
4507 8955
4731 7081
4839 11778
4858 6223
4924 12271
5012 12276
5065 5127
5065 6448
5065 6713
5065 7801
5065 8197
5065 9978
5119 7128
5119 12273
5243 5468
5265 12236
5265 12258
5270 12287
5272 5824
5272 6779
5362 7081
5468 12277
5471 8197
5672 9474
5720 12206
5824 12067
5831 11533
5849 10967
5912 10061
6108 12268
6109 12258
6203 12249
6203 12293
6223 8225
6236 10202
6362 7081
6373 8014
6448 8124
6448 9152
6467 12245
6618 11340
6618 12278
6679 9868
6745 12206
6779 10465
6945 10273
7034 12249
7090 12280
7128 10018
7157 11383
7290 12287
7311 11376
7337 11376
7391 12262
7634 12278
7924 12125
8014 8190
8144 9152
8159 11533
8197 8272
8197 9896
8197 10967
8197 12140
8197 12234
8197 12289
8225 11679
8281 12279
8281 12290
8379 12262
8613 9161
8914 9896
8914 12263
9152 12259
9352 9789
9425 12211
9449 12245
9474 11916
9565 10624
9865 12265
9868 9958
9896 10265
9896 10967
9896 12234
9896 12263
9978 12269
10040 12264
10040 12265
10040 12272
10277 12267
10684 11340
10789 12277
10913 12281
11203 12178
11326 12293
11340 11533
11340 12278
11938 12240
11943 12266
12253 12288
12281 12285
