14 412
29 70
42 1687
43 7097
61 8197
76 2762
76 7097
76 12092
76 12314
83 11383
88 12222
95 11340
95 11803
110 1369
110 12301
117 455
117 7081
138 1413
138 3368
138 6429
138 10293
138 12296
140 4746
158 2057
158 9722
172 7855
178 839
196 8238
196 9596
221 618
221 2019
221 5065
221 5471
221 6619
221 6945
221 8197
221 11340
267 10293
297 12281
383 1531
383 5272
383 8466
383 10040
390 968
407 455
412 12321
419 455
442 11851
455 1232
455 2521
455 3380
455 3627
455 4949
455 5265
455 7081
455 12224
455 12236
455 12258
455 12319
461 12294
467 6619
467 12255
467 12299
477 5006
528 881
528 7801
572 5493
572 12312
577 618
577 11203
577 12178
599 1928
608 1917
608 12302
610 11340
613 5471
613 12306
618 904
729 6836
729 11656
729 11913
729 12040
729 12222
762 2062
762 12287
762 12295
836 12318
837 1483
839 1804
839 1854
839 5824
839 7097
852 1256
852 1531
852 2529
852 2756
852 3313
852 4117
852 7290
852 8732
852 9985
852 10203
852 11851
852 12311
881 1841
904 11340
911 5681
928 1527
968 3166
968 5468
968 9122
1002 2111
1002 8197
1002 8340
1036 11582
1057 1812
1076 7944
1115 9427
1140 2674
1140 4092
1144 9565
1144 11548
1144 11582
1144 12319
1256 10203
1300 4117
1359 5824
1365 8197
1369 12274
1375 1703
1413 3368
1517 7097
1527 12274
1531 2762
1531 4117
1531 12178
1531 12302
1540 5215
1568 4746
1568 4765
1568 12315
1612 6467
1622 12318
1636 2762
1636 12317
1658 9804
1703 8197
1804 11475
1831 5616
1831 12092
1831 12300
1841 4092
2019 11938
2019 12313
2027 2694
2057 2529
2057 2767
2057 6373
2057 7081
2057 12304
2158 2324
2169 6498
2234 9804
2324 2669
2324 7097
2324 8340
2324 12298
2389 3000
2408 12300
2521 6779
2529 5824
2529 10465
2529 12279
2562 8147
2582 2739
2582 5006
2756 3313
2756 5119
2756 10203
2762 5230
2762 5493
2762 8466
2762 11103
2762 12253
2762 12316
2767 8550
2767 12321
2816 3368
2818 8333
2845 5179
2907 12308
2956 12309
2956 12313
3067 3484
3067 7855
3067 8197
3086 5471
3313 10203
3368 6429
3368 10273
3380 7081
3484 8340
3501 12291
3627 8197
3636 5215
3673 11475
3707 12302
3801 11799
3882 8550
3893 12317
3984 4061
4011 5471
4050 12320
4092 5720
4092 6467
4117 6189
4117 6618
4117 11533
4117 12296
4117 12302
4117 12310
4117 12311
4117 12313
4187 12306
4253 11340
4523 6945
4536 12318
4562 5720
4562 6203
4746 12291
4839 12021
5006 6448
5006 6584
5006 11340
5119 11679
5179 8197
5215 11203
5265 12258
5270 12309
5272 5824
5272 8466
5362 12302
5362 12313
5471 5681
5471 6448
5550 9841
6203 12290
6373 8014
6373 8190
6467 10660
6596 12299
6596 12313
6618 8340
6618 11340
6618 12222
6618 12278
6618 12296
6619 11383
6779 8164
6945 8197
6945 11141
7032 12300
7290 9985
7290 10465
7382 11803
7391 11340
7801 12255
7855 12274
8147 11803
8159 8238
8197 9421
8197 9804
8197 12289
8197 12318
8281 8550
8333 8955
8379 12262
8466 9757
8466 10273
8491 12278
8550 11340
8824 12320
8849 9161
8849 9483
8901 12301
8955 10465
8955 12300
9152 11383
9161 12298
9241 12265
9474 12305
9596 9789
9985 10068
10018 12253
10018 12255
10018 12321
10293 12309
10416 11548
10416 12080
10465 12092
11203 12178
11241 12322
11305 12202
11340 11383
11799 12307
11938 12292
11938 12295
12021 12297
12235 12303
12253 12314
12278 12296
