26 836
28 968
28 3166
42 2583
42 4216
42 5065
42 6596
42 10558
42 12341
42 12373
43 539
43 10502
43 12323
48 4935
76 11587
76 12341
76 12356
83 773
88 1255
95 12345
95 12361
96 2027
96 8363
110 4038
110 9610
110 12374
113 12314
114 572
123 1854
138 5272
153 12386
153 12392
158 2529
158 4968
158 12160
158 12366
158 12383
191 11115
201 8298
201 12371
221 1636
221 3065
221 4117
221 10465
221 12396
258 1413
276 8197
286 852
286 1115
286 12160
289 852
370 12390
383 536
383 1531
390 2027
434 4746
446 1531
446 4092
455 922
455 1531
455 3893
455 6280
455 12018
455 12323
455 12338
455 12348
455 12359
461 5065
461 12374
467 4822
528 2704
528 12360
536 1531
536 2762
536 2767
568 1392
570 852
572 1268
572 4419
572 6448
572 7034
572 8197
573 12120
577 12377
608 852
610 4746
610 9469
610 11340
610 12368
618 5550
618 5911
618 12287
621 729
621 789
621 2821
621 3738
621 6162
621 12125
712 8379
713 1255
729 1106
729 8197
729 9920
821 5127
836 1877
836 4309
836 6108
836 6162
836 12370
836 12382
837 3183
839 3183
852 922
852 2529
852 4605
852 6618
852 7760
852 8197
852 11587
852 12287
852 12323
852 12378
881 9920
881 10465
891 2704
968 6498
968 9122
1002 2199
1002 2437
1002 4632
1002 8984
1035 2389
1036 10399
1041 3030
1041 8197
1106 9920
1193 6596
1193 12264
1200 5720
1206 5065
1206 11037
1206 12386
1232 5911
1255 1527
1255 11037
1255 12384
1255 12390
1256 1531
1256 2529
1256 2756
1256 7760
1256 10203
1264 12370
1268 6448
1268 8197
1359 3183
1361 5362
1361 8370
1369 1527
1369 2669
1369 3484
1369 11241
1517 2956
1517 5065
1527 4038
1531 1824
1531 3183
1531 4216
1531 12338
1531 12348
1539 10475
1657 11136
1657 11587
1745 10980
1745 12387
1755 10502
1792 11037
1804 12345
1812 12214
1824 4117
1824 4968
1824 5127
1824 10273
1824 11340
1877 9217
1917 2970
1917 4126
1917 5415
1972 2107
1985 2334
1985 8298
1985 12368
2027 2888
2027 10502
2027 12245
2107 4523
2158 5550
2158 11340
2199 8272
2237 2767
2237 3984
2313 12312
2334 6373
2334 6624
2389 12389
2437 3041
2437 5305
2437 10502
2512 7471
2529 4605
2529 4910
2529 5127
2529 8093
2529 12160
2529 12287
2529 12393
2534 4056
2582 2756
2582 3072
2583 4866
2583 5824
2599 11340
2599 12373
2627 11340
2627 12299
2669 12090
2739 5493
2756 10203
2762 5065
2762 9323
2762 11943
2762 12120
2767 3054
2767 10216
2767 12323
2767 12368
2820 12359
2864 3107
2864 5049
2888 6498
2888 9462
2919 9882
2956 5721
2956 5824
3031 9458
3041 12362
3072 4117
3122 9458
3166 12245
3183 4187
3183 5272
3203 6596
3313 10203
3380 11533
3515 10203
3528 10502
3578 4605
3578 10203
3648 12245
3676 4746
3676 8197
3676 12388
3738 12125
3856 6223
3865 9610
3893 5720
3893 5824
3984 8955
4038 9610
4056 12116
4092 9323
4117 6618
4117 11587
4126 6373
4187 12022
4187 12364
4187 12383
4188 6373
4188 9958
4216 5362
4216 11340
4216 12312
4309 11340
4546 6108
4746 12383
4839 12018
4839 12368
4882 9610
4924 12394
4968 12366
5012 12314
5065 6618
5065 7801
5065 8197
5065 9185
5065 12018
5065 12120
5065 12378
5119 12113
5119 12393
5127 11340
5127 12386
5141 10780
5144 9152
5272 12338
5272 12367
5362 12312
5468 8363
5468 12384
5479 9152
5550 5966
5550 6916
5720 12378
5911 6429
5911 6619
5911 9323
5911 9709
5966 12376
6203 11136
6223 8225
6373 12356
6429 10558
6429 12358
6448 8197
6467 10465
6467 12373
6576 12365
6582 12365
6596 12299
6596 12341
6618 7801
7290 9985
7391 12367
7398 10502
7743 12367
7760 12385
8124 8197
8144 9458
8173 8197
8173 11141
8197 8901
8197 10558
8197 11203
8197 11938
8197 12373
8281 12395
8379 12125
8433 12273
9002 11548
9152 12359
9757 10273
9757 12348
9977 10780
9978 12371
10018 12255
10040 11916
10166 12391
10347 12368
10465 12120
10592 12369
10592 12376
10660 12345
10660 12361
11037 12314
11037 12384
11037 12389
11136 12355
11340 12018
11340 12363
11340 12394
11473 12372
11548 12392
11742 12338
11848 12355
11943 12375
12278 12371
12345 12361
12355 12368
12375 12379
12380 12381
