6 9697
26 338
26 2149
31 12126
42 4643
42 6373
43 4605
43 5493
43 8272
76 4746
76 8272
76 12411
83 6916
88 4358
94 4456
95 6916
95 8197
96 897
96 8197
110 411
110 897
110 12374
123 1854
132 11605
133 138
138 1255
138 1349
138 4605
158 221
158 5100
158 11548
158 12428
172 12341
172 12374
191 1831
201 12403
206 3887
221 455
221 1636
221 4117
221 11340
221 12396
258 1709
258 3030
258 9152
290 9573
315 12245
318 2215
348 4419
391 2199
434 4643
434 4771
434 11340
444 12018
446 4092
455 536
455 4771
455 7839
455 11340
455 12018
455 12398
467 536
467 4746
563 8379
568 3356
568 7952
572 5249
573 3166
573 4031
573 5468
573 9152
573 12245
573 12430
577 8379
613 11531
618 4879
618 6916
618 8379
621 4771
621 6916
641 1140
686 12418
729 4605
729 5249
729 9920
762 852
762 1256
762 2529
762 3313
762 5100
762 11297
836 1527
836 4309
836 6162
836 8682
836 12245
836 12356
836 12397
837 12416
846 1527
852 1256
852 2529
852 3313
852 3388
852 4605
852 6817
852 10203
852 11587
852 12419
881 9152
881 9920
897 2158
897 2255
897 3528
897 5012
897 6724
897 7335
897 8197
911 12255
911 12299
968 9122
968 10558
1002 1517
1002 2199
1002 6779
1002 8124
1002 12106
1057 1179
1115 7839
1115 11548
1140 4117
1140 6916
1144 12420
1198 10409
1206 11340
1214 8197
1242 11489
1255 1527
1255 2956
1255 5270
1255 6467
1255 12407
1256 2756
1256 3388
1264 12388
1280 1563
1280 2019
1280 8272
1365 6916
1369 2669
1392 1786
1395 12426
1413 5616
1413 8484
1413 11489
1517 5065
1527 2158
1527 2694
1527 3520
1527 8197
1527 11305
1527 11489
1527 12409
1531 2762
1531 6916
1531 12415
1540 6945
1561 2816
1563 2019
1604 2627
1636 8197
1657 2057
1709 2694
1709 3030
1709 9978
1745 2762
1745 4643
1786 4390
1786 8521
1786 12429
1787 3856
1824 12430
1831 2158
1831 5362
1831 9565
1831 12418
1877 5065
1917 2326
1985 10592
1985 12414
2019 5440
2086 12430
2117 12412
2124 3649
2158 12417
2191 3254
2197 12414
2199 2600
2237 4946
2237 5065
2255 3520
2256 4643
2256 12401
2292 12299
2313 12312
2317 8164
2324 12374
2389 8613
2389 12389
2437 2767
2468 4419
2468 5012
2468 12422
2472 4670
2488 10203
2504 11360
2512 7471
2512 11728
2529 10558
2529 11587
2529 12287
2529 12415
2600 10409
2627 6203
2627 7391
2627 8197
2627 12245
2627 12402
2694 12399
2741 4946
2741 10068
2756 3388
2762 5065
2762 5493
2762 5824
2762 8197
2762 12401
2767 8298
2767 12434
2820 12359
2831 12093
2845 5100
2902 4126
2956 5721
2956 11533
2970 11340
3065 12128
3110 10409
3313 3388
3405 12430
3484 4419
3520 12388
4092 10690
4092 12359
4117 4771
4117 5249
4117 12366
4117 12418
4187 12022
4187 12434
4216 10409
4386 12429
4419 12417
4485 10409
4488 5706
4605 10660
4632 12425
4643 4771
4643 4839
4731 8272
4746 8197
4746 12245
4746 12432
4771 6916
4839 12398
4879 9323
4882 12397
4968 12366
5041 12392
5065 5119
5065 7952
5065 8484
5065 10409
5065 12299
5100 5270
5119 12393
5127 12373
5249 5440
5249 6373
5263 12426
5265 12416
5272 12022
5362 12418
5439 12388
5479 9152
5479 12410
5479 12414
5493 9565
5493 11141
5550 12412
5720 12431
5816 6774
5824 8197
6203 11531
6203 11533
6373 12356
6429 10558
6448 11605
6498 12422
6916 11340
6945 8197
6945 11489
7199 12408
7391 12401
7670 11533
7839 12258
8093 11587
8124 8197
8164 10409
8197 10409
8197 11489
8197 11533
8197 12399
8298 12403
8379 12262
8409 11544
8484 10409
8521 10293
8682 12245
8912 12299
8955 12433
8984 12388
9000 12430
9152 10465
9152 12410
9152 12412
9152 12427
9152 12430
9195 12424
9323 12421
9394 12416
9573 12245
9697 11703
9757 11376
9868 11267
9978 10558
10068 12423
10409 12388
10409 12406
10465 12427
10558 12388
11172 12424
11340 12332
11489 12399
11533 12128
11779 12414
11779 12435
12161 12402
12245 12412
12245 12430
12338 12400
12338 12405
12355 12376
12355 12395
12355 12413
12374 12404
12380 12381
12381 12426
