13 12542
19 9829
28 572
28 9610
37 621
42 1365
42 4216
42 9091
42 12205
43 3545
43 5471
43 5911
43 9829
43 12476
72 3041
73 2845
73 9573
73 12550
75 8926
76 12568
109 138
109 12550
110 2319
110 3984
110 8197
110 11023
122 6032
134 621
138 762
138 2529
138 5141
138 5616
138 6945
138 8197
138 9313
138 9829
138 11340
138 12553
138 12571
138 12595
153 9829
153 9868
153 12591
158 572
158 2919
158 12564
158 12571
158 12593
158 12594
158 12598
172 572
172 12565
195 2158
196 12571
201 762
201 852
201 1256
201 3541
201 5141
201 6945
201 9829
201 10203
201 11863
201 12442
201 12595
208 6242
236 2840
236 8197
258 2767
267 2299
280 2529
280 2970
280 7961
280 12519
280 12584
354 573
374 3984
408 10685
412 7593
436 2845
436 9829
455 10040
455 12572
455 12579
467 3029
524 2158
528 12579
556 4092
556 4283
556 12570
565 3984
568 3356
572 1268
572 4731
572 6448
572 7034
572 12388
577 904
599 3195
610 10734
610 12587
613 621
613 1365
613 5471
621 5550
621 9091
621 9829
621 12356
729 904
729 3541
762 852
762 1365
762 4117
762 5141
762 6817
762 9091
762 9829
762 10203
762 12567
762 12585
762 12595
803 2775
836 9091
846 4997
852 3313
852 5270
852 6817
852 9091
852 9829
852 11587
881 8698
904 1097
904 1531
904 1794
904 6596
911 1622
1002 2767
1002 4267
1002 8197
1002 10869
1002 12557
1002 12565
1057 12566
1070 3313
1110 2158
1148 2956
1206 12595
1242 1365
1242 3541
1242 12590
1256 6947
1256 10203
1321 3484
1359 2582
1359 2767
1359 6779
1359 12566
1365 4092
1365 7391
1365 8197
1365 12557
1418 11037
1517 1854
1531 12545
1636 8433
1657 7593
1657 12434
1664 12565
1709 9896
1779 7391
1788 5141
1794 11226
1794 12582
1794 12583
1804 11582
1825 6692
1854 3673
1917 7391
1917 9829
1917 12205
1917 12602
1996 12432
2019 2599
2019 12590
2027 11250
2086 4746
2107 6373
2107 12372
2158 7391
2158 9091
2158 9829
2158 9994
2188 3195
2197 12603
2256 9204
2256 12434
2313 2324
2319 2694
2324 2582
2455 3984
2472 5012
2489 2787
2529 3313
2529 6817
2529 10040
2529 10706
2582 5362
2674 9829
2718 4031
2718 12245
2756 6161
2762 2775
2767 4092
2767 5065
2767 5362
2767 8197
2767 12566
2767 12571
2767 12596
2767 12606
2787 7855
2816 4488
2820 8197
2840 7855
2956 4632
2956 5012
2956 6189
2956 12559
3024 6108
3030 5550
3041 4419
3041 9610
3065 5119
3072 12596
3140 12567
3195 4746
3195 10955
3290 8433
3313 6817
3344 12542
3377 12554
3380 5616
3520 8868
3526 12159
3526 12579
3528 9091
3541 4746
3541 11326
3636 4092
3648 5141
3673 9091
3708 12576
3745 9091
3800 6373
3800 10766
3893 12279
3945 4092
3947 8197
3984 10040
3984 11023
3984 12022
3984 12244
3984 12523
3984 12574
3984 12588
4031 12245
4092 6032
4092 7034
4092 10040
4092 10869
4092 12570
4116 10268
4116 11326
4117 8625
4117 9091
4117 9789
4117 12279
4187 5065
4216 5362
4216 8197
4216 10409
4242 8233
4283 12159
4283 12570
4384 12565
4419 9610
4488 9332
4488 10268
4536 11226
4632 6498
4632 9868
4632 12601
4632 12605
4731 7391
4746 6619
4746 6945
4746 7840
4746 12341
4746 12434
4765 12598
4771 9204
4771 9326
4771 12434
4882 7855
4882 12565
4924 11779
4924 12606
5012 12581
5065 12159
5066 5720
5066 12570
5066 12576
5119 12022
5119 12469
5119 12592
5141 12550
5141 12595
5270 10706
5272 12523
5272 12579
5366 12565
5550 7391
5699 9829
5699 12577
5720 8433
5720 12501
5720 12519
5720 12580
5831 11548
5831 12572
5966 12356
6160 10706
6203 9326
6203 12059
6203 12568
6203 12603
6373 12022
6373 12356
6448 9829
6448 12205
6498 12601
6576 12576
6618 6779
6618 9091
6618 11340
6619 12599
6692 11582
6779 8197
6779 11340
6817 9091
6817 9204
6817 12568
7081 12545
7391 8197
7391 9829
7391 12602
7534 12589
7593 11340
7593 12434
7855 9610
7855 12565
7855 12605
8067 12388
8067 12523
8080 11778
8093 12501
8096 9323
8197 9610
8197 9829
8281 12591
8282 12564
8411 12601
8416 9722
8453 12501
8484 12545
8698 11023
8698 12582
8824 12573
9091 9789
9158 12506
9204 10808
9204 12434
9323 12205
9789 12550
9789 12599
9829 10967
9829 12245
10027 12581
10035 12596
10201 11037
10472 12568
10558 12546
10685 11340
10869 12300
10930 12245
11244 11251
11251 12568
11340 12084
11340 12434
11340 12524
11340 12567
11340 12570
11397 12456
11548 11803
11848 12578
11863 12355
11881 12245
11912 12596
12021 12059
12047 12597
12279 12524
12355 12604
12550 12601
12565 12600
12569 12570
12574 12575
12585 12586
12593 12594
