7 467
19 12622
29 10472
42 3850
42 5066
42 5272
42 6160
42 6885
42 11164
43 852
43 2682
43 5127
43 5468
43 7802
43 10342
43 12341
43 12434
46 11340
73 9573
83 8231
84 11326
95 9709
95 12341
110 3405
110 8197
114 1917
114 2616
114 3329
122 6032
138 762
138 852
138 1206
138 5179
138 9091
138 12630
153 5127
153 12619
153 12630
158 10911
158 12279
159 6945
172 6108
174 12619
196 3329
196 9829
196 10342
196 12341
196 12356
196 12637
201 2158
201 2529
201 2786
201 10911
221 2111
221 12434
258 12341
267 2299
280 2529
298 1831
298 6889
374 467
383 1531
383 10869
383 11718
383 12626
391 12616
412 12624
455 8763
455 12632
461 8224
467 729
467 1413
467 2627
467 3283
467 5853
467 12299
536 4746
556 2627
572 613
577 5973
577 8231
602 613
613 2627
613 12341
618 12523
618 12634
621 837
621 2086
621 5973
621 8298
621 9829
621 9868
621 12622
634 3636
634 12341
659 762
659 1012
659 2762
729 1255
729 1359
729 1794
729 5127
729 6429
729 6596
729 12623
762 852
762 2529
762 2786
762 4117
762 5179
762 7760
762 9000
762 9091
762 12609
762 12622
836 12207
837 12621
852 1787
852 1877
852 4117
852 4858
852 9091
852 12630
875 1298
885 7760
904 6945
946 11326
1002 2437
1012 4092
1036 9860
1057 6161
1106 5272
1106 8119
1106 9161
1144 5127
1201 12611
1206 9091
1206 12550
1255 2845
1255 9981
1256 6947
1359 12341
1359 12606
1359 12614
1365 5066
1365 8197
1521 9000
1531 8604
1531 8625
1531 12626
1539 2816
1539 5179
1540 3636
1636 7652
1636 8625
1657 7593
1709 2158
1779 4031
1779 4465
1779 12341
1786 6713
1787 11912
1794 12299
1877 11489
1917 8231
1917 11134
1917 11582
1972 4746
2027 6108
2027 9366
2027 11250
2027 12090
2027 12188
2086 9161
2086 9868
2086 10592
2086 12090
2102 11582
2107 3545
2107 6373
2156 10911
2158 3030
2158 8197
2158 12245
2158 12341
2240 3893
2313 2324
2313 4839
2313 8604
2324 2582
2324 4839
2324 8416
2389 8796
2389 12581
2437 12341
2437 12609
2488 9091
2528 11340
2529 6817
2529 7049
2529 10706
2534 4116
2582 12312
2627 4092
2627 12608
2627 12629
2650 12018
2674 12630
2682 12565
2739 8625
2762 6810
2767 8763
2767 9168
2767 12279
2767 12606
2767 12608
2767 12628
2775 12606
2786 4746
2786 5179
2786 5373
2787 7855
2816 12341
2989 5272
2989 6373
2989 10268
3195 4746
3195 5103
3230 6324
3313 4858
3526 12610
3636 9292
3636 10763
3636 11340
3636 11666
3636 12434
3852 12489
3893 6618
3984 11340
3984 12022
4090 5720
4090 12624
4092 12610
4092 12624
4113 11863
4116 5049
4117 5127
4117 6328
4117 8625
4117 11340
4117 11718
4157 6429
4157 10409
4187 12505
4188 12341
4216 5362
4242 12473
4382 9091
4382 12606
4382 12624
4419 5948
4431 7391
4431 10409
4465 5065
4465 6618
4465 9366
4465 12341
4523 9000
4523 11779
4570 12546
4632 8895
4632 11246
4839 10868
4848 12630
5065 8231
5065 12607
5065 12612
5066 5272
5066 5616
5066 5720
5066 7290
5066 12618
5127 6779
5215 9241
5272 6618
5479 12245
5479 12622
5682 9152
5720 7290
5720 12624
5846 8625
5973 9152
6109 10347
6203 8981
6203 10040
6203 12603
6324 11912
6332 11164
6373 9168
6373 9868
6373 10846
6373 11921
6373 12022
6373 12356
6413 8625
6448 11605
6448 11779
6448 12066
6596 12299
6692 11582
6817 7049
6817 10911
6945 12245
7127 9599
7190 12532
7290 8197
7335 12070
7391 8231
7391 9323
7391 12602
7391 12634
7855 12070
7855 12605
7901 12341
8119 12372
8197 12341
8231 9323
8333 12631
8491 8625
9000 11779
9091 9565
9152 12561
9425 12355
9565 10911
9565 12630
9709 12341
9829 12550
9868 11340
9868 12245
10040 12627
10203 10347
10269 12614
10347 12620
10409 12633
10530 11582
10558 12546
10592 12615
10734 12341
10846 11779
10868 12621
10869 12626
11160 11340
11244 11251
11340 12341
11340 12521
11340 12622
11582 12245
11582 12523
11666 12617
11728 12625
11779 12622
11863 12355
11916 12305
11943 12618
12070 12581
12070 12605
12207 12245
12245 12622
12279 12613
12300 12632
12341 12434
12355 12606
12355 12637
12586 12608
12635 12636
