12 12644
14 407
14 618
14 729
14 1788
14 2319
14 2919
14 2934
14 4026
14 4216
14 4909
14 6109
14 10347
14 12654
28 1365
43 946
43 2158
43 8197
43 10268
43 12647
43 12657
70 12654
76 6842
76 10268
88 2472
88 11779
95 11203
95 12643
95 12644
96 2816
97 12644
117 1657
117 1779
122 11908
132 12341
138 5179
138 9037
138 12665
153 3707
172 6108
189 12434
190 946
196 2158
196 3322
196 12341
196 12395
201 2158
206 647
258 407
258 5127
302 5948
383 11718
407 572
407 729
407 1877
407 2319
407 2694
407 4117
412 1365
412 10544
433 12656
455 12632
467 1365
467 2267
510 9037
528 6324
554 3528
563 577
568 2845
570 1540
570 4523
577 2822
577 4026
577 12634
577 12656
610 3984
610 9469
618 1177
618 1774
618 4026
618 10730
618 12654
621 12656
729 4632
729 5681
729 7104
729 12279
729 12425
729 12524
729 12644
762 1256
762 1268
762 1413
762 3636
762 3856
762 4216
762 5179
762 10268
762 12644
781 10293
824 1268
824 2192
824 3528
824 4080
824 8698
836 12207
839 1365
839 11582
839 12643
846 1527
846 3405
852 2529
852 12642
881 1198
881 5065
881 6596
881 8119
881 12643
921 1268
968 6498
968 8197
968 9978
1036 6047
1036 12654
1106 2027
1106 12659
1144 8197
1144 10801
1148 4216
1148 5362
1170 4731
1177 1985
1177 2529
1177 9323
1206 2529
1206 10544
1206 12665
1232 2820
1242 3984
1242 4216
1255 2255
1255 4419
1255 11257
1268 2053
1268 10268
1268 11489
1278 4746
1361 5522
1365 2255
1365 5681
1365 8197
1365 10268
1413 5006
1517 3049
1531 3636
1531 7741
1531 8416
1531 12640
1540 10268
1636 2739
1636 3984
1636 10268
1636 11340
1636 12645
1680 1804
1774 2762
1774 6429
1774 12661
1786 4117
1786 5272
1787 10203
1787 11912
1788 10347
1794 12255
1794 12641
1831 12664
1854 4882
1854 11972
1917 12651
1972 11779
2027 10558
2027 11582
2027 11972
2027 12659
2053 2204
2053 8698
2089 6324
2111 8197
2158 3453
2158 6373
2158 8712
2158 11340
2255 2820
2319 11257
2334 9152
2389 8796
2450 11340
2529 6817
2529 10544
2529 12649
2534 5681
2627 12629
2739 5616
2762 3636
2767 11533
2767 11908
2767 12658
2786 2816
2816 12644
2820 4117
2820 10967
2820 12344
2845 4802
2919 6619
2934 10347
3030 10293
3049 9978
3049 12614
3072 3984
3158 11582
3177 4031
3298 12652
3322 3984
3322 6779
3377 11582
3377 12648
3405 4177
3405 9610
3453 7397
3526 12473
3573 11257
3636 12473
3636 12640
3745 11908
3984 4117
3984 6373
3984 12022
3984 12395
4026 4425
4026 12341
4031 11257
4117 8197
4117 11718
4117 12279
4117 12524
4117 12664
4157 10409
4157 12666
4187 12621
4216 10409
4216 11489
4382 12624
4419 8796
4431 10409
4523 9536
4589 6324
4632 12425
4746 9483
4746 11340
4746 12644
4771 12640
4771 12663
4771 12665
4839 5522
4839 12658
4924 12667
5119 11533
5127 8197
5181 5468
5270 12665
5468 8613
5479 6047
5522 11340
5550 7991
5616 11203
5658 12245
5720 7290
5997 8698
6109 12620
6134 12644
6162 10409
6324 11912
6373 12341
6373 12638
6373 12639
6429 9323
6498 12661
6517 12341
6595 12434
6596 12651
6817 10477
6817 10544
7104 12425
7290 10268
7391 10293
7741 12640
7855 12660
7991 12655
8093 10801
8197 12471
8197 12657
8225 10801
8272 11489
8712 12644
8740 12344
8740 12581
9152 12395
9168 12664
9458 11340
9565 9884
9789 12648
10040 10268
10040 12645
10231 10268
10265 11340
10273 12245
10293 12661
10595 11548
10730 12523
10789 12648
10801 11548
11141 12662
11203 11340
11340 11533
11340 12638
11340 12648
11340 12653
11340 12655
11340 12658
11565 12344
11779 12655
11943 12629
12134 12643
12207 12245
12255 12641
12279 12524
12341 12647
12344 12586
12355 12637
12355 12648
12395 12586
12425 12614
12434 12664
12559 12650
12646 12647
