14 6109
26 12690
29 190
29 762
29 4026
29 4848
41 1687
41 11051
41 12648
42 2316
42 3592
43 5065
43 7741
43 12674
70 9565
76 881
80 11051
83 6467
83 8379
83 9323
84 881
84 8197
88 762
88 2389
108 2062
114 5166
117 5119
117 11340
128 10268
134 5616
138 762
138 2598
138 4765
138 4802
138 10706
138 12676
151 4026
153 297
153 10713
156 4731
156 6448
156 11605
158 11605
168 12434
190 10632
201 12694
206 3887
253 3592
258 2158
267 12702
297 2784
297 12690
304 2231
315 1985
315 12693
348 836
348 3405
348 4419
348 4570
348 4882
370 12421
374 455
374 467
374 9168
374 11038
374 12674
374 12688
374 12689
383 12604
412 839
412 881
412 2231
455 2767
455 11908
455 12323
455 12671
455 12690
458 8343
467 6284
467 6596
467 11808
467 12523
528 6324
528 12683
556 3364
556 3636
556 6203
568 12421
577 8379
577 12693
608 12690
610 1013
610 2158
613 2868
618 1177
618 2954
618 12523
618 12686
618 12690
621 12460
647 3405
712 7391
712 8379
729 2316
729 3030
762 1904
762 2816
762 3030
762 4031
762 5550
762 11305
762 11605
762 12665
762 12676
762 12677
762 12682
771 10874
781 10293
821 12651
836 6467
836 9469
839 881
839 5065
846 3405
852 3707
881 1531
881 4866
881 5493
881 6779
881 12691
921 1917
921 12685
993 2816
1115 12677
1115 12682
1122 12700
1206 12665
1242 1375
1242 5125
1242 5362
1242 11533
1255 2255
1255 2888
1255 4419
1255 10268
1255 11305
1256 3707
1256 12690
1256 12694
1264 2437
1265 9469
1268 2053
1268 11605
1321 2603
1361 3636
1365 2158
1369 4216
1375 12660
1413 6498
1483 6373
1517 5125
1531 1604
1531 2762
1531 3307
1531 3636
1531 3707
1531 5065
1531 9245
1531 10040
1543 11907
1605 12664
1636 2868
1636 5065
1636 6324
1636 8724
1636 9168
1636 11051
1687 2313
1687 11051
1709 5948
1709 12090
1709 12676
1786 5272
1877 11489
1917 6596
1917 6619
1917 10930
1917 11808
1917 12090
1917 12651
1972 5415
1972 12421
1985 4188
2027 11489
2027 12695
2053 2204
2102 3984
2156 2868
2156 3947
2156 4839
2156 12323
2158 2472
2158 4771
2158 7391
2231 3636
2231 8067
2231 8197
2231 12672
2255 12680
2313 3636
2319 7741
2355 10713
2423 5948
2488 12670
2504 11808
2529 12694
2603 12676
2628 8093
2756 12694
2767 11908
2767 12669
2767 12696
2767 12701
2784 12692
2786 12680
2816 12680
2820 12680
2821 5938
2825 8197
2868 3947
2868 4839
2868 5049
2868 9168
2912 12676
2919 12680
2919 12690
2956 3592
2956 8124
3030 4783
3030 5415
3030 8197
3072 3636
3072 3984
3072 4839
3072 6109
3072 7741
3072 11779
3158 11582
3195 4026
3364 3636
3364 4839
3405 4882
3409 12651
3447 12699
3487 10730
3592 10789
3592 11340
3592 12614
3636 6324
3636 12640
3636 12691
3707 11037
3947 4839
3984 6109
3984 9596
3984 11779
3984 12395
4011 12676
4026 5560
4031 5415
4031 12676
4080 10816
4117 12555
4117 12675
4117 12680
4117 12690
4157 12666
4234 4848
4390 12674
4419 4882
4577 9565
4731 12090
4731 12674
4765 5550
4765 12676
4771 7391
4771 8197
4839 6324
4839 12682
4882 9610
4886 5065
4924 11340
4924 12668
4924 12669
4924 12687
4924 12696
5065 5615
5065 8379
5065 9709
5065 11546
5100 9596
5119 12667
5125 9978
5141 5415
5159 12651
5272 6324
5272 10040
5272 10713
5272 12683
5272 12690
5272 12696
5272 12697
5272 12698
5362 11533
5362 11605
5362 12323
5493 6779
5522 9152
5550 12676
5616 11203
5769 12629
5831 9596
5948 7855
6203 11038
6373 8768
6448 12674
6498 12675
6498 12690
6596 12651
6618 11340
6644 9625
6945 12681
7059 11340
7391 9152
7534 12589
7944 10268
7991 12655
8197 11489
8379 9323
8438 11565
9037 12678
9124 12676
9152 12395
9152 12421
9152 12680
9152 12693
9168 12355
9168 12421
9323 12323
9323 12460
9323 12677
9323 12686
9458 11340
9789 12002
9829 10283
9888 12702
10040 12683
10555 11340
10632 12245
10789 11340
11305 12676
11340 12323
11340 12690
11340 12696
11450 11779
11779 12655
11808 12614
11943 12629
12300 12673
12372 12421
12395 12586
12523 12684
12679 12680
