25 4765
28 4031
29 12756
41 12356
42 1709
43 8197
43 9658
43 11340
43 12565
73 12770
76 158
76 1115
76 11340
76 11582
83 3171
84 11582
88 1255
96 433
96 8363
96 9977
97 8363
130 2767
130 3253
130 4746
130 12434
138 762
138 2529
138 4392
138 11779
138 12747
138 12756
151 5785
151 12712
153 1704
153 11582
153 12751
153 12766
158 1365
158 10604
158 10846
158 11340
158 11582
158 12756
158 12771
201 852
201 2529
201 3380
201 12776
258 4771
258 12356
258 12680
297 12395
315 11205
348 10846
370 1563
383 536
407 1432
433 8363
442 10040
442 12756
455 536
455 1365
455 3381
455 4187
455 6885
455 12253
455 12756
467 1917
467 10154
510 12729
528 8608
536 1831
536 5331
536 12742
559 8197
559 9978
577 904
577 9323
577 12125
577 12421
577 12725
610 3984
610 4465
610 12765
613 11259
618 1550
618 12757
621 1550
641 12737
659 4187
659 5119
659 12756
703 2650
729 7104
729 8411
729 12748
729 12757
762 852
762 1206
762 1256
762 1539
762 2820
762 3313
762 11751
762 12738
762 12741
762 12747
774 1531
774 12772
805 6498
805 10918
820 3158
821 12738
821 12754
852 2756
852 7801
852 10203
852 11582
852 12757
852 12770
852 12773
881 12754
904 3171
904 4187
904 7391
946 8472
1002 12565
1006 1255
1006 12760
1036 10846
1056 1709
1056 5272
1057 1704
1057 5720
1057 7034
1106 8197
1106 12237
1140 4839
1140 6301
1198 6373
1206 12746
1232 3984
1242 5366
1255 4546
1255 12747
1255 12771
1256 10203
1256 12770
1268 11427
1268 12749
1278 2775
1298 10930
1365 4187
1365 12756
1369 11427
1369 12614
1375 6248
1402 6324
1413 11340
1413 12739
1413 12740
1517 6248
1517 12614
1531 2756
1531 2919
1531 9245
1531 12570
1531 12742
1531 12772
1539 6301
1540 2245
1550 6429
1550 7391
1563 6373
1563 12614
1563 12738
1563 12755
1660 12702
1664 12759
1704 2767
1704 6389
1704 9152
1709 3166
1709 3951
1742 8363
1752 12709
1787 12612
1794 4117
1875 11108
1877 7611
1877 11489
1917 12761
1972 11779
2019 12760
2027 3283
2027 6108
2149 6811
2158 3283
2158 10604
2158 11582
2158 12773
2255 2919
2255 11582
2255 12620
2313 5625
2313 12570
2381 12777
2389 2472
2389 6788
2437 4419
2437 12758
2437 12759
2488 12743
2529 3313
2529 11582
2529 12227
2529 12736
2529 12747
2529 12765
2534 11582
2650 12734
2739 5625
2756 2919
2756 12736
2756 12769
2762 2919
2767 4117
2767 12765
2786 12680
2820 4117
2826 7196
2919 4117
2919 8119
2956 3158
2956 5616
2956 8197
2956 12570
3072 9829
3158 4523
3158 5471
3158 11489
3158 12735
3166 4031
3166 8363
3171 4026
3171 4117
3171 4746
3171 12761
3313 12743
3313 12747
3528 10930
3541 4187
3541 12762
3624 6498
3636 12754
3636 12771
3636 12772
3816 3984
3887 12756
3947 12739
3984 10040
3984 12022
3984 12227
4092 12570
4092 12737
4092 12750
4092 12756
4092 12772
4117 12747
4117 12756
4117 12767
4117 12768
4117 12771
4187 12698
4187 12744
4187 12774
4187 12775
4216 9829
4419 4546
4419 6788
4419 7127
4523 11489
4632 8411
4731 9658
4746 11340
4771 12774
4839 6189
4839 8608
4839 12739
4839 12750
4839 12751
4839 12754
4839 12756
4866 12754
4924 12395
4924 12669
5041 11340
5065 6203
5119 12750
5125 5366
5141 12738
5141 12776
5272 8197
5272 12737
5272 12774
5362 6189
5366 12756
5427 12771
5493 12741
5625 5720
5699 11037
5699 12760
5720 7290
5720 12743
5720 12746
5720 12757
5720 12770
5785 10027
5966 9649
6108 9152
6125 8197
6203 12612
6203 12722
6203 12741
6301 11565
6373 12738
6389 11340
6389 12756
6421 9594
6421 12434
6467 12729
6498 12776
6692 12764
6817 12747
6945 11427
7252 12683
7290 12756
7391 11205
7391 12732
7611 11489
8067 12745
8067 12748
8197 9152
8197 11205
8197 11489
8197 12565
8197 12735
8197 12739
8298 12756
8379 12732
8437 11565
8484 12734
8608 8981
8613 11582
8740 11340
8740 12734
8824 12744
9048 12752
9152 11489
9152 12765
9161 11108
9323 12760
9543 12245
9596 12762
9789 12355
9848 12763
9848 12764
9978 11489
10040 11582
10040 12756
10068 12756
10157 11779
10231 11779
10273 12758
10604 12756
11037 12753
11286 12372
11340 11582
11340 12022
11340 12734
11340 12756
11427 11489
11489 12735
11582 11779
11582 12757
11779 12734
11881 12731
12341 12734
12355 12356
12434 12756
12559 12650
12738 12755
12739 12740
12751 12766
12751 12778
12763 12764
12767 12768
