26 7290
28 6498
29 13018
30 2428
30 13014
38 12727
38 12883
43 10198
73 108
76 374
76 11103
83 13000
97 13016
108 8363
110 573
110 1879
110 1971
110 2750
110 4177
110 10558
110 12719
110 13006
123 12734
138 141
138 572
138 1255
138 4886
138 6498
138 8750
138 12287
138 12734
138 12839
138 12881
138 13001
138 13013
151 1255
158 4731
158 8750
158 8930
158 10604
158 13012
158 13018
159 12992
196 729
196 1863
196 11305
196 12426
196 12959
201 5615
201 12727
201 12959
258 4839
258 12978
315 2628
315 5479
318 5550
374 881
374 898
374 1359
374 1365
374 4839
374 5427
374 6779
374 11103
374 12214
374 12727
374 12878
374 12885
374 12912
383 1985
433 13016
467 12299
467 12984
467 13009
467 13020
510 1255
528 572
528 10040
528 12996
528 13003
528 13021
546 7290
568 12874
568 13018
572 2158
572 2820
572 12883
573 2118
573 8750
577 6429
577 7311
577 11531
613 4839
618 6429
621 1622
656 1917
656 4419
656 11489
729 1879
729 4771
729 6373
729 12881
729 13004
760 3072
774 1531
774 2764
837 10040
839 7311
839 11103
839 12994
885 8363
898 1255
898 5616
911 12299
948 13009
1002 1280
1056 13002
1060 11360
1106 13022
1115 12991
1177 3636
1177 8197
1177 11943
1255 2845
1255 6498
1255 6982
1255 8197
1255 11103
1255 12885
1255 12994
1256 3707
1280 2199
1361 12983
1365 5119
1365 6779
1365 7760
1458 12983
1517 12727
1517 12883
1531 6161
1531 6982
1531 9256
1531 10040
1531 12727
1540 3636
1571 12839
1571 13010
1657 5084
1657 10789
1709 3405
1709 3673
1717 4113
1724 10717
1788 10604
1794 4117
1824 8119
1854 2324
1863 11340
1863 12814
1879 1917
1879 2437
1879 6373
1879 6429
1917 10705
1917 11817
1971 4419
1971 7855
1971 8197
1985 5479
1985 7732
2019 2574
2019 12735
2019 12883
2027 12994
2057 2529
2057 8093
2089 3421
2255 2750
2267 13013
2437 11340
2455 12997
2529 2670
2529 5720
2529 6800
2529 8367
2529 12839
2534 7760
2574 7855
2574 12883
2628 7391
2816 9596
2820 12874
2822 7391
2930 10846
3030 4177
3032 9610
3065 5616
3072 3745
3072 13019
3125 3380
3158 13004
3175 7327
3175 10347
3329 6429
3380 5649
3405 6360
3409 9922
3573 13013
3592 7391
3592 9152
3592 11340
3636 6982
3636 7534
3636 11943
3636 12640
3882 5306
3882 11259
3891 12961
3947 13019
3984 8197
3984 13020
4031 5550
4031 9152
4031 13019
4037 6203
4037 13011
4059 5479
4092 7311
4113 4187
4113 5144
4113 12874
4113 12940
4113 12990
4117 5720
4117 6161
4117 12881
4117 13012
4382 13008
4507 5362
4536 11360
4680 6817
4731 4904
4731 8930
4731 10705
4731 12998
4765 10717
4771 12795
4771 13004
4783 10818
4839 11051
4839 11912
4839 12999
4839 13017
4858 8208
4882 10558
4904 12998
5119 8119
5125 13009
5144 8298
5144 12550
5270 6982
5468 12987
5479 7391
5560 13019
5615 13001
5616 6779
5616 7760
5720 6817
5720 7760
5720 10347
5720 12881
5966 9610
5966 11340
6161 6223
6161 12214
6203 12233
6373 8750
6373 10846
6373 12614
6429 9257
6429 12874
6429 13000
6448 8930
6548 10984
6596 7290
6596 12299
6619 10604
6779 12912
6817 13013
6982 8363
6982 12858
7311 9323
7311 13017
7464 12912
7709 12876
7714 12795
7760 9565
7760 13015
7855 12727
7855 12883
8093 8367
8119 12985
8197 8298
8197 11943
8197 13005
8197 13006
8281 12159
8363 11305
8367 10068
8750 11340
8750 12434
8930 9425
9147 10347
9256 10040
9299 12986
9469 12974
9559 12913
9868 12995
9922 11103
10018 10040
10040 13010
10604 13008
10705 12614
10789 13017
10813 12983
11203 12255
11360 12358
11779 12987
11799 12997
12204 12944
12614 13008
12614 13018
12719 13006
12734 13012
12795 13004
12865 13008
12881 12988
12922 12981
13005 13007
