2 12106
28 1551
28 13087
29 2767
29 8197
29 9152
29 9529
42 3524
42 10231
43 12106
43 13102
73 2062
73 8941
76 4116
76 5270
80 11951
83 9529
88 8885
90 4390
97 13016
100 5012
100 6389
100 7335
100 8613
100 12719
108 762
110 846
110 2453
110 3405
110 4419
110 6108
110 11489
110 13045
122 3636
122 4872
133 12193
134 13074
138 1255
138 2868
153 7801
153 8197
153 13020
158 7534
158 7801
158 12881
158 12997
190 3158
196 1959
196 2868
196 4216
196 9746
196 12106
198 1854
221 2019
221 3065
226 9529
236 11305
238 5682
255 9948
258 613
258 9529
318 4031
348 5966
383 1365
444 4731
467 11936
467 12836
528 8608
528 13105
546 2696
556 13084
573 2255
573 9529
577 618
577 4968
577 6429
577 13074
577 13095
577 13110
610 3453
610 5430
610 9757
610 10249
610 13020
618 13095
647 7790
656 3592
659 1177
729 1255
729 4746
762 1206
762 1255
762 1593
762 2062
762 3158
762 4981
762 5270
762 8843
762 8941
762 10321
762 11141
762 12702
837 4382
839 6373
839 11489
839 12881
852 6817
881 11951
904 4117
904 13086
968 2255
1011 3578
1011 5476
1041 6189
1057 1177
1057 13085
1144 3166
1144 9829
1206 12106
1206 13087
1223 2767
1242 13089
1255 4113
1255 4116
1255 8197
1255 8613
1255 8941
1255 9529
1255 13087
1256 1593
1256 5720
1268 4981
1268 6108
1322 1604
1361 2617
1361 3636
1365 11436
1392 11951
1413 13093
1514 2868
1521 3158
1531 1636
1531 2762
1531 3947
1531 4771
1531 9529
1531 10040
1531 11504
1531 11797
1540 4981
1577 6373
1636 2756
1636 6189
1636 13085
1657 10789
1687 4731
1742 4031
1755 5599
1786 1917
1786 10409
1854 8197
1863 3417
1917 12881
1928 6817
1985 13020
2019 13081
2057 8093
2062 6498
2062 8843
2062 8941
2062 9829
2062 9888
2062 11267
2255 2406
2255 13103
2256 13054
2318 5720
2406 3634
2428 10040
2437 12727
2453 11464
2453 12795
2488 3313
2488 9292
2488 11836
2529 9321
2529 13090
2529 13091
2534 10231
2567 8067
2605 6161
2650 3158
2692 12814
2730 5682
2756 2956
2756 3707
2762 10789
2762 13090
2767 2868
2767 9152
2767 9829
2767 10040
2786 9529
2868 3030
2868 5267
2868 9323
2868 11340
2956 13081
3030 4523
3030 9444
3030 12193
3030 13092
3041 9610
3041 12543
3056 9829
3158 5599
3171 13110
3313 4858
3313 7230
3313 9292
3453 10249
3458 4949
3573 12874
3592 12719
3636 3945
3636 8197
3636 10040
3648 4523
3648 5550
3707 5720
3707 8234
3740 8912
3947 4839
3947 10813
4031 9529
4031 13016
4059 4731
4059 6373
4059 9746
4092 7491
4092 13084
4116 9425
4216 4746
4216 12106
4283 13038
4382 12480
4419 9379
4419 11489
4419 12031
4523 5550
4731 6373
4731 9529
4746 12106
4771 4981
4771 6189
4839 11797
4858 11544
4909 13078
4981 5966
4981 12214
4981 12719
4994 12881
5012 8613
5012 12388
5270 13087
5278 9157
5366 7855
5440 13103
5550 6498
5550 8197
5550 13083
5615 13085
5682 6373
5720 9292
5720 11836
6108 11489
6189 8197
6373 9157
6373 10343
6373 10846
6498 11514
6596 7290
6619 13078
6942 13020
6945 9757
6982 12702
7034 8158
7128 7855
7213 13083
7290 13095
7398 8642
7398 9529
7760 13096
7790 13101
7801 8197
7839 11565
7855 13081
8093 11951
8093 13083
8158 12945
8197 10813
8281 13098
8298 12106
8469 12760
8604 13104
8613 12388
8764 13086
8912 11951
9036 10409
9036 12883
9036 12885
9168 13105
9187 9829
9321 10789
9323 13054
9352 13107
9425 12997
9425 13087
9757 11951
10040 11103
10201 13082
10321 12985
10347 12997
10347 13083
10347 13094
10409 12883
10409 13086
10416 12471
10789 13090
11103 11951
11141 12987
11141 13102
11251 13099
11464 12727
11489 12883
11565 12355
12106 13097
12106 13100
12245 13078
12355 12480
12388 12727
12434 13086
12683 13106
12711 13109
12718 12997
12795 12874
12795 13103
12874 13103
12898 13088
12912 13087
12987 13102
13020 13083
13076 13083
13081 13089
13083 13096
13083 13098
13107 13108
