3 17
13 17
13 2437
14 4771
17 573
17 2669
17 3484
19 258
19 5265
26 190
28 4358
28 5468
42 114
42 1106
42 13219
43 573
43 1122
43 1166
43 1255
48 73
59 138
59 139
59 153
59 613
59 1321
59 4135
59 4731
59 11267
59 11418
73 157
76 196
76 729
76 1255
76 1298
76 1321
76 2158
76 2692
83 1861
94 563
108 3785
110 13224
114 138
114 153
114 403
114 1995
114 5141
117 8197
129 897
129 2888
138 258
138 774
138 1786
138 2650
138 5362
138 11418
138 11751
138 13184
153 11964
158 1170
158 8080
158 13184
170 12858
172 2149
172 3484
196 573
196 852
196 1106
196 1152
196 1206
196 1232
196 1255
196 1786
196 2158
196 2767
196 3313
196 5468
196 7391
196 12858
204 13220
247 946
258 434
258 1605
258 1622
258 3313
258 3980
258 7230
258 9409
258 9757
258 11751
297 9789
297 13213
304 13068
348 2324
348 3484
348 4419
348 4943
348 5966
348 6429
348 11751
403 1106
407 1300
412 13199
431 456
434 1058
506 2785
510 4358
528 1531
528 3636
528 13212
556 4839
556 12233
565 10908
568 1917
572 2019
572 2437
572 4216
572 5699
572 11751
572 13200
572 13211
573 729
573 1255
573 1709
573 8197
573 13200
573 13216
577 4943
577 12760
577 13209
618 8608
618 13184
659 9619
686 729
708 1563
708 1917
708 6448
708 6619
708 10409
729 3935
729 4943
729 5948
729 13184
729 13225
762 3313
762 3980
762 4956
762 12760
774 2089
774 2437
774 2650
823 4358
839 5012
839 13196
839 13207
846 4177
846 12719
852 3313
852 5720
852 8367
852 9158
852 10440
852 13068
852 13154
897 1255
897 1861
897 5550
898 4589
928 13200
946 1854
946 8472
946 13204
948 13207
1002 11751
1002 13198
1002 13218
1006 3165
1006 4216
1006 8272
1012 9158
1036 12760
1057 12858
1058 2432
1058 3381
1106 2943
1106 3935
1106 4523
1106 11703
1166 4749
1170 1917
1170 2598
1170 6448
1170 8197
1177 2762
1206 4366
1206 8298
1206 8367
1232 7203
1235 9444
1242 1540
1242 11751
1242 12469
1255 1321
1255 3030
1255 4632
1255 6328
1255 7230
1255 8411
1255 12126
1255 13200
1255 13207
1255 13208
1256 10440
1321 11951
1321 12881
1359 13221
1369 2255
1369 2489
1369 3484
1375 8608
1413 12469
1470 1552
1514 13201
1531 4971
1531 6328
1531 8298
1531 10440
1540 11751
1540 12469
1552 7742
1552 10450
1636 3984
1687 2313
1687 12358
1709 1854
1709 2027
1742 5550
1786 13196
1786 13201
1825 10908
1854 13191
1872 12961
1875 4589
1877 13215
1879 2574
1917 5948
1917 13203
1972 11779
1972 12760
1972 12985
2019 8272
2027 6277
2062 11305
2062 13185
2089 9409
2149 3616
2149 4370
2149 8197
2149 13188
2158 4366
2158 12985
2255 11464
2313 10450
2313 12358
2318 5720
2333 7306
2437 2529
2437 2767
2437 3484
2437 5012
2437 5948
2529 2767
2529 11078
2534 4038
2645 7855
2645 12787
2650 11751
2756 12858
2756 13154
2762 8298
2762 13221
2767 3030
2767 4092
2767 4117
2767 9152
2767 10440
2767 13184
2767 13199
2767 13214
2956 11751
3030 4358
3041 6108
3165 4216
3239 13195
3484 11751
3550 13206
3636 8298
3636 12772
3648 9444
3707 5720
3707 6947
3707 9158
3816 13220
3882 4382
3935 5816
3935 6708
3935 8272
3935 9157
3984 10868
4031 5550
4092 8298
4092 10440
4092 13184
4117 5102
4117 7742
4117 10440
4117 11751
4117 12469
4117 13184
4135 11340
4187 13090
4187 13210
4187 13221
4248 4924
4266 7855
4358 5658
4536 11808
4536 13209
4546 6277
4589 11809
4632 8411
4634 13223
4731 7104
4731 9195
4731 12760
4731 13230
4771 4956
4839 12233
4858 6947
4866 9409
4866 13195
4882 11203
4924 13213
4924 13217
4943 6429
4943 10558
4971 5720
5093 8467
5100 5948
5102 7742
5119 13199
5272 13199
5362 11751
5427 6328
5468 11427
5468 12858
5550 8197
5550 9444
5720 7170
5816 8272
5816 10409
5831 8080
5849 11751
5849 13203
5849 13224
6277 12719
6328 7290
6328 8515
6431 7290
6431 9158
6498 7230
6498 11751
6548 13154
6734 12434
7034 7742
7034 13197
7104 12883
7290 10908
7290 13118
7290 13196
7335 13208
7391 10409
7396 13199
7491 13226
7534 8515
7855 13227
8080 10592
8093 10068
8093 11078
8124 8197
8124 10902
8197 13198
8272 10409
8367 10068
8433 12312
8608 13209
9122 13229
9152 13214
9152 13228
9158 12858
9323 11751
9409 13195
9425 11779
9446 13222
9480 12798
9789 12426
9851 13134
10273 13184
10409 11340
10440 13202
10477 10592
10737 13220
11203 11808
11203 13219
11305 13185
11340 13193
11340 13225
11509 12698
11568 13219
11751 12858
11751 13124
11751 13201
11779 13200
11799 13213
11809 13061
12356 13205
12358 13198
12426 13020
12469 12735
12469 13184
12735 13198
12760 12784
12883 13185
12912 13196
12959 13156
13026 13226
13207 13208
