17 1255
17 1854
17 2795
17 13231
19 1675
28 2158
29 5849
29 10925
29 13263
42 4092
42 4589
42 7034
42 13218
43 1675
43 8338
43 12469
43 13263
43 13264
59 153
59 1321
59 2676
59 8550
73 729
73 1206
73 1255
73 2158
73 2816
73 3030
73 4031
73 5550
73 9444
73 12760
73 13260
83 546
83 4031
83 13246
88 108
88 138
88 2650
88 10377
108 1206
108 10377
114 1995
114 5141
124 4117
138 1255
138 12469
138 13246
153 4092
153 11580
158 11605
158 13250
184 12629
196 4248
196 4771
196 7190
196 10889
196 12709
258 4771
258 8433
258 12709
290 3030
297 9789
302 1206
315 577
315 618
315 712
315 2821
315 7391
412 545
412 11340
412 13246
447 4507
447 4839
447 7311
455 13239
510 3113
510 9829
519 1058
528 4092
528 13212
545 12709
546 4031
546 12358
563 618
563 13248
568 1959
570 1206
572 2019
577 3030
577 8068
577 12760
608 13257
610 7190
610 7311
610 12488
618 1256
618 4031
618 7290
618 12358
621 4031
621 10889
621 12760
641 6513
647 12543
656 708
659 11751
682 852
682 2756
682 3313
682 6548
708 839
708 1298
708 6619
729 2158
729 9746
729 10705
729 10846
729 13252
762 2062
762 2158
762 2676
762 13249
774 2764
774 5272
774 13066
781 897
803 13254
837 11779
839 1854
839 12760
839 13253
852 2762
852 5849
852 6267
852 9565
852 13252
881 13253
904 2158
1002 11751
1006 3165
1006 4092
1006 4216
1106 10040
1152 11751
1206 13264
1235 9444
1242 1540
1255 2158
1255 3030
1255 3670
1255 6328
1255 7290
1255 8411
1255 10705
1255 10925
1255 13103
1255 13240
1255 13246
1255 13253
1256 12385
1264 9458
1298 3158
1298 8197
1321 12579
1322 2158
1322 4092
1359 2762
1359 5440
1359 13246
1369 3616
1418 3727
1418 13254
1540 11751
1552 10040
1552 11203
1552 13242
1552 13259
1561 13269
1636 3636
1636 8433
1657 7120
1664 13241
1675 8467
1709 6453
1763 11141
1825 7311
1836 11514
1854 6108
1854 7611
1854 9610
1879 2574
1879 13269
1899 4092
1899 4771
1917 10409
1917 12090
1917 13103
1917 13232
1952 2053
1952 7820
1952 13248
1971 11751
1971 13233
2027 6277
2027 13256
2089 13244
2122 11514
2149 13234
2158 2767
2158 2816
2158 4216
2158 4382
2158 5270
2158 7290
2158 12748
2158 12985
2256 5119
2256 9948
2256 12488
2307 8608
2313 5362
2313 8433
2313 13262
2326 9782
2389 2888
2389 3670
2389 5012
2389 6108
2396 8433
2437 5012
2437 11751
2494 13247
2528 6481
2627 3458
2640 5720
2645 7855
2676 3158
2714 12719
2756 12469
2762 4092
2762 5849
2762 8298
2762 9565
2762 13221
2762 13268
2767 7190
2820 13246
2888 10830
2943 3381
2956 11751
2956 13273
3024 3030
3030 4358
3030 11475
3041 9610
3041 13233
3041 13253
3065 5119
3113 5270
3113 12912
3158 5946
3158 7017
3158 9444
3158 11141
3158 11786
3166 8068
3166 10925
3381 8099
3484 12090
3535 11376
3636 4971
3636 5215
3636 8981
3636 9446
3636 11797
3636 13238
3636 13254
3648 9444
3670 5012
3670 5366
3687 9948
3707 12385
3707 13252
3727 5948
3727 10040
3727 12388
3727 13243
3745 13246
3779 10939
3882 13254
4031 5946
4031 8068
4031 12358
4031 12760
4092 12629
4113 10889
4117 4746
4117 8433
4117 10003
4117 11203
4117 12469
4117 13242
4117 13246
4157 13271
4187 10040
4187 11797
4366 5263
4366 13226
4384 6453
4589 7034
4632 13241
4746 6910
4746 9565
4746 12469
4746 13174
4746 13235
4746 13237
4746 13255
4771 9565
4771 13029
4943 10558
5084 13254
5102 12719
5119 9948
5119 13245
5119 13258
5144 7290
5215 6779
5215 8484
5306 13274
5362 8433
5362 12710
5362 13230
5468 8068
5468 10705
5468 10925
5472 13236
5550 7104
5550 7391
5616 13238
5720 6267
5720 8158
5720 8367
5720 11751
5720 12748
5720 13184
5720 13242
5720 13253
5720 13254
5849 9565
5849 12710
5862 11548
5946 8119
5946 9152
5946 9444
5946 9746
5946 11115
5946 11141
6108 7335
6108 12719
6124 10925
6203 11578
6203 12579
6203 13107
6429 7311
6429 7391
6429 13168
6431 7290
6498 10925
6619 7311
6619 11605
6619 13168
6640 13217
6734 12434
6779 9469
6779 11797
6779 13259
6817 9469
6916 9529
7034 11809
7190 9459
7190 12760
7290 12358
7290 12385
7290 12748
7311 9323
7311 13061
7391 13248
7398 10040
7952 11565
8067 11797
8093 8367
8124 11751
8197 11751
8281 13265
8338 12388
8363 11751
8411 12126
8472 13261
8484 13246
8608 9529
8613 9529
8613 13253
8981 10040
8981 11565
8981 13238
9122 13229
9152 9543
9152 10377
9152 12760
9152 13214
9152 13234
9152 13245
9168 13254
9168 13275
9323 13054
9444 11141
9469 9543
9469 11779
9469 13275
9543 11267
9789 13108
10040 10730
10040 11779
10040 13270
10341 13254
10347 11565
10377 11779
10409 11340
10737 13174
10789 13254
10889 11340
10889 12421
11141 12760
11203 13242
11382 12760
11565 11779
11565 11799
11568 13273
11605 12488
11751 12388
11751 12735
11751 12858
11751 13184
11779 12760
11779 13245
11779 13268
11779 13272
11799 12709
12090 12388
12421 12787
12421 12985
12550 13061
12735 13263
12985 13228
13086 13251
13266 13267
