13 11723
26 921
26 1917
26 8197
26 13354
28 1255
28 1281
28 12735
28 13352
29 6160
43 4746
43 9625
43 12304
43 13354
43 13375
46 4419
46 13363
72 226
73 9444
76 13339
83 8197
83 11779
83 12760
88 1058
88 13360
138 539
138 1255
138 5270
138 13352
153 6625
153 12760
153 12875
153 13061
153 13353
158 1002
158 4171
158 5468
158 9851
158 11575
158 13339
158 13354
226 8768
258 13353
287 4419
287 10027
287 13363
315 6429
338 968
374 539
391 2019
391 8197
407 897
412 10869
434 13372
455 13350
455 13351
455 13369
528 9851
536 4746
536 13066
556 8682
556 13312
573 13194
610 4309
610 13362
618 8682
618 13329
618 13360
621 9851
621 13362
729 1128
729 1255
729 3171
729 5468
729 5550
729 5912
729 9924
729 10850
729 12760
729 13061
729 13216
753 2019
762 5270
762 8918
762 13349
773 3030
774 3636
774 8197
774 13066
837 1552
837 12304
837 13376
839 2816
839 8197
839 10440
839 11269
839 13373
852 1206
852 1256
852 2057
852 2488
852 2529
852 3313
852 4846
852 4858
852 6108
852 6947
852 7290
852 11836
852 12875
852 12878
881 12434
881 13350
883 8068
904 13360
904 13373
928 5468
928 13352
963 10453
963 13376
968 1877
968 2019
968 5468
968 11326
1041 13061
1060 4746
1177 2762
1185 12878
1206 1256
1206 2529
1206 4117
1206 12875
1206 13061
1206 13066
1206 13348
1255 2674
1255 3166
1255 5143
1255 5468
1255 8197
1255 9444
1255 12064
1255 12804
1255 13344
1256 10939
1256 13348
1281 7335
1312 10890
1312 12524
1312 13347
1359 13351
1361 10869
1370 5363
1510 9625
1517 13375
1521 2437
1521 2669
1527 2453
1527 11384
1527 13337
1552 1763
1552 3171
1552 3707
1552 7203
1552 11103
1552 12304
1552 12760
1552 13365
1636 13339
1636 13345
1657 1854
1658 12804
1763 13370
1804 13361
1877 6945
1877 13344
1894 5093
1896 7855
1896 12565
1917 10558
1917 13253
1971 11384
1977 13352
2019 4216
2019 8197
2019 9625
2027 3041
2027 4419
2027 13366
2081 2762
2081 13357
2123 11723
2158 5143
2158 9322
2189 4349
2225 11779
2255 8068
2313 4216
2437 2669
2437 4390
2437 8197
2453 3405
2453 5373
2534 11929
2583 11051
2598 13339
2627 13347
2650 6885
2650 8068
2674 3166
2674 8197
2762 6885
2762 10869
2762 13061
2762 13066
2775 13359
2789 13061
2822 11548
2845 5468
2956 9625
2956 13358
2970 4026
3030 11475
3166 5468
3171 3707
3171 6108
3171 12358
3171 12839
3171 13339
3368 4746
3377 5912
3405 3484
3405 6108
3456 13360
3484 13337
3515 12839
3515 13371
3526 13351
3608 8293
3636 5649
3648 9444
3707 4117
3841 4216
3841 12735
3856 10999
3893 10492
4031 8068
4032 13355
4092 10869
4092 11103
4092 13374
4117 6189
4117 9851
4117 12875
4117 13262
4117 13339
4117 13354
4117 13356
4187 13345
4216 5362
4216 6945
4216 9920
4216 10409
4216 11836
4419 11384
4419 12735
4419 13363
4419 13366
4507 13378
4536 5912
4536 10850
4731 6189
4731 9920
4746 5272
4746 6498
4746 13066
4746 13253
4746 13365
4771 9924
4771 13351
4819 6593
4826 7391
4826 8197
4826 10409
4826 11203
4826 12304
4910 13061
4910 13258
4999 10347
5012 13337
5012 13352
5065 13364
5141 8918
5141 9444
5272 11103
5272 13066
5308 13367
5468 9851
5468 9924
5468 10705
5550 10850
5550 13361
5658 6498
5912 6596
5912 10409
6009 13355
6108 6160
6108 7290
6373 6867
6373 8768
6373 10558
6373 13309
6373 13361
6373 13362
6373 13364
6373 13377
6498 13371
6619 9920
6619 12760
6619 13061
6667 11779
6942 12943
6945 9444
7311 13061
7391 9625
7391 10409
7398 13365
7531 8197
7531 10558
7855 11384
8197 10558
8197 11384
8197 12358
8197 12388
8197 13066
8338 12388
8565 13346
8613 13337
8682 13312
8768 9958
9152 13373
9292 11836
9323 12875
9323 13066
9323 13280
9352 9789
9480 12798
9486 13061
9920 10409
10068 13371
10347 13360
10409 10558
10409 11203
10558 12883
10789 13369
10869 12531
11072 11548
11203 11929
11203 13339
11305 12804
11340 13364
11340 13372
11779 12760
11779 13362
11779 13365
11943 13350
12070 13337
12304 13365
12355 13354
12358 13329
12735 13332
12735 13339
12735 13358
12760 12912
12883 13332
12943 13379
13061 13066
13061 13280
13061 13365
13066 13171
13066 13280
13066 13345
13083 13371
13361 13368
