13 2437
14 13061
19 5439
19 13389
28 48
28 11489
42 7203
42 13394
42 13424
43 2627
43 2868
43 4746
43 5633
43 8224
43 10911
43 13061
43 13375
43 13385
43 13408
43 13417
43 13421
46 4031
48 94
48 226
48 621
48 762
48 1514
48 3528
59 3381
59 12881
76 13416
83 8197
83 11489
88 13384
110 708
113 1709
113 1836
113 10931
123 10114
138 539
138 1235
138 1255
138 5270
138 9444
138 13390
153 8367
153 13384
153 13389
153 13425
158 7364
158 9425
158 10040
158 10347
158 13360
158 13378
158 13381
158 13388
172 2149
190 946
191 5439
196 3838
221 3158
221 4731
226 1255
258 2868
280 8093
311 7156
315 563
315 577
354 8224
374 2868
374 3838
374 13393
383 2762
407 13395
434 897
434 6942
442 9245
442 10440
444 7230
455 8738
455 10869
510 6467
510 7290
510 8918
528 11565
531 4708
531 13312
539 4731
546 3177
546 3381
546 13334
546 13382
556 4092
556 13396
572 8939
572 11489
573 11305
573 13386
573 13390
573 13420
577 12358
577 13325
610 1763
610 6942
610 12801
610 13412
618 10846
618 11430
618 13383
621 5439
621 6734
686 10040
708 12719
729 8367
729 9446
729 12878
729 13387
729 13419
762 946
762 13405
762 13406
762 13415
762 13417
837 1459
837 4746
837 11436
837 12760
837 13376
837 13400
839 13384
852 1256
852 2158
852 2627
852 3313
852 3634
852 4216
852 4949
852 5720
852 6576
852 6779
852 8208
852 10544
852 11836
891 13298
897 6160
897 7290
904 13014
946 2027
968 1372
1002 2669
1002 4117
1002 13298
1006 2645
1036 13397
1106 4708
1106 13382
1115 7156
1115 12937
1115 13414
1144 10040
1198 5720
1198 10040
1206 13061
1255 5174
1255 5633
1255 13380
1255 13382
1256 10939
1264 5633
1282 11947
1321 11951
1335 7391
1359 13405
1369 12730
1372 8224
1392 5633
1393 10040
1393 13307
1527 2122
1527 12749
1552 12760
1552 13405
1612 4031
1636 10440
1657 13369
1664 12749
1709 10724
1742 13016
1763 12801
1763 13370
1813 7534
1879 8197
1894 5093
1917 11269
1917 13253
1917 13401
1921 4117
1921 9122
2027 12465
2027 13386
2027 13408
2089 2582
2089 8428
2089 13393
2105 4843
2118 13016
2149 3975
2149 13365
2158 4117
2158 7230
2158 10347
2158 12304
2158 12434
2225 6373
2225 11779
2255 11269
2297 5468
2313 8738
2313 10249
2313 13254
2313 13393
2397 8281
2437 10249
2437 13410
2472 13404
2488 4771
2489 11464
2529 9168
2627 3313
2627 3707
2627 4949
2627 6429
2627 13061
2645 4632
2645 12735
2669 4117
2669 4216
2669 5427
2669 7982
2669 12358
2692 7290
2692 10925
2694 8197
2756 13425
2762 7391
2762 13419
2783 11565
2868 9152
2868 9565
2868 13184
2888 5174
2956 12358
3030 9446
3158 8197
3158 12465
3165 4632
3165 12324
3166 4031
3166 8939
3171 3707
3171 4117
3171 9446
3239 3838
3313 3707
3313 4771
3313 4949
3313 8208
3313 9516
3313 10249
3313 13417
3381 7982
3381 13382
3405 13390
3484 13366
3528 13415
3545 6373
3545 10846
3573 13409
3634 6779
3636 10911
3636 11565
3648 9444
3707 4949
3707 8208
3707 13417
3838 8197
3838 9152
3856 6576
3980 10440
4031 8367
4031 9444
4031 13388
4031 13407
4038 9628
4057 10040
4059 13365
4092 4771
4092 10869
4092 11565
4092 13396
4092 13402
4117 4746
4117 7230
4117 9868
4117 10249
4117 10347
4117 10911
4117 11565
4117 13298
4117 13365
4117 13405
4301 11141
4382 13383
4419 12749
4419 13366
4518 12881
4546 13408
4708 5672
4708 12434
4731 11531
4731 12090
4731 13385
4746 12126
4746 13066
4746 13383
4771 13396
4771 13415
4771 13417
4855 10323
4866 10040
4866 13393
4924 13378
4998 5141
4999 10347
5012 12839
5065 10869
5065 10911
5089 8589
5102 9628
5141 8363
5141 8918
5141 11269
5141 13016
5174 8347
5174 9280
5174 12883
5272 13066
5308 8738
5468 10705
5468 13016
5479 6734
5493 12358
5633 11305
5720 7230
5720 11836
5720 13061
5801 13406
6373 6667
6373 9868
6373 10846
6373 11397
6373 12014
6373 13362
6373 13391
6373 13412
6429 12358
6431 10925
6498 11565
6498 13371
6596 9446
6618 13383
6624 11397
6667 11779
6779 10911
6942 12943
6942 13412
6947 8208
7156 13414
7230 10347
7290 10544
7290 12425
7290 13380
7290 13413
7364 11548
7391 13365
7464 13403
7531 10558
7534 10925
8093 8367
8093 9516
8197 10040
8197 10450
8197 11489
8197 11568
8197 13298
8224 11427
8298 13061
8367 10006
8367 10068
8367 12550
8367 13422
8467 12881
8521 13387
8565 13368
8583 11943
8712 11269
8836 13421
8939 13262
9024 9472
9122 13420
9292 11836
9294 13425
9789 13381
9789 13423
10068 13384
10347 11951
10409 11340
10409 13385
10450 11568
10450 12719
10846 12801
10869 12531
11305 11723
11340 13372
11397 12456
11430 12456
11565 12355
11565 13405
11728 13392
11779 12801
11779 13061
12070 13337
12304 13061
12355 13418
12358 13393
12465 12719
12471 13384
12718 12881
12719 13394
12719 13408
12719 13419
12735 13339
12760 13307
12760 13384
12839 13061
12875 13061
12943 13379
13061 13384
13061 13385
13083 13394
13083 13408
13170 13378
13265 13411
13361 13397
13398 13399
