13 762
14 13061
26 1996
26 13439
28 8298
28 9776
29 13482
33 13061
42 201
42 2692
42 6108
42 9245
43 7852
46 12126
48 6498
59 153
59 5566
76 762
83 6365
88 158
88 568
120 3631
134 1636
134 4419
134 5703
134 7659
138 608
138 1235
138 1787
138 2078
138 2816
138 8901
138 10068
138 13355
153 8093
153 13061
153 13442
158 3800
158 4117
158 7534
158 8225
158 8367
158 10040
158 10062
158 10869
158 11565
158 13437
158 13455
158 13476
162 1996
196 201
196 10846
201 4187
204 8625
204 10636
204 13381
258 1013
258 4349
297 3160
304 13482
370 7852
374 3984
374 10040
374 11214
374 12531
382 2107
383 2762
383 13066
383 13437
412 1636
412 3381
412 4702
412 5104
412 5331
412 5720
412 6203
412 11326
412 13010
432 2785
433 6498
510 524
510 12760
521 6498
568 11565
568 12881
573 621
573 4031
577 904
577 1917
577 6429
577 6559
577 9285
577 10409
577 13462
610 1177
618 9771
618 12345
621 1177
621 1298
621 3826
621 4280
621 13355
634 1877
659 13061
708 12719
721 13463
729 12982
736 2437
736 6429
762 1256
762 5089
762 13456
803 7107
805 6373
837 4126
852 1256
852 5089
852 13445
852 13467
852 13480
857 1702
859 13439
891 8868
897 3624
963 13455
968 7515
1002 2199
1006 2645
1035 2123
1035 4384
1035 11299
1035 12719
1056 6108
1106 6984
1106 11214
1106 13355
1115 12713
1115 13442
1115 13443
1144 6332
1144 9152
1169 6945
1177 2762
1177 4117
1177 6373
1177 6867
1177 7391
1177 9323
1177 11340
1206 1877
1206 7515
1244 3811
1244 4117
1255 2255
1256 3313
1256 4949
1359 5104
1361 12531
1361 13437
1383 12126
1390 4390
1392 1794
1481 1836
1481 12126
1481 13471
1517 3330
1527 8197
1527 11305
1527 11489
1552 13457
1636 9245
1636 10440
1636 13459
1763 3826
1788 9818
1794 13356
1875 13458
1877 7515
1877 12719
1917 1996
1917 3030
1917 3325
1917 3756
1917 4216
1917 5159
1917 9771
1917 10409
1917 11326
1917 12425
1917 12735
1917 13469
1921 11512
1971 5141
1996 2868
2019 13446
2027 12719
2027 13447
2046 13066
2089 13355
2107 9000
2132 2437
2149 6108
2149 8197
2199 2599
2256 11958
2256 12345
2256 13010
2299 12126
2313 2529
2324 10558
2324 13454
2472 9217
2472 13454
2529 9425
2529 10440
2627 12531
2628 13456
2650 2762
2692 3947
2692 4187
2692 13453
2756 3313
2762 3088
2762 13066
2762 13445
2762 13459
2767 13353
2816 7290
2816 8901
2868 4866
2868 6203
2868 13184
2947 6498
2956 13462
2984 5703
3030 6945
3041 13447
3113 3313
3113 4771
3195 6498
3239 5616
3239 11203
3313 5560
3313 13422
3330 12719
3405 10231
3405 13462
3487 6429
3579 13479
3608 10869
3631 9683
3636 9245
3648 5141
3673 3826
3727 13466
3756 4632
3756 12425
3826 13444
3838 10040
3947 13476
4031 13448
4059 11531
4117 7515
4117 7534
4117 9204
4117 13450
4117 13457
4126 6203
4126 9409
4126 9789
4126 13481
4187 8768
4187 9474
4187 13400
4216 4390
4216 4677
4216 11653
4216 13439
4216 13452
4253 7290
4280 12345
4280 13455
4384 12727
4390 5159
4390 9446
4419 9217
4419 11703
4419 12749
4493 6619
4677 11305
4702 12161
4702 13355
4731 12719
4731 13464
4746 13463
4753 13061
4771 13451
4839 9245
4879 13061
4910 8175
4924 13443
4999 7229
5089 6800
5104 13066
5141 9444
5141 13355
5159 12425
5174 12883
5366 8097
5366 13462
5558 6498
5560 13440
5681 9776
5703 9466
5703 11568
5703 11751
5720 13457
5831 11565
5831 13381
5849 9168
5849 9217
5849 11943
5849 13440
5849 13475
6160 6705
6180 12200
6203 6332
6203 10062
6203 10789
6203 13473
6332 11340
6365 6618
6373 11958
6429 11037
6429 12425
6429 13469
6498 9152
6498 13474
6594 13454
6867 10846
6945 12727
6945 13061
7093 13462
7109 11340
7230 7534
7290 10061
7290 11653
7391 9158
7391 10040
7391 12719
7515 13061
7534 12550
7593 9245
7659 8197
8093 13422
8093 13480
8097 13462
8197 8291
8197 12727
8225 8367
8364 13453
8515 13455
8515 13468
8738 13312
8868 12388
8868 13452
8992 13460
9152 11565
9152 12760
9152 13444
9152 13448
9152 13466
9217 11299
9245 10633
9245 11340
9285 10409
9323 13474
9446 10409
9446 12406
9562 13436
9771 10409
9771 12358
9789 13381
9789 13472
9869 13439
10003 13457
10068 10347
10068 11851
10068 13443
10293 13456
10409 13469
10440 13475
10789 11340
10789 13464
10933 13441
10994 13189
11203 13426
11305 13128
11326 12425
11340 13423
11340 13464
11565 12959
11762 13453
11851 12531
11943 13478
12161 13463
12388 13449
12388 13451
12614 13477
12719 13230
12719 13447
12727 12735
13061 13313
13066 13437
13066 13474
13230 13461
13442 13443
13462 13465
13468 13470
