26 1917
26 3107
26 4032
28 287
28 5468
29 4032
43 4032
43 5468
43 12760
48 4910
59 621
59 729
59 2529
59 4117
59 5912
59 8515
70 13518
73 2062
76 4577
76 11797
83 13501
95 1177
95 2081
95 2762
95 13466
122 13476
129 11305
129 13510
134 3239
138 621
138 3177
138 11378
138 12760
138 13503
153 852
153 1177
153 2756
153 8550
153 11051
153 13061
157 762
158 10062
158 11797
158 13500
190 6705
191 13488
196 3298
196 4949
196 9323
196 13466
199 572
221 13489
280 1322
315 13429
348 8721
348 13494
349 9292
349 13444
349 13511
374 1115
374 13400
383 2762
407 13489
431 1481
431 9152
460 13484
467 4562
511 3636
528 12255
528 13500
556 13066
556 13474
573 13386
577 813
577 2954
577 10409
613 1972
618 852
618 13508
621 1177
621 8197
621 13488
636 12760
659 5699
712 8379
729 7290
762 2816
762 3856
762 10352
762 10970
781 1788
836 897
839 881
839 1359
839 13400
852 1232
852 2756
852 3487
852 5720
852 13467
852 13485
852 13503
852 13508
881 1057
881 1917
881 13495
1002 13400
1002 13489
1002 13491
1035 4419
1057 3381
1057 6945
1106 12434
1122 13493
1177 7391
1177 9323
1177 11742
1206 8298
1206 11340
1206 13111
1206 13496
1255 12883
1256 3313
1256 4064
1256 4910
1256 6800
1256 13490
1281 3484
1281 12614
1321 4113
1331 3975
1331 13502
1359 5493
1359 7760
1359 9158
1359 13505
1370 12125
1481 13471
1552 2081
1604 9152
1622 10409
1622 11797
1633 5468
1636 11797
1636 11954
1636 13386
1636 13400
1636 13482
1636 13505
1636 13507
1658 3461
1763 13497
1774 13487
1786 1972
1786 6708
1788 9421
1788 10970
1794 4562
1794 12471
1877 13506
1917 3030
1917 3107
1917 11797
1917 13514
1972 4949
1972 9152
1972 13497
1972 13499
1973 7391
1973 11779
2027 13483
2062 9122
2081 3980
2149 3592
2149 13488
2156 9158
2158 4949
2158 7391
2249 12614
2256 4949
2256 11565
2286 5703
2313 9712
2389 12409
2437 11751
2437 12434
2472 4882
2472 8084
2472 11751
2534 9323
2616 5468
2628 13456
2674 13498
2692 4577
2692 4949
2756 13061
2816 5468
2816 9444
2956 3330
2956 5703
2970 13496
3030 3166
3030 8363
3030 9771
3041 13447
3041 13506
3107 9334
3113 4771
3166 5141
3166 8363
3166 9122
3166 13420
3171 12732
3177 13517
3239 8298
3239 9161
3239 10450
3298 9841
3298 11779
3313 13503
3330 4536
3330 4771
3330 6429
3330 7391
3330 10409
3381 10321
3381 12959
3381 13400
3405 3634
3487 13508
3579 13479
3636 12304
3648 5141
3800 8197
3800 11203
3856 9152
3856 9469
3856 9855
3882 8682
3923 5141
3923 13355
3984 13400
4011 13489
4031 13407
4032 4746
4092 13482
4092 13507
4092 13509
4113 12760
4113 13498
4117 4187
4117 6945
4117 8466
4117 9712
4117 12434
4117 12760
4117 13255
4117 13400
4117 13489
4117 13496
4126 13481
4187 13400
4187 13500
4187 13512
4216 11305
4216 13508
4280 13488
4382 13400
4390 12139
4419 9217
4419 11703
4419 13504
4419 13506
4536 13515
4577 11779
4632 13484
4731 13489
4839 9712
4949 11214
5141 8363
5141 13517
5159 12425
5159 13514
5362 13462
5366 13462
5375 13492
5468 9421
5493 13505
5703 8124
5703 10472
5720 13467
5849 9217
5849 13440
5912 10062
5912 12760
5966 11531
6108 10558
6124 11378
6160 6705
6203 10061
6203 10062
6203 11565
6373 13466
6429 9323
6429 13429
6448 10321
6448 13489
6498 12304
6498 13420
6619 9323
6619 9888
6619 13514
6779 8721
6800 13425
6800 13485
6842 7534
6885 13400
6945 7391
6945 8197
7190 13469
7290 7534
7290 10061
7290 11326
7290 13400
7335 13477
7391 11742
7391 13429
7391 13487
7487 11728
7593 11415
8093 13422
8097 13462
8238 13066
8515 11565
8613 13484
9152 13386
9285 11954
9323 12255
9323 13429
9323 13509
9334 11326
9425 12760
9444 11269
9516 13485
9705 13518
9771 12358
9888 13508
10145 11762
10321 12985
10352 11305
10352 11723
10409 11797
10440 13508
10766 11269
10846 13486
11340 13466
11340 13500
11464 13477
11565 13088
11751 13516
12070 13337
12355 13088
12358 13514
12434 13400
12471 13497
12614 13477
12760 13255
13189 13502
13298 13513
13390 13506
