29 904
29 7391
42 9446
43 572
43 2437
43 12219
43 13649
43 13659
43 13672
46 13664
48 318
48 1818
59 4860
59 6448
59 9425
59 11548
73 1235
73 5270
76 13366
88 5141
88 11305
89 8604
110 4787
117 410
121 13662
122 7034
138 852
138 5270
140 762
140 5179
140 11305
151 7487
153 258
153 3882
156 4001
158 1126
158 9610
158 13619
158 13659
190 11305
204 12159
258 2970
304 1374
348 9323
383 10197
403 3528
403 4216
403 10440
403 13434
407 13178
455 1374
467 8371
528 1006
528 13667
528 13675
539 4600
539 11779
556 2739
556 2762
556 4839
556 13665
568 8467
568 13434
572 4731
572 6448
572 10071
572 10409
572 12735
577 4968
577 6373
577 6596
613 13178
618 10409
618 13660
621 729
621 1177
621 11921
621 12341
621 13678
686 13673
712 9323
712 13686
729 1177
730 13680
736 4731
736 12883
762 8918
803 13663
820 4746
820 6160
837 3984
839 13674
852 1012
852 1256
852 1436
852 1877
852 2529
852 10939
852 12385
852 12880
852 13178
857 1702
881 9529
904 11953
968 11464
1005 1612
1006 13658
1011 1887
1041 13673
1053 13684
1106 9529
1126 5560
1177 1752
1177 1958
1179 13642
1206 3335
1235 5270
1242 11465
1242 13662
1243 9458
1255 3676
1255 4771
1255 13664
1256 6596
1256 10939
1256 12385
1264 3676
1333 8630
1333 9529
1361 1974
1361 2762
1361 7034
1361 13665
1365 6429
1365 12880
1374 4242
1374 7190
1374 13652
1375 11463
1375 13669
1379 2313
1379 2437
1436 6800
1465 13668
1552 10164
1658 3676
1658 9610
1709 8173
1717 2756
1854 4113
1877 7443
1877 13664
1877 13687
1917 6596
1917 8371
1917 12092
1917 13653
1971 12883
1971 13654
1973 11779
1985 13670
1986 12366
1994 6596
2019 4384
2027 3344
2027 4177
2044 5564
2124 3882
2124 4064
2124 13638
2197 6373
2248 12579
2249 11924
2342 5272
2437 4731
2529 3155
2529 10197
2529 12880
2529 13688
2660 13184
2676 11269
2692 13453
2762 4507
2762 4839
2762 13665
2970 3676
2970 9446
2970 13105
2970 13682
3024 7366
3030 7976
3030 11364
3030 12340
3030 13678
3065 5681
3113 6800
3166 5141
3166 10119
3166 11305
3166 13678
3171 7290
3171 10197
3528 12252
3636 13675
3676 3975
3676 12883
3707 12880
3882 13660
3882 13663
3882 13683
4011 6619
4057 13655
4064 11951
4064 12550
4092 13671
4092 13681
4092 13685
4157 4419
4187 5119
4187 8582
4187 13453
4193 5362
4390 7976
4419 12749
4419 13664
4507 6619
4536 11203
4588 6373
4731 6448
4731 7391
4771 9462
4771 10352
4771 13674
4839 13663
4915 7123
4971 13688
5119 12341
5119 13666
5141 10119
5193 6498
5308 13660
5308 13663
5550 7391
5550 8604
5550 13661
5560 9610
5658 6498
5681 12735
5720 10939
5828 12126
6203 7034
6203 13679
6203 13682
6373 9543
6373 11921
6429 7391
6429 10409
6448 10409
6448 12092
6498 13366
6498 13689
6596 9446
6596 11465
6596 13653
6596 13676
6596 13682
6619 13168
6779 10409
6779 12839
6867 13682
6917 13619
7034 13105
7034 13665
7391 10409
7391 10438
7391 13168
7391 13670
7464 13677
7487 10273
7534 11203
7534 12735
7944 9529
7976 10293
8197 12643
8197 13669
8298 11305
8298 13667
8364 13677
8371 12735
8494 8843
8630 12358
8981 13681
9124 10273
9143 13679
9157 12341
9280 12643
9308 13669
9425 13657
9431 10197
9444 13678
9446 13673
9462 10293
9565 12341
10068 13689
10071 11463
10071 12643
10164 13434
10268 12839
10293 13429
10558 12643
10604 13689
10653 11214
10939 12385
11061 13683
11203 13676
11214 13105
11465 12735
11465 13105
11565 11779
11565 12341
11565 12355
11565 13659
11779 13362
11779 13674
12219 12735
12355 13088
12358 13178
12358 13673
12735 13654
12735 13669
13312 13453
13623 13688
13648 13656
