28 3461
28 5305
28 9152
28 12643
36 460
36 2027
36 5468
36 12643
42 1451
42 13825
46 11340
56 11340
76 221
76 801
76 6920
90 2204
90 8930
97 1788
109 4058
110 12709
110 13821
113 12749
138 1593
138 4187
138 6779
138 11465
138 12906
138 13809
153 8981
153 11465
158 1255
158 6920
158 10068
221 577
221 1242
221 2111
221 11340
221 12735
257 1653
257 6947
280 2956
280 4216
280 12273
280 12735
297 12655
304 13802
383 13768
405 12424
460 5828
460 12643
467 13356
467 13779
467 13824
510 1235
528 613
528 13784
528 13822
545 13121
546 7534
573 11489
577 1268
577 3171
610 2057
613 12599
613 13816
618 3171
618 10068
621 5550
621 13733
636 1622
729 7000
729 12749
801 4390
801 4731
821 1451
839 13555
852 1256
852 5089
852 6800
852 8733
852 13252
852 13422
852 13799
881 13555
891 2956
948 13662
1028 2669
1041 3607
1106 1786
1106 3381
1106 11921
1106 12906
1115 5084
1144 13121
1177 2428
1206 12880
1242 2437
1242 2956
1242 4216
1242 5031
1242 12735
1255 6920
1255 10068
1256 2306
1256 3707
1256 6920
1256 10068
1256 13280
1256 13799
1256 13812
1268 12709
1268 13794
1322 7464
1333 1451
1359 13154
1361 2240
1361 2692
1361 3526
1361 3607
1361 4707
1361 11848
1361 11921
1361 11929
1361 12161
1361 13804
1365 13782
1369 12709
1510 13708
1552 13802
1608 11426
1622 13356
1625 6862
1636 12205
1661 6596
1709 13261
1742 2418
1742 5141
1742 11159
1788 4187
1788 5141
1794 13788
1818 3461
1825 13808
1854 2027
1869 5065
1877 12749
1879 12442
1879 13814
1894 11159
2027 3935
2027 12643
2057 13793
2062 5678
2089 9326
2255 12749
2313 13812
2313 13825
2319 13828
2389 12749
2406 9458
2418 5468
2453 4632
2453 5270
2529 3313
2529 12878
2529 13280
2599 12874
2669 12709
2692 11929
2692 13815
2756 11465
2762 5272
2762 12434
2762 13009
2825 12735
2825 13708
2915 3446
2934 6920
2956 13708
2956 13794
3030 3865
3030 5550
3030 8918
3065 7708
3160 12125
3171 7290
3171 13805
3183 9446
3307 6836
3313 5089
3313 13280
3322 13819
3329 9565
3405 4419
3405 5966
3405 12749
3409 9323
3409 11929
3442 12205
3446 6867
3446 9565
3456 4798
3461 5658
3515 13799
3636 13804
3636 13825
3639 13822
3707 12880
3707 13815
3727 4798
3824 13806
3865 5550
3865 8067
3865 11381
3865 13807
3882 11848
3935 4370
3984 4518
4092 9326
4117 4798
4117 10231
4187 4530
4187 9017
4187 12906
4187 13771
4187 13784
4187 13816
4193 5362
4216 4798
4216 12735
4280 13799
4370 12749
4419 13261
4523 9444
4536 13356
4553 13823
4680 5720
4680 10808
4731 6862
4731 12205
4731 12735
4731 13826
4746 7708
4765 13794
4783 11159
4798 5265
4798 6429
4798 6619
4798 7391
4798 12735
4839 5084
4866 11929
4873 5468
4909 9394
5031 12442
5084 9323
5119 5649
5119 13811
5272 13779
5305 9152
5308 13711
5308 13818
5362 13708
5363 13792
5366 9466
5366 12735
5366 13791
5468 12643
5560 13721
5652 13796
5678 13776
5816 13356
5828 12643
5831 13121
5831 13823
6178 13788
6373 13813
6392 12341
6678 13807
6692 8981
6692 13824
6920 10068
6942 13789
7000 10816
7034 11929
7034 12205
7096 11037
7109 13773
7109 13793
7290 10068
7335 12643
7391 11340
7391 11465
7391 11763
7708 9323
7760 13154
8197 12735
8197 13801
8197 13825
8367 13799
8515 8981
8515 12434
8515 13356
8981 11340
8981 11779
8981 12253
8981 13017
9041 13813
9256 13800
9323 13280
9466 13791
9466 13817
9476 13791
9741 13788
10558 11203
11203 13789
11203 13825
11340 11763
11340 12059
11340 13798
11340 13803
11464 12442
11464 12709
11514 12709
11762 13811
11763 13372
11779 11921
11929 12253
11929 13773
12205 13797
12366 13790
12434 13482
12550 13014
12599 13017
12701 13818
12735 13708
12735 13820
12784 13807
12878 13280
13014 13827
13178 13802
13422 13799
13708 13795
13773 13810
