14 729
19 10706
26 14124
28 10706
42 968
42 1361
43 11257
43 11947
43 13316
43 13933
61 2158
76 1126
76 1200
76 1593
76 5270
76 6124
76 6143
76 13380
100 897
108 1786
108 3785
108 6618
108 12366
110 13781
113 5432
138 14090
153 8197
153 8969
153 14134
153 14136
153 14138
153 14148
153 14155
158 8365
172 897
172 1836
190 3528
190 3935
206 4731
253 1200
258 14135
315 14152
405 573
405 4216
407 12885
407 13184
461 1002
461 1917
461 2956
461 14114
467 12253
467 12672
506 12366
524 6124
531 1812
536 7034
556 1361
556 14090
572 4216
573 836
573 2297
573 4216
577 729
577 904
577 4201
577 14152
608 11305
610 2541
610 14133
613 12599
613 14013
618 12341
621 3737
621 11257
621 11779
621 14131
634 5340
652 14163
656 11269
703 11269
729 1057
729 5119
729 5432
729 8197
729 8846
729 13355
729 14126
760 14162
762 3707
762 10706
762 11257
762 14136
773 6062
813 1359
836 2297
837 3599
839 13707
852 2355
852 2529
852 3313
852 8567
852 14071
852 14139
852 14151
881 11947
881 14171
897 9285
897 10558
904 3737
968 7345
1002 12719
1002 14129
1041 2313
1041 3093
1057 3093
1057 13943
1126 10520
1144 1763
1144 12376
1200 2970
1200 3313
1200 6618
1200 11947
1200 12366
1200 13184
1200 13595
1206 3030
1206 3707
1206 13380
1206 14024
1206 14148
1242 3352
1242 4216
1255 8197
1255 14138
1256 3707
1256 4545
1256 5859
1256 13184
1256 13318
1256 14148
1256 14160
1268 3352
1268 13933
1298 2297
1298 14158
1361 1552
1361 4886
1361 6180
1361 6203
1361 7924
1361 14090
1361 14117
1361 14128
1361 14137
1369 2489
1369 12442
1521 14046
1527 8197
1527 13708
1539 2816
1539 11257
1552 3887
1552 14128
1563 5340
1675 11779
1737 12366
1763 2437
1763 12801
1786 11269
1786 14144
1879 2816
1879 4157
1917 5031
1917 5432
1917 9422
1917 9928
1917 14158
1996 14126
2019 7097
2062 14147
2122 5270
2122 14140
2158 2428
2158 2437
2158 14167
2233 11779
2255 13380
2255 14161
2256 11234
2297 9449
2313 3093
2313 14130
2333 12719
2355 5720
2389 6108
2405 3023
2405 6779
2488 14148
2489 14157
2529 14071
2627 14159
2650 8626
2650 8870
2663 14172
2692 5340
2692 10592
2692 12434
2692 13680
2692 13976
2728 10789
2756 14138
2762 3441
2762 8870
2767 8846
2767 14159
2816 5270
2816 9152
2816 11257
2816 11269
2816 11382
2816 11779
2816 14059
2934 7307
2956 7097
2956 14037
2970 14164
3093 10440
3165 7097
3313 14138
3313 14139
3313 14151
3352 12442
3368 4771
3377 6781
3381 4765
3381 6781
3405 14153
3412 5340
3484 6708
3484 10027
3484 14129
3515 4545
3526 13681
3526 14170
3528 3935
3535 13967
3599 11779
3707 10203
3707 14148
3737 12341
3737 13014
3785 9449
3856 14136
3882 4949
3887 7290
3969 12719
3975 4216
3984 13184
4031 9000
4031 10831
4113 5270
4113 9444
4113 9449
4117 13457
4187 9168
4187 13681
4187 14013
4187 14090
4187 14132
4201 13325
4216 12366
4216 12442
4419 13707
4536 7391
4545 14160
4582 13519
4632 9787
4680 13485
4731 5432
4731 14155
4731 14157
4771 14046
4771 14123
4771 14138
4771 14142
4771 14143
4839 14163
4886 6203
4924 8451
4924 9285
4924 14145
4949 7391
4949 14166
5031 7000
5119 7281
5119 9548
5119 12749
5119 14146
5141 11246
5265 8682
5270 8626
5270 13380
5340 10068
5340 12358
5362 9933
5362 13825
5468 11246
5468 11257
5599 7097
5616 7281
5697 11269
5720 10592
5737 7391
5859 13318
5859 14148
5966 13965
6062 11548
6124 8298
6203 12022
6373 6867
6373 11779
6373 13933
6373 14168
6429 7000
6429 14081
6490 8948
6596 13933
6618 10347
6618 12366
6619 14081
6708 8197
6708 8272
6708 10027
6779 13286
6781 8197
6801 8981
6817 13184
6978 14123
7000 14081
7034 9714
7097 12442
7335 9787
7391 11343
7391 12341
7391 14081
7391 14134
7391 14152
7924 14093
8093 12876
8197 9928
8197 10027
8197 13708
8197 14157
8272 11464
8272 12749
8272 14165
8298 8912
8298 9444
8451 9285
8451 11779
8626 10071
8846 11779
9152 9787
9152 11269
9152 14089
9152 14122
9168 13681
9168 14013
9168 14155
9323 10831
9323 13184
9323 14062
9444 10918
9714 14130
9746 11162
9787 10027
9789 13785
9928 12442
9993 11305
10040 12253
10347 14134
10347 14136
10409 14171
10558 14155
10592 13976
11184 13184
11184 14168
11340 14161
11947 12366
12253 12672
12355 13773
12355 14156
12355 14163
12358 14130
12388 13933
12395 14122
12550 14154
12672 13492
12672 14069
12876 14151
13184 14169
13318 14148
13681 14013
13773 14135
13844 14046
13889 13965
13967 14145
13967 14159
13976 14141
14149 14150
