29 382
29 5270
29 14560
29 14562
42 1333
42 2111
42 9536
42 14554
42 14573
43 2057
43 2650
43 4746
43 4860
43 14527
75 1268
75 12434
75 14348
76 8473
76 14573
95 2057
95 6817
95 14571
113 14509
138 1106
138 1604
138 2057
138 4117
138 4632
138 8473
138 12366
138 14567
153 5692
158 7290
158 14309
196 13889
206 4419
226 2816
258 613
258 2111
258 14563
315 6503
351 3113
405 6945
412 14509
423 14579
444 14535
455 897
455 2057
455 2627
455 2762
455 2868
455 5119
455 6435
455 11398
455 13476
455 13964
455 14130
455 14548
455 14582
461 729
461 10071
461 10472
519 714
546 1413
577 671
610 1552
610 4783
610 14552
610 14562
613 14509
618 671
618 14573
621 671
621 2057
621 14581
621 14585
621 14588
647 14504
671 3030
671 10273
671 13785
682 3171
712 14564
714 9789
729 2529
729 2682
729 10472
729 14046
729 14583
762 852
762 11269
839 1786
839 2319
839 5021
839 6708
839 10801
839 14509
839 14586
852 1256
852 2529
852 3707
852 6817
852 14560
881 1392
891 12054
897 9431
1002 4157
1002 10472
1012 14562
1035 4419
1041 14583
1060 3984
1060 12885
1106 1392
1115 13170
1140 1256
1140 1831
1140 2428
1140 4092
1144 4577
1144 11548
1144 12550
1198 3528
1198 3984
1198 11053
1206 14573
1206 14585
1256 1604
1256 9309
1256 14560
1256 14571
1298 2970
1319 4860
1361 1604
1361 2762
1361 7034
1361 11947
1361 13184
1361 14130
1361 14548
1361 14563
1361 14577
1365 14581
1369 11269
1392 5672
1395 10890
1539 14585
1552 3313
1552 4117
1552 9309
1552 10801
1552 14338
1552 14569
1552 14578
1636 3984
1854 5468
1885 2027
1917 6596
1917 13676
1917 14377
1994 14555
2057 2756
2057 3707
2057 11377
2057 14062
2057 14338
2102 13447
2122 4157
2128 3505
2158 4187
2158 5366
2158 11269
2256 14509
2256 14587
2313 10801
2319 3865
2319 10558
2529 4632
2529 10801
2529 14371
2529 14509
2529 14512
2562 7084
2600 10472
2650 4765
2650 4860
2650 8473
2650 14563
2682 7000
2756 14558
2762 9168
2762 10273
2762 14574
2816 3648
2816 10780
2821 14564
2868 5831
2868 7034
2934 14523
2943 6708
2956 10472
2956 14563
2958 4860
2970 14573
2974 8824
3030 11269
3113 12434
3171 3313
3253 9536
3313 3707
3313 9309
3313 10068
3313 14558
3329 8224
3377 3614
3381 14180
3405 12749
3636 14563
3693 14210
3707 14558
3707 14560
3787 7290
3984 10273
3984 12940
3984 13965
4011 11066
4092 7933
4117 6189
4117 14569
4157 10071
4187 6165
4187 14561
4216 6189
4239 14576
4309 4402
4339 11779
4339 14338
4402 8197
4402 14338
4419 8752
4536 13676
4536 14556
4570 14536
4632 10801
4632 13429
4731 14180
4746 5759
4746 14498
4765 4860
4839 14562
4924 14570
4949 14568
5119 13889
5233 5430
5267 5699
5270 8473
5270 14583
5468 6503
5468 9109
5468 10801
5468 13075
5468 14563
5468 14584
5692 11548
5692 13170
5699 14180
5699 14557
5720 13674
5720 14581
5816 14565
5816 14569
5831 14559
5927 12255
5927 13366
6203 14559
6373 13889
6429 10801
6429 14556
6435 14338
6498 10959
6503 9323
6596 9848
6596 12255
6596 13676
6596 14556
6708 10042
6779 12255
6779 14569
6779 14578
6817 14571
7000 11053
7000 14504
7000 14556
7000 14563
7034 14569
7391 13074
7391 14550
7391 14553
8119 14580
8197 11381
8224 8908
8224 14498
8298 14562
8382 14509
8473 10068
8473 11548
8473 14338
8515 14516
8515 14556
8515 14581
8596 14575
8659 11066
8824 11696
9010 10860
9152 9444
9168 14568
9309 14338
9312 14192
9323 14580
9431 14338
9444 14552
9851 14309
10018 14556
10040 14130
10040 14509
10068 14580
10071 10472
10231 14311
10273 14573
10366 13361
10366 14552
10472 12442
10558 11269
10789 14587
11053 11269
11269 12442
11936 14566
12255 14556
12355 14135
12434 13674
12442 14557
12550 14523
12672 14576
13773 14025
14223 14562
14338 14558
14338 14560
14340 14567
14464 14570
14535 14567
14563 14578
14571 14572
