7 29
19 762
29 1319
29 2839
42 6189
42 14696
43 5129
43 5439
43 11629
43 12090
43 14709
46 2704
56 196
56 3313
56 6448
56 14695
84 14394
108 8175
109 1636
138 451
138 686
138 729
138 1244
153 1517
153 2762
153 8824
153 9323
153 11548
153 14338
153 14723
155 2027
158 852
158 2529
158 2598
158 11629
158 14309
158 14694
158 14696
158 14710
196 528
196 6779
196 8561
196 8824
196 14695
204 14720
297 8824
297 14662
304 10130
307 14338
315 7391
315 11343
315 14713
383 1604
383 2529
383 14696
407 636
407 14703
451 647
455 14696
510 5141
528 10068
528 13178
528 14695
568 7464
568 14694
610 12018
618 12434
618 14713
641 774
647 4882
659 14525
682 14062
729 14706
736 2674
736 11580
762 14696
762 14697
837 881
837 14338
839 3592
852 4117
852 6448
852 9309
852 12385
852 14695
881 14714
904 1206
904 2592
904 2650
904 4216
904 5119
904 7335
904 13355
938 14711
968 5828
1002 2286
1002 8604
1005 14669
1106 1413
1106 5849
1144 8119
1144 8561
1144 14338
1232 9236
1242 2762
1242 6728
1264 4445
1268 4216
1268 14695
1319 14677
1321 14338
1333 2820
1359 14706
1365 8119
1365 14338
1369 1664
1369 4771
1392 9236
1413 13883
1413 14715
1505 3501
1505 10492
1510 7000
1517 14703
1552 6728
1552 14697
1552 14717
1552 14720
1604 2529
1604 14017
1604 14712
1658 14694
1694 3030
1694 5141
1694 5468
1694 8175
1724 11645
1794 7181
1818 13366
1877 12463
1885 8197
1971 4230
2062 9122
2062 11727
2158 14677
2197 11779
2256 7391
2256 11343
2256 12018
2256 14696
2286 6728
2313 6189
2437 13846
2522 13954
2527 5021
2529 9431
2529 10347
2529 11951
2529 14338
2529 14695
2529 14712
2529 14716
2529 14717
2529 14718
2598 10313
2599 14703
2650 14677
2669 12090
2704 2970
2704 4771
2733 4783
2733 11779
2733 14433
2750 14485
2756 5089
2756 14677
2756 14696
2762 7034
2762 11103
2806 14707
2820 10231
2839 3545
2839 7391
2930 3592
2956 14677
2956 14690
3024 14633
3030 5141
3030 14442
3166 5141
3461 7855
3515 11580
3545 13785
3690 4031
3690 4783
3690 5684
3690 6413
3690 14677
3707 3798
3707 14696
3800 14632
4090 14721
4117 6728
4117 14677
4171 11340
4187 6779
4187 14696
4187 14723
4216 5119
4216 5159
4216 6189
4216 13954
4216 14703
4230 7855
4419 14701
4445 12795
4471 11779
4574 14712
4765 14338
4771 13366
4771 14695
4783 9957
4783 14697
4904 5362
4924 14697
4949 14719
4964 14701
5018 5084
5100 8688
5119 6728
5119 14373
5119 14677
5141 5658
5141 8175
5270 12287
5362 9446
5362 14696
5439 13681
5468 6498
5468 8175
5468 14442
5616 5649
5684 14677
5801 12579
5831 10684
5831 13785
5859 14712
5966 7084
6134 14694
6189 12358
6389 14669
6413 14677
6429 10596
6498 14694
6498 14705
6596 10596
6596 14715
6640 14662
6779 14696
6779 14715
6817 14712
6947 10006
7000 8596
7000 14037
7000 14692
7000 14703
7034 14697
7096 13578
7290 8688
7290 12287
7391 7942
7391 11343
7611 14663
7611 14664
7647 11799
7742 12881
8067 12358
8093 13674
8119 14338
8121 10860
8175 11514
8197 11645
8197 14723
8347 14712
8387 14695
8453 10231
8472 14687
8561 11799
8567 13366
8613 11257
9122 11727
9152 14695
9159 14695
9168 14693
9352 11779
9431 14712
9431 14722
9444 14442
9845 14700
10068 13366
10293 13578
10347 14632
10347 14708
10557 14712
11103 14712
11141 14695
11381 14709
11548 13551
11580 14338
11696 14669
11779 12656
12090 12442
12358 14525
12385 14702
12795 13232
12876 13366
13681 14696
13883 14142
13938 14695
14338 14512
14338 14677
14338 14694
14338 14696
14338 14717
14338 14718
14418 14525
14469 14706
14608 14698
14669 14691
14669 14703
14677 14724
14694 14699
14694 14705
14697 14704
