8 3088
29 48
29 2816
42 4783
42 6448
42 14836
42 14843
43 14826
48 1338
59 76
59 1407
59 1763
59 4783
59 5261
59 5859
73 4523
76 14818
76 14833
83 14848
94 4031
97 13281
108 762
108 4615
108 9888
110 1854
110 2333
110 3067
110 3166
110 7128
110 8710
110 12040
110 12090
110 12442
110 14838
138 5270
138 6842
158 6124
158 14815
158 14831
158 14833
158 14844
196 14816
280 298
280 5241
280 9444
315 8093
351 14840
374 11565
412 9168
412 12161
412 14848
432 14846
433 1742
433 3166
433 6498
453 5747
455 11127
455 14828
467 3104
467 13514
467 14802
511 6498
573 839
573 3166
573 13707
577 6912
610 1985
610 12018
610 14784
610 14809
610 14837
618 6912
621 14824
634 14853
729 968
729 11645
730 5230
736 14745
736 14824
736 14825
762 9888
837 8272
837 11344
837 14831
839 7128
839 11645
839 13981
839 14818
839 14821
852 1177
852 1256
852 2095
852 2529
852 7230
852 9757
852 11679
852 12385
852 14803
852 14817
928 968
950 13061
963 3415
963 14837
968 2027
968 12762
1002 13178
1041 13178
1048 12442
1115 9425
1115 11925
1177 3707
1177 8093
1198 1413
1232 13253
1247 14766
1256 4771
1268 2669
1268 3352
1268 14843
1268 14847
1379 8961
1398 14017
1413 13178
1413 14843
1474 14823
1552 12358
1552 12366
1552 13514
1552 14829
1588 14827
1604 5119
1604 14790
1606 14688
1625 5616
1636 3501
1636 6189
1636 8961
1636 10268
1636 12341
1636 12358
1636 13178
1636 13514
1636 14851
1658 14826
1687 7000
1737 14815
1742 3166
1763 13942
1877 14858
1917 10911
1917 14802
1966 9323
1971 3166
1971 12342
1985 2256
1985 12018
1985 14845
2095 3707
2111 11758
2128 13590
2158 14796
2223 14849
2255 3067
2256 4059
2256 11184
2256 14784
2324 13178
2437 8124
2437 12442
2469 14338
2488 9829
2529 14803
2598 3515
2598 10068
2598 14818
2669 3049
2674 4670
2692 4771
2692 8870
2739 4117
2739 6189
2739 8961
2756 5431
2756 14160
2756 14833
2762 14748
2762 14784
2816 9444
2821 14847
2888 9683
2956 4670
3023 14626
3166 3405
3166 7391
3166 8363
3171 6124
3171 12358
3171 14820
3171 14829
3171 14832
3183 14831
3253 14740
3313 3707
3352 4216
3405 9683
3405 12614
3405 12719
3405 14858
3415 12614
3484 7128
3505 14830
3515 8363
3515 10068
3545 14338
3545 14779
3676 10068
3707 9757
3811 10268
3984 8567
4057 14806
4090 14841
4092 14835
4117 5616
4117 10268
4117 13178
4117 14838
4117 14848
4126 6124
4126 14373
4171 13178
4248 14766
4323 8494
4419 14821
4507 8197
4523 13260
4536 12358
4546 8512
4546 9649
4615 8363
4731 5501
4731 5616
4731 6640
4731 14338
4731 14847
4746 14847
4771 9352
4771 9757
4771 11645
4771 14844
4771 14848
4783 6124
4783 8298
4783 14823
4783 14824
4783 14832
4839 14784
4904 5616
4904 14846
4924 13646
4924 14373
5119 14373
5119 14834
5119 14844
5141 14856
5230 9323
5230 14338
5270 6842
5270 9888
5366 14846
5468 14713
5468 14826
5501 6944
5501 11779
5550 9444
5560 14851
5616 5720
5616 13954
5720 9829
5831 11779
5831 14822
5844 14855
5849 8124
5849 10268
5849 13462
6124 9829
6124 12125
6124 14373
6180 14804
6203 10869
6203 14837
6280 9757
6373 8712
6373 11779
6373 14818
6429 12358
6429 13515
6429 14838
6448 6640
6448 13646
6448 14373
6448 14833
6498 14842
6498 14856
6640 14822
6779 12358
6779 13178
6779 14833
6779 14844
6779 14846
6912 7391
6945 14832
7000 12358
7000 13253
7000 14832
7034 11127
7097 7391
7097 9323
7128 14817
7364 12550
7391 14845
7464 14835
8197 8298
8197 14819
8298 9444
8298 12341
8370 14748
8712 11066
8712 11779
8870 9168
8961 10071
8961 13178
9168 14850
9323 14845
9425 14833
9444 14820
9757 11951
9757 14017
9829 14418
9888 14727
10027 13447
10068 14849
10273 11127
10273 13017
10624 14854
10789 14848
11184 11758
11340 14784
11340 14833
11344 14660
11779 11925
11779 14727
11779 14825
12040 14795
12040 14838
12342 14839
12342 14852
12366 14829
12614 12719
13017 14816
13322 14853
13674 14338
14142 14713
14160 14338
14175 14857
14338 14803
14338 14847
14338 14848
