13 1517
19 5550
28 8363
42 14130
43 76
43 3166
43 3528
43 10706
43 14976
61 14946
76 461
76 729
76 1413
76 1604
76 2334
76 9865
76 10706
76 13061
96 110
96 762
96 3405
97 3458
100 14971
108 14928
110 1640
138 258
138 524
138 6124
138 9829
138 14062
140 446
140 3458
140 3690
140 8298
140 11340
140 13061
140 14906
153 14973
158 1115
158 1198
158 1321
158 5451
158 8666
158 12075
158 14030
158 14204
158 14945
158 14956
158 14978
190 14928
196 14923
201 10706
226 1697
226 4615
258 1413
258 1792
280 2756
280 13631
287 13363
298 11392
315 1198
315 8298
335 3458
354 14971
370 14958
383 14335
399 1140
434 14753
461 2674
461 6429
461 8197
467 14204
524 5270
524 14966
546 14957
573 762
577 762
577 10706
610 897
610 3592
613 2437
618 1198
618 14928
621 1198
621 14978
682 2756
729 1198
729 1402
729 1563
729 1604
729 2529
729 3177
729 3979
729 11779
729 14030
729 14943
762 5550
762 14943
781 5468
781 10706
809 3856
852 1563
852 2529
852 3313
852 6223
852 14931
881 1604
881 4589
881 10409
881 14062
903 14964
904 2095
904 4231
1002 14964
1057 14962
1057 14968
1115 1256
1115 4809
1115 5451
1115 8298
1115 14062
1135 14342
1144 2930
1144 11779
1144 12784
1198 9323
1198 11779
1256 2529
1268 6505
1268 14950
1321 14973
1335 4783
1359 14928
1365 14955
1402 7924
1402 9195
1402 10268
1413 2149
1413 8596
1413 10575
1413 14978
1517 3841
1539 8298
1539 14955
1562 6505
1563 2762
1563 5560
1563 11340
1593 3458
1604 2095
1604 6779
1604 13061
1636 9168
1636 9312
1636 13061
1636 14062
1640 14929
1732 9809
1787 2529
1787 3458
1787 10347
1788 2095
1788 11392
1877 2437
1877 14951
1877 14963
1917 14957
1977 14969
1985 10040
1985 14610
2027 14963
2063 14441
2095 3313
2095 3636
2095 3856
2095 4090
2095 6498
2095 10939
2131 2762
2156 14062
2156 14927
2223 5831
2223 13061
2256 5550
2319 14971
2334 2930
2334 8197
2406 4532
2437 14062
2451 12985
2488 9124
2529 6223
2529 11340
2529 14062
2529 14617
2529 14965
2670 3458
2692 2950
2756 14931
2762 3636
2762 6576
2762 7391
2762 11340
2762 13061
2762 14062
2762 14974
2762 14975
2930 5550
2930 12784
2970 8272
3023 14964
3030 14944
3053 8281
3107 4117
3161 5100
3171 14204
3177 5468
3177 11779
3177 12358
3253 11103
3253 14967
3313 5270
3313 9956
3313 14338
3313 14944
3368 14937
3405 9683
3528 14939
3545 7190
3592 4783
3592 11779
3592 14948
3623 14947
3627 9472
3627 10461
3636 13061
3636 14338
3636 14940
3737 14938
3841 4731
3856 13061
3887 14935
3943 14956
3979 5468
4011 14973
4090 9168
4117 14304
4117 14885
4117 14967
4201 14952
4536 14204
4589 8124
4589 14906
4615 5468
4731 13230
4828 14977
4839 14936
5270 14944
5362 9920
5468 8298
5468 9633
5468 11340
5468 14944
5550 5692
5550 7749
5550 11779
5550 12784
5550 12985
5550 13448
5692 11779
5692 12784
5720 10347
5922 7839
6124 9829
6124 14932
6223 9956
6280 13061
6429 14204
6474 14979
6576 13061
6596 11195
6618 14943
6640 14934
6779 7034
6779 13061
6779 14030
6784 14941
7000 8515
7000 8596
7000 11568
7000 12114
7000 13033
7000 14913
7000 14953
7000 14964
7000 14968
7190 11531
7290 7534
7290 14901
7391 14885
7840 8666
8093 12341
8197 11498
8197 13033
8197 14892
8197 14964
8221 10040
8225 14931
8272 14953
8298 11340
8298 13061
8298 14965
8666 14976
8712 9809
8712 14204
8712 14957
8974 14948
9124 13978
9124 14606
9285 10040
9323 9633
9337 12550
9444 14944
9469 11214
9703 14804
9714 14949
9789 14956
10068 14024
10273 14062
10347 14617
10869 14970
11016 14938
11101 14928
11286 12366
11340 14062
11340 14956
11383 11531
11514 14942
11568 14949
11779 14062
11779 14923
11779 14972
11947 14148
12090 14892
12531 14948
12881 14976
13033 14959
13061 14906
13061 14964
13514 14204
13981 14937
13981 14972
14062 14716
14130 14906
14304 14753
14338 14940
14606 14943
14740 14933
14755 14918
14906 14961
14922 14925
14953 14960
14954 14955
