7 2650
12 14461
14 2919
14 4216
19 108
25 5831
28 3648
29 724
42 837
42 15087
43 140
43 946
46 110
46 1242
46 3405
46 6569
56 14418
59 1256
59 2756
59 3313
73 9888
76 1413
76 8298
83 724
83 904
97 5141
103 2650
103 2930
103 14677
108 4746
108 10846
108 15050
110 1268
110 2149
110 6569
110 15065
110 15081
110 15086
126 5831
138 904
140 10273
140 11340
141 5065
158 1255
158 2057
158 2820
158 4663
158 4731
158 7326
158 8567
158 8674
158 9294
158 9444
158 13676
172 6453
195 2313
195 4117
195 15073
196 8969
201 3281
204 659
253 8119
253 8567
258 15070
258 15081
280 1002
280 8298
280 15076
297 3636
315 7738
338 1298
382 8969
408 4731
412 4589
412 13889
456 9789
467 15074
478 621
478 2149
478 6867
478 7190
478 8119
478 11531
499 1824
499 2930
499 9649
506 15077
528 5065
532 11255
565 837
565 10347
577 5550
577 6429
577 7326
577 7391
577 10409
613 8298
621 724
621 5065
621 13889
659 4117
659 15064
670 10273
729 1198
729 1604
729 4019
729 8567
729 11255
729 13889
729 14142
753 5494
762 4845
781 8197
817 14738
823 15039
837 15040
837 15085
839 4746
839 11269
852 3313
852 4231
852 5720
852 7290
852 13881
852 14906
891 7444
904 6867
904 8298
904 8567
904 8969
904 13889
938 15070
946 4746
1002 2600
1002 7444
1002 10311
1041 6779
1041 11401
1097 1242
1097 2599
1144 5065
1198 2762
1198 8969
1198 15039
1198 15081
1198 15089
1206 2816
1206 5141
1206 12015
1242 10941
1255 2762
1255 3158
1255 3368
1255 6005
1255 13881
1256 2756
1256 3313
1256 5720
1256 15077
1298 13981
1312 4746
1312 8119
1335 5468
1359 1422
1359 15077
1369 2645
1422 1563
1636 15085
1643 15060
1763 15067
1794 5065
1812 15036
1917 8642
1917 11269
1917 14469
1917 15074
2056 15054
2057 2756
2057 3313
2057 6548
2118 3158
2118 3505
2118 15022
2124 3380
2149 8969
2225 10766
2255 10998
2313 5616
2313 7326
2340 3158
2529 10273
2592 14677
2650 14677
2756 6817
2756 10347
2762 13889
2762 14992
2762 15083
2762 15090
2786 5468
2786 15022
2816 13889
2930 14677
2950 6576
3313 8225
3313 10273
3313 10347
3380 13838
3380 14930
3405 15086
3458 14992
3458 15077
3503 14547
3505 15033
3573 15070
3634 15056
3636 15077
4031 8969
4059 5479
4116 15089
4117 5065
4117 14469
4117 15073
4117 15077
4157 7000
4171 11421
4187 5900
4231 9536
4231 14748
4231 15061
4310 15030
4382 14987
4523 15022
4536 5065
4536 15074
4577 7867
4663 8281
4731 13489
4746 7749
4746 10846
4771 7326
4783 15048
4783 15084
4845 6640
4845 8824
4845 11340
4866 5065
4924 15046
4962 12463
5065 7326
5065 8197
5065 12358
5065 13676
5065 14906
5065 14949
5065 15022
5065 15039
5065 15059
5065 15066
5105 15072
5119 9158
5141 5658
5141 8298
5334 15048
5366 15077
5468 8969
5560 12670
5652 10846
5658 15075
5824 6779
5831 5900
5831 12183
5831 15071
5849 15065
5900 14064
5900 14965
6315 8121
6332 11779
6429 8682
6429 10409
6448 15038
6448 15039
6498 8969
6498 12784
6498 15075
6569 8197
6779 7326
6779 13838
6779 15084
6867 8567
6867 13889
7000 8298
7000 14469
7000 15068
7290 8298
7290 13881
7290 15091
7326 10273
7326 11203
7391 11360
7391 15031
7738 9444
7749 10846
7855 15065
8119 8567
8197 13676
8197 15084
8298 8969
8298 14677
8364 13838
8567 9958
8567 15013
8969 10604
8969 14501
8969 15022
9122 15000
9285 10850
9285 15066
9309 9829
9649 12463
10040 14965
10040 15085
10409 10941
10409 15063
10409 15066
10789 15073
11037 15092
11340 14948
11340 15039
11340 15080
11779 15078
12070 14969
12070 15062
13017 15077
13676 14906
13838 14930
14064 14965
14418 14992
14892 15065
14930 15069
14949 15064
14949 15079
14949 15082
15033 15034
15039 15088
15084 15087
