0 570
0 1177
0 1404
0 1492
0 1540
0 1753
2 1786
3 1753
7 461
7 1636
9 1753
12 38
12 1268
12 1527
19 42
19 48
19 729
25 96
25 570
25 696
25 1691
26 338
26 783
26 801
26 1786
29 30
29 73
29 121
29 201
29 729
29 810
29 1620
29 1786
30 123
30 247
30 570
30 621
30 810
30 836
30 1792
31 1268
31 1735
38 74
42 48
42 449
42 978
42 1268
48 729
48 1164
59 189
59 249
59 1057
59 1492
68 1807
69 108
69 1745
73 852
73 1786
74 570
74 1539
76 79
76 80
76 275
76 461
76 505
76 539
76 570
76 613
76 1214
76 1244
76 1256
76 1290
76 1663
76 1768
76 1787
76 1790
79 1361
79 1663
80 1795
83 1214
83 1782
94 836
95 729
96 461
96 570
96 1787
97 236
97 1510
101 1753
103 565
103 1305
109 1057
118 539
118 613
118 1268
132 1636
135 1691
146 1634
146 1661
146 1806
153 461
158 201
158 461
158 1115
158 1164
158 1785
158 1795
162 1786
170 712
184 939
184 1255
189 446
189 1422
196 423
196 461
196 613
196 682
198 1753
201 235
201 810
205 621
205 694
205 1691
206 348
206 461
206 801
206 810
206 836
206 1384
206 1563
206 1798
221 1002
226 1539
226 1745
226 1774
226 1788
235 461
235 570
235 1268
249 370
249 1057
258 289
258 613
258 729
258 1787
268 570
270 1540
282 1451
289 613
289 682
289 1795
302 593
302 978
302 1713
302 1753
302 1793
311 1636
315 1782
330 539
330 1256
330 1753
348 1448
348 1702
348 1802
374 461
374 1057
374 1795
383 446
383 687
383 729
383 852
383 1552
388 539
388 1214
388 1379
388 1422
388 1781
394 461
394 891
394 1540
405 1753
423 449
423 461
431 968
447 613
449 565
449 1242
449 1256
455 1663
461 570
461 618
461 729
461 1002
461 1128
461 1140
461 1214
461 1256
461 1290
461 1540
461 1545
461 1617
461 1636
461 1733
461 1753
461 1759
461 1774
461 1794
461 1797
461 1801
461 1807
505 1244
505 1359
505 1540
505 1768
519 939
539 570
539 810
539 1256
539 1268
539 1540
539 1545
539 1636
539 1753
539 1800
539 1807
565 1305
570 573
570 810
570 852
570 1177
570 1244
570 1268
570 1539
570 1636
570 1755
570 1790
570 1792
570 1800
573 1244
613 621
613 682
613 687
613 729
613 1606
613 1622
613 1787
613 1808
618 1634
618 1805
621 1777
621 1782
621 1804
687 1361
687 1636
687 1774
690 1540
694 1785
712 1214
729 783
729 852
729 1164
729 1256
729 1510
729 1691
729 1807
760 1782
779 1349
783 1780
810 1290
810 1527
810 1572
810 1755
824 1451
836 904
836 1777
836 1782
839 1753
840 1617
852 881
852 1039
852 1066
852 1256
852 1717
852 1745
852 1774
852 1790
872 1268
881 1774
883 1805
890 1753
924 1422
924 1540
948 1244
948 1811
950 1115
978 1563
1002 1422
1041 1803
1051 1422
1066 1787
1106 1129
1115 1785
1128 1797
1171 1268
1177 1256
1205 1244
1205 1796
1214 1256
1214 1290
1214 1413
1214 1422
1214 1540
1214 1581
1214 1636
1214 1753
1214 1768
1214 1779
1214 1783
1214 1799
1242 1268
1244 1268
1244 1527
1244 1783
1255 1685
1256 1422
1256 1540
1256 1745
1256 1774
1268 1290
1268 1384
1268 1540
1268 1800
1268 1807
1318 1810
1331 1800
1359 1768
1359 1796
1361 1795
1361 1809
1390 1691
1404 1539
1404 1755
1422 1540
1422 1622
1424 1753
1448 1702
1455 1753
1539 1774
1539 1782
1540 1636
1545 1753
1552 1785
1563 1786
1606 1622
1636 1663
1636 1768
1663 1784
1724 1782
1782 1786
1787 1789
1790 1791
