2 467
14 15150
28 2650
29 138
29 13889
29 15141
41 11340
42 15131
48 1255
48 2650
56 2762
56 8364
56 10040
75 11340
76 138
76 153
76 253
76 1206
76 1256
76 2114
76 2650
76 2762
76 8298
76 15120
76 15157
76 15164
93 11340
109 9483
110 1709
110 1854
110 11269
110 15051
110 15065
117 374
117 8712
138 1200
138 8093
138 9285
138 10347
138 14419
138 15151
138 15158
158 10068
158 10347
158 14755
158 15133
158 15159
158 15160
172 15065
184 14621
196 444
196 917
196 11779
226 1256
239 13889
253 2650
258 3171
258 11851
298 15161
315 13889
370 15120
374 2081
383 3088
390 5468
390 15075
407 1413
407 14062
407 14338
408 6867
424 11340
435 8688
444 15106
456 15140
461 15022
467 12885
528 6619
556 1604
577 7190
592 917
621 13889
636 13889
712 14621
729 4652
729 7290
729 15148
781 2845
781 5468
781 13508
781 14981
836 15128
836 15160
837 1106
837 4187
837 15169
852 2756
852 15162
891 13298
892 5084
917 11779
1002 2762
1002 15149
1106 1255
1106 1786
1106 13259
1106 15115
1198 4746
1206 15121
1242 2762
1242 3086
1255 1521
1255 15120
1255 15121
1256 6498
1256 15158
1312 10491
1365 11340
1466 5859
1514 13889
1625 5362
1625 5616
1636 5551
1636 15133
1636 15164
1640 9649
1640 12463
1661 4536
1709 15051
1787 9483
1818 3158
1824 5065
1854 6784
1877 4652
2019 15167
2044 14906
2102 7897
2114 3030
2122 15170
2124 2945
2223 11531
2223 15133
2256 2762
2256 7749
2256 13889
2256 14948
2256 15146
2313 5493
2389 15096
2389 15165
2389 15166
2389 15170
2472 5125
2488 3458
2592 14677
2640 12694
2674 15139
2756 15160
2756 15162
2762 5065
2762 5615
2762 5849
2762 10690
2762 13280
2762 14597
2762 14621
2762 14948
2816 14142
2825 15148
2845 4565
2845 15151
2930 15155
2945 15153
3041 10249
3086 5065
3158 13298
3171 4536
3171 7290
3171 15137
3313 15151
3545 7190
3592 11340
3636 7290
4031 11269
4090 13280
4092 8071
4138 14948
4187 14987
4536 6429
4536 7290
4536 11808
4536 14747
4536 15099
4577 9985
4589 5065
4652 8097
4746 15115
4771 14597
4771 15147
4771 15160
4771 15165
4771 15170
4783 11808
4783 13889
4866 15171
5065 5551
5065 6389
5065 8298
5065 15140
5065 15144
5119 8816
5119 12341
5265 10347
5267 15022
5362 5616
5362 12685
5362 14419
5362 15168
5468 14142
5550 14417
5551 15102
5560 15147
5560 15160
5720 15151
5747 13280
5859 10068
5859 13061
5948 12643
6087 11340
6203 13280
6373 13280
6429 6448
6448 6569
6448 14747
6498 12550
6569 15022
6576 11851
6640 15152
7000 13280
7000 15154
7000 15172
7034 15115
7190 8712
7290 15137
7326 11203
7335 10249
7371 14142
7391 15065
7391 15163
7659 15167
7855 14972
8119 11531
8298 14621
8659 8712
8824 10491
9245 13259
9444 14597
9444 15152
10068 15162
10347 14338
10347 15156
10347 15159
10558 15154
10930 13981
11340 14904
11340 15115
11340 15152
11549 14906
11779 14972
12372 12556
12643 15120
12672 15144
12672 15154
13061 15104
13061 15160
13280 15144
13889 14981
14064 14755
14338 15156
14340 14934
14747 15120
14906 15104
14981 15138
15022 15149
15120 15121
15120 15148
15120 15149
15142 15143
15144 15145
15156 15159
