28 573
28 1255
28 11376
29 9809
29 15031
29 15476
42 455
42 1002
42 1402
42 1604
42 4140
42 4589
42 9431
42 9775
42 11751
42 14677
42 15422
43 1298
43 1917
43 15451
73 2845
73 15462
76 2307
76 6047
76 6810
76 10293
83 133
97 781
97 897
97 2118
97 5141
108 9809
108 15462
108 15470
110 5009
110 11489
110 15466
133 134
138 1604
138 15031
158 1604
158 2592
158 2919
158 4144
158 8567
158 9431
158 11605
158 15031
158 15471
172 2389
172 11489
184 3245
201 15296
204 15428
280 9152
304 852
433 2118
455 610
455 2534
455 2762
455 4971
455 5493
455 11505
455 11696
455 12022
455 15031
510 1255
510 1636
510 15476
524 15450
546 1540
546 2882
556 4530
573 2307
573 7855
573 9071
577 7097
577 15460
610 1774
610 2762
610 7428
610 9168
610 15476
613 6867
613 15031
618 5144
621 4059
621 5065
621 6047
730 4113
730 15398
762 4031
762 6945
762 7190
781 897
781 6498
781 15470
837 2919
837 10040
852 1321
852 1361
852 2529
852 3313
852 3707
852 4339
852 5757
852 6817
852 9565
852 14272
852 14338
852 15464
852 15478
892 5018
897 1868
946 5141
946 11326
962 2389
1002 3330
1002 15485
1106 1333
1106 4866
1115 14846
1144 15469
1198 1604
1198 6047
1198 9071
1206 15468
1255 2307
1255 2437
1255 5658
1256 2529
1256 5720
1256 14906
1256 15478
1264 8173
1264 15466
1268 15287
1298 15022
1312 6505
1361 14906
1402 1636
1402 6779
1418 3687
1418 8298
1418 9285
1604 2756
1604 3171
1604 11340
1604 14906
1622 4232
1622 15471
1636 4589
1636 5366
1636 7516
1709 15466
1763 12022
1763 15413
1774 2307
1917 2243
1917 9071
1917 15303
1917 15477
2111 4481
2223 3381
2231 4057
2231 15472
2243 15461
2278 3653
2307 2845
2307 4031
2307 10293
2307 11376
2307 15483
2333 15466
2389 8173
2389 11489
2389 15466
2411 15482
2428 4501
2428 15465
2437 9994
2529 5757
2529 10203
2529 14338
2534 11751
2692 5215
2692 15473
2694 5788
2762 4577
2762 9168
2762 9444
2762 15114
2767 6373
2767 8711
2775 15488
2845 15296
2845 15462
2882 3171
2919 4187
2919 6160
2919 11340
2919 13017
2930 10846
2930 11605
2930 14784
2930 15484
3046 14417
3158 4577
3161 3453
3313 3707
3313 5757
3313 6947
3313 10203
3313 15478
3322 5493
3330 5065
3330 8712
3330 11340
3484 5720
3501 15473
3509 5366
3592 4059
3592 5065
3636 15487
3687 8298
3693 8298
3707 5757
3707 6223
3707 14272
4031 7714
4057 15472
4059 15413
4092 15031
4117 6817
4140 15422
4187 10040
4302 7326
4536 9323
4546 9649
4577 15114
4731 13298
4731 15039
4882 11489
4905 15444
4908 15444
4924 15467
5065 13280
5065 15460
5065 15479
5065 15484
5065 15487
5102 11489
5215 11340
5272 15480
5366 13298
5468 14751
5616 8197
5699 13081
5720 11924
5720 13318
5831 15463
6223 6947
6373 14784
6429 7000
6429 11605
6448 15302
6498 11340
6498 15476
6498 15478
6505 10491
6810 15398
6817 8567
6817 12022
6817 14272
6817 14323
6817 15468
6917 14846
7097 7230
7097 8197
7097 14535
7391 9323
8197 9045
8298 15460
8567 8712
8567 12022
8567 15447
8659 8712
8790 10347
9045 14572
9071 15303
9168 15114
9168 15450
9444 15470
9444 15471
9444 15483
9565 14906
9596 12022
9775 15464
10040 15486
10347 10440
10347 15269
10347 15467
11299 13017
11696 12380
12125 15249
12287 13355
12358 15471
13014 15249
13280 15479
13318 15450
13325 13361
14062 14338
14930 15114
15022 15457
15031 15114
15149 15481
15404 15474
15444 15446
15474 15475
