2 12814
2 15039
28 3624
28 15317
28 15698
40 12287
41 15206
42 8197
42 11203
42 15505
70 108
75 2019
76 6143
84 15695
96 1742
97 1255
108 5270
108 15269
110 4704
117 5720
117 7290
133 1232
138 1636
138 2845
138 6431
138 10925
138 15657
153 15691
158 455
158 14948
158 15567
158 15641
158 15657
206 897
258 14657
258 15697
297 15700
303 4216
374 8604
382 3505
382 5270
411 15686
455 6373
455 10477
455 13163
455 14945
455 15657
455 15671
461 5720
502 15693
519 10911
573 1369
573 3158
573 3528
573 15707
577 15038
577 15302
577 15460
577 15672
618 15687
682 8630
729 15664
774 15592
839 2412
839 15649
852 3313
852 6817
852 11158
852 15694
897 2027
917 10198
963 15039
1002 4731
1002 10941
1002 15704
1057 4727
1057 15592
1106 8630
1106 15667
1198 12643
1198 13163
1232 2930
1232 15702
1255 2027
1255 3670
1255 8197
1256 5720
1256 15641
1256 15694
1256 15703
1264 1529
1264 3670
1359 9822
1379 12643
1392 12643
1392 15691
1413 11568
1510 4731
1529 15302
1540 15505
1563 2412
1636 15505
1875 6598
1917 15039
2019 2413
2019 4731
2057 2762
2124 15039
2199 8272
2199 15120
2199 15708
2231 15472
2389 15701
2412 15022
2412 15120
2535 8630
2535 14597
2705 5720
2705 13154
2705 14264
2762 8586
2762 15694
2762 15702
2767 12643
2767 15690
2767 15714
2825 15063
2845 13694
2919 12643
2919 15567
3030 3415
3158 12342
3158 14915
3158 15707
3171 12643
3355 6429
3484 5305
3545 7190
3545 15688
3624 5270
3811 6598
3865 6453
3865 10558
3975 10941
3986 3996
4011 9510
4011 10596
4011 12643
4011 15693
4092 10869
4092 15322
4092 15699
4216 5119
4216 15505
4382 15690
4546 6867
4546 15711
4702 10789
4731 11853
4783 15696
4839 15693
5065 14767
5065 15672
5089 14253
5100 15680
5102 6708
5119 11751
5119 15039
5119 15373
5119 15645
5119 15691
5119 15702
5270 5759
5272 15698
5272 15706
5305 7855
5340 6373
5362 15063
5366 6429
5366 10558
5366 15302
5373 10941
5386 6618
5468 13694
5615 15039
5720 15694
5747 15366
5831 15700
5831 15713
5906 15249
6108 13981
6143 8364
6373 6624
6373 10766
6373 15614
6429 10604
6448 15691
6463 15698
6498 15715
6618 15693
6624 9469
6779 15689
6867 15302
7000 9822
7190 15688
7230 14264
7290 12643
7464 15599
7944 12643
8093 15567
8147 15039
8272 15708
8298 12513
8298 15705
8604 9469
9431 15694
9444 9791
9510 15693
9599 10198
9789 15679
9789 15691
10068 15567
10198 15453
10869 11184
10869 15505
11340 15113
11340 15602
11751 15505
11908 15713
12342 15707
13017 13088
13017 15715
13061 14906
13061 15113
13061 15505
13163 15631
13280 14597
13963 15709
14062 15657
14417 15657
14657 15505
14906 15592
14948 15692
15011 15565
15041 15710
15206 15567
15302 15707
15689 15712
