7 42
7 1831
7 10203
14 11928
26 258
26 338
26 8197
28 621
40 12287
70 4135
70 8068
76 621
76 15553
110 15822
122 1126
138 302
138 3624
153 455
153 1636
153 2650
153 5616
153 15811
226 7392
258 1106
258 1917
258 15389
258 15708
297 1763
304 14597
304 14747
370 2334
374 15821
383 4339
442 5119
447 15309
455 5692
455 14597
455 15305
455 15746
531 14284
571 852
573 621
573 5141
573 10323
573 15813
577 7290
618 621
618 5065
618 5089
618 15687
621 5141
621 9323
729 839
729 881
729 1812
729 8298
729 11096
839 1106
839 1812
839 4370
839 8298
839 12358
839 14677
852 2529
852 3023
852 3313
852 5089
852 5757
852 6947
852 10203
852 14748
897 3984
897 15184
917 15714
948 11096
968 3158
1036 15129
1053 15810
1147 1255
1148 2240
1148 15505
1242 15553
1255 1792
1255 2787
1255 2845
1255 15818
1256 5757
1256 6143
1278 15353
1338 14514
1361 5012
1361 15553
1407 1604
1413 2756
1514 2334
1540 15553
1612 2767
1636 2767
1636 4589
1636 5119
1636 15811
1658 15558
1787 15714
1788 2650
1831 2534
1831 4092
1831 9390
1831 10203
1831 15592
1831 15658
1831 15819
1917 15405
2019 15813
2177 5089
2255 15814
2256 15748
2256 15817
2286 14213
2313 4011
2313 5119
2313 5616
2334 5926
2389 6708
2489 2787
2529 3313
2529 6947
2529 8298
2534 9390
2650 14677
2674 2787
2756 5089
2762 14631
2762 14748
2762 15044
2767 5616
2767 6782
2767 8666
2767 10558
2767 14284
2767 15714
2767 15800
2767 15811
2785 9851
2821 4523
2845 6124
3023 6947
3031 15412
3171 7290
3171 14597
3226 5119
3313 10203
3313 15255
3545 15027
3572 5188
3624 5270
3764 5929
4011 15683
4031 15818
4168 5119
4168 13735
4216 15149
4370 4390
4523 8068
4523 10323
4536 10018
4589 5065
4634 13735
4924 15816
5012 13735
5065 6429
5065 14767
5089 5119
5089 6947
5089 14418
5089 15255
5119 13107
5119 13735
5119 15553
5188 15714
5270 9888
5272 10018
5272 15525
5272 15709
5596 7074
5615 15039
5616 5822
5757 9292
5822 6779
5926 15753
6189 8197
6373 10846
6373 15129
6779 14597
6779 15537
6788 8632
6800 11928
6867 15808
6867 15815
7213 14284
7391 8068
7391 15748
7532 8515
7532 15805
7961 15820
8068 10323
8093 11851
8515 15805
8567 15800
8630 10203
9444 13378
9444 15821
9789 15714
10018 15525
10203 15817
10203 15824
10321 15714
10445 15714
10789 13107
11203 14677
11340 15812
12525 15372
12672 14948
12888 15453
13735 15525
14284 15252
14948 15788
15127 15815
15525 15709
15708 15814
15811 15823
