2 11641
2 15947
2 15993
2 15995
26 76
28 76
28 10273
28 15985
29 3528
42 573
42 729
42 4187
42 5616
42 10869
48 573
70 577
70 11538
76 108
76 1255
76 2062
76 2682
76 3528
76 5468
76 6498
76 15982
94 8131
95 11383
95 15978
95 15996
103 9462
108 1445
108 2062
108 9000
110 4964
110 6277
110 6708
110 9421
110 15127
110 15185
110 15990
157 15994
239 8131
253 1255
258 9892
258 12355
258 15971
304 4092
312 3867
315 1763
315 2767
383 15593
390 1255
461 467
461 852
461 1256
461 5720
510 1763
510 15995
573 3030
573 3648
577 1057
577 1773
608 1563
608 5468
608 6498
613 11244
618 852
621 1445
621 12097
762 1365
762 2650
774 4092
839 2762
839 3030
839 9421
839 11269
839 15978
852 1763
852 15985
875 8197
879 1445
897 9444
948 14446
1002 1517
1002 8961
1002 15947
1115 7399
1206 5616
1255 1774
1255 2682
1255 5041
1255 5270
1255 5682
1255 6277
1255 15887
1255 15995
1256 3193
1256 10869
1321 5757
1321 15973
1359 2762
1359 5616
1359 6203
1359 9444
1359 13061
1359 14906
1361 14748
1365 5757
1379 15211
1393 2767
1393 4092
1393 15852
1393 15986
1445 7391
1445 9152
1445 9958
1445 11269
1514 6047
1514 8131
1514 15978
1517 1664
1563 12760
1604 14418
1612 15299
1622 15211
1636 2762
1636 2767
1636 3065
1636 5616
1636 14748
1636 15211
1636 15993
1674 4187
1687 15947
1709 14417
1763 2650
1763 3030
1763 10068
1763 11255
1763 11641
1763 11912
1773 8131
1794 15991
1804 15922
1985 14677
1985 15570
2019 5468
2019 15016
2027 6277
2156 4589
2156 15988
2223 15589
2313 14597
2313 15986
2313 15993
2389 9421
2488 15911
2529 11641
2603 12760
2762 6203
2762 7003
2762 14906
2762 15240
2767 11641
2767 14748
2767 15993
2816 10273
2822 11538
2930 15698
3030 11912
3030 12760
3125 7391
3125 14535
3158 14748
3313 14597
3355 15525
3355 15991
3636 4727
3636 15240
3636 15883
4059 11383
4092 10411
4187 9892
4187 11127
4187 15973
4382 7404
4419 15129
4419 15558
4536 13515
4727 15240
4771 14417
4771 15979
5065 5119
5065 11568
5065 15211
5065 15720
5065 15987
5119 9540
5119 15973
5173 8197
5230 8961
5230 12421
5270 6498
5270 15982
5468 8068
5468 13686
5468 15708
5468 15976
5468 15978
5468 15979
5550 9469
5616 5720
5681 8342
5682 15887
5692 7399
5720 13061
5822 6779
5831 15973
5834 15369
5884 15860
5929 11943
5929 14017
6047 9152
6203 15973
6429 7290
6429 15991
6448 15947
6498 8363
6498 10959
6498 11641
6498 15075
6498 15985
6576 15986
6594 11489
6624 11383
6708 8796
6817 11641
7003 15672
7030 15981
7034 8961
7290 15525
7292 8515
7399 9152
7593 9540
7961 15820
8110 9472
8121 15983
8197 14771
8298 15973
8409 12770
8473 10273
8494 14446
8515 15995
8654 14948
8796 10040
8796 15986
8961 11203
9379 9469
9421 15980
9905 15989
9958 15981
10219 15299
10273 14418
10273 14748
10416 15879
10604 15991
10869 11504
10869 14017
11269 11344
11269 15978
11340 15031
11340 15887
11529 15992
11568 15211
11751 12760
12355 15839
12422 14360
12770 15260
12844 15986
13017 15973
13298 14748
14418 14748
15041 15826
15240 15968
15260 15985
15299 15995
15474 15984
15505 15947
15672 15720
15672 15973
15708 15976
15887 15979
15976 15977
