4 16083
7 73
7 1206
7 5270
7 6498
7 11184
29 3624
42 134
59 8370
73 2816
73 6498
75 1170
76 113
76 10293
76 11344
76 12252
76 13771
76 14469
76 15708
76 16201
76 16210
95 2762
102 4216
108 15121
110 13609
110 15875
110 16194
134 2313
134 5049
134 6203
134 15299
138 3030
138 11344
138 13013
138 16214
138 16223
138 16228
153 16199
156 1917
156 10293
156 12252
156 16201
156 16222
162 16201
172 1369
258 834
258 1170
289 10409
307 618
307 1517
307 6122
307 11565
307 16219
311 16212
315 16228
318 8363
374 5119
432 16176
455 2762
455 14755
455 16214
461 2756
528 4589
528 16083
573 1854
613 9540
618 5911
618 15775
621 1773
621 3030
621 3648
621 4031
621 5468
621 6429
621 9444
621 16204
621 16221
659 16083
686 1636
686 15698
729 11344
729 13922
729 15854
729 16026
729 16206
760 14709
762 5966
762 11269
762 14469
762 15615
837 4187
837 11344
837 16204
839 16203
852 3707
852 6947
881 10236
897 1193
897 5966
897 10624
928 10409
959 5270
1006 4589
1006 16200
1006 16207
1012 4615
1106 13013
1115 16212
1115 16213
1144 16157
1170 4117
1206 16165
1232 13590
1242 1917
1255 11568
1256 7534
1359 1640
1369 1836
1369 13609
1369 15875
1392 13686
1392 16199
1393 5125
1540 8961
1540 16201
1551 4650
1563 6810
1563 8197
1636 5625
1636 16083
1640 12424
1657 5386
1763 14387
1763 16218
1773 16221
1788 1818
1854 3041
1854 3405
1854 15875
1904 15121
1917 11269
1972 4523
2027 6629
2156 16208
2223 16165
2236 16206
2246 16215
2256 16235
2313 5125
2364 16218
2389 10558
2389 11376
2529 13013
2582 14597
2704 4771
2762 10040
2762 14879
2767 5125
2767 16213
2825 6779
2888 16202
2981 16226
3030 5141
3030 9444
3030 15097
3030 15720
3030 16228
3107 7290
3107 12252
3166 3624
3226 6373
3313 16165
3381 16223
3405 4187
3405 9245
3405 16206
3405 16234
3636 5801
3636 16211
3707 6947
3856 16176
3967 15839
4011 4117
4092 4530
4092 7924
4092 9540
4092 15299
4116 12252
4117 5125
4117 5362
4135 7391
4135 16184
4187 9245
4187 11344
4187 16042
4187 16165
4187 16214
4216 8272
4216 15505
4226 14360
4242 16235
4382 16157
4382 16214
4419 10558
4523 16196
4530 4839
4530 15299
4746 16209
4771 11835
4771 16205
5012 13922
5034 13590
5049 11568
5065 5757
5065 9540
5065 14597
5065 16208
5083 15494
5119 10040
5119 10629
5119 14879
5119 16184
5119 16223
5125 15505
5270 6122
5270 16232
5362 15382
5366 7480
5368 15505
5468 14469
5471 13590
5616 11203
5681 14469
5699 16223
5831 16210
5859 16216
5911 6429
5911 16184
5912 15398
5956 9245
6122 15400
6189 16207
6203 11568
6232 15839
6429 6619
6429 11037
6429 16231
6498 16184
6867 11605
6867 16228
6947 8093
7190 9994
7290 13686
7371 8363
7391 16184
7534 11751
7632 12253
7647 14303
7699 16225
8067 15886
8093 11037
8121 10027
8197 11037
8197 16201
8225 15615
8298 8363
8392 11344
8494 12252
8515 13686
8515 16230
8635 16216
8654 14948
8912 16083
9245 10040
9245 16042
9425 16216
9444 11605
9925 12253
9948 14784
10040 11565
10040 14418
10040 16229
10268 16220
10293 12252
11093 16222
11269 14709
11340 16197
11344 13042
11344 16122
11344 16224
11605 12784
11943 16083
11943 16233
12760 15505
12885 16165
12987 16194
13590 16206
14572 16083
14597 16208
14879 16165
15025 16228
15302 16177
15428 15448
15448 16167
15494 15505
15697 15839
15875 16202
15886 16195
16013 16222
16165 16217
16177 16222
16214 16227
