7 16454
29 3177
29 6945
46 803
56 5119
56 11340
70 6945
73 1235
76 135
76 444
76 6945
76 8197
76 14442
83 16218
83 16458
88 1572
88 6498
95 2762
110 1896
110 13707
110 15708
110 16044
138 16461
153 647
153 2730
153 6779
153 15875
156 16120
172 4964
196 1144
196 10846
201 659
201 4187
201 16462
287 1636
304 6189
383 659
383 1393
383 4187
383 4507
383 13061
383 14621
383 15698
423 2062
447 11565
461 5267
461 14771
461 15708
467 8608
467 16462
490 9948
531 16036
573 921
573 11023
573 15453
573 16036
573 16448
577 7391
577 9323
577 16083
602 14948
610 1374
610 15413
636 12432
641 16431
659 7290
659 7924
659 9444
659 16218
659 16458
686 2767
729 16427
762 6498
837 16059
837 16060
839 5353
839 9948
839 13164
852 5089
852 8197
852 15388
852 16261
852 16443
852 16461
891 8981
904 2762
904 3707
921 9896
968 5468
968 16453
1006 15708
1057 5125
1106 16036
1106 16455
1144 1364
1144 16437
1144 16451
1255 16286
1256 8688
1256 10939
1256 16447
1264 15708
1321 16461
1335 14902
1359 2762
1359 5822
1361 2762
1361 16452
1364 1972
1364 5353
1374 2767
1375 2286
1392 1661
1393 2762
1426 6429
1508 2756
1510 1540
1540 7749
1540 14062
1540 16441
1540 16442
1636 1777
1636 2762
1636 3573
1636 6189
1636 7491
1636 12358
1636 16007
1636 16438
1640 1824
1640 16463
1774 4771
1804 6945
1824 6250
1896 4419
1896 15875
1917 8981
1917 14442
1917 16441
1973 2762
2062 5270
2062 8688
2062 16448
2062 16454
2124 9152
2223 16452
2274 16450
2286 5366
2286 14213
2313 5125
2313 16435
2355 2640
2355 5720
2355 8093
2355 8197
2355 11023
2432 16439
2488 10939
2529 3313
2582 8067
2640 11023
2650 16458
2668 5125
2694 15299
2762 5900
2762 14621
2762 15505
3078 4377
3177 5468
3177 8515
3177 12245
3313 11023
3313 16261
3333 5353
3377 15121
3377 16295
3505 3624
3505 5270
3573 6189
3624 5270
3624 16454
3636 15709
3639 16462
3648 9444
3707 10939
3707 12880
3975 16456
4011 10247
4216 8981
4216 11023
4241 7408
4305 6988
4305 16349
4355 6189
4382 5900
4507 14597
4507 15505
4536 8608
4615 5270
4615 6124
4731 12432
4765 5822
4771 12432
5065 5119
5065 7391
5065 14076
5065 16083
5065 16455
5119 11340
5119 16445
5125 6189
5125 6429
5141 6945
5141 14442
5267 15708
5270 8688
5362 10247
5366 14213
5373 16456
5468 6945
5468 9421
5468 9444
5487 16427
5616 15886
5621 15593
5621 16436
5720 9948
5720 16458
5822 15987
5849 16044
5900 9469
6124 6498
6189 10247
6189 12358
6189 15709
6448 10247
6498 16464
6588 9789
6596 14451
6692 16001
6779 14213
7000 14442
7213 15196
7230 16448
7491 8515
8067 14597
8179 14597
8197 11023
8272 16442
8409 15388
8515 11184
8608 8981
8688 9888
8688 16448
8912 16440
8981 16446
9152 14076
9152 16438
9948 14767
9948 15196
10247 15505
10939 16447
11119 16217
11299 15169
11299 16441
11340 15699
11340 16036
11463 16455
12245 14281
12358 15525
12451 16440
13280 14627
13280 15698
13707 15708
13981 16460
14062 14906
14418 16396
14771 16455
14948 16459
15010 15039
15010 16218
15169 15453
15505 16405
15593 15698
15593 16438
15593 16462
15698 16431
15708 16448
15839 16435
15875 15987
15875 16444
15875 16455
15908 16457
16130 16432
16286 16449
16464 16465
