26 2223
26 7290
26 16704
28 12987
42 5305
42 8341
43 3093
43 8773
56 2582
73 16511
76 3676
76 5065
76 5353
76 8712
76 15127
76 16690
76 16707
83 618
83 3093
83 9285
83 12341
90 897
90 16708
110 2309
110 8836
138 1563
138 1908
138 7290
153 16033
153 16070
184 4092
184 10600
188 11809
204 12760
204 16551
258 8773
315 16222
315 16704
385 1198
385 3245
456 5353
456 10846
461 1908
461 8197
528 8608
573 15771
577 1198
577 5065
577 7000
577 7984
580 4915
618 1774
618 2292
618 7984
621 1751
621 5065
729 5119
729 15113
730 834
730 2158
762 2773
794 9152
803 11862
803 16695
837 4589
837 16551
839 2773
839 12643
852 1177
852 1636
852 2158
852 4187
852 5720
852 7801
852 14323
852 15299
852 15388
852 16665
881 16649
886 2333
968 6498
999 5353
1005 7839
1041 4507
1140 5353
1177 1636
1177 16685
1198 9323
1232 1774
1242 2019
1256 1636
1281 1763
1359 5467
1359 16704
1365 2730
1365 16704
1369 2324
1369 2437
1369 2970
1369 5366
1369 8244
1369 11751
1393 14597
1469 9948
1517 14213
1563 15720
1636 7984
1636 9143
1636 12358
1636 12760
1636 16592
1636 16604
1680 16693
1709 16682
1742 2668
1751 15875
1763 3737
1763 11779
1917 1952
1917 3107
1917 7071
1917 16564
1917 16687
1952 16564
1985 8870
1985 9948
2027 2406
2027 3676
2038 3893
2089 8067
2124 16698
2223 9143
2223 16681
2223 16704
2223 16705
2286 14213
2292 2773
2324 7516
2324 10472
2324 11835
2324 12643
2324 15505
2389 15121
2389 16580
2406 15044
2437 4216
2529 15388
2534 9245
2567 16596
2582 5065
2582 10040
2582 15720
2670 16711
2720 3093
2730 6373
2730 13533
2767 16695
2773 12940
2775 4011
2775 15505
2789 8067
2789 14418
2821 5065
2970 16580
3030 15726
3093 4749
3093 4765
3093 5294
3093 8197
3226 15114
3239 14597
3336 3893
3456 10347
3545 15453
3545 16090
3676 5141
3676 5468
3737 9444
3893 9245
4011 16695
4092 15505
4113 16685
4135 15113
4187 16515
4216 5119
4216 5353
4216 16704
4216 16705
4397 16446
4419 16580
4507 9245
4507 9332
4523 13310
4536 5065
4731 8816
4731 11061
4731 16700
4746 10571
4839 11683
4839 16697
4858 16636
4872 12358
4915 8836
4964 8244
4964 12643
5065 6429
5065 7290
5065 10273
5065 11203
5065 15720
5089 16261
5119 9143
5119 11340
5119 16532
5119 16688
5230 16670
5270 6618
5272 9152
5353 10846
5353 16705
5362 16686
5366 5599
5440 16580
5467 13061
5468 12643
5471 9683
5558 16232
5616 16530
5720 15299
5720 15388
5720 16665
5816 16686
5831 8773
5831 16684
5831 16692
5831 16698
5859 16665
5938 16703
6124 16511
6203 15584
6289 16715
6373 13533
6373 16327
6373 16555
6373 16683
6373 16689
6448 9469
6448 12342
6448 13082
6448 16695
6618 16679
7000 9323
7290 12341
7934 16694
7984 16665
8008 14418
8067 14492
8179 16677
8197 14213
8197 15453
8197 16580
8197 16695
8197 16710
8197 16713
8244 15875
8298 8565
8298 14906
8298 16704
8613 16690
8635 9285
8635 15113
8688 16682
8712 16690
8739 16298
8773 11779
8816 10347
8836 16090
8870 13469
8912 16649
9143 16316
9152 16033
9285 15113
9425 16033
9425 16692
9425 16695
9444 16699
9469 14597
9536 16649
9633 16102
9896 13219
9942 16702
10040 11103
10068 16070
10068 16690
10068 16712
10087 15453
10087 16334
10293 14653
10293 16691
10321 16298
10347 11061
10347 15113
10489 10766
10489 11779
10766 13981
11164 15941
11184 16700
11234 16686
11269 16667
11489 16564
11509 16090
11809 16699
12125 12366
12126 14213
12358 14492
12643 15121
12643 15875
12643 16206
13331 16033
13447 15875
13447 16710
13461 16580
13707 15875
13981 15025
13981 15720
14064 16700
14597 14906
14653 15771
14955 16696
15022 16704
15033 15121
15108 16680
15113 15664
15113 15875
15168 16714
15252 16376
15299 16701
15453 16090
15505 16707
15761 16673
15875 16070
15875 16689
15875 16690
15875 16709
16033 16670
16070 16712
16102 16671
16222 16709
16334 16680
16515 16670
16592 16636
16592 16686
16670 16700
16704 16705
16705 16706
