2 2650
2 4860
28 5949
42 2406
42 3107
42 5305
42 5616
42 16731
43 2669
43 15914
43 16675
43 16721
49 15127
69 5949
72 5036
73 13694
76 2669
76 15914
76 16721
83 610
83 2650
83 6435
83 12525
83 15108
83 16695
108 3107
113 15820
128 4117
133 618
138 2223
138 2816
138 5720
138 6435
138 8604
138 16732
196 16704
236 434
280 8604
280 11343
345 1200
383 1281
383 9431
383 16727
385 3245
407 2256
407 11234
407 16695
456 15668
572 15113
599 2395
610 15668
729 12245
730 1636
730 2057
730 2455
773 9285
796 16732
837 12341
837 16716
852 1256
852 1717
852 5720
852 9431
852 15388
852 16723
852 16727
968 5468
968 8197
968 12885
969 9143
1041 1361
1041 4507
1041 5294
1057 1281
1057 5125
1057 16723
1091 15108
1144 6373
1193 12126
1206 9829
1206 16735
1242 2019
1255 8197
1255 16592
1256 3313
1264 6629
1359 5467
1359 15720
1392 12358
1392 16732
1413 5125
1476 5353
1476 5949
1521 16721
1540 12008
1554 5949
1636 3501
1636 5125
1717 15388
1824 16184
1831 9431
1831 11851
1896 8197
1985 16725
2019 8197
2027 2406
2027 16026
2027 16716
2102 16733
2156 12341
2197 7749
2256 14587
2286 12358
2313 16569
2333 15914
2389 15121
2406 4092
2406 14906
2529 5757
2534 9245
2582 5065
2598 14587
2650 4860
2650 16729
2669 12126
2756 5089
2756 15388
2756 16592
2762 3893
2762 5065
2762 9168
2762 11103
2762 15114
2767 11343
2775 3152
2970 16717
3065 5616
3086 5822
3107 8494
3107 14597
3107 16716
3152 15311
3239 3501
3239 5616
3313 5089
3313 5430
3336 3893
3355 6429
3381 5272
3401 5493
3405 12245
3484 16728
3501 5119
3501 14760
3545 13889
3545 16695
3707 16592
3727 15113
3823 5616
3850 15108
3865 15114
3967 16090
4053 16730
4860 15996
4860 16732
4949 14621
5018 9285
5018 9469
5052 5125
5065 16718
5089 6947
5119 16725
5125 9483
5125 15505
5272 9152
5353 10489
5353 14587
5362 16719
5366 6629
5366 16034
5366 16472
5467 15720
5493 16734
5616 12358
5616 14906
5616 16720
5692 16695
5704 16736
5720 15311
5720 15398
5720 16665
5822 9444
5831 16610
6373 15668
6373 16555
6429 6435
6429 7738
6429 8197
6429 12126
6435 7290
6435 12358
6448 9469
6448 16695
6779 16569
7000 16184
7119 11568
7738 8197
7741 8197
8179 16677
8194 9649
8197 16713
8494 13095
8604 15039
8635 15113
9152 16695
9168 16722
9245 15064
9245 15505
9285 15113
9913 16730
10027 16628
10068 16070
10243 15453
10489 11269
10592 16033
11103 16732
11104 16553
11203 12358
11203 16733
11251 16724
11344 14850
11943 16636
11943 16734
12125 16718
12341 16716
12358 14597
12358 16732
12643 15875
12760 16569
13889 16090
14597 16624
14767 16704
14948 16429
15302 16472
15311 15398
15668 16184
15875 16628
15875 16728
16592 16726
16649 16716
