3 9236
9 15453
13 16742
28 16757
42 573
42 3107
42 5294
42 6108
42 8494
42 9390
42 16731
43 2650
43 16743
46 108
46 12749
56 2582
56 4117
56 15553
76 172
76 573
76 823
76 1198
76 1877
76 2199
76 2460
76 3158
76 6629
76 6708
76 10273
76 16297
76 16695
76 16735
76 16739
83 16732
83 16759
95 1604
95 16738
97 897
110 2324
117 4731
138 4781
138 14062
153 10492
153 16695
153 16748
172 573
172 2324
172 16773
196 14062
201 16744
204 5125
204 15448
297 15299
374 16392
383 1831
383 9431
412 14062
461 823
461 6629
461 6708
467 823
467 852
467 6436
505 4117
546 12126
571 12760
573 857
573 1264
573 1877
573 6629
573 16745
573 16759
577 836
577 3107
577 14597
610 11135
621 3107
634 15010
641 10040
678 968
760 6108
801 2204
801 6448
823 1636
823 4536
823 6779
839 6108
839 16752
852 1831
852 5720
852 6436
852 6947
852 9431
857 4031
857 6945
857 16754
904 6781
1006 2158
1006 14062
1006 16628
1012 2100
1012 2930
1012 15388
1012 16735
1041 16034
1106 12358
1106 16732
1115 9789
1115 15683
1312 2223
1312 13838
1312 14948
1359 1413
1359 5467
1359 15720
1359 16765
1361 13838
1361 16297
1369 15987
1369 16156
1369 16628
1369 16758
1375 8124
1392 12358
1393 7281
1407 10592
1413 10730
1413 16733
1426 16469
1514 10766
1514 15875
1514 16775
1540 8124
1603 8478
1636 3636
1636 16695
1636 16739
1640 4523
1709 1877
1709 16742
1742 5141
1751 9168
1763 14062
1808 16744
1831 9431
1831 11851
1831 16740
1877 3158
1917 5031
1917 7071
1917 15826
1917 16752
1971 5366
1971 16472
1980 4419
2019 16628
2027 6108
2100 2158
2100 2816
2100 4615
2100 8298
2100 16618
2122 14213
2158 2389
2158 7000
2199 15875
2204 7741
2204 16671
2223 15388
2256 5065
2256 5757
2286 8124
2286 14213
2324 2694
2333 8244
2389 16749
2389 16776
2437 6629
2437 6708
2455 9152
2460 6109
2460 8773
2460 10347
2460 16730
2489 16758
2529 5720
2529 5757
2529 15388
2582 2739
2582 5164
2582 5195
2582 6246
2582 15604
2592 16760
2650 5353
2650 5692
2650 15299
2650 16729
2692 16744
2694 8244
2694 16732
2730 13533
2762 5065
2762 11184
2762 14631
2767 3107
2888 14062
2930 4031
3030 8298
3107 3787
3107 6779
3107 10027
3110 15720
3152 15311
3158 6108
3158 16742
3184 4106
3226 16765
3239 16774
3313 15388
3313 16743
3487 10383
3501 5119
3572 9444
3636 15505
3636 16624
3636 16695
3858 15299
3882 16738
4031 16743
4059 4702
4092 16746
4216 8197
4382 9425
4382 16745
4384 16472
4384 16773
4419 15649
4536 6436
4702 14062
4731 16628
4731 16771
4771 13838
4771 16744
4860 14677
4866 16750
4949 16592
5031 7000
5065 14631
5065 14903
5065 16740
5065 16741
5119 7945
5125 5616
5125 15064
5353 6867
5353 11267
5362 8515
5362 16628
5362 16691
5366 5616
5366 16034
5366 16472
5366 16767
5440 7741
5467 15720
5493 14597
5518 16459
5560 15299
5616 6640
5616 11943
5616 14418
5616 16034
5616 16772
5616 16777
5699 16260
5720 6124
5720 15388
5720 16753
5816 10040
6108 8197
6124 16735
6175 16276
6254 16742
6373 15668
6373 16689
6429 7071
6429 14213
6429 16469
6433 16743
6436 11943
6629 15875
6779 14597
6867 11203
6867 16732
6912 7391
6984 8484
7000 15209
7000 15826
7000 16691
7071 11203
7071 16564
7290 16297
7391 14062
7391 16755
7399 16748
7741 8197
7749 16745
7945 11340
7945 12358
8244 15875
8364 13838
8515 10040
8515 11184
8515 16691
8642 16732
8912 16649
9152 16745
9168 16739
9168 16751
9245 15505
9431 11851
9469 14062
9536 16297
9562 16392
9789 16712
9789 16730
10040 12253
10268 16752
10273 16008
10347 16730
10383 10730
10489 11779
10789 15113
10789 16772
11061 16771
11184 14062
11203 16770
11340 14062
11340 15113
11340 16695
11779 16748
12126 14213
12149 12358
12149 15941
12358 16732
12358 16738
12358 16744
12358 16763
12358 16771
13393 14418
13451 15875
13838 14948
13838 15474
14062 15299
14062 15505
14062 15839
14062 16743
14062 16756
14062 16762
14062 16764
14062 16766
14062 16768
14337 16760
14361 16511
14631 14948
14716 15388
14748 16761
14906 16772
15050 15087
15114 16751
15184 16610
15209 15505
15299 16756
15302 16472
15453 16751
15505 16260
15505 16734
15664 16737
15794 16747
15839 16763
15875 16754
15875 16773
16218 16276
16695 16714
16712 16745
16751 16753
16753 16778
16764 16769
16764 16779
