28 70
29 4585
42 1392
42 17067
43 7852
43 14906
43 17070
43 17074
43 17075
70 8272
76 14958
83 17075
88 14278
95 4530
95 17060
108 15124
108 16564
110 14958
110 16463
138 201
138 3707
138 7290
138 17057
153 4056
201 3707
201 10492
216 5107
253 11340
298 2627
408 16989
455 2256
461 1625
461 5065
467 1057
467 8608
467 17080
502 17076
506 3152
519 10911
528 5162
528 7041
528 16984
528 17060
577 2057
577 3460
577 10383
577 11821
577 15887
577 16797
592 7041
602 3608
602 15636
621 17068
621 17083
634 13276
641 17073
644 11340
712 11343
729 2057
729 15050
729 16984
803 2105
837 2009
837 7041
837 17073
837 17078
837 17087
839 14958
839 17061
852 5720
852 12523
881 4746
881 5065
881 17059
969 17067
970 5912
1057 3707
1057 8608
1057 8912
1106 2816
1115 9469
1115 10743
1115 13829
1115 17073
1140 17063
1242 7000
1268 14142
1359 2582
1359 5065
1359 9421
1359 17073
1361 2650
1361 4530
1361 17034
1361 17089
1393 7290
1393 12523
1393 17059
1413 13735
1413 17085
1436 16096
1636 16689
1644 17062
1794 3707
1794 7290
1794 12523
1804 15113
1804 15875
1824 10846
1831 17059
1854 6629
1875 16034
1879 5373
1914 17070
1917 7071
1917 10409
1917 17080
1943 17072
1971 16034
2009 17059
2027 15875
2057 3030
2057 11947
2089 4092
2095 7199
2095 11779
2095 15703
2102 5065
2105 4924
2107 4771
2107 5682
2107 16564
2120 2598
2120 9245
2136 8981
2149 13276
2192 2582
2256 14597
2256 16689
2256 17085
2406 15875
2489 16785
2527 17065
2582 5065
2598 5065
2650 8197
2650 12358
2650 15299
2674 13276
2674 17075
2720 11194
2739 7516
2756 17091
2762 8067
2762 9168
2762 13280
2762 14906
2762 15698
2767 16984
2767 17058
2825 3068
3026 4056
3107 6867
3107 9130
3226 3383
3313 16096
3355 17040
3356 4839
3383 5859
3415 5065
3545 17093
3624 15124
3636 5938
3707 5912
3707 7290
3707 9985
3707 10068
3707 12065
3707 16096
4031 15050
4048 15299
4116 17059
4117 17018
4193 16181
4216 5912
4216 17069
4536 17000
4536 17088
4591 16988
4615 5270
4746 10846
4746 17059
4839 16349
4924 17064
4924 17082
4924 17089
4981 17069
5065 8460
5065 11568
5065 12253
5065 13210
5065 16187
5065 16564
5065 17027
5065 17073
5065 17090
5100 6619
5107 17083
5125 7516
5230 6782
5366 6779
5366 16034
5468 17057
5560 17075
5616 8956
5720 12523
5757 11851
5801 16964
5831 17064
5929 15942
6160 17051
6373 6624
6373 9130
6429 7852
6429 16984
6429 17080
6618 10492
6619 16984
6779 17071
6867 14958
6867 17092
6945 15113
7041 15252
7071 10409
7290 10068
7290 10730
7290 16592
7391 10383
7391 12358
7516 17018
7516 17059
7516 17071
7647 11340
7647 11531
7852 11269
7852 11779
8124 14165
8197 11751
8197 13276
8197 14958
8197 15875
8197 16689
8281 17039
8363 15124
8363 17075
8460 10846
8515 13355
8630 16689
8712 16928
8914 17089
8956 11340
8981 14597
8981 16984
9152 17077
9323 17008
9323 17059
9421 15875
9421 15887
9444 17075
9444 17084
9888 12421
10040 17054
10040 17059
10040 17074
10068 14278
10273 14062
10293 13276
10293 13355
10321 16695
10321 17086
10472 16580
10541 11344
10589 11360
10589 11797
10589 14394
10730 12523
10789 17078
10850 14286
11340 11531
11340 17078
11344 17082
11779 17089
12126 14165
12126 15124
12253 17059
12253 17075
12358 17018
12523 13892
12523 14906
12885 14394
12885 16306
13276 16580
14418 17034
14597 15698
14906 17083
14916 16797
14958 15453
15113 15875
15121 16580
15299 17054
15311 15398
15453 17000
15505 17059
15593 17060
15761 17073
15875 15887
15875 16580
15875 17029
15875 17079
15875 17089
15895 15916
16306 16554
16689 16984
16730 17066
16907 17034
16970 16984
16984 17077
17081 17082
