42 1256
42 3456
42 5616
42 10304
43 6189
43 15875
43 17112
76 6984
76 15299
83 4382
88 14278
90 4731
108 9573
110 14958
138 17100
140 240
153 2650
179 1636
201 6431
213 6984
213 9472
214 6984
221 712
287 1281
359 7428
434 17112
442 14767
467 15875
528 677
573 682
577 2057
610 17093
618 970
618 3456
641 677
659 2762
677 16984
686 13735
712 2317
712 4167
729 1361
729 4382
762 1432
762 4382
762 17097
852 2756
852 10304
859 15299
897 6619
897 14469
970 6713
1006 17069
1057 2120
1115 2650
1115 10347
1144 4562
1144 17111
1170 17100
1206 4562
1206 17103
1242 15022
1256 3456
1256 10304
1268 14142
1281 3405
1281 7699
1300 3979
1321 5308
1359 9421
1359 15656
1359 17121
1361 1413
1361 2120
1361 11779
1361 17099
1365 3456
1365 14767
1369 17071
1393 10068
1393 10347
1393 12928
1393 16963
1466 5912
1636 2756
1636 3636
1636 12341
1812 4536
1812 16963
1917 17113
1972 6062
1972 12985
2019 17069
2095 4839
2095 15505
2095 15746
2095 16003
2095 16233
2107 16564
2128 15875
2149 7699
2158 15299
2223 4382
2223 5308
2223 17048
2256 16689
2317 12358
2324 15299
2389 6629
2389 17117
2406 9379
2428 9245
2437 3456
2489 17104
2581 4839
2598 12341
2598 17113
2650 10347
2650 17097
2664 9425
2762 5493
2762 8197
2762 14906
2767 5119
2775 3356
2785 16386
3030 15299
3030 17119
3065 5119
3322 9245
3355 16963
3356 4011
3356 4839
3405 9421
3456 4116
3456 6429
3505 17094
3545 17093
3636 4839
3636 9245
3636 10293
3636 17109
3882 17072
4031 16984
4031 17047
4031 17109
4135 10409
4212 14042
4382 17112
4536 8099
4536 10730
4536 11568
4536 16963
4562 11340
4731 17113
4746 9245
4746 17059
4746 17099
4839 9245
4964 17095
4964 17117
5119 5912
5119 8630
5119 9425
5119 10918
5119 15819
5119 17098
5119 17106
5119 17118
5352 15887
5468 15113
5468 17094
5493 8197
5493 14906
5493 15114
5522 8281
5560 15324
5615 16233
5720 10304
5757 6817
5757 11851
5864 17097
5912 17073
6062 12985
6062 16984
6429 10409
6431 10068
6498 17047
6576 6746
6576 14418
6596 16963
6618 11340
6640 11340
6640 11531
6709 15839
6709 17108
6867 17092
7071 10409
7290 15311
7534 9245
7647 11531
7699 16435
7852 11779
7852 12037
8099 11203
8099 15875
8137 10846
8197 17107
8197 17120
8379 16474
8567 17097
8630 16689
8712 17106
8982 15875
8982 17095
9060 16236
9214 17115
9245 11103
9245 17008
9245 17099
9245 17110
9425 14418
9425 17092
9633 16671
9789 16596
9905 10600
9952 17092
10068 14278
10273 16233
10347 17015
10789 17116
10818 16713
10918 17094
11269 12037
11269 12090
11269 15299
11269 17116
11340 11531
11340 12358
11779 15299
11779 17122
12037 15887
12341 13061
12341 15875
12358 17102
12643 15875
12885 16970
12885 16984
12928 14906
12928 16097
12940 17098
13057 17113
13298 16907
13707 15875
13707 15887
14621 15114
15022 17096
15311 15398
15505 16233
15636 17072
15761 17105
15839 16596
15875 16984
15875 17095
15887 16942
15887 17116
15916 17101
16564 17104
16730 17066
16984 17114
17008 17109
17097 17112
