28 5100
29 17141
42 677
42 2406
42 10645
42 12844
43 2767
43 5822
76 5179
76 6984
84 2406
95 6203
95 13067
110 14958
110 17137
131 15113
138 5179
138 12760
153 11779
153 16033
184 16933
196 12022
201 5179
201 6431
201 17103
201 17145
204 10645
226 1990
258 5616
258 15448
258 17149
307 6984
307 15010
315 17147
413 852
434 13067
455 3415
461 15241
461 17147
467 9905
467 15472
577 1514
577 10604
577 11343
577 14748
621 17142
634 6569
636 1514
641 6867
677 5021
682 12341
712 2317
722 17124
729 1381
729 11340
729 14906
729 17147
762 17097
803 15618
803 17076
837 8787
837 12022
839 17141
852 2756
852 3313
852 4858
852 12718
852 14906
852 15311
968 7335
970 12125
1060 17148
1106 5501
1106 11340
1115 8654
1115 11851
1137 17143
1144 7194
1206 17103
1232 13067
1256 3707
1256 11836
1359 17121
1361 11751
1361 14906
1361 17141
1365 11340
1392 7194
1393 6431
1413 5049
1413 6810
1413 12523
1413 15384
1470 5125
1470 12523
1514 11343
1540 17105
1636 5363
1636 17125
1824 8836
1917 10409
1917 15311
1917 17130
2019 13708
2095 5100
2095 17127
2124 17119
2128 15875
2158 7194
2256 11343
2256 11779
2256 17116
2313 9312
2406 15113
2406 15875
2529 5100
2529 17135
2627 11751
2650 5021
2650 17097
2674 13708
2692 11751
2692 17147
2739 17015
2756 11851
2762 6373
2762 14748
2767 3388
2767 5119
2767 9425
2767 10918
2767 11340
2767 17092
2767 17126
2767 17151
2825 3068
2868 16318
2868 17147
2907 6505
2930 8836
3013 17129
3065 5822
3065 9312
3113 17136
3313 12341
3388 3636
3388 11751
3388 16695
3515 8453
3624 5179
3636 11751
3707 16907
3882 17072
3967 17139
4092 17141
4113 5720
4113 12523
4117 9312
4179 15518
4382 17097
4382 17112
4397 10730
4523 17147
4615 5270
4615 9888
4731 9425
4839 17072
4858 12718
4924 16893
4924 17126
4924 17133
4924 17146
5100 17135
5119 9425
5119 17106
5125 8453
5125 16042
5159 17130
5270 6569
5308 5849
5363 5757
5363 17150
5366 15453
5415 5468
5616 6810
5616 8272
5704 17144
5720 6431
5720 10203
5720 11836
5720 12523
5816 17130
5822 6779
5831 17146
5900 6576
6189 17150
6203 17128
6289 13280
6373 6624
6429 7364
6429 10604
6448 12037
6576 17147
6596 10730
6779 15037
6817 17153
6867 8836
6867 17128
6867 17147
6916 8836
7290 10730
7290 12523
7647 11531
7852 11779
7855 17140
8061 17146
8067 17129
8197 11103
8197 16961
8298 13170
8409 16942
8567 17097
8567 17132
8635 17068
8712 17106
9098 11340
9098 11779
9152 17146
9285 16033
9285 17097
9312 15505
9323 10730
9323 11340
9323 12523
9352 9789
9425 9888
9425 11340
9425 17097
9888 17135
10068 12523
10203 15505
10347 15113
10347 17015
10409 11343
10730 12523
11340 11343
11340 12760
11340 15887
11340 15929
11340 17126
11340 17147
11565 12341
11565 17126
11568 16961
11751 13067
11751 14771
11751 15114
11779 17142
11943 16933
11943 16977
12022 16629
12090 13981
12523 13892
12523 14906
12525 17153
12672 17147
13170 17152
13773 17111
14042 16807
14148 17135
14418 17145
14906 17141
14906 17147
14976 17127
14976 17134
15022 17147
15241 16089
15252 16646
15384 15505
15406 17123
15474 16033
15505 17121
15505 17141
15839 16596
15839 16807
15875 16435
15887 17155
15916 17101
15987 17148
16033 16695
16033 17097
16161 17156
16549 17140
16564 16877
16564 17138
16695 16807
16877 17138
16961 17159
16984 17114
16984 17126
16984 17131
16984 17154
17097 17112
17157 17158
