42 1604
42 8272
43 14709
43 17205
73 5468
76 141
76 5616
76 15875
83 3123
83 17203
95 12341
110 2324
110 17095
110 17227
113 2437
118 1514
138 762
138 2158
138 2437
138 17198
141 12341
153 12844
153 13735
153 15151
153 17206
153 17209
156 15302
184 9245
201 2158
201 5119
239 1788
258 9257
311 6917
330 9896
374 1115
383 17148
412 881
412 5272
412 17221
413 3313
467 4536
510 1788
524 15400
559 1917
559 2307
577 618
577 3456
577 17208
610 11340
610 16764
618 1097
618 2095
618 4117
618 17200
671 4048
721 17224
729 16992
729 17193
729 17206
736 7071
762 7714
773 17182
773 17197
803 17076
837 6698
839 1917
839 16580
852 2705
852 2756
852 3313
852 5089
852 8208
852 10690
852 17222
881 1057
881 2313
881 6810
881 10243
881 13735
881 14771
881 17160
881 17185
897 15151
897 15299
897 15875
968 3484
968 7855
968 16322
968 16564
968 17171
1006 15302
1012 2158
1057 8197
1057 8912
1106 2070
1106 10589
1115 6917
1115 11580
1115 14473
1115 15113
1115 16033
1177 4187
1206 16764
1232 9644
1321 17218
1322 11184
1359 13280
1365 11340
1365 14767
1365 16695
1369 15302
1374 10347
1393 1604
1393 17213
1413 4117
1470 3636
1563 5270
1563 9888
1604 2762
1604 8067
1604 11103
1604 15709
1604 16984
1640 16664
1709 17202
1763 15448
1854 2389
1917 2307
1917 4536
1917 12126
1917 12643
1928 5089
1928 8225
1972 15151
1972 17218
2019 10472
2019 12685
2027 2158
2095 4924
2095 15151
2095 17222
2122 9896
2158 5119
2158 13280
2158 17206
2158 17229
2197 9299
2197 17076
2223 16033
2284 13054
2286 2324
2286 6189
2324 15022
2324 16026
2324 16564
2428 9245
2489 8868
2489 17171
2527 5021
2529 10925
2529 16129
2562 17211
2603 5366
2612 12126
2669 10730
2705 3707
2705 8208
2756 4140
2756 15985
2756 17223
2786 5468
2868 16302
2919 8580
3107 5119
3123 6189
3123 6692
3123 7000
3123 14417
3123 16322
3123 17210
3239 5616
3313 3707
3313 5089
3313 10925
3313 17199
3484 16564
3545 11001
3578 10925
3616 5501
3627 13017
3636 5616
3636 15842
3707 10925
3707 17222
3816 12126
4011 5065
4048 17220
4059 4702
4092 5621
4092 17205
4092 17215
4092 17226
4117 12126
4117 15151
4117 16695
4140 5720
4140 15985
4187 10243
4187 15151
4283 17180
4467 14621
4523 15113
4615 5468
4615 15022
4731 17191
4746 5159
4771 17214
4839 16033
4924 7364
4924 17092
4964 17095
5119 15151
5141 7714
5270 5468
5270 15400
5270 17198
5272 15538
5272 17188
5366 17199
5468 17198
5469 11155
5550 12341
5616 11751
5616 13735
5720 10730
5720 12523
5720 16129
5831 11696
5938 15151
5938 17203
6360 15875
6373 17197
6429 17200
6448 12685
6498 8363
6596 12523
6596 16243
6596 17185
6619 15151
6623 16660
6640 17126
6810 9143
6867 17206
6942 7760
7000 15113
7000 17207
7071 7290
7071 9896
7071 10730
7071 14976
7071 16984
7097 10054
7194 9152
7213 13280
7290 17200
7290 17208
7364 10520
7822 17199
7944 9143
7991 11925
8119 17167
8124 15151
8197 9143
8197 16580
8197 17167
8298 15875
8363 17171
8472 17201
8515 12523
8596 13735
8596 15729
8613 12126
8688 9888
8868 16564
9143 12059
9444 17066
9518 17219
9722 17221
9888 17161
9905 14596
9905 15474
10018 17215
10293 12523
10293 17193
10592 14596
10730 12523
10730 17154
11103 15151
11464 17171
11545 11828
11565 16807
11751 15151
11828 17216
11925 17195
12126 15151
12126 17199
12253 15022
12341 14976
12341 17163
12523 16592
12643 15022
12760 15079
13735 15729
14042 16807
14418 17218
14418 17226
14473 17163
14771 17160
14948 15538
14948 17220
15022 15151
15113 15875
15113 17066
15151 15887
15151 16843
15151 17210
15293 17228
15505 17204
15538 16984
15593 17216
15839 17092
15875 16033
15875 17095
15875 17217
15875 17225
15885 17095
16042 16243
16057 17066
16057 17188
16060 16242
16564 17227
16695 17206
16984 17190
16984 17213
17059 17180
17183 17212
17185 17196
