0 1636
0 2026
2 4
2 25
2 137
2 304
2 449
2 1882
2 1958
2 2031
2 2041
4 259
4 461
4 539
4 570
4 1149
4 1636
4 1787
4 1831
4 2013
7 26
7 75
7 80
7 109
7 249
7 1024
14 247
14 1732
19 434
19 1818
25 1058
25 2025
26 75
26 836
26 1179
26 1265
26 1786
29 1732
29 1786
29 1797
29 1894
29 2026
30 1017
42 1786
42 2041
43 76
43 1143
45 1551
46 124
46 493
46 1214
46 1551
46 1882
47 539
48 510
48 696
48 729
59 196
59 824
59 1265
59 2009
68 1992
68 2026
69 153
69 461
69 1723
73 897
73 910
73 1205
73 1742
75 539
75 1268
76 109
76 153
76 712
76 1024
76 1057
76 1333
76 1636
76 1674
76 1730
76 1786
76 1992
76 2030
76 2031
77 1882
79 1268
79 1787
79 2009
80 109
80 1051
80 1738
80 2044
83 238
83 247
83 302
83 621
83 1814
84 868
90 156
90 275
90 729
90 1732
90 2031
94 2009
95 1179
95 1965
95 2033
103 1737
109 613
109 729
109 1024
109 1361
109 1622
109 2009
121 1787
123 302
123 370
123 461
123 729
123 836
124 137
124 315
124 570
124 1268
124 1521
124 1724
124 1882
129 810
133 1198
135 539
135 691
135 852
135 1214
135 1268
135 1691
137 154
137 226
137 275
148 1517
148 2032
153 280
153 370
153 461
153 539
153 729
153 852
153 1106
153 1255
153 1551
153 1691
153 1723
153 1738
153 1774
153 2009
153 2040
153 2048
153 2049
158 280
158 289
158 801
158 1361
158 1984
158 1992
158 2018
162 461
170 1958
174 259
174 570
174 1413
174 1882
174 2009
175 836
184 1812
184 2009
190 1017
190 1732
191 610
191 1265
196 258
196 570
196 836
196 1017
196 1265
196 1732
196 2009
197 2009
198 1674
206 510
206 836
218 259
225 2009
226 539
226 2035
233 302
235 539
235 1753
236 280
236 2009
238 302
238 1268
240 410
240 570
247 570
247 621
258 1017
258 1128
258 1265
258 1543
259 600
259 1361
259 2009
259 2047
280 302
280 1002
280 1106
280 1361
280 1691
280 1786
280 1992
280 2009
280 2018
280 2047
281 1960
282 1917
289 373
289 610
289 613
289 1965
289 1992
289 2018
302 370
302 493
302 875
302 903
302 1413
302 1921
302 2009
303 1540
315 318
315 1265
315 1818
318 1265
334 1787
334 2040
339 1268
349 2046
367 1024
370 1017
370 1198
370 2009
373 610
388 903
390 570
390 2035
397 2009
410 801
410 1002
410 1510
410 1908
410 1911
410 1992
410 2038
414 1179
414 2036
434 570
434 839
434 1844
434 2040
436 1958
442 510
442 852
446 2008
449 1503
461 539
461 570
461 836
461 891
461 1002
461 1242
461 1361
461 1390
461 1413
461 1674
461 1786
461 1787
461 1882
461 1992
461 2009
461 2019
461 2040
482 729
493 1214
493 1980
506 1256
506 1361
506 1787
510 729
519 1987
539 613
539 852
539 873
539 950
539 1002
539 1031
539 1058
539 1214
539 1268
539 1404
539 1563
539 1674
539 1985
539 2009
539 2019
539 2026
539 2047
544 570
565 1051
565 1992
568 2014
570 621
570 897
570 950
570 1017
570 1058
570 1244
570 1265
570 1268
570 1404
570 1503
570 1732
570 1818
570 1882
570 2009
570 2040
570 2043
608 2009
610 1265
610 1980
613 852
613 1819
613 1992
618 1958
621 1551
621 2009
659 2009
660 1106
691 852
703 1024
708 729
716 1958
729 1002
729 1198
729 1242
729 1361
729 1727
729 1844
729 2028
729 2033
771 2023
773 881
773 1551
779 2039
801 2018
801 2045
809 1992
824 1753
836 883
836 1017
836 1128
836 1265
836 1753
836 2030
839 1551
839 1812
852 1214
852 1255
852 1691
852 2048
868 1958
873 1985
875 1404
881 2009
883 1002
883 1036
883 1265
910 2035
950 1674
950 1992
955 1017
1002 1369
1002 1374
1002 2019
1005 1761
1013 1561
1017 1543
1017 1753
1031 1268
1036 1265
1051 1636
1057 1992
1057 2018
1058 2040
1106 1198
1106 1265
1106 1361
1106 2038
1128 2017
1140 1214
1140 1882
1140 1984
1140 2020
1179 1786
1198 1361
1198 1563
1205 1922
1214 2031
1214 2032
1231 1786
1242 1379
1255 1478
1255 1685
1256 1774
1256 1787
1256 2047
1265 1724
1265 2009
1265 2030
1268 1510
1268 2051
1332 1992
1332 2034
1333 1786
1335 1727
1338 1551
1338 1971
1359 1923
1361 1992
1361 2009
1374 2018
1384 1732
1404 1413
1413 1422
1413 1517
1540 1674
1563 1636
1600 1737
1636 2019
1642 1732
1646 1882
1691 2009
1691 2017
1691 2018
1724 1980
1737 1958
1738 2029
1774 1985
1774 2048
1786 1958
1786 2040
1812 2009
1831 1896
1882 1992
1958 1966
1980 2047
1985 2048
1992 2018
1992 2037
1992 2042
2004 2041
2012 2016
2019 2050
2022 2027
2023 2039
2048 2049
