28 897
42 6844
43 76
43 14469
43 15124
43 15388
43 16026
59 7738
73 138
73 1644
76 762
76 1857
76 1917
76 8068
76 15388
76 16099
97 897
103 5550
103 14046
122 4048
124 17401
138 647
138 5248
138 9565
138 15875
138 17409
138 17416
153 1636
153 7991
153 14457
153 16665
204 12556
236 2100
330 1268
330 4731
370 4746
412 4488
412 9245
528 5065
536 15453
536 16753
577 10866
610 2762
610 13280
618 4536
618 10596
641 5065
641 17358
671 1812
671 2762
671 5065
671 9168
678 1857
762 15124
762 17412
803 15538
837 17158
839 10846
852 3313
852 3707
852 10925
879 15875
881 4488
881 11504
895 15100
897 1857
897 2650
897 5550
963 13735
968 17240
1041 10040
1057 4048
1057 17403
1106 4048
1115 1931
1144 16099
1148 5065
1179 17406
1321 8370
1359 2762
1361 17398
1392 3707
1563 16293
1570 17411
1606 2753
1636 4488
1636 8305
1636 11504
1644 15474
1657 14469
1661 2102
1786 11376
1788 12556
1793 2490
1794 11376
1854 2027
1857 3030
1875 2313
1875 5616
1917 6708
1917 11269
1917 16026
1931 16212
2027 6629
2045 11853
2057 10592
2100 2650
2223 17400
2223 17410
2313 3811
2333 4048
2406 15127
2472 7136
2527 5021
2529 17404
2582 11504
2650 8015
2650 8068
2650 14046
2676 6650
2687 6071
2762 8305
2762 14906
2762 15505
2762 17158
2762 17408
2786 3166
2786 5468
2786 16513
2868 4092
2868 12523
2868 15453
3226 17408
3313 3707
3313 17404
3380 4731
3380 14030
3405 6629
3405 15875
3627 4839
3707 4117
3787 8912
4011 6071
4031 13095
4092 5065
4092 14906
4092 16099
4092 16596
4216 5455
4216 15505
4390 8831
4419 17397
4488 7147
4488 14906
4488 15453
4536 8912
4536 11376
4562 5305
4746 9565
4839 11344
4839 14481
4866 5021
4924 17388
4964 16513
5065 7000
5065 11127
5065 11340
5065 11853
5065 14469
5065 16989
5141 6569
5270 6431
5616 17358
5720 17413
5857 17413
5996 17402
6108 15875
6373 6942
6373 17353
6429 7290
6431 14906
6431 16099
6448 14469
6448 16701
6506 12358
6569 16610
6629 6785
6629 15875
6650 15538
6779 17408
6852 17405
7000 16041
7290 7391
7290 16753
7340 16596
7991 17163
7991 17414
8068 16729
8298 13829
8912 11853
8912 12358
9285 16293
9352 9789
9425 17414
9444 17405
9565 12366
9775 17413
9896 15124
10293 16026
10347 10592
10461 15798
10939 17413
11127 14906
11269 15887
11269 16026
11269 16564
11340 16099
11340 16261
11340 17329
11340 17398
11504 15453
11504 15921
11565 17351
12366 13735
12381 15538
12556 17407
13088 15839
13095 16610
13241 14046
14017 17072
14906 17412
14948 17415
15039 16184
15114 17158
15127 16513
15761 17158
15832 15875
15875 16026
15875 16044
15875 16580
15875 17399
15887 17407
16026 16564
16026 17193
16293 16610
16302 17415
16564 17383
16592 17404
16677 16905
16905 17329
16984 17351
16989 17396
17163 17414
