7 13533
7 14677
26 76
26 8613
26 17466
42 2321
42 5415
42 6429
43 5616
43 13981
43 16510
46 17193
48 73
76 7290
76 17489
83 1177
83 6945
95 1321
95 9749
109 2745
110 6779
110 11718
110 15875
110 17193
110 17493
138 1990
146 2739
153 2455
158 17433
190 13382
199 14642
204 258
204 8513
204 17432
246 682
258 8513
267 1990
315 15113
374 17505
383 17496
412 2095
432 7669
444 11340
446 17433
446 17460
461 1177
461 1413
572 686
577 1751
577 17486
618 15687
618 17486
621 11335
634 5099
634 15887
634 16984
678 1857
729 1990
762 8175
762 17488
773 12287
789 7903
794 2256
837 15518
837 15817
837 17485
852 1177
852 1717
852 2705
852 11158
852 15388
852 16096
852 16615
879 8119
881 2527
904 17504
970 12287
1141 9326
1177 2095
1206 8979
1232 5476
1255 1392
1255 1732
1321 13347
1361 1426
1361 8281
1361 12126
1361 17487
1393 1990
1413 5935
1413 8197
1426 3882
1426 5265
1604 3152
1605 17492
1636 2095
1636 2582
1636 12233
1636 13735
1636 17460
1709 17397
1717 2705
1742 2357
1763 2364
1763 3293
1794 16282
1794 16510
1804 4591
1825 12556
1861 5560
1861 16660
1877 17397
1917 6628
1917 10818
1917 16732
1917 17466
1922 15505
1972 4117
1972 9168
1972 16984
1985 11340
1990 3963
1990 6429
1990 7290
1990 14906
2027 17240
2048 8119
2051 15875
2095 6435
2095 9536
2095 15505
2102 10818
2114 17466
2158 6189
2243 17410
2256 11340
2357 16510
2364 3588
2437 13981
2437 15887
2521 17508
2529 3313
2529 6947
2529 15388
2668 7669
2692 17505
2705 16615
2741 15839
2756 16592
2756 17480
2762 11103
2762 17481
2822 16984
2831 15127
2930 14677
3024 6945
3152 11340
3293 6373
3313 16615
3313 17480
3329 15113
3377 17240
3380 4187
3380 4783
3380 8596
3380 17507
3458 9326
3501 12844
3501 17477
3692 15618
3693 14677
3727 10592
3760 4771
3900 17240
3953 11103
4011 16510
4092 4536
4092 16943
4092 17220
4092 17469
4092 17488
4117 15817
4117 17480
4157 15887
4187 17485
4390 4731
4390 17433
4419 10558
4419 15783
4419 17240
4419 17430
4507 17496
4536 16282
4591 15127
4763 17506
4771 5415
4771 6429
4783 6945
4783 8969
4783 8979
4839 12844
4839 17477
5029 17397
5049 15887
5049 17495
5089 5720
5089 6800
5099 15887
5107 17497
5119 6362
5119 8824
5119 17483
5270 8175
5272 11103
5362 8433
5362 16510
5415 6429
5415 8494
5415 9323
5440 15817
5468 8175
5566 17433
5616 6362
5616 10592
5616 13735
5616 17490
5724 15113
5935 11340
5935 16984
6362 10592
6429 11037
6429 17494
6435 7290
6448 17112
6779 8197
6779 16013
6779 17487
6852 11340
6945 8197
6945 9152
6945 9285
6945 10366
6945 16984
6947 16096
7000 11335
7290 14906
7290 16306
7391 17486
7669 10347
7738 17489
7749 8119
7855 17193
7855 17240
7855 17495
8012 17240
8175 8363
8197 8613
8197 13489
8197 14906
8197 15783
8197 15817
8197 16306
8281 16943
8466 17484
8494 17480
8608 16282
8969 9613
8969 16984
8979 15293
9285 17353
9427 10592
9431 15311
9896 15817
9985 11158
10277 17429
10347 16753
10366 11340
10366 13061
10366 15114
10366 15887
10472 17353
10558 15804
10592 13735
10592 13807
10592 13990
10818 17240
10846 13735
11107 17329
11340 11531
11340 13061
11340 15114
11340 15875
11378 17324
11565 16745
12125 17472
12125 17503
12145 15761
12145 16907
13061 15114
13489 16564
13981 15887
13990 15839
14359 17462
14461 17418
14906 15817
14906 17481
15114 15887
15114 17498
15127 17240
15412 16971
15448 15839
15448 17322
15505 16510
15761 17487
15839 17498
15875 16013
15875 16984
15875 17193
15875 17240
15875 17353
15875 17397
15875 17491
15887 16984
15887 17498
16013 16984
16217 17482
16233 17469
16306 16564
16564 17397
16836 17163
16905 17489
16981 17466
16984 17240
16984 17485
16984 17491
17163 17477
17433 17467
17462 17479
17498 17502
17499 17500
17499 17501
