28 5468
42 76
42 1106
42 12396
42 17611
70 2958
76 138
76 2158
76 4187
76 7290
76 10040
76 12396
76 16843
76 17611
76 17620
95 383
95 2762
97 5468
110 762
110 3377
110 5204
110 6108
110 15127
110 17618
110 17623
138 5468
153 2756
153 11912
153 12366
153 13380
153 15113
153 17585
153 17611
158 5468
158 7073
158 12075
158 12366
158 15683
158 16057
158 17604
158 17610
190 17593
284 7230
284 16984
298 17554
315 15027
351 1973
351 9446
374 16057
404 10203
412 3015
412 17617
434 12366
434 15453
536 11568
536 17588
568 5272
568 12125
568 17591
573 9896
577 1773
577 6429
577 15557
577 17592
618 881
618 10520
618 13361
621 1773
621 2821
621 14380
621 15113
641 10040
712 2762
712 2821
712 16184
729 17622
736 16549
762 17592
803 4839
803 11778
837 16057
837 17192
839 10558
839 17597
852 3313
852 5720
852 6947
852 11912
852 15388
852 17611
881 17599
904 13361
904 17603
1012 12366
1012 15698
1106 7290
1106 11103
1106 16099
1115 17604
1177 5270
1177 16907
1264 17607
1312 3592
1312 15819
1312 17602
1361 4839
1361 17588
1365 17611
1370 12125
1392 6448
1392 17590
1393 6189
1393 8494
1561 17630
1562 17525
1608 4231
1636 12358
1636 16984
1636 17107
1636 17232
1636 17617
1717 8409
1792 3975
1792 16564
1831 10040
1831 12021
1877 6199
1877 8272
1917 2102
1917 11642
1917 17593
1971 2324
1972 12366
1972 17603
1972 17604
1972 17614
2027 5468
2027 17596
2028 15388
2051 7855
2086 4248
2086 9469
2095 13061
2095 15658
2095 17476
2095 17606
2095 17608
2102 7802
2192 7802
2223 11912
2223 13683
2254 13061
2254 17626
2256 15027
2256 17603
2277 4615
2295 3953
2324 2489
2324 5125
2324 7000
2324 17607
2333 17623
2437 16984
2581 8604
2599 16549
2627 4248
2627 6429
2705 17576
2756 17610
2756 17611
2756 17628
2762 4839
2762 8293
2762 11184
2762 12844
2767 11863
2767 12114
2767 15698
2767 17613
2821 7391
2823 10040
2831 8197
3155 10203
3313 15388
3313 17611
3322 17590
3326 5125
3380 15114
3405 6108
3592 6945
3707 10068
3707 17593
3707 17611
3791 16984
3882 8601
3882 14042
3984 17452
4031 15087
4031 15113
4048 8067
4048 17616
4090 17589
4117 5362
4117 6189
4117 12114
4171 14213
4187 17192
4187 17589
4382 9168
4390 17593
4523 17592
4536 10604
4536 13514
4577 13280
4591 15127
4731 8433
4783 12366
4783 16481
4839 9804
4839 15324
4839 16228
4860 7737
4924 13864
5012 7335
5012 8121
5107 8604
5107 16869
5119 16869
5125 5366
5162 10040
5162 12065
5215 6429
5272 17588
5272 17589
5362 12114
5468 7000
5468 12643
5616 6779
5616 9245
5616 13514
5616 14906
5692 17627
5720 15324
5720 15388
5720 16984
5720 17611
5859 15618
5938 7000
6108 16984
6189 7516
6189 12358
6373 17592
6429 10604
6429 15557
6596 13514
6618 17603
6779 8124
6779 16843
6779 17583
6784 17618
6885 15618
6917 17605
6947 17611
6988 11568
7290 8494
7290 10604
7290 15557
7335 8121
7335 15196
7391 16184
7391 17592
7471 11184
7737 17612
8067 17616
8093 15886
8093 16134
8124 17583
8175 17587
8225 17577
8272 16984
8433 15505
8453 16134
8604 12021
9323 15618
9425 12396
9425 17007
9425 17163
9425 17590
9444 17625
9472 17615
9789 17580
9804 11568
10040 16228
10040 17358
10040 17617
10068 11912
10347 17163
10347 17380
10347 17604
10558 17597
10589 12523
10604 15887
10846 12807
10918 17512
11269 15211
11449 13061
11565 17613
11568 17583
11642 16099
11750 16984
11751 17583
11943 17598
12022 16057
12125 13361
12366 15453
12366 16907
12366 17614
12396 12525
12510 17594
12643 17420
12885 17107
14017 16057
14017 17611
14906 17588
14906 17595
14948 17624
14976 17619
15113 15875
15127 15453
15211 15875
15347 17588
15453 16907
15474 17602
15474 17624
15505 17578
15557 16549
15683 17604
15761 17525
15761 17589
15875 17420
15875 17598
16057 16869
16298 17601
16481 17609
16984 17629
17163 17590
17163 17598
17232 17600
17578 17621
17611 17628
