2 103
2 14677
7 76
7 618
7 859
7 2111
7 3030
7 6429
7 6596
7 8197
7 9896
29 16099
42 1106
42 2158
42 15113
42 17632
43 76
43 5049
43 5822
43 7976
43 9421
43 15453
43 16099
43 17420
43 17622
43 17655
76 1539
76 2118
76 2762
76 3624
76 4771
76 4839
76 5270
76 6917
76 9421
76 10203
76 11228
95 2762
108 11228
110 1709
110 12643
110 17623
138 5468
153 10645
153 11912
153 16298
157 2762
157 6945
158 10645
158 14957
158 17639
284 712
284 5065
284 9323
330 1413
383 15114
403 8197
412 4839
412 10040
412 17637
434 12366
446 17293
549 5049
573 1106
577 1773
618 17631
712 3575
712 5065
729 17640
774 17632
803 3882
803 11778
839 17397
852 3313
859 5049
881 1106
968 5049
1036 16218
1068 4536
1106 3953
1106 7399
1115 15750
1177 16907
1200 1990
1200 11587
1244 2122
1255 9235
1256 5270
1256 16907
1319 16984
1361 4216
1361 4771
1361 16228
1369 10558
1370 5938
1374 10366
1374 16984
1392 11228
1436 2670
1481 16491
1636 2739
1636 5938
1636 16445
1709 5029
1709 9683
1709 15885
1877 12245
1917 7802
1972 11228
2027 9683
2070 11718
2095 17649
2100 16972
2223 2762
2223 3882
2223 4126
2256 4248
2256 10831
2256 17636
2313 3275
2319 3690
2319 6618
2333 17623
2437 5366
2437 10558
2529 3313
2627 15505
2627 16907
2640 2756
2670 5720
2670 9985
2670 16907
2739 6779
2762 6945
2762 8067
2762 9168
2762 14906
2762 15505
2762 17636
2767 17637
2831 15113
2958 14046
3093 8124
3107 7000
3501 15324
3545 16989
3624 5270
3707 17643
3882 4839
3882 16055
3882 17433
3882 17633
3882 17650
4092 10273
4126 5119
4135 17631
4171 6596
4536 12523
4536 14906
4589 16984
4707 11340
4707 17646
4765 5021
4771 4839
4771 13838
4771 16907
4783 16907
5021 17632
5029 17397
5049 8197
5065 17632
5065 17642
5119 7274
5204 17011
5362 15240
5366 6618
5366 10558
5468 17652
5491 17641
5616 5720
5692 17627
5721 15453
6248 8197
6373 16327
6373 17654
6429 7000
6429 17656
6448 11340
6448 12090
6498 17625
6596 17651
6779 10203
6779 10472
6867 15113
6945 14906
7000 17656
7109 17454
7119 17107
7335 8121
7399 15875
7399 15887
7976 12358
8067 17636
8197 12245
8197 17647
8363 10558
8494 15315
8494 17644
8712 16836
8712 17647
9168 17636
9427 15683
9683 16984
9768 17645
9789 17639
9896 10558
9896 14906
9985 17433
10040 17617
10273 16233
10293 16027
10293 17638
10409 17647
10558 12643
10558 15875
10604 15113
11269 15113
11340 14042
11340 16445
11340 16836
11340 16989
11344 12022
11605 11863
12245 15875
12643 17420
12844 17632
12985 17590
13279 15252
14976 17619
15113 17433
15114 17636
15174 17648
15504 15505
15593 17649
15618 16601
15750 16984
15840 17653
15875 17397
16044 17465
16564 17655
16984 17397
16984 17632
16984 17637
16984 17639
17007 17433
17163 17639
17420 17568
17433 17639
17433 17644
17530 17622
17634 17635
