0 138
20 17689
42 1106
42 1877
42 2493
42 16564
43 16099
43 17397
73 16099
95 2762
110 1264
110 7699
110 15453
110 17397
122 14077
138 3004
138 3992
156 17725
158 14326
158 17600
158 17714
196 671
196 1640
196 6373
236 4783
258 2529
284 4860
315 9977
351 10866
390 2696
408 17515
412 839
436 16830
446 17694
510 1990
528 852
577 2762
577 12760
610 5374
641 10040
641 17059
671 1359
671 1972
671 6373
712 15672
712 17090
729 2027
729 4488
729 5144
729 8494
729 15211
729 15302
729 17558
803 10461
837 4187
839 9421
852 4680
852 17682
1012 2663
1144 2816
1144 4783
1144 17719
1223 1640
1255 1264
1255 1369
1255 5783
1255 16877
1255 16961
1256 2095
1256 2158
1256 2488
1256 3707
1256 12419
1256 14677
1256 16099
1359 2762
1361 2095
1361 2762
1361 6500
1361 13028
1361 16753
1365 17682
1365 17701
1369 2489
1369 9444
1369 16564
1369 16877
1369 16961
1392 17724
1393 8494
1539 17558
1551 4783
1636 2158
1636 5083
1636 7396
1636 15839
1640 6373
1640 6942
1640 16044
1818 12287
1896 5649
1971 3950
1990 6498
1990 10706
2019 14213
2027 5144
2027 5948
2027 6629
2027 8197
2027 10558
2095 2158
2095 6500
2095 16894
2095 17476
2095 17701
2095 17721
2118 12287
2136 17682
2158 2488
2158 3313
2158 14677
2204 17709
2223 11580
2406 6373
2437 3865
2437 8197
2437 16713
2488 5089
2488 14677
2489 16877
2493 11103
2650 16809
2756 3313
2756 11340
2762 15505
2767 17492
2816 12287
2888 3166
2888 12643
2888 15127
2888 16554
3004 4783
3151 17698
3155 3707
3322 14303
3377 10866
3381 12432
3624 5270
3624 5468
3707 4140
3707 5089
3707 8928
3707 16894
3707 16907
3707 17689
3865 15211
3865 17397
3882 10461
3882 17695
4031 9152
4106 9714
4106 17191
4135 15113
4140 5089
4171 17671
4187 11344
4187 17711
4419 15127
4589 17699
4731 15960
4771 17707
4783 15050
4839 5162
4839 17712
5012 17723
5018 17697
5018 17715
5021 17701
5065 6429
5065 11269
5065 16184
5119 17463
5119 17719
5144 8494
5270 10706
5270 12643
5272 10040
5272 17059
5305 9285
5468 6498
5471 6505
5471 11164
5649 7081
5720 14677
5720 16894
5831 17515
5831 17714
5857 10866
6373 17345
6429 11269
6429 17697
6429 17706
6429 17712
6448 15960
6448 17090
6498 10706
6779 16965
6779 17713
6945 7391
6945 15113
6945 17641
7097 11203
7340 13084
7391 15113
7391 17090
7391 17724
7480 17433
7699 17717
7855 9421
7855 17171
7961 12643
8197 9421
8484 17701
8604 17720
8712 10846
9152 15113
9326 17689
9421 16961
9421 17171
9425 13084
9444 10846
9444 13062
9444 17600
9444 17688
9510 17697
9888 14326
9896 17705
10040 12253
10040 17059
10068 17641
10068 17718
10258 17701
10558 13451
10558 15127
10558 17705
10866 17704
11269 17712
11340 17703
11568 17678
11580 17716
12126 17707
12287 17587
12643 15127
12643 16554
12643 16961
13028 17688
13316 16734
13683 17716
13990 15839
14336 15012
14906 17701
14930 17463
15075 17696
15113 16984
15113 17641
15252 17711
15302 17692
15472 17700
16033 16558
16033 17708
16554 17558
16564 16877
16564 16961
16598 17702
16836 17710
16877 16961
16877 17397
16877 17686
16877 17723
17095 17397
17433 17675
17487 17722
17692 17707
