2 17986
8 10382
14 2762
19 16318
28 240
28 14442
28 17433
42 17789
43 16318
46 2122
48 762
48 4031
48 12245
59 14418
75 12126
76 385
76 490
76 2451
76 3313
76 14751
83 1514
87 4138
87 10040
87 15079
87 17760
87 18000
95 17942
108 11241
110 17623
110 17768
110 17956
110 17975
117 17620
138 2884
138 18004
153 18001
157 613
157 1278
158 13990
190 859
190 4826
190 8197
190 8565
201 2741
201 6189
240 5270
258 17977
284 1393
305 3313
385 2845
385 5270
412 455
412 2762
412 3798
412 4917
433 9469
455 17498
490 2816
490 2919
490 3992
490 4031
506 4817
528 17486
610 17987
613 2919
613 16033
641 13280
682 13280
691 15617
729 4080
729 7399
729 12245
729 13280
762 14442
762 17650
837 1972
837 18000
852 1206
852 3707
852 3798
852 5857
852 10068
852 11587
852 16236
852 17982
879 17993
881 3798
1235 9444
1235 17420
1235 17587
1256 5857
1256 16099
1278 10766
1312 15746
1361 18001
1369 15875
1392 2741
1392 13990
1393 2256
1393 13280
1517 1971
1517 17990
1636 3798
1636 17957
1636 17984
1636 18000
1640 16318
1640 17975
1687 18008
1763 5724
1763 13017
1763 15679
1774 15698
1788 2676
1804 17635
1831 2223
1877 7399
1877 17997
1917 7399
1917 14751
1971 5366
1972 2919
1972 17903
2027 2418
2027 15675
2095 11587
2100 5270
2111 3030
2223 16033
2223 17986
2256 15114
2256 17993
2286 16785
2287 6596
2287 17433
2389 12643
2406 17975
2418 5468
2418 15127
2488 17982
2682 6629
2694 5099
2694 17997
2762 16318
2762 18000
2767 10789
2767 15114
2776 17766
2776 17768
2820 15252
2839 4031
2845 16099
2845 17587
2919 11340
2919 13017
2919 14677
2919 17432
2919 17903
2958 4031
2958 4216
2958 4536
2991 18004
3405 17990
3456 13466
3501 7396
3501 17426
3707 6548
3707 6728
3707 11587
3707 12770
3707 16099
3707 17432
3707 17548
3707 18000
3785 6596
3785 8067
3785 9789
3798 6548
3798 17548
4080 10558
4090 17974
4092 13280
4092 15746
4110 9257
4138 15505
4216 17433
4216 17789
4216 17985
4283 4589
4283 16033
4536 11808
4536 16830
4585 4600
4591 15127
4615 5270
4615 6124
4615 17587
4771 7399
4771 10304
4813 5272
4839 5125
4839 16033
4839 17903
5049 17789
5049 17991
5065 17997
5089 11587
5089 16261
5099 17997
5107 18000
5125 6189
5162 15472
5162 17999
5181 15731
5215 17992
5272 6596
5272 16927
5326 17979
5362 11146
5363 17996
5366 16785
5366 17761
5471 9323
5616 7290
5616 18006
5720 6984
5816 18003
5822 13735
5831 17784
5831 17978
5831 17998
5857 10068
5857 16099
5857 17982
5859 6435
6047 17345
6124 16099
6189 15240
6362 7855
6373 15113
6373 18005
6429 15302
6448 18001
6562 15618
6576 17976
6596 8067
6596 12928
6596 17961
6618 16984
6629 7847
6629 12643
6666 16610
6746 17358
6867 11605
6945 15113
7274 10766
7274 12784
7274 15875
7399 10918
7399 14751
7461 14751
7491 17358
7534 15553
7794 12770
7839 17955
7855 8197
7897 10409
8472 15875
8666 17989
8768 16242
9152 15679
9152 18007
9326 11340
9444 17784
9444 18004
9775 14677
9896 18003
10040 14677
10040 18000
10558 15875
10558 17768
10558 18000
10789 14930
10789 17816
10846 17975
10995 17997
11103 18003
11184 18003
11241 17980
11340 17768
11340 17814
11344 14660
11587 12876
11587 14323
11605 17975
11912 12358
12643 15875
12760 17814
13061 18003
13171 17853
13280 17903
13641 17299
13641 17482
13735 14326
14017 16148
14042 17784
14278 17433
14751 15114
14930 17866
15087 18003
15113 16564
15114 15698
15211 15875
15463 17955
15518 18002
15618 15746
15675 15875
15729 17991
15746 17299
15761 16148
15832 17975
15839 17981
15875 16785
15875 17433
15875 17768
15875 17873
15987 17856
16099 18002
16184 17486
16461 17650
16830 18003
16888 17650
16984 17768
16984 17873
16984 17977
16984 17997
16984 18001
17420 17997
17427 17650
17433 17789
17433 17803
17647 17853
17816 17968
17855 17866
17866 17867
17869 17993
17896 17998
17976 17983
17988 17989
17994 17995
