28 87
42 568
42 839
42 1106
42 1875
42 4116
42 16099
43 108
43 14930
43 16743
43 17906
43 18039
43 18054
46 3313
73 2100
73 3166
76 5454
83 18016
87 729
87 2208
87 10604
87 16001
88 17240
108 9977
108 15087
110 18046
115 18055
117 13735
138 733
138 1012
138 5468
138 6945
138 7213
138 18060
151 17906
155 190
158 17558
158 17604
184 17008
221 4216
221 5471
258 17843
354 2158
354 17240
356 881
370 3545
370 16743
383 16236
412 3204
412 3388
412 17682
436 510
436 729
490 18049
524 4615
539 5366
546 18039
568 5141
568 18039
573 921
573 10941
602 18050
611 17122
618 1825
641 774
729 16001
729 17558
733 16099
789 18040
823 17906
837 18024
852 3707
852 17853
852 18055
879 15589
921 1877
921 3528
1005 11340
1006 1709
1006 5471
1012 18060
1065 4092
1144 7749
1144 16743
1256 18066
1361 3639
1361 18037
1365 10040
1392 2307
1393 18003
1413 18061
1636 3388
1636 17250
1636 17843
1636 18034
1636 18041
1709 15453
1709 18046
1717 8409
1717 18045
1763 9469
1763 11017
1763 16743
1774 17834
1825 6429
1825 10604
1875 7000
1875 10472
1917 15130
1917 18051
1972 4187
2027 6899
2062 16665
2095 2762
2095 2767
2095 18047
2095 18062
2100 17587
2100 18016
2111 3030
2111 4031
2208 10604
2223 17543
2256 9469
2256 11340
2307 2529
2307 5270
2307 5468
2406 6629
2628 4615
2650 12556
2674 18048
2762 17842
2775 9510
2816 3405
2821 18016
2839 3030
2868 16907
2919 4187
2919 14669
2919 18049
2919 18052
3065 17241
3226 17842
3313 3707
3313 16261
3313 18045
3388 6810
3388 8667
3405 6108
3442 14900
3545 10235
3545 16743
3636 4216
3636 5362
3636 9444
3639 18055
3764 18031
4048 13479
4080 18051
4092 14906
4092 17682
4092 18047
4106 8882
4117 18031
4187 5065
4187 5265
4187 17842
4216 11529
4397 13515
4545 16261
4571 18067
4731 17834
4731 17916
4731 17969
4731 18051
4783 18048
4813 18028
4858 16261
4924 17250
4924 18053
5065 6108
5065 17842
5065 18059
5089 16261
5125 14906
5141 6666
5141 16410
5265 18029
5468 18048
5616 18054
5831 18038
6108 17008
6157 18037
6203 17834
6373 18056
6429 18068
6448 18051
6484 18038
6629 6708
6629 13447
6629 18040
6666 16610
6708 15875
6708 16564
6708 16984
6779 18061
6810 16099
6867 16743
7000 16001
7000 16743
7213 17766
7290 18068
7391 10846
7647 17322
8298 17842
8409 18045
8494 18048
9152 15696
9152 18007
9323 18059
9469 15113
9565 16743
10040 17059
10235 16743
11020 16099
11340 15113
11352 17558
11383 15589
11565 17784
11779 17834
12718 16261
13088 18057
13515 17379
13735 14326
14303 17601
14417 17923
14930 16790
14930 18069
15113 15127
15113 17603
15255 18045
15474 17543
15505 18054
15675 15875
15698 16907
15798 18043
15875 18063
15875 18068
16100 17558
16242 17842
16322 17558
16391 17299
16554 18048
16564 18048
16665 18062
16790 18038
17008 17876
17008 18064
17059 18037
17059 18041
17414 17842
17462 17983
17621 18057
17700 18038
17751 17842
17834 18065
17853 18032
17916 18038
17988 18058
18038 18042
18038 18044
