12 2027
12 3405
12 14709
26 18108
26 18115
28 7534
29 6160
42 2762
43 2313
43 8466
43 15883
43 18122
46 2650
73 2100
73 4615
76 2650
76 3687
76 6160
76 18120
83 6945
83 18120
87 6189
87 7480
87 18128
93 18113
97 108
109 1011
110 17960
201 15746
258 2095
258 5173
267 14657
304 7708
304 9168
304 17682
348 6629
370 7274
412 4981
412 17682
453 17382
528 16984
528 18117
577 5644
613 2762
621 11580
682 17955
729 2767
729 7534
729 9568
729 17558
729 18111
729 18132
752 9568
762 18117
839 15875
852 3707
852 13157
852 18130
855 6629
995 18081
1002 5125
1002 18112
1011 6982
1041 15087
1041 18003
1115 6917
1115 15683
1122 9985
1144 18038
1235 5270
1242 16049
1256 1593
1256 13157
1319 1917
1319 18119
1361 2762
1365 17682
1517 17468
1540 16049
1593 13157
1636 6629
1636 14900
1636 18112
1657 1854
1657 5386
1709 2027
1714 18038
1774 15557
1794 15557
1877 9896
1917 6708
1917 7071
1917 15875
1917 17173
1917 18119
2051 8197
2095 5173
2095 6362
2095 13061
2095 14976
2095 16033
2100 4731
2118 18136
2156 2762
2165 11566
2223 2762
2223 16725
2223 17682
2223 18134
2256 17955
2313 18122
2319 6629
2324 7071
2333 4783
2333 4981
2489 18127
2493 18078
2650 2767
2762 5644
2762 6203
2762 15505
2762 16665
2919 14767
2957 6189
2957 15505
3388 5125
3456 5100
3636 17829
3636 18061
3636 18072
3727 15557
3882 16033
3882 18125
4011 4731
4011 4822
4090 18089
4113 18121
4117 4981
4117 14906
4150 11580
4187 16242
4187 18089
4187 18129
4226 8494
4536 8067
4536 15557
4731 4822
4731 5501
4731 6448
4783 4981
4839 17477
4981 11943
4981 13735
5018 18133
5065 17960
5065 18131
5128 13061
5272 11017
5366 17468
5366 17591
5439 6629
5550 17960
5551 14900
5551 18038
5616 17468
5644 9469
5722 17816
5825 7391
5935 6779
5935 18112
6108 6629
6189 9323
6224 6629
6448 15505
6448 15769
6448 17069
6596 18123
6629 7944
6629 10268
6708 10268
6708 15875
6779 10268
6779 18112
6810 17682
6867 18128
6917 17803
6926 13061
6926 13280
6942 16743
6942 17423
6945 18120
7000 18127
7290 15557
7290 16242
7340 17322
7372 11933
7391 7944
7534 13061
7714 18120
7760 11933
8124 17468
8197 12545
8197 15240
8197 17468
8293 18134
9168 13158
9299 17955
9323 15893
10040 18116
10347 14670
10477 16242
10520 12552
10789 15113
10789 15720
10789 17477
11017 14784
11340 18114
11475 11566
11565 18116
11933 13515
13017 17477
13061 14906
13061 17433
13061 17829
13061 18137
13134 14670
13157 17433
13735 14670
13981 17173
14303 17601
14418 15636
14976 16033
14976 16558
14976 16743
14976 18121
15110 15616
15472 18038
15729 18126
15852 18138
15875 17468
16242 18089
16554 18120
16610 18136
16877 17856
17069 17761
17377 18091
17377 18132
17468 17591
17477 17955
17816 18122
17837 18118
17981 18135
18038 18126
18121 18124
