29 6247
29 14976
42 18347
43 1255
43 6028
43 11587
43 18349
73 434
73 2208
83 84
83 10168
83 18348
83 18349
84 162
84 3484
84 4113
84 6429
84 7391
115 18236
123 6817
138 12770
138 18336
138 18340
153 6817
158 8119
158 13990
158 18284
158 18349
162 736
162 1517
162 17171
172 1664
172 12643
196 434
196 18330
204 16624
258 1198
258 5065
280 2816
280 4585
315 18343
383 1361
383 5672
618 1206
621 3764
712 5065
729 8712
736 3030
736 6429
762 2223
852 2057
852 2488
852 6817
852 17008
904 1636
904 5362
907 8712
907 18336
1060 13033
1070 5949
1106 4370
1106 18348
1115 15750
1144 12319
1144 15195
1185 1256
1185 2057
1185 3313
1198 2762
1206 18336
1255 2669
1255 18336
1256 2057
1256 3313
1256 15195
1256 18336
1369 4216
1413 1787
1413 2319
1413 4080
1413 14493
1436 2057
1514 18328
1514 18331
1551 5065
1563 5825
1612 17587
1636 2589
1657 2461
1661 18123
1661 18289
1709 17095
1763 18343
1787 2319
1787 18339
1813 14948
1917 6362
1917 6429
1971 17199
2027 12643
2051 3680
2057 2529
2057 3313
2057 8409
2057 14002
2095 15709
2100 12287
2223 18341
2324 5825
2324 17969
2429 15113
2460 18336
2461 2650
2461 18056
2488 9757
2527 5065
2527 18334
2650 11568
2724 12844
2756 6947
2756 8225
2762 5083
2762 5938
2762 14906
2767 10168
2783 15714
2786 12643
2868 11164
2868 17923
2970 5173
3030 6429
3155 8225
3226 18319
3381 11344
3381 16836
3405 18347
3484 5825
3506 5949
3545 11057
3624 6498
3636 16236
3707 6817
3707 17591
3764 18336
3866 4507
3882 18332
3973 6562
3973 16349
4011 12059
4011 16624
4011 17226
4031 8068
4031 18331
4135 18331
4136 7274
4216 16624
4370 18230
4507 5125
4507 8197
4536 11203
4585 5912
4585 10789
4771 18342
4839 10596
4924 6203
4924 10273
5065 10273
5065 10323
5065 10347
5083 5125
5119 18330
5119 18332
5119 18335
5162 18344
5270 5857
5270 13240
5448 7041
5471 15698
5625 17761
5652 15698
5692 18150
5720 6431
5720 12770
5720 14906
5831 8712
5831 15195
6342 16371
6362 9896
6362 13735
6373 10040
6373 18332
6373 18338
6373 18343
6429 7399
6429 9469
6429 16876
6429 18350
6448 12319
6448 17226
6498 18340
6596 18289
6596 18341
6629 16156
6629 18298
6817 8225
6817 11587
6945 11340
6947 11587
6947 18340
7147 8423
7290 11203
7399 9425
7399 18150
7532 7616
8119 9425
8119 10690
8119 18150
8363 18336
8409 16261
8423 15453
8549 10068
8549 11587
8712 10846
8712 15195
8712 18340
9152 10168
9312 14906
9425 18150
9469 11779
9757 18345
10068 18336
10168 11340
10168 16984
10168 17955
10312 16624
10314 16094
10461 18097
11203 11568
11267 18348
11340 17973
11340 18319
11340 18348
11568 14906
11568 17591
12059 17955
12252 15709
12885 18333
14832 15921
14906 18290
15113 18336
15505 16624
16236 17008
17199 17761
17294 17870
17420 18342
17761 17969
17869 17870
18124 18348
18197 18198
18336 18337
18345 18346
