28 10293
42 4585
42 5501
42 18809
42 18812
43 434
43 7097
43 18823
73 76
73 18825
75 7104
76 1122
76 4465
76 5345
76 12309
96 6160
103 10096
110 11394
113 18824
122 10258
138 7961
140 12760
157 18786
158 18787
236 1413
258 9565
285 1917
285 8494
285 10293
297 8159
297 15839
297 18804
304 10690
351 434
370 729
370 8190
370 16218
370 18811
412 18826
434 11269
455 1122
455 4585
455 18199
455 18786
455 18802
455 18804
455 18816
455 18818
467 1122
506 1017
506 1523
528 3107
610 15415
621 18789
659 4117
682 1877
762 823
762 5615
762 7714
836 4546
837 18788
839 7851
852 18786
872 15757
881 6431
968 18805
995 15839
1002 1122
1002 18801
1122 1321
1122 3158
1122 3947
1122 18786
1144 18231
1144 18253
1144 18785
1144 18786
1321 2762
1321 18786
1392 8159
1392 18792
1393 17121
1413 18815
1422 7119
1551 4135
1612 2762
1612 14906
1636 3707
1636 8130
1636 18509
1640 2334
1763 5119
1787 11587
1794 18784
1813 18681
1877 6947
1877 18786
1917 10293
1917 13478
1917 18814
2027 7851
2142 17761
2142 18470
2192 18814
2197 18152
2286 5362
2324 18815
2326 7851
2333 18823
2428 5616
2437 7097
2534 5501
2582 6246
2674 4216
2674 18804
2676 18231
2692 18788
2767 4585
2816 16525
2970 5125
3107 7000
3107 11269
3313 18797
3381 18556
3405 16639
3415 10231
3456 9427
3592 5550
3592 6373
3636 15472
3636 18199
3639 18807
3707 15113
3707 18817
3707 18818
3975 6629
3984 18785
4031 18818
4135 18231
4135 18789
4187 4507
4187 17027
4187 18788
4216 17969
4339 6373
4366 17814
4382 10040
4465 5468
4465 9573
4465 17420
4536 15557
4536 18796
4546 12760
4731 5616
4771 17840
4839 8110
4839 18811
4860 8190
4924 15839
4924 17027
4924 18793
5009 6596
5065 6746
5104 5119
5104 18681
5119 12624
5119 18786
5119 18819
5125 11184
5230 18736
5270 7097
5270 18825
5272 6596
5272 18736
5272 18798
5272 18810
5272 18822
5362 14893
5362 18815
5366 18801
5448 6548
5468 18823
5471 18792
5501 11103
5550 6373
5574 8119
5615 11103
5616 7000
5816 10293
5816 12309
6203 18785
6203 18813
6373 8190
6373 15127
6373 16327
6373 18785
6431 10068
6435 10789
6596 12358
6596 18796
6629 15720
6629 17269
6728 10293
6746 6797
6746 18791
6917 18779
6947 16261
7000 12309
7110 17814
7119 18112
7195 16986
7364 10347
7391 18820
7399 8119
7399 10592
7399 17381
7399 18081
7399 18792
7851 13253
8055 12309
8130 16023
8159 18808
8409 18797
8484 18509
8608 15557
9323 10592
9425 17290
9865 18547
10273 18786
10293 12309
10293 18814
10347 18786
10592 18792
10690 18674
11013 18466
11013 18575
11103 18809
11184 18509
11376 18803
11546 18187
11546 18790
11568 18472
11943 16658
12253 13298
12253 18822
12358 14270
12358 18509
12760 18821
12844 17487
12885 18687
13057 17761
13298 15299
13298 18822
13478 18764
13641 18800
13952 17814
14303 15839
14303 18788
14303 18804
14418 18509
14513 18787
14906 18818
14948 18788
15108 18798
15472 18199
15472 18810
15505 16658
15753 18466
15839 18794
16861 18827
17427 18825
17761 18815
17814 18799
17955 18081
17955 18199
17955 18788
17955 18817
17955 18819
18466 18806
18681 18828
18792 18795
18821 18827
