3 16665
7 18895
28 117
28 15151
42 5917
42 11340
73 11498
76 568
95 18855
110 2309
110 12620
117 1002
117 4507
134 412
134 1636
138 158
138 1200
138 5308
138 10061
138 15050
138 18674
138 18878
138 18905
153 412
158 1198
158 8484
158 11498
187 15709
196 1144
258 1122
286 9851
286 14657
412 1636
412 2762
412 15235
412 15505
444 18874
556 826
577 1804
634 3072
634 10061
647 5917
686 18674
803 4028
810 12760
834 18901
852 2762
852 3313
852 5089
852 5720
852 10347
852 15151
852 17444
852 18396
879 1972
897 1561
1006 18516
1106 4280
1106 18900
1122 2692
1122 18889
1144 18056
1144 18892
1170 15382
1198 17955
1206 3856
1206 13157
1206 15151
1255 4783
1255 6362
1333 18905
1359 18879
1381 18885
1413 1687
1514 18897
1561 18715
1636 2762
1636 11184
1636 18674
1636 18889
1831 18610
1831 18736
1894 18627
1966 7391
1972 8119
2062 5270
2107 15802
2111 6362
2118 18627
2223 5308
2223 10461
2256 10766
2280 6373
2280 15113
2309 4419
2309 18723
2529 2762
2529 10347
2650 9469
2650 17638
2669 18723
2669 18899
2692 5308
2704 15720
2718 18893
2739 10061
2756 17444
2762 3313
2762 4771
2762 5938
2762 11340
2762 14002
2762 14621
2762 14906
2762 17955
2767 18902
2786 18875
2868 5127
3313 17444
3381 18556
3456 15113
3545 17569
3636 18861
3673 16639
3707 4832
3707 5720
3707 6435
3707 13157
3707 17444
3745 18745
4088 15474
4092 14223
4117 18674
4135 7391
4216 18516
4280 5021
4280 18900
4382 6332
4507 18882
4523 7157
4585 5119
4585 10061
4615 17804
4731 15079
4746 18864
4783 17638
4783 18357
4832 6435
4839 18898
5119 5720
5119 10061
5119 18674
5119 18884
5127 5471
5270 11498
5272 18713
5362 15553
5362 18674
5362 18771
5366 18674
5468 11498
5720 6435
5720 11340
5720 13280
5720 18889
5720 18902
6373 18056
6373 18865
6596 14906
6629 18896
6746 11340
6779 18760
6947 10061
6953 18908
6984 18080
7000 18516
7190 18869
7225 18903
7290 11340
7290 15041
7391 18056
7391 18887
7991 18056
8272 18873
8298 18855
9444 18056
9629 18881
9851 10347
9896 18881
9896 18886
10061 18891
10198 10766
10293 18905
10295 15720
10312 17761
10347 17444
10347 18878
10789 18892
11203 18674
11269 18906
11340 13280
11340 18794
11565 11943
11565 18736
12358 18674
12775 18218
14223 14906
14303 18082
14906 18674
14906 18889
14948 15618
15041 15875
15448 17955
15505 18674
15505 18898
15553 17761
15593 18736
15631 18855
15636 18907
15709 18894
16083 18890
16242 18713
16530 18889
16610 17638
16610 18154
16610 18627
17761 18906
17878 17955
17955 18819
17955 18827
17955 18878
17955 18879
17955 18887
18429 18839
18439 18466
18466 18681
18466 18909
18501 18889
18516 18723
18638 18827
18674 18681
18681 18723
18855 18883
18870 18880
18870 18888
18879 18887
18881 18886
18891 18904
