7 18016
26 29
26 1255
43 2149
73 18895
76 1612
76 2767
76 4390
76 5141
76 11587
76 18912
76 18916
83 16083
84 948
96 18912
110 1877
110 9280
110 18460
117 11835
133 9285
138 2816
138 7749
138 10293
138 18887
138 18905
138 18915
158 1198
158 18925
196 9829
196 18887
258 18082
280 17558
318 18016
433 18912
447 803
447 1361
447 3727
447 4839
447 6203
447 17955
455 17708
455 18908
467 15364
531 5119
531 14948
531 18637
573 9896
573 17437
573 18466
577 18864
610 7399
678 18912
729 13967
762 18466
775 13137
852 5720
852 18889
859 9896
881 2149
881 2316
881 2868
881 18674
938 12896
948 16156
1144 18794
1170 15505
1170 18770
1193 1742
1193 18715
1198 2650
1198 3381
1198 4860
1198 11340
1198 15125
1198 17955
1200 18336
1223 7399
1255 4771
1255 4783
1255 17587
1321 2223
1361 15204
1361 18887
1365 10293
1369 2324
1369 9280
1393 11587
1413 11560
1636 2868
1643 18927
1818 7749
1854 18896
1877 9896
1877 18918
1894 6429
1894 17311
1894 18912
1917 6779
1917 13967
2051 3975
2051 9896
2051 18919
2111 2149
2158 11078
2223 5725
2223 14165
2223 17708
2223 17814
2223 18917
2256 14766
2324 9280
2324 15875
2324 18723
2324 18831
2333 5616
2333 9742
2455 3727
2489 9280
2529 2762
2704 15875
2762 18736
2767 4390
2767 14165
2767 18902
2816 5345
2959 12125
3051 15147
3456 13134
3456 15113
3727 18915
3764 14846
3900 5119
4092 6596
4092 14223
4187 18218
4187 18915
4280 18916
4390 5471
4390 13735
4507 18674
4731 15079
4771 16156
4783 7559
4783 18915
4783 18920
4783 18926
4839 18915
5089 11100
5119 7892
5119 11078
5119 18681
5119 18915
5119 18920
5125 18913
5267 13137
5270 18016
5272 15364
5366 18913
5468 18926
5471 18344
5551 18344
5616 5720
5720 6596
5720 18674
5825 17437
5825 18466
6108 10273
6203 10061
6203 18915
6332 18637
6373 18914
6373 18920
6448 18917
6548 7041
6596 14223
6779 10347
6779 16984
7391 18887
7391 18923
7391 18924
7516 18674
7669 15839
8630 10293
9212 18908
9257 18674
9742 17465
10273 11100
10569 18887
10620 18908
11184 18736
11184 18917
11568 18913
11943 18736
12358 18674
13735 18917
13788 18637
14165 17955
14223 17955
14303 18082
15108 18911
15204 18890
15505 18674
15709 18894
15875 16682
15875 18922
15885 18910
16665 18921
16830 18926
17437 18466
17761 18923
17955 18479
17955 18887
17955 18917
17955 18921
18010 18764
18010 18908
18466 18681
18466 18909
18674 18681
18681 18723
18723 18831
18764 18915
18923 18924
