2 2428
7 48
28 15113
28 19094
29 19078
30 19090
42 48
42 1198
42 4092
42 9922
42 12245
42 17011
42 19089
42 19093
43 19068
46 4741
46 19104
48 1319
73 5270
73 19023
75 4839
76 138
76 201
76 390
76 6124
76 15367
76 15709
76 17587
76 18263
76 19023
76 19091
81 2428
108 167
138 196
138 1206
138 2529
138 5471
138 19006
138 19023
138 19086
138 19098
153 852
153 2762
157 7760
158 10347
158 15113
158 17558
158 18062
158 18263
158 18307
158 19077
158 19081
158 19088
174 15240
184 3322
195 19054
196 610
196 1106
196 1359
196 2650
196 2762
196 2767
196 3322
196 4117
196 9326
196 9565
196 10273
196 11340
196 18770
201 1365
201 8197
240 2598
240 10347
240 19086
242 2428
258 6435
258 19080
284 1319
318 18992
374 4092
433 3166
442 1636
467 4117
467 12358
506 2762
512 2428
577 17741
613 1636
613 2762
613 6618
621 15127
678 19084
712 2821
712 15127
729 1319
733 2650
774 3239
803 2762
803 9472
839 9922
851 1640
852 5308
852 7760
852 13485
852 14002
852 18307
852 19087
881 5305
881 15453
917 6203
938 6991
1041 1636
1041 8484
1041 19110
1115 16212
1144 4117
1144 18056
1144 18307
1206 5270
1208 2428
1255 17587
1256 19080
1256 19087
1275 16099
1321 5308
1359 13821
1361 5331
1361 17955
1361 19059
1361 19081
1361 19105
1365 2820
1365 3313
1365 19072
1365 19086
1393 1831
1393 6228
1636 2762
1636 2820
1636 3636
1636 5362
1636 6228
1636 7028
1636 10562
1636 10589
1636 13178
1636 16813
1636 19006
1636 19081
1636 19095
1640 19108
1709 9722
1831 19110
1894 8175
1894 13477
1894 18417
2062 5270
2095 2762
2095 7760
2095 10866
2095 19081
2111 19091
2124 16596
2192 9922
2192 18723
2223 6203
2243 3239
2243 10495
2313 5362
2313 13821
2326 3322
2529 19087
2529 19102
2534 8566
2598 12760
2650 7391
2705 19087
2762 3254
2762 6618
2762 10277
2762 14906
2762 15100
2762 15729
2762 18417
2762 18770
2762 18774
2762 19096
2786 9366
2816 15594
2820 16526
2820 19086
2821 15127
2961 18354
2970 13061
3030 12245
3107 6373
3239 8071
3239 11943
3239 16770
3239 19095
3313 19087
3322 5912
3322 9469
3322 14906
3322 17955
3329 13061
3380 8433
3405 12245
3405 15185
3578 6223
3636 6228
3799 4231
3853 19100
3882 4011
3882 16184
4031 18992
4057 19079
4092 10866
4092 17955
4117 9565
4117 19019
4117 19109
4135 15127
4188 7391
4216 18263
4403 19085
4419 6629
4523 11228
4670 15875
4746 6362
4783 18992
4839 19081
4866 5021
4866 10866
4866 15453
5021 15453
5021 18770
5120 19098
5270 11727
5270 19086
5305 16349
5308 19026
5362 10562
5362 13821
5362 18307
5362 19102
5468 9540
5471 19019
5479 18992
5574 16232
5652 15113
5692 10636
5692 18082
5720 19081
5912 9156
5912 14955
5912 15211
5926 18992
6124 19023
6203 7760
6203 9245
6203 9540
6203 10866
6203 14906
6203 15453
6203 19076
6203 19095
6203 19097
6228 6596
6362 6942
6429 15557
6629 17545
6640 8119
6779 19095
6945 13061
7059 11010
7170 15174
7290 9323
7290 19099
7391 12245
7516 8272
7516 10562
7516 19083
7526 19031
7568 19087
7760 14017
7961 19090
8082 12523
8082 15875
8097 18426
8197 15185
9143 19082
9245 19095
9565 19019
9565 19079
9573 15367
9683 19090
9888 16099
9922 18723
10068 10866
10068 19092
10333 19103
10347 19088
10562 17432
10604 15367
10604 19088
10789 15113
11340 18939
12182 18426
12358 19095
12698 15937
12760 19104
13017 19101
13061 18307
13061 19095
13178 17761
13212 14906
13253 17011
13259 14789
13735 15453
14418 19072
14613 19079
14677 16729
14677 19067
14906 18307
14906 19095
14948 16596
15100 19086
15113 15299
15113 19094
15147 19088
15505 19081
15709 19096
15875 19104
15898 16639
16261 19087
16610 19084
17088 19086
17432 19081
17558 19088
17955 19077
18022 19086
18056 18307
18082 18946
18082 19025
18770 19086
18770 19096
19106 19107
