0 1636
0 2158
0 2243
2 2191
2 2193
2 2243
2 2250
3 48
7 1831
7 2250
19 29
19 236
19 729
19 1186
19 1214
19 1732
19 2215
19 2245
26 75
26 275
26 570
26 634
26 729
26 810
26 1753
26 1958
26 2158
29 42
29 157
29 303
29 729
29 810
29 852
29 1831
29 2102
29 2158
29 2189
29 2193
29 2251
29 2253
30 238
30 1179
30 1268
30 1561
30 2158
37 2251
42 1390
42 1413
42 1774
46 48
46 76
46 303
46 1214
46 1335
46 1361
46 1636
46 2128
48 97
48 461
48 539
48 1521
48 1664
48 1753
48 1793
48 1877
48 2158
56 1992
60 954
68 2102
73 1561
75 593
75 859
75 1510
76 258
76 298
76 374
76 382
76 461
76 506
76 539
76 570
76 729
76 809
76 810
76 852
76 1058
76 1268
76 1392
76 1413
76 1636
76 1768
76 1994
76 2111
76 2220
76 2235
76 2240
80 1361
80 1393
80 1831
80 2243
84 403
95 539
95 1418
95 1422
95 1636
95 1972
95 2030
97 570
97 1894
100 729
100 1561
114 2250
120 1179
121 128
121 1186
121 1561
121 1774
123 546
123 1831
128 539
128 1255
128 1540
128 1664
128 2052
129 1561
133 157
133 303
133 729
133 1214
133 1839
133 1994
133 2130
135 2235
137 539
140 1268
153 461
153 852
153 1483
153 2250
154 1214
157 2102
158 809
158 1335
162 461
170 1664
184 218
184 610
195 206
195 1404
195 1787
195 1877
195 2235
195 2254
196 236
196 1335
196 2234
201 240
201 506
201 859
201 1994
201 2107
201 2158
205 694
206 539
206 1536
206 1561
206 2233
226 2130
236 382
236 516
236 1863
238 1972
238 2086
238 2193
238 2233
258 280
258 461
258 809
275 1753
280 506
280 938
280 1058
280 1135
280 2234
280 2237
286 2246
295 1398
295 1451
296 1992
298 2243
302 859
302 1413
302 1732
302 1753
302 2086
303 729
303 1839
303 1985
318 1774
347 1404
370 1179
374 938
374 2128
382 506
382 1197
383 1256
394 1753
394 1917
404 570
410 2172
414 2233
432 1036
442 1335
442 1561
449 1664
461 506
461 524
461 539
461 809
461 878
461 1135
461 1214
461 1361
461 1379
461 1561
461 1622
461 1839
461 1905
461 2189
461 2234
461 2237
461 2241
461 2252
461 2253
465 1561
475 1561
475 2228
487 1561
493 2237
494 1664
502 2250
506 539
506 1656
506 1831
506 2193
507 1361
507 1636
507 1787
507 1958
507 2079
514 610
519 939
519 1994
524 2111
539 771
539 852
539 1214
539 1268
539 1563
539 1877
539 1980
539 2052
539 2158
539 2193
539 2244
539 2252
539 2255
546 1335
546 2102
562 1379
563 1561
565 613
565 809
565 1276
570 729
570 810
570 859
570 1205
570 1413
570 1422
570 1453
570 1768
570 2128
570 2158
570 2189
570 2193
570 2233
570 2235
570 2243
570 2250
570 2252
573 2158
593 1540
610 1985
613 1179
613 1335
613 1958
613 2158
618 1784
621 2030
621 2233
634 810
634 1197
682 729
682 810
684 1214
686 1361
686 1656
691 809
691 2241
696 1335
696 2232
703 809
712 2130
729 852
729 1170
729 1335
729 1745
729 1768
729 1787
729 1818
729 1868
729 1972
729 1985
729 1994
729 2102
729 2233
729 2237
729 2242
729 2245
760 2030
781 809
786 1992
809 1058
809 1413
809 1453
809 1880
810 1398
810 1787
810 1994
810 2024
810 2148
810 2158
834 1051
839 1232
839 1404
839 1755
839 2158
852 1256
852 1335
852 1561
852 1636
852 1905
852 1947
852 1985
852 2216
852 2246
859 1755
859 2244
875 1992
878 1646
878 2062
881 1561
893 2158
928 1917
928 2201
928 2250
948 2239
954 2128
960 1992
1002 1563
1017 1047
1036 1268
1041 1413
1051 1106
1054 2245
1057 2232
1106 1483
1125 1361
1135 2128
1140 2250
1145 1255
1170 1404
1170 2158
1170 2237
1171 1404
1177 1422
1177 2064
1179 1786
1179 1788
1197 2062
1214 1753
1214 2128
1214 2158
1214 2252
1253 1561
1253 1664
1256 1947
1256 1994
1256 2052
1256 2102
1256 2234
1256 2243
1256 2246
1268 1290
1290 1755
1290 2126
1290 2193
1300 2250
1310 1561
1321 1361
1331 2250
1333 1994
1335 1422
1335 1636
1335 2062
1335 2084
1335 2234
1361 1730
1361 2237
1361 2243
1379 1994
1413 1563
1413 2234
1458 2193
1458 2238
1483 1807
1483 1985
1521 2158
1540 1563
1540 1636
1540 2148
1540 2234
1561 1636
1561 1831
1561 1958
1563 1879
1563 2192
1646 2215
1656 2247
1664 1742
1664 1753
1664 1958
1664 2219
1691 2237
1730 2243
1732 2224
1732 2245
1742 1958
1753 2158
1755 2158
1774 1779
1774 1880
1774 1985
1779 1839
1786 1831
1786 1958
1786 1994
1786 2233
1787 2107
1787 2231
1787 2243
1793 2158
1812 1831
1812 2233
1817 2227
1818 1972
1868 1972
1879 2192
1905 2052
1905 2252
1905 2253
1917 2192
1985 2246
1994 2254
2052 2233
2052 2246
2052 2254
2086 2233
2114 2189
2140 2249
2179 2199
2189 2241
2226 2227
2234 2236
2237 2238
2245 2250
2246 2248
2250 2254
