28 412
28 5270
28 6124
28 6429
28 11751
28 17558
28 18681
28 19186
29 2650
42 1413
42 2534
42 11751
42 16665
42 18831
43 490
43 7097
73 19272
83 2256
84 412
95 3177
110 7097
110 18230
110 18920
138 2062
151 370
151 5536
151 15474
271 2771
297 837
315 4232
383 412
412 1563
412 1604
412 2450
412 2762
412 3409
412 3707
412 4708
412 4949
412 5616
412 5857
412 6947
412 8712
412 9245
412 11103
412 11116
412 11751
412 13768
412 17955
412 18617
412 19280
412 19287
434 2650
434 2762
455 3177
455 13088
455 14529
455 19289
573 15453
618 3935
621 15415
659 4117
712 17856
725 2529
823 5362
839 19296
898 6429
898 11751
898 15557
1002 15453
1002 18681
1006 2019
1057 19276
1058 19289
1106 5616
1185 15206
1185 16261
1198 19288
1256 16261
1256 18187
1256 19272
1264 18969
1278 3107
1281 19069
1361 19289
1365 9565
1365 19273
1413 11751
1413 17761
1636 3177
1636 16017
1636 16665
1640 19197
1657 7593
1709 15557
1709 18831
1763 2111
1812 3409
1825 16770
1877 15875
1877 19293
1917 2650
1917 19283
1985 9649
2095 17955
2149 2762
2150 19279
2197 19268
2256 3893
2256 15474
2256 19284
2286 18619
2450 3692
2529 19291
2656 2919
2656 6429
2694 15415
2694 16525
2741 4783
2756 10273
2762 3177
2762 11751
2762 16099
2762 16843
2762 19273
2762 19275
2767 12876
2767 19289
2785 17542
2786 9366
2934 14677
3030 19289
3177 9152
3177 13280
3239 19271
3239 19276
3313 6947
3313 15206
3313 16096
3388 19280
3461 11751
3461 15299
3636 15918
3636 19290
3692 19281
3707 18187
3935 5432
3935 6429
3935 8097
3935 18723
3946 5468
4031 19277
4126 4971
4216 10293
4216 19283
4232 6429
4536 16770
4783 8993
4783 15698
4822 19271
4838 18681
5006 11751
5089 9309
5100 19023
5119 19290
5141 5658
5141 11269
5270 9366
5270 9573
5270 17618
5272 19271
5272 19286
5305 8197
5305 19279
5306 11863
5362 10569
5362 19271
5432 18723
5432 18831
5468 9366
5616 9245
5672 19261
5720 8596
5720 15206
5720 19281
6429 11751
6429 15557
6434 8712
6596 16770
6596 19271
6779 17602
7000 19288
7097 16099
7471 19183
8596 19282
8712 15113
8824 19292
8912 15918
8981 19280
9236 16549
9236 18723
9366 9573
9573 16232
10293 19283
10705 19225
11116 19280
11751 15553
11751 17761
11943 19281
12316 14017
12876 19289
13088 17955
13646 15589
13760 19285
13879 15415
13922 17885
14976 19277
15206 16261
15282 18723
15557 18723
15875 18230
15875 18969
15875 19197
16242 18713
16242 19273
17495 19274
17602 17955
17741 19273
17955 19294
18079 18723
18723 18831
18770 19271
18770 19286
19221 19278
19271 19286
19294 19295
