12 110
26 7289
26 14342
28 73
42 247
42 4080
42 6171
42 14052
42 19344
48 3624
69 7186
73 19272
93 184
95 19244
96 108
110 411
110 19267
138 3624
138 19339
138 19341
158 9851
236 15010
258 1028
258 19341
297 1256
297 16730
297 19326
338 3541
338 9536
407 3329
412 9326
412 10911
412 17742
412 19058
412 19343
434 9322
434 12366
455 19113
455 19289
467 1854
467 10040
467 19271
503 19313
510 8298
556 19244
573 3179
573 9573
621 4047
682 6781
837 19328
839 15113
852 16615
852 18797
859 3624
1002 1563
1002 5065
1002 5362
1002 11751
1115 8567
1185 16261
1206 6435
1206 12366
1255 2140
1255 4544
1255 19217
1255 19218
1359 1365
1359 3636
1359 19333
1359 19341
1361 17388
1361 19289
1369 1971
1369 2324
1612 8298
1612 19334
1636 2739
1636 18729
1636 19246
1636 19333
1640 13067
1640 19344
1657 7593
1687 2739
1825 2292
1831 19345
1854 1917
1854 15875
1877 7306
1877 9896
1877 15875
1917 3541
1917 9536
1972 9322
1972 19344
2019 10941
2057 2529
2057 18797
2062 19324
2095 6435
2095 7924
2095 19330
2191 2767
2191 11103
2223 19325
2324 6171
2350 3624
2389 12643
2493 3541
2529 19325
2705 3313
2705 5857
2739 4216
2739 5362
2739 16017
2762 18056
2762 18729
2767 19064
2767 19333
2786 3935
2786 19339
2787 19350
3107 9322
3179 9573
3409 4092
3456 8567
3501 8961
3541 9536
3545 6559
3882 19026
3910 15593
3910 18645
3975 6171
4080 10864
4090 19338
4092 17742
4092 19113
4188 19026
4216 16639
4216 19337
4382 17710
4397 19271
4536 18839
4544 6498
4589 5119
4589 6618
4589 11103
4727 5362
4727 13061
4727 15240
4727 16096
4838 11751
5176 17923
5270 8298
5270 9809
5270 14142
5270 19218
5270 19339
5272 6435
5362 8961
5362 11751
5362 15505
5366 11751
5468 8298
5783 17923
6109 9427
6203 12603
6203 17388
6203 19342
6373 9322
6373 15929
6373 19268
6373 19344
6435 19327
6448 19333
6467 19332
6559 17381
6594 17923
6596 19271
6596 19333
6779 19333
6784 15041
6800 16261
6917 8567
7289 14342
7306 9896
7335 18079
7399 10864
7487 19347
7961 12252
8093 14323
8093 16096
8197 11751
8197 15041
8225 16615
8298 9573
8298 17742
8484 18056
8494 16894
8567 10592
8712 13067
8824 19292
8961 15505
8981 19341
9586 17955
10040 11103
10040 12358
10312 19341
10409 11751
10636 17710
11340 16238
11340 19116
11751 19113
11751 19267
11751 19337
12366 19317
12940 19338
13157 18187
13844 15415
15240 15505
15398 19330
15412 19335
15505 16017
15875 19331
16099 17587
16836 17710
17158 19351
17511 19329
17587 19340
17923 19344
17955 19113
18764 19058
18961 19287
19026 19221
19116 19338
19116 19341
19116 19348
19322 19323
19336 19337
19345 19346
19348 19349
