28 13061
28 18627
42 3075
42 13061
42 19373
42 19397
43 13061
56 19116
69 7186
70 19394
76 6203
76 13061
76 19287
95 17509
103 6549
110 134
110 573
110 3405
110 7399
110 16713
110 18969
138 9565
151 13016
153 1359
153 1636
153 5065
158 17558
158 19401
258 297
258 11751
258 19371
258 19403
297 6203
297 17710
297 19116
307 19375
383 19323
412 5616
412 19376
432 1413
432 19396
524 1206
524 6124
531 9326
570 14767
572 19377
573 1338
573 4234
573 19404
574 10273
577 6945
577 12125
608 18466
712 2284
730 19287
773 19334
837 9346
837 17509
837 18770
852 1177
852 13157
852 19201
852 19381
881 4390
1002 5366
1002 19385
1115 15309
1115 16212
1177 2529
1197 6448
1197 8613
1197 15875
1200 3856
1200 12287
1206 2529
1206 5270
1206 9425
1256 6817
1256 19403
1338 19404
1361 15299
1361 16843
1365 4339
1365 6203
1365 19389
1483 9326
1539 16683
1636 9326
1636 13061
1636 19385
1640 6203
1640 15875
1640 19384
1763 19388
1818 1972
1917 14006
1917 19353
1972 19378
2027 7399
2027 15875
2027 18969
2057 3313
2062 5270
2118 19401
2124 19318
2124 19395
2158 19377
2192 19387
2204 19225
2223 19401
2223 19410
2243 19298
2284 13014
2324 16713
2324 19391
2350 18466
2389 19402
2529 6817
2583 10040
2676 8460
2705 3313
2762 10268
2762 13016
2762 19116
2762 19382
2762 19401
2767 6332
2767 10420
2767 13061
2767 19399
2767 19401
2775 3882
2775 19380
3041 18466
3239 4234
3313 5089
3313 5720
3313 16592
3313 19377
3322 19388
3368 19404
3405 19398
3458 10991
3501 19373
3636 16843
3636 19368
3692 5366
3727 5366
3882 19380
4011 7690
4058 6448
4171 19017
4234 8197
4234 13061
4339 6203
4339 13760
4493 10378
4752 13009
4839 7690
4844 19382
5012 15875
5065 6945
5065 19380
5065 19412
5089 8225
5119 12844
5119 19409
5125 13186
5306 7690
5362 6448
5362 12685
5362 15505
5362 16843
5362 17761
5366 6370
5366 11751
5468 18627
5521 15448
5652 7760
5692 11779
5720 19371
5720 19403
5853 8961
5859 19403
5938 12125
5938 17311
5966 8855
6109 10347
6109 10520
6109 15113
6203 7213
6203 13280
6203 17066
6203 19400
6203 19409
6203 19410
6332 17511
6332 19258
6373 6624
6373 16327
6373 19366
6373 19369
6373 19406
6429 15309
6431 19383
6448 15299
6448 19401
6498 19372
6596 9346
6624 7391
6624 19366
6779 17741
6800 18797
6817 13157
6917 9851
6945 12125
6991 19405
7000 19385
7213 17311
7371 11066
7371 19174
7399 18199
7399 19412
7690 9425
7760 12876
7760 17509
7760 18641
8459 19392
8460 16327
8525 19116
8613 19373
8712 19406
8882 10293
8882 19372
9323 17179
9346 9888
9425 10420
9444 17638
9587 19399
9977 18912
10347 19401
10409 16327
10420 19116
10520 15113
11155 15655
11269 19406
11344 15875
11751 15240
11751 17311
11779 19393
12070 15875
12253 19390
12358 15240
12358 17671
12358 19360
12358 19390
12366 16907
12668 19116
13061 15593
13061 18466
13061 18770
13201 15593
13280 19116
13540 19116
14903 19407
15113 19116
15113 19378
15147 17814
15240 16843
15240 19390
15299 16327
15299 19401
15448 17710
15453 19401
15472 19310
15505 19385
15698 19358
15761 19400
15761 19401
15875 16716
15875 17741
15875 18857
15875 19370
15875 19373
16615 19381
16837 19408
16894 19386
17011 19373
17066 19116
17158 19351
17420 18969
17509 18770
17511 19329
17714 19378
17761 19356
17923 19355
17955 19378
18466 19370
18466 19379
19116 19362
19116 19382
19116 19410
19116 19411
19258 19397
19378 19390
