26 84
26 1106
26 3158
28 2767
42 852
43 15039
43 15698
43 16580
43 19664
43 19713
75 16993
76 15113
87 19748
97 19733
138 158
138 434
138 852
138 1612
138 2650
138 2767
138 5089
138 15372
138 19080
138 19422
138 19753
158 3224
158 3856
158 4382
158 8567
158 9596
158 18770
158 19080
184 1831
184 19722
190 11066
201 19116
279 1280
279 1636
412 13061
475 19753
502 15698
546 5616
556 19495
573 4216
573 19749
577 12882
577 19618
586 1831
586 13061
610 19439
613 14017
613 19080
618 7208
760 5366
762 15698
762 19727
789 19738
837 4187
837 19701
837 19742
852 1177
852 3993
852 4140
852 5720
852 16261
852 19080
852 19739
852 19751
904 1091
968 15875
1057 19752
1091 1361
1091 2256
1091 19741
1094 13061
1232 2650
1243 5144
1255 3791
1255 4783
1255 16349
1255 17420
1256 18190
1333 1393
1392 4157
1392 8796
1612 3313
1612 5089
1636 15039
1636 19740
1709 19736
1792 18723
1917 2650
1917 19745
1996 19690
2095 3798
2095 12319
2192 19701
2204 19745
2223 19080
2234 3326
2234 5616
2234 16034
2256 6692
2256 10604
2324 19422
2324 19737
2437 15557
2437 19733
2589 18190
2617 17072
2627 3405
2627 5065
2627 5692
2627 19080
2627 19116
2650 2767
2650 13967
2650 19080
2762 18199
2767 3856
2767 9896
2767 19080
2786 19736
2970 3856
2970 19080
2970 19750
3072 19080
3158 16580
3158 19664
3224 4187
3224 6203
3224 19116
3224 19753
3313 4680
3313 5089
3313 5720
3405 17762
3484 16349
3515 19751
3636 19740
3648 15045
3707 5089
3707 5720
3707 6548
3707 19080
3707 19383
3882 19753
4092 15039
4140 5720
4140 11436
4157 5065
4187 19742
4680 5690
4749 17671
4749 19080
4783 16601
4839 19747
4924 18082
5065 7391
5065 10409
5065 19748
5084 7290
5084 9323
5084 17454
5089 14002
5089 18770
5119 19735
5265 19196
5353 17674
5487 9596
5551 18038
5560 19752
5616 16034
5616 19746
5649 18470
5672 19690
5720 5912
5720 13061
5720 16099
5720 17718
5720 17955
5720 18638
5720 19080
5720 19701
5720 19751
5912 16993
5938 19749
6189 15240
6203 19751
6373 15113
6373 19743
6429 15039
6448 19745
6548 12385
6548 17548
6596 19080
6618 19753
6810 19752
6867 10198
6867 19755
7399 9596
7901 15519
8093 19720
8119 19706
8272 19080
8364 18856
8567 9596
8712 19434
8961 17671
8974 15453
9152 19755
9158 18038
9444 15372
10198 19080
10347 15372
10366 15213
10366 19743
10520 19080
11340 19753
11758 18466
11943 19080
12421 13134
12882 18056
13061 19439
13590 19738
13735 18797
14002 19080
14017 19080
14657 17316
14906 15698
15045 16610
15113 19756
15240 18470
15240 19258
15761 18608
15837 19395
15875 19595
15875 19736
16017 19271
16250 19619
16261 19739
16500 19588
16601 18466
17316 17635
17635 19738
17955 18190
18082 19116
18466 19757
18745 19080
18745 19750
19080 19383
19080 19422
19080 19754
19080 19756
19116 19439
19116 19744
19116 19756
19116 19758
19116 19759
19434 19727
19487 19495
19730 19731
