28 19906
42 19927
43 1255
59 2620
121 19533
138 153
138 226
138 852
138 1012
138 1255
138 2529
138 2534
138 5119
138 7071
138 10068
138 13061
138 13991
138 19917
153 1256
153 2529
158 1365
158 6332
204 8604
226 6124
226 16099
226 17135
236 3381
236 5119
258 18883
258 19912
298 18739
345 3984
351 10068
385 2100
410 11155
434 1365
528 16236
531 19915
539 19893
573 4866
573 7399
577 4798
577 4855
610 12435
621 5550
621 11750
621 15113
621 19645
660 2900
753 19548
823 7399
837 19908
837 19926
839 1255
852 1256
852 3313
852 5720
852 6800
852 7822
852 15388
852 16615
852 19889
968 19736
1057 17650
1115 11061
1185 13112
1206 2767
1206 10068
1206 16639
1206 19907
1255 2111
1255 2650
1255 2669
1255 4783
1255 8688
1255 16099
1255 16349
1255 17659
1256 1365
1365 14017
1365 16236
1365 19116
1413 5616
1479 4499
1531 16592
1612 8688
1636 2582
1636 2762
1636 9565
1636 13061
1636 13871
1636 14755
1717 3313
1763 18227
1818 19378
1818 19919
1819 19925
1831 2762
1863 6624
1863 11228
1877 8688
1917 7382
1917 8099
1917 10409
1917 19724
1917 19910
1972 3381
1972 11228
2027 15875
2027 19918
2057 13061
2086 16051
2095 9425
2095 19405
2223 19906
2243 6224
2324 19922
2418 17635
2488 3313
2529 2756
2529 19903
2582 14755
2620 5119
2762 3636
2762 6373
2762 6779
2767 7071
2767 13282
2767 16479
2816 5658
2930 18022
3065 19915
3107 15113
3239 19917
3313 5089
3313 13061
3313 19889
3381 19914
3515 19920
3578 12358
3624 9366
3636 8961
3707 16615
3823 19893
3910 19817
3975 11489
3984 5720
3984 8604
4092 17502
4136 17870
4187 16236
4187 16479
4187 19909
4187 19926
4382 13280
4382 17502
4390 19271
4390 19917
4481 10966
4507 10273
4507 15729
4771 19924
4798 5065
4798 6429
4839 6332
4866 13282
5065 7382
5065 18855
5065 19915
5089 19889
5119 15542
5119 16236
5272 17637
5468 18961
5550 11228
5720 16639
6203 13061
6203 19921
6224 19560
6373 19696
6373 19908
6429 19879
6448 9836
6596 19271
6624 17870
6640 19905
6648 11340
6779 14529
6779 16017
6800 17135
6917 11061
6917 13422
6991 9373
7119 17160
7382 10409
7382 19923
7399 10864
7399 19422
7433 9958
7516 16017
8099 13128
8124 9466
8225 15615
8363 8688
8712 9565
8752 12643
9241 16236
9285 19645
9425 16907
9466 10472
9958 11228
10040 11565
10068 15113
10409 18723
10409 18831
10456 19912
10918 17135
10930 14417
11053 19296
11228 16984
11228 18466
11242 18794
11242 19116
11340 17502
11779 14326
12459 19879
12525 19116
12643 17545
12770 13061
13061 14755
13061 16592
13061 16984
13061 18739
13061 19454
13112 16261
13280 19116
13282 19116
13871 19911
14017 19904
14042 15837
14326 16984
14755 17671
14906 16017
14906 19454
15240 16017
15252 19560
15698 16479
16017 17994
16099 19817
16592 19454
16610 19919
17955 19913
18723 18831
18748 19922
19874 19916
