7 4860
28 729
28 4746
28 16399
29 4746
42 19972
43 7097
43 8688
43 13082
43 19157
43 19940
46 1255
48 7398
70 18627
76 2184
76 2406
76 3592
76 4135
76 5550
76 12358
76 13082
88 9888
100 2489
100 8197
138 16399
153 407
153 4746
153 18770
158 8712
158 17714
158 18644
162 18831
206 19968
226 9888
240 18173
273 1011
280 5690
407 1413
407 2095
407 4187
407 6373
412 19157
506 6984
519 10911
528 19911
531 1996
531 3381
532 1917
532 19965
546 8712
546 19965
573 7399
573 19964
573 19968
621 2406
659 15130
712 11343
712 19784
729 6708
729 7399
729 8712
729 19965
837 2095
839 8494
852 3313
852 5690
852 6800
852 16099
917 19116
1002 4589
1002 8124
1002 12358
1115 16242
1144 4746
1170 15382
1170 15505
1185 3707
1185 19932
1335 15698
1361 19963
1366 1844
1413 3166
1413 18173
1426 6429
1774 2762
1774 5065
1774 18466
1831 2762
1877 3592
1879 12885
1917 8099
1917 8712
1917 16102
1917 19965
1958 13533
1996 19914
2095 2716
2095 8787
2156 19911
2234 2762
2256 2762
2256 12932
2333 15420
2406 2930
2406 16665
2437 2589
2437 3313
2437 5125
2437 19969
2589 3856
2650 8688
2762 2767
2762 3636
2762 3984
2762 4092
2762 6203
2762 6779
2762 13061
2767 15113
2823 16084
2868 3856
3004 4187
3004 16349
3107 5049
3107 15113
3158 18831
3166 3624
3166 17308
3313 5089
3313 5690
3313 6800
3313 14073
3313 16261
3505 8363
3592 8119
3592 19116
3624 10966
3636 13061
3636 14621
3707 14073
3727 6197
3947 17388
3984 4187
3984 19971
4011 19157
4092 19967
4138 4839
4171 19116
4171 19886
4187 11580
4187 16242
4216 11642
4242 6203
4242 19641
4382 18727
4523 9836
4536 5816
4536 17718
4536 19966
4746 11779
4771 19924
4839 17498
4839 19969
4924 19973
5049 15113
5065 7290
5065 15113
5089 10068
5089 14073
5119 7290
5119 19886
5119 19911
5348 19968
5362 19942
5366 19911
5471 8494
5471 16099
5692 7991
5692 19874
6086 12090
6086 19962
6199 15557
6203 11078
6373 16664
6373 19838
6594 8364
6594 14017
6596 8099
6692 19518
6708 12358
6708 19886
6779 8364
6779 17947
6917 11228
7097 15875
7097 18723
7302 15267
7399 19964
7991 9425
8119 11580
8712 19965
8787 13735
8882 15539
9152 13082
9245 10869
9425 18019
9888 15113
10314 19058
10869 15453
10911 19940
11340 17916
11779 16206
12770 16814
13061 17714
13061 19969
13735 19911
14906 19967
15045 15113
15045 15664
15505 17916
15505 17947
15720 19970
15729 19736
15823 16624
15875 18831
16099 19116
16099 19911
16399 18723
16610 19970
16639 18173
16904 19116
17316 19954
17388 19116
17498 19116
17548 19040
17916 19116
18173 18723
18723 18831
18865 19965
19025 19971
19116 19973
