28 16984
28 20058
29 96
36 76
36 17420
42 19796
43 96
43 20095
73 226
73 5935
76 2650
76 4523
76 8068
76 14709
76 18723
96 190
96 8151
138 2767
138 4866
138 7071
138 20058
138 20091
147 8068
153 11533
158 2399
172 17353
190 1917
303 6867
304 19518
412 1558
412 13735
412 19796
461 1256
461 2437
461 3158
475 2767
621 1514
621 2406
621 8068
682 4140
753 20097
773 5468
773 20021
773 20083
803 20098
837 4092
837 20077
881 9704
897 16743
1106 1214
1106 4187
1106 16196
1126 6203
1144 1763
1185 1256
1185 2095
1185 2756
1185 8093
1214 1413
1214 2437
1214 3636
1214 3984
1214 4187
1214 8151
1214 8688
1214 18723
1232 2650
1256 5720
1256 12770
1265 20081
1321 17433
1321 19874
1335 15932
1359 16196
1361 2762
1365 2095
1365 3313
1365 6435
1365 9985
1365 19996
1365 20091
1514 17244
1558 15252
1657 11533
1763 20081
1896 18723
1917 6448
1917 17353
1917 18914
1917 20079
1971 3158
1971 5373
1972 2919
1972 5929
1996 16196
2019 20062
2086 12760
2095 2783
2095 5720
2095 6435
2095 13061
2223 20072
2223 20091
2324 20087
2333 12760
2340 4866
2428 2762
2489 4536
2489 19422
2650 6618
2650 8151
2650 20085
2669 6189
2669 20094
2694 12760
2724 18865
2756 2783
2762 9168
2762 13280
2762 17853
2762 18466
2767 2783
2767 4092
2767 5720
2767 13061
2767 19299
2771 11241
2783 3123
2783 4188
2783 13061
2783 17853
2930 20083
2934 15750
3013 4092
3065 8604
3088 15839
3123 16984
3158 5373
3313 5362
3313 20091
3378 16076
3405 17762
3456 15750
3484 19422
3673 10846
3882 17072
4092 5065
4092 19299
4141 5838
4187 16196
4216 13735
4234 16971
4359 4866
4382 20077
4507 15991
4523 9152
4589 8067
4632 7208
4839 5065
4839 6373
4839 9469
4839 11533
4839 19796
4839 20076
4839 20096
4860 14677
5065 6203
5065 8604
5065 16099
5065 19299
5065 20092
5119 19859
5362 19263
5362 20091
5468 20083
5616 5720
5616 19299
5658 9888
5690 20091
5720 12770
5720 15505
5720 15553
5720 19299
5720 20082
5912 6435
5966 10846
6203 8604
6203 19318
6203 20055
6203 20092
6373 16743
6373 19838
6429 7071
6429 15750
6429 18865
6429 20090
6435 17853
6618 17088
6779 19299
6867 10846
7000 20009
8068 16984
8097 20083
8151 8836
8293 12698
8297 15113
8298 19796
8604 10520
8604 11418
8604 17761
9152 16206
9425 12698
9425 19263
9444 17945
9958 16463
9985 20091
10018 13514
10690 20070
10766 16463
10869 19878
11078 16496
11078 20084
11103 16196
11203 19518
11340 19318
11751 15553
11762 20088
11912 18923
11920 18466
11943 19796
12136 19518
13280 20055
13280 20072
13735 17761
13735 18038
14002 20091
14906 20066
14906 20082
14930 15839
15382 15505
15505 19299
15631 19796
15839 18038
16033 20073
16196 16984
16395 18038
16798 20080
16984 17671
16984 20086
17945 19294
17955 19263
18831 19445
18920 20078
19116 19299
19116 20082
20058 20093
20088 20089
