0 43
28 20250
42 110
76 97
76 1896
76 2406
76 4188
76 6435
76 8363
76 14906
83 857
97 6945
97 16554
97 18470
110 8197
133 7097
138 3195
138 18555
151 412
153 2885
153 20261
158 1365
158 11340
158 20250
158 20261
172 7855
180 20249
196 20237
240 15174
318 20264
374 10869
383 1361
410 5545
410 5938
412 16813
442 3692
444 16695
455 3501
531 20230
546 857
546 4783
610 6650
613 16236
613 20239
618 1622
621 20021
621 20230
660 9168
679 5119
682 852
682 1256
682 2529
762 3195
803 15798
803 20252
837 4153
837 7000
837 18304
837 20070
839 1917
839 2650
839 3107
839 16463
852 1896
852 4140
852 5720
852 9309
852 14017
852 16099
852 18190
852 18555
852 20155
857 13061
881 3239
1002 8197
1002 12672
1002 15557
1002 19157
1002 20234
1036 20246
1058 20243
1106 9809
1144 3177
1144 20237
1214 2437
1214 5366
1214 15557
1247 18466
1359 14906
1359 15022
1359 20228
1359 20250
1359 20251
1361 14930
1365 2529
1365 9619
1365 14930
1390 4917
1390 20256
1483 1908
1523 16592
1563 20259
1578 14017
1604 5706
1636 3195
1636 20254
1680 20244
1774 6429
1774 20258
1831 3195
1875 20248
1877 7855
1896 5373
1896 6429
1904 9888
1917 10409
1990 20243
2111 6945
2140 20070
2158 7947
2223 11418
2284 2762
2406 3405
2406 18466
2523 18293
2627 16188
2762 3195
2762 3636
2762 15113
2762 17853
2767 6435
2767 16813
2767 17955
2767 20242
2882 20232
2970 6448
3107 20218
3123 8363
3158 8197
3177 5119
3195 8068
3195 12358
3195 12882
3195 14906
3195 15299
3636 4783
3636 5616
3636 10988
3636 17853
3639 5616
3639 20262
3692 19507
3692 20252
3882 8682
3900 7947
3910 16033
3984 8067
3984 18770
4031 20231
4031 20265
4117 18555
4153 13316
4187 20245
4193 9347
4356 8207
4382 14930
4382 16236
4382 17931
4523 18358
4536 5305
4783 6779
4783 20239
4783 20250
4839 19865
4839 20239
5065 7855
5065 8197
5065 9619
5107 20239
5272 6435
5305 12358
5305 20260
5362 16695
5362 20245
5366 7097
5479 13061
5479 20138
5616 17761
5692 9425
5692 20237
5720 20224
5938 20240
6005 10347
6005 17955
6189 8197
6203 17772
6373 20237
6429 7208
6746 18855
6779 20239
6945 20255
7097 8151
7097 8347
7208 17286
7396 9444
7801 8093
7801 9245
7851 19668
7855 18723
8197 11751
8197 15113
8197 20234
8272 20230
8453 20238
8712 18731
8712 20230
8831 15174
9152 11340
9152 20246
9152 20261
9168 14930
9241 16500
9241 20191
9245 15505
9299 11778
9466 11751
9466 15557
9466 19189
9619 20070
9775 14017
9809 19550
9888 17931
10273 20257
10684 20229
10846 20230
11053 20222
11340 20230
11340 20261
11751 15557
11762 20080
11778 20206
11779 17955
11779 19859
11779 20218
12070 20220
12245 18961
12358 20260
12672 15240
12698 14948
12770 18190
12793 18466
12985 20202
12985 20233
12985 20235
13061 20257
13451 15875
14017 20155
14661 16076
14677 17931
14906 15918
14906 20250
14906 20257
14930 19116
14948 16500
15557 17761
15593 20239
16188 16984
16188 20134
16236 16242
16592 20236
16610 20138
16813 16984
16907 19301
16984 20231
16984 20250
16984 20261
17069 17761
17728 19945
17837 18190
18190 20247
18466 18470
18466 19668
18731 19157
19109 20233
19157 20238
19301 20263
19533 19945
19968 20253
20050 20148
20138 20241
20250 20251
