7 19380
28 3910
28 7822
29 2762
29 19309
42 11203
42 13875
42 20220
42 20351
43 153
43 15315
43 20376
76 96
76 7208
76 15039
83 2762
88 2062
96 3505
96 6498
110 2762
110 6435
110 15315
110 17772
110 20380
138 153
138 280
138 1106
138 4589
138 6706
138 20284
138 20395
153 158
153 2191
153 2762
158 1972
158 15113
158 19449
158 19508
196 6373
196 18844
196 19508
196 20376
196 20378
201 434
201 20382
218 2762
240 20351
290 20395
370 20376
383 11103
412 1365
412 14017
432 20384
434 803
455 2095
455 8364
455 9472
455 15113
455 17772
455 20377
461 1002
461 6706
461 20199
467 16470
506 1206
506 6984
528 15039
546 1917
546 19439
546 20199
573 15044
618 7208
634 2762
762 20388
837 19434
837 20394
852 3313
852 3707
852 5089
852 7822
852 16261
852 20398
897 20199
1002 20390
1006 3910
1106 9245
1106 18607
1106 20321
1115 6917
1126 15472
1144 20376
1185 15255
1206 20398
1333 20358
1361 8087
1361 14492
1365 20398
1369 18470
1390 20284
1392 20388
1393 19547
1413 2959
1413 3947
1413 20384
1636 20373
1636 20393
1794 3910
1917 17860
1917 19439
1972 2762
2156 2762
2158 13288
2200 2284
2243 7093
2255 8197
2287 20284
2389 20380
2529 20199
2617 14492
2617 20360
2650 9425
2650 15113
2650 15683
2762 3636
2762 3727
2762 3984
2762 4839
2762 5215
2762 5720
2762 6706
2762 8197
2762 10280
2762 10409
2762 17761
2762 20284
2767 17772
2767 19449
2767 20378
3171 7208
3313 3707
3313 5089
3405 3624
3515 16592
3624 20382
3636 15039
3673 20376
3692 19380
3707 5089
3707 6947
3707 20199
3707 20398
3727 6917
3887 18607
3910 20399
3947 20384
3984 20384
3984 20389
4059 18844
4092 13061
4092 18105
4092 20385
4117 20199
4117 20398
4135 19449
4140 20398
4536 16470
4589 5720
4839 19380
4839 20383
4866 20358
4924 20381
4964 15875
5065 18055
5089 7822
5362 5649
5362 9152
5366 16034
5616 10988
5616 20351
5618 11863
5720 17772
5720 20179
5720 20388
6203 19434
6351 14492
6373 6706
6373 13646
6373 18844
6373 19434
6373 20376
6596 20392
6746 18855
6779 19520
6917 15113
6917 15683
6945 20363
7208 20375
7822 8197
7855 15557
8067 17772
8087 18271
8151 20199
8197 19520
8298 19380
8363 16554
9152 9466
9152 18055
9152 19380
9425 10347
9425 11912
9425 20370
9444 19449
9466 16034
9565 20398
9789 20362
9888 19720
10027 10420
10347 20396
10420 13856
10420 15875
10571 20379
11080 20384
11101 17635
11228 12372
11228 15113
11269 20379
11344 18632
11565 15039
11565 20387
11863 20389
12070 17692
12643 15875
13170 18953
13361 19079
13461 15875
13864 19508
13864 20378
14417 17923
14513 20394
14529 19520
15039 20133
15113 19116
15252 20384
15293 20199
15593 18855
15593 20199
15683 19720
15875 19439
16034 17761
16218 20376
16236 16242
16236 17499
16984 19046
16984 19449
17499 18484
17499 20196
17860 19439
17955 20368
18607 20372
18844 19116
19046 19520
19116 20389
19197 20380
19449 20169
19508 20378
20234 20391
20384 20386
20384 20397
