0 2203
3 771
4 2348
19 368
19 1214
25 2122
26 1732
26 1917
26 2309
26 2376
26 2379
29 30
29 120
29 157
29 255
29 403
29 852
29 1160
29 1426
29 1732
29 2158
29 2361
30 190
30 201
30 370
30 508
30 518
30 577
30 580
30 592
30 1023
30 1470
30 1818
30 2086
30 2358
30 2363
30 2371
37 184
37 2319
42 461
42 1268
42 1563
42 1879
43 95
43 403
43 539
43 729
43 1667
43 2309
47 1561
48 368
48 1298
48 2128
48 2378
49 94
49 2258
59 2353
69 2318
70 618
70 1742
72 129
73 2062
75 539
75 1268
75 1422
75 2052
75 2286
76 356
76 593
76 729
76 852
76 1271
76 1661
76 2363
76 2379
80 406
80 1057
80 1165
80 1214
80 2360
83 95
83 97
83 440
83 618
83 621
83 729
83 1255
83 1561
83 1839
83 2319
83 2350
84 356
93 2319
95 610
95 762
95 2256
96 1057
96 2318
97 696
97 1995
97 2128
97 2350
120 2158
121 255
121 524
121 893
121 2128
121 2158
121 2361
123 1812
123 1879
124 1171
126 1880
128 852
129 2359
132 406
132 539
133 417
133 621
133 1255
133 2350
133 2376
134 1171
134 1268
153 2243
153 2378
153 2380
154 1006
154 1517
157 403
158 461
158 682
158 686
158 810
158 1256
158 1268
158 1992
158 2052
158 2243
158 2283
158 2361
158 2375
159 2319
174 1604
174 2319
184 1470
184 2348
184 2381
188 507
188 2361
189 1561
190 1036
190 1818
190 2158
191 2365
196 1298
196 1656
196 1863
196 1958
196 1995
197 1349
197 2319
201 255
201 304
201 506
201 518
201 568
201 691
201 771
201 1990
201 2062
226 2379
238 2030
246 1249
255 1255
255 1787
255 1835
273 506
273 1656
280 938
280 1057
280 1214
280 2243
284 1786
286 810
286 2353
289 539
289 568
289 729
289 1265
289 2052
289 2355
290 546
291 2356
295 356
297 1959
297 2331
302 2378
315 1298
315 1807
315 2364
339 2158
356 573
356 1985
370 518
370 1298
370 2158
370 2254
370 2364
374 1312
383 1256
383 2369
385 1331
403 948
414 1298
414 2001
417 1165
434 1470
440 618
440 2138
444 565
449 1517
451 1995
455 682
455 1359
455 2228
455 2303
461 539
461 613
461 691
461 729
461 1205
461 1214
461 1256
461 1335
461 1359
461 1517
461 1661
461 1917
461 2052
461 2158
461 2351
461 2376
504 1861
506 852
506 1426
507 2360
518 1057
524 1268
524 1732
524 2277
528 2353
532 948
539 565
539 1268
539 1667
539 1753
539 2199
539 2307
539 2351
539 2355
565 1413
565 2243
568 618
568 2379
570 1249
570 1256
570 1563
570 2128
570 2243
570 2283
573 1717
592 1426
592 1732
608 2319
613 1057
613 1165
618 1807
618 2350
621 1561
621 1995
621 2365
647 734
656 2319
671 2256
682 686
682 852
682 1717
682 2204
686 729
686 771
686 1812
686 2187
686 2245
686 2255
691 1331
691 2158
693 2052
699 1752
703 1661
703 2357
712 948
713 2062
729 810
729 826
729 1661
729 1831
729 1917
729 2158
729 2307
734 948
734 2318
762 2128
771 2319
779 1023
779 1517
781 2246
796 2128
801 1268
810 1268
810 1563
810 1732
810 1917
810 2111
821 1763
823 1661
826 2192
836 2364
852 1160
852 1206
852 1256
852 1265
852 1717
852 2081
852 2148
852 2246
852 2377
862 1219
873 2374
881 1057
902 1561
904 948
904 2365
922 1470
922 1787
922 1985
936 1561
936 2061
936 2367
938 2124
946 1048
946 1753
948 1035
948 1958
948 2255
950 2189
950 2283
1006 1517
1010 2158
1010 2339
1023 1268
1035 2366
1036 1724
1036 1818
1036 2128
1054 2380
1057 1361
1057 2052
1057 2254
1115 1561
1115 2052
1115 2372
1128 1880
1136 2319
1140 2128
1140 2361
1160 1256
1164 2345
1171 1877
1197 2379
1198 1561
1201 2374
1214 1422
1214 2009
1214 2360
1247 2357
1247 2380
1251 1561
1253 1839
1255 1793
1255 2255
1255 2362
1256 1517
1256 1717
1256 2148
1256 2269
1256 2318
1256 2379
1265 2223
1265 2246
1268 1563
1268 1667
1298 1543
1298 1985
1298 2086
1298 2354
1300 1540
1312 2352
1331 1381
1335 1661
1356 2382
1359 2303
1359 2371
1361 1742
1361 1774
1361 1985
1361 2223
1361 2243
1361 2353
1381 2377
1390 2350
1426 1732
1446 2256
1470 1717
1470 2001
1470 2362
1470 2378
1470 2379
1470 2381
1474 1561
1517 1661
1517 1905
1517 2192
1540 1563
1540 1787
1540 2360
1554 1717
1561 1578
1562 1895
1562 2227
1562 2349
1622 1807
1636 2353
1652 2339
1661 1917
1667 2370
1691 1732
1691 2343
1717 2148
1732 1747
1732 2158
1732 2309
1732 2378
1742 1977
1742 2342
1742 2345
1753 2243
1753 2255
1753 2368
1779 2376
1787 2148
1787 2377
1807 2138
1807 2350
1812 2343
1816 2319
1818 1995
1818 2272
1831 2369
1861 2245
1861 2325
1877 1879
1877 2158
1980 2360
1985 2001
1985 2100
1985 2283
1985 2303
1985 2350
1985 2355
1992 2353
1995 2158
1995 2319
2009 2254
2052 2158
2052 2283
2052 2366
2052 2369
2086 2357
2128 2246
2154 2373
2158 2299
2228 2352
2243 2361
2246 2256
2255 2307
2256 2357
2283 2372
2294 2347
2315 2353
2318 2340
2319 2361
2339 2346
2355 2375
