14 16592
28 3910
28 9309
28 12366
36 15453
73 13694
76 138
76 730
76 762
76 1390
76 3910
76 3984
76 8363
76 17969
76 19116
95 2762
118 6945
138 20284
151 20439
158 9427
158 9760
158 15113
158 20435
158 20448
184 3910
190 539
190 2122
196 20453
206 17738
236 17923
239 20459
318 20459
444 20413
610 2823
617 20447
634 20436
659 2762
659 3910
659 10911
659 19119
659 19345
730 1917
837 20440
852 3910
852 12366
852 14002
852 18190
898 13825
898 20444
968 11427
1002 4688
1002 20390
1012 1206
1057 20457
1106 12643
1144 20449
1144 20452
1206 2650
1206 9407
1206 10918
1256 9407
1295 5769
1321 5308
1359 2762
1359 14492
1390 10293
1390 16099
1390 16349
1390 20284
1392 20459
1413 3984
1514 20376
1628 20438
1636 6779
1636 12678
1636 13825
1636 16179
1636 20284
1636 20439
1709 19595
1875 5125
1875 13825
1917 8099
1917 20284
1972 17772
2256 2762
2268 9948
2324 15453
2529 3984
2694 4688
2729 20144
2762 9168
2762 12421
2762 20439
2767 12678
2767 20435
2820 4688
3166 20450
3166 20451
3234 16179
3313 7822
3313 12366
3313 14264
3313 15464
3313 20434
3380 5362
3380 5857
3381 19595
3405 12527
3447 20211
3456 9427
3484 12090
3484 20284
3541 11066
3636 18855
3648 3727
3707 9309
3707 9407
3727 6373
3727 15505
3727 20459
3893 20326
3984 6596
3984 12643
3984 19275
4092 14492
4092 18855
4092 20439
4135 20441
4188 20211
4280 7208
4382 15113
4615 17923
4688 5366
4771 5720
4771 20444
4783 8363
4866 14017
4924 20460
4949 11340
5021 20443
5107 20461
5125 5616
5125 6779
5141 20138
5157 15039
5270 17397
5270 19533
5270 20450
5308 9147
5308 9562
5308 20211
5308 20370
5386 6332
5386 6867
5616 10988
5720 7822
5720 9407
5720 18855
5720 20420
5857 18190
6203 16034
6203 20445
6373 8119
6373 11057
6373 15113
6373 18844
6373 19838
6429 20440
6429 20441
6596 12643
6708 20284
6779 16034
6842 20139
6867 15113
6917 19720
6945 17866
6945 18056
6945 20456
6947 18190
7208 8097
7290 15557
8097 12421
8099 13676
8298 15593
8347 20455
8608 20301
8688 20376
8882 20301
9122 20450
9152 20376
9245 20427
9309 9444
9366 17923
9427 16349
9444 20211
9466 9869
9586 14948
9789 18844
9789 20448
10347 20446
10409 16904
10409 20448
10730 15557
11340 17172
11340 17866
11340 20413
11340 20448
11344 13760
11779 20449
11863 20435
12366 20434
12678 17761
13082 15448
13280 20439
14017 15991
14264 15464
14387 20211
14418 15039
14906 20427
15039 20462
15056 16044
15147 20446
15453 17866
15525 16907
15593 20427
15941 19116
15941 20414
16554 20138
16984 20439
16984 20454
16984 20455
17177 20442
17397 19422
17923 19533
17923 19620
17923 20138
18190 20458
18466 20437
18770 20448
18831 20284
20284 20441
20450 20451
