14 16993
28 2158
29 76
40 1198
40 2256
40 10911
42 6373
42 17545
43 7097
43 16166
43 20499
43 20505
73 76
73 3624
73 8197
73 13061
76 762
76 881
76 1972
76 2816
76 3624
76 3727
76 5455
76 10966
76 15025
76 16349
76 17923
76 20376
110 839
110 7127
110 8224
110 17397
110 18681
118 13533
138 1255
138 13061
140 20468
153 16831
153 18731
163 1604
163 3541
163 3563
163 17796
163 20272
196 2868
196 20376
196 20510
218 9466
258 2868
338 5581
370 837
412 881
412 2762
444 2284
467 5009
507 20458
546 729
573 5581
610 1604
613 5455
641 6885
713 11037
762 3624
781 3453
836 2762
837 20494
839 1198
852 1256
852 5720
852 10203
881 2529
881 2868
881 8969
886 16993
897 4783
904 19533
1041 13066
1057 3910
1057 4926
1057 20509
1144 11779
1144 20498
1198 2256
1198 2284
1198 6373
1198 10911
1198 14948
1198 15293
1198 19294
1198 20511
1200 2158
1206 11727
1256 9309
1256 10203
1256 12770
1335 1990
1365 7822
1390 16907
1390 20436
1392 4822
1413 3828
1413 13825
1514 18016
1612 2868
1636 2770
1636 20499
1657 20413
1742 3166
1742 8363
1742 17923
1845 2529
1845 3800
1917 4822
1917 6596
1917 20476
1972 3614
1972 15012
2019 11514
2057 11340
2062 3910
2062 17397
2086 7749
2095 5859
2118 17923
2158 8688
2223 8773
2223 20507
2256 9336
2284 6373
2284 13312
2389 3984
2389 17692
2437 6618
2489 20505
2529 7822
2756 7822
2762 2775
2762 6885
2762 13280
2762 14906
2762 20376
2762 20499
2770 9466
2770 16984
2770 20512
2868 10520
2957 3024
3030 11727
3065 8625
3065 16166
3158 6779
3158 18681
3158 20284
3158 20508
3166 17923
3453 6189
3453 18745
3484 7097
3484 17397
3484 18681
3614 11565
3624 5468
3624 6124
3624 20437
3707 3910
3764 17027
3828 7396
3828 9714
3843 9336
3900 17397
3910 5621
3910 13061
4031 18961
4048 20468
4092 10866
4092 20501
4092 20514
4113 20498
4264 11779
4382 17302
4382 20496
4523 16099
4523 20376
4536 15557
4577 16999
4589 11340
4783 5471
4783 16831
4822 5272
4822 6448
4822 6596
4926 11340
4926 20467
5049 18681
5089 7822
5127 5471
5270 8688
5455 6596
5468 18961
5550 20500
5616 20516
5720 10203
5859 17761
5859 18770
6124 20437
6373 10911
6618 20465
6624 11276
6640 20460
6779 11155
6779 20508
6916 20500
7000 7208
7000 12836
7000 20497
7097 20284
7136 8224
7136 14036
7335 8121
7391 20517
7749 15875
7792 13082
7822 16261
7844 11340
8099 20301
8119 20217
8119 20506
8197 20497
8272 20495
8625 14529
8974 11779
9214 20518
9714 20495
9789 20477
9948 20491
10461 20502
11080 16999
11340 15494
11340 20515
11565 20507
11860 19026
11943 20503
12804 20169
12885 20498
13280 16999
13280 20499
13361 16984
13361 20356
13590 20169
13773 18082
13825 18770
14340 20506
14492 17285
14906 20494
15505 17027
15505 20467
15875 17420
16166 18038
16984 20515
17545 19595
17761 17955
17761 18770
18681 19422
18731 20513
19116 20514
19116 20515
19720 20480
19911 20498
20072 20504
20220 20492
20483 20510
