7 284
28 218
28 762
28 17587
76 2739
76 5119
76 7097
76 20138
97 20138
138 1845
138 2845
138 4949
138 7947
138 16099
138 20586
158 2756
158 5690
158 7181
158 16017
158 18534
158 19045
158 19989
158 20586
196 19989
218 9168
218 10068
218 13061
284 730
383 13061
412 2762
434 3592
442 13280
455 11340
461 5267
474 1200
474 18745
531 881
546 17088
577 5386
577 7097
577 15557
577 20434
610 20584
610 20594
618 15557
621 20584
712 15557
881 5455
881 8969
881 20595
1012 3624
1115 19109
1265 6339
1359 2762
1365 20579
1413 14165
1604 15299
1636 3592
1636 4092
1636 13280
1636 16017
1636 20592
1657 5065
1657 5386
1709 4964
1794 7181
1804 12643
1825 16753
1831 19989
1845 16099
1896 8868
1917 13486
1917 17651
1917 20576
1971 7097
2095 3592
2095 4589
2095 20591
2100 7792
2111 8298
2204 20587
2272 4031
2286 14165
2313 16642
2389 20492
2437 2825
2534 4589
2650 10068
2650 19759
2650 20382
2739 5119
2739 5362
2739 12873
2739 13061
2739 19116
2756 5690
2762 5215
2762 7516
2762 10018
2762 10273
2762 13280
2762 14767
2762 14906
2762 15299
2762 16753
2762 20588
2762 20589
3516 3592
3516 4092
3545 19989
3592 20592
3653 5471
3653 16592
3657 19989
3785 13533
3910 16592
4011 13280
4048 20549
4355 17015
4536 16470
4838 13280
4860 10168
4860 13533
4964 12643
4987 20590
5065 5386
5065 7230
5065 20597
5089 9309
5215 8494
5215 11340
5362 6448
5362 12873
5362 18470
5386 7230
5455 6596
5455 8197
5455 15314
5455 20284
5468 20138
5616 11808
5822 17761
6250 16984
6596 15453
6596 20596
6629 19595
6708 20284
6779 12873
7097 20284
7522 16033
7947 17874
7947 20585
7989 10846
8171 11184
8197 11751
8197 15113
8868 16758
9215 15798
9245 9466
9245 17761
9427 18534
10273 13061
10273 17027
10846 15088
11103 20595
11184 20580
12358 17651
12366 16525
12643 17420
12656 15753
12804 17635
12873 16017
13061 20434
13061 20595
13312 20550
14373 17955
14373 19550
14767 19989
14948 20593
15505 19989
15875 18056
17420 17923
18831 20284
19550 19989
20284 20590
