0 3072
0 4752
0 8272
0 20481
7 76
7 6498
7 16480
26 3541
26 15453
28 4031
28 16610
28 16907
28 20758
28 20760
29 7583
29 16665
29 18056
42 20780
43 4589
43 5822
43 20760
67 13061
76 1057
76 15453
76 17387
76 20748
76 20769
88 2888
88 5270
97 15100
105 13590
110 15557
110 20768
122 15557
138 729
138 1990
138 2589
138 13061
138 20743
138 20750
138 20757
179 20750
186 621
196 19472
196 20750
218 3313
218 17027
218 20743
255 20750
267 20756
290 1884
359 15113
407 20460
407 20752
412 2650
506 13735
509 12252
528 15039
528 20747
536 15593
573 823
573 18120
573 19970
610 7399
613 19487
621 1884
621 7593
621 12356
621 15113
621 20769
622 20775
641 5616
641 10018
641 18945
837 5329
837 16743
839 1917
839 3541
839 7944
852 16261
852 19989
881 4113
881 20767
904 20264
1039 3764
1057 1058
1057 2694
1057 11020
1057 15453
1057 16099
1057 17027
1058 1244
1058 1422
1058 1917
1058 6448
1058 6619
1058 15282
1058 15503
1058 18831
1058 20749
1179 20446
1206 5089
1206 9896
1256 16907
1281 17420
1319 2650
1359 17890
1361 16568
1365 9185
1365 17027
1369 2150
1369 9896
1369 18831
1390 20767
1392 20751
1395 20773
1407 20756
1413 20746
1422 7399
1422 13061
1636 20750
1709 3541
1804 17635
1804 20755
1831 13061
1831 20767
1917 2650
1917 3541
1917 7071
1917 18865
1917 20284
1971 17495
1990 4113
2019 15350
2095 19989
2111 5938
2223 13226
2319 20750
2326 10293
2603 19429
2650 16610
2650 20772
2756 3578
2786 16480
3065 13735
3158 18831
3484 5822
3484 17495
3707 19989
3799 5822
3799 20758
3811 8654
3811 14272
3910 13061
3979 4926
3979 16610
3984 11863
3984 14030
4031 20763
4031 20777
4031 20778
4113 13061
4113 20767
4138 5119
4188 20345
4332 20776
4366 20493
4419 4964
4489 9152
4507 11078
4536 5593
4589 5720
4589 6203
4839 20419
4855 18609
4855 19970
4926 6596
4926 10638
4926 17027
4926 20758
5012 20760
5065 14492
5065 16802
5065 17890
5065 20769
5089 9309
5100 20756
5119 13735
5119 16743
5119 19859
5129 11103
5272 20724
5272 20771
5329 18908
5362 5822
5366 15557
5415 20763
5471 18696
5616 18945
5690 16261
5720 7290
5720 10293
5720 16907
5822 10988
5822 17671
5822 17761
5822 20765
5899 17932
5926 20748
5938 16236
5938 20748
6108 20776
6203 15505
6429 10293
6429 14417
6429 15875
6429 20746
6429 20774
6448 20749
6453 6779
6503 19970
6596 17867
6596 20683
6596 20727
6619 20774
6917 20756
6947 16261
7000 7071
7071 9896
7071 15875
7071 20284
7093 20747
7290 7944
7290 19989
7336 9896
7391 9152
7792 20750
8067 18945
8097 20748
8119 18082
8159 17322
8197 12356
8197 20770
8281 11418
8281 19303
9185 13061
9789 20781
9896 17495
9896 20750
9985 20572
9994 10846
10269 16770
10273 20739
10293 16907
10818 20770
10939 20740
11078 13061
11078 15505
11340 15753
11340 20747
11344 16743
11344 19064
11344 20440
12356 16984
12358 14492
13061 14906
13061 20753
13061 20778
13276 18070
13312 15113
13325 13361
14030 14903
14492 17027
14903 20722
14903 20754
14948 20744
14948 20751
15113 20442
15113 20736
15252 20764
15428 16905
15453 16984
15474 20779
15553 20758
15557 17890
15557 18855
15557 20284
15557 20772
15875 17495
15875 20768
16099 20767
16171 19533
16610 19970
16610 20762
16610 20763
16665 16802
16984 19970
16984 20748
16984 20752
16984 20768
16984 20769
16984 20770
17027 19116
17322 20442
17635 20755
17955 20747
18466 20419
18855 20761
19116 20345
19116 20773
19116 20778
20442 20766
20755 20759
