7 29
26 5247
28 17718
28 21029
29 713
42 93
42 20151
42 21027
42 21030
43 2762
64 11587
76 762
76 1818
76 12252
76 13016
76 20938
76 21031
88 20437
93 3158
103 1636
103 21037
108 2357
138 1255
138 2543
138 3910
138 5362
138 20151
138 20393
140 1636
140 18470
158 2934
158 12358
158 14597
158 16511
190 13240
218 1409
223 432
223 5247
226 5658
239 21038
246 1636
246 16349
248 20938
280 2767
280 16511
302 1413
302 5471
302 12896
370 20938
412 10117
412 20151
432 2533
432 13240
519 3195
536 2767
536 5065
536 7097
536 10409
546 4589
570 12896
577 12125
613 4589
613 10911
613 12253
621 15113
773 6503
837 15839
839 1702
852 5089
852 5720
852 16099
852 16436
922 12125
922 20430
1006 8613
1057 10117
1057 10409
1115 16212
1200 7924
1361 2762
1361 21025
1388 13485
1392 5099
1413 15252
1600 4187
1636 10409
1636 18087
1657 21040
1763 16936
1763 19299
1774 2762
1792 9958
1792 11779
1831 14906
1831 15299
1831 16933
1917 5415
1917 13735
2027 8784
2062 3624
2095 19546
2169 10409
2223 21046
2333 3984
2389 20968
2424 18466
2628 21044
2762 5143
2762 8363
2762 19617
2762 21036
2767 17955
2767 20393
2786 19533
2816 13016
2839 7093
3030 13016
3030 21003
3226 5616
3245 13735
3313 6947
3380 5616
3505 9309
3515 17718
3624 3785
3693 14677
3707 16436
3707 21046
3727 17718
3910 6429
3984 15113
4187 15970
4187 20151
4419 19529
4507 12358
4546 20938
4589 5272
4589 10911
4589 15282
4783 20911
4783 20968
4924 17932
5018 21040
5065 14906
5065 21045
5089 5690
5089 6947
5089 16436
5143 12358
5143 19617
5272 15525
5272 21035
5415 13735
5471 14767
5550 12252
5616 5649
5658 21039
5720 18087
5938 17811
5966 10846
5966 20938
6203 21047
6373 9423
6429 21042
6503 16830
6503 21031
6505 15970
6640 20442
6768 12358
6867 9423
6867 20938
6947 21046
7290 21034
7674 14767
7991 21000
8061 11580
8067 20220
8093 17718
8179 21047
8281 17072
8613 17692
8712 13735
8784 18617
8912 10117
9122 20349
9152 16658
9559 14597
9565 11241
9958 10760
10068 21026
10164 20627
10268 21046
10347 21016
10409 11751
10409 21042
10592 20761
10760 11779
10766 20938
10846 21027
10911 12253
10952 15240
11241 20938
11335 11580
11580 19951
11943 20413
12252 16695
12252 20938
12253 21034
12358 15823
12358 21046
12672 20856
13016 19970
13312 20151
14906 15299
14906 21045
15557 20220
15557 21034
15593 21045
15875 16639
15875 17692
15875 18920
15875 21041
15875 21044
16099 16436
16642 20989
16830 21031
16933 20462
16984 21028
17923 20349
18466 19970
18466 21028
18695 21032
19445 19669
19852 20442
19945 19970
20138 21038
20442 21033
20938 21043
21027 21030
