26 16099
28 519
28 4234
28 9896
42 3707
42 4589
42 10304
42 11797
48 14988
70 13533
73 390
73 6506
73 9109
76 559
76 2062
76 2762
76 5550
76 6596
76 19587
76 19801
76 21122
76 21134
88 1904
88 9809
88 20437
97 5468
97 16099
97 17420
97 19416
97 21127
108 3177
110 3592
110 7097
123 8974
126 16099
138 10304
138 13061
138 21131
153 3984
153 10061
153 13061
158 11048
184 3910
258 4507
258 21124
286 11048
315 2437
351 21127
351 21142
405 18811
455 21097
467 5593
508 3313
508 8712
519 2762
519 21131
528 20780
559 1521
572 8272
573 1877
573 9896
621 19801
621 19970
647 2389
659 13735
682 5272
682 14688
682 16723
773 20606
836 2437
837 21143
839 2027
839 5593
839 19587
852 21138
881 1604
968 9896
1006 16639
1057 2256
1058 8272
1058 12885
1060 20785
1106 10186
1244 3799
1247 19517
1365 2527
1390 8974
1390 15545
1390 21086
1392 21101
1563 21112
1636 2739
1636 2762
1636 7290
1636 21124
1636 21136
1687 11197
1877 3071
1877 9896
1879 4493
1904 2786
1904 6498
1917 7000
1922 5362
1922 15505
1972 13082
2019 21136
2027 3592
2027 17958
2027 18918
2027 19416
2027 21142
2062 19801
2062 21122
2169 6429
2169 21086
2223 4092
2256 2437
2256 16045
2256 21145
2489 21139
2527 2583
2529 21123
2583 15952
2669 3484
2731 16099
2739 3065
2762 6203
2762 15505
2762 19116
2762 20393
2762 21129
2767 21126
2934 15113
3313 21123
3313 21138
3405 21030
3484 7097
3484 17958
3484 21148
3541 7245
3624 9109
3639 10866
3707 10304
3707 21123
3727 16505
3910 5621
3910 9896
3910 11943
3910 13061
3984 20668
4059 11961
4092 5430
4135 11961
4187 20865
4187 21130
4193 15505
4216 9896
4234 10186
4234 21127
4507 21135
4507 21141
4536 5593
4783 21121
4924 21133
5089 16261
5119 10061
5272 10866
5455 13735
5468 21127
5550 15113
5593 6596
5593 18865
5593 19587
5616 10293
5720 10304
5720 13061
5720 18190
5720 21103
5720 21132
5720 21146
6189 13735
6203 21118
6373 11347
6373 20376
6429 11797
6498 9341
6629 21119
6781 13653
6781 15875
6800 21132
6810 10061
7290 10061
7290 21120
7391 11961
7464 21027
7855 20508
8067 11797
8093 12525
8093 19597
8197 15113
8601 18856
8712 21098
8974 21086
9152 18154
9152 20501
9299 20956
9466 21105
9573 21121
9809 13082
9896 15875
9896 18681
10061 10277
10061 13366
10293 20785
10592 20761
10966 21122
11048 15113
11048 20229
11529 13735
11779 15113
11779 21101
11779 21133
11863 17814
12252 20501
12253 21140
12358 21130
12385 21117
12482 18617
12525 19720
12643 18617
12885 21128
13061 21131
13298 14017
13707 18918
13865 19313
14988 18496
14988 20138
15039 15041
15041 21118
15113 19874
15168 21101
15282 15503
15468 21144
15474 20151
15875 19197
16099 21130
16298 19109
16322 17692
16526 21125
16540 20863
16836 17710
16984 20780
17196 21113
17545 21119
17587 21134
17761 21136
17955 20501
17968 20501
18038 21124
18126 21137
18466 20338
19116 21138
19587 21139
19801 21122
19829 21092
19878 21125
19952 20430
20284 20508
20508 21094
21030 21095
21106 21107
21143 21147
