2 837
2 14688
28 20968
42 76
42 546
42 1144
42 6373
42 17692
46 7443
76 17860
88 1255
88 1742
88 5658
88 21382
97 19763
108 19945
123 17427
138 2868
138 12421
138 17891
138 21398
138 21400
138 21419
153 6203
153 20927
153 21398
153 21404
158 4382
158 12421
158 14677
158 17268
158 21330
158 21394
158 21406
172 2324
196 20407
214 2868
214 14610
218 20910
253 6867
258 12770
258 17891
267 20968
318 2062
348 2583
354 6624
354 18687
412 6199
432 10461
507 21421
510 21382
528 5616
528 15039
546 1012
546 1144
546 4187
546 12770
548 4589
548 14906
570 2062
572 7397
577 2543
610 20676
613 1255
613 6199
613 21425
618 712
618 21414
618 21422
621 21398
634 20927
641 15039
659 21405
660 12770
762 1255
762 5478
762 21417
803 9789
837 6199
837 21406
839 9742
839 14937
852 3707
852 3910
852 5616
852 5720
852 6817
852 9309
852 18797
881 20151
891 5159
897 5658
898 18470
1012 6041
1041 5366
1045 21378
1058 20481
1115 1636
1115 1990
1115 4589
1115 13061
1115 21330
1125 2095
1125 16428
1144 1235
1144 20407
1144 21382
1200 17891
1200 21413
1206 2529
1206 6041
1235 4187
1235 5119
1255 1321
1255 1392
1255 21428
1268 8272
1365 2868
1369 1971
1369 19715
1379 5720
1390 1393
1392 15800
1393 2762
1393 14906
1393 16075
1422 12760
1636 2868
1636 4117
1636 4727
1636 8067
1636 8453
1636 14597
1636 16099
1636 21397
1664 14937
1742 21382
1763 5366
1763 13990
1763 14946
1763 17891
1794 21414
1813 21368
1824 7749
1836 20481
1836 21419
1879 3484
1879 9896
1917 6596
1917 9071
1917 19595
1917 20230
1971 21412
1972 12421
1972 14677
1973 5366
2027 2583
2057 18797
2095 3910
2111 12245
2122 19595
2158 3195
2158 17891
2223 21364
2389 14937
2529 18190
2541 20376
2543 18847
2583 4390
2583 5816
2583 6596
2583 17196
2663 6984
2762 16236
2767 4634
2786 5373
2786 11066
2786 16554
2786 17159
2868 3313
2868 3799
2868 5100
2868 5366
2868 7290
2868 19251
2868 21407
3313 3910
3313 11851
3322 21427
3405 17437
3484 17095
3707 21378
3799 21406
3910 6817
3910 8093
3910 10068
3910 20481
3935 20798
4011 21418
4031 19763
4113 17640
4113 21416
4117 21426
4135 12125
4135 12421
4187 17196
4187 21406
4216 20575
4248 21389
4382 17891
4382 18105
4390 6596
4390 17196
4536 21400
4589 21397
4634 17891
4727 5616
4727 7516
5012 6429
5012 15875
5065 5929
5065 10347
5065 12125
5065 14948
5065 16236
5065 16937
5065 20927
5065 21401
5119 17268
5119 21420
5119 21425
5159 15503
5270 21419
5270 21424
5272 5616
5272 6199
5272 8666
5272 16236
5272 21413
5329 21367
5362 18274
5362 20938
5362 21418
5366 18190
5366 18319
5366 20442
5373 17159
5468 21382
5479 18821
5501 7290
5616 5720
5658 21382
5702 17866
5702 17955
5720 12358
5720 15388
5720 16075
5720 18190
5720 20740
5720 21413
5720 21414
5859 18190
5938 17437
5938 17465
6041 12358
6199 21423
6203 17866
6205 20885
6373 14610
6373 16971
6373 20376
6429 9896
6429 15557
6429 21400
6429 21414
6429 21422
6596 14677
6596 21086
6624 21122
6767 20938
6817 16075
6817 20481
6867 10198
6867 20376
6867 20407
6984 13889
6984 14748
7290 14677
7290 16099
7290 17891
7398 8472
7516 14597
7547 17427
7749 20284
7749 21122
7801 21394
8061 21415
8197 18512
8197 21256
8297 11383
8494 17640
8494 21399
8567 10347
8798 21411
9245 14906
9425 15800
9896 10068
9896 12358
9896 17545
9896 20284
9896 21406
10018 19189
10191 21294
10198 10366
10347 12421
10347 14677
10347 16937
10766 21382
11340 21389
11340 21394
11592 15174
11779 20938
11779 21282
11836 12770
12125 16937
12245 20777
12358 16907
12435 16206
12770 14002
12885 17891
13061 21330
13088 21058
13157 14906
13566 19753
14017 21391
14017 21402
14158 16750
14767 15875
14906 21397
14906 21398
15012 17891
15012 21398
15168 18681
15240 21300
15472 20927
15474 21227
15474 21364
15661 21227
15683 21330
15764 21411
15875 17095
15875 17437
15875 17465
15875 17545
15875 21417
15891 21395
16236 16984
16294 21373
16639 19213
16933 20430
16992 19688
17047 20241
17151 21413
17437 17465
17661 18319
17661 21411
17811 21122
17825 21383
17891 17955
17891 20481
17955 21394
17955 21409
18466 19763
18466 21417
19189 21086
19422 19595
19715 21408
19723 21330
19945 21398
20284 21419
20442 21396
20573 21343
21086 21414
21227 21364
21294 21389
21343 21403
21364 21410
