0 2472
2 1561
2 1972
2 2256
2 2447
3 1006
7 96
7 170
7 1958
12 1788
12 2297
12 2473
12 2485
19 76
19 158
19 1831
19 1894
19 2277
19 2457
26 48
26 325
26 570
26 781
26 1255
26 1980
26 2214
29 76
29 810
29 1561
29 1972
29 2191
29 2350
30 76
30 90
30 153
30 336
30 382
30 461
30 506
30 580
30 703
30 1036
30 1361
30 1565
30 2158
30 2297
30 2457
30 2484
30 2485
37 1972
37 2469
42 892
42 1268
42 1980
42 2480
43 90
43 239
43 859
43 1615
43 2191
43 2319
43 2457
48 100
56 1561
60 682
60 1831
68 1742
72 1793
73 121
74 729
74 773
74 1894
75 204
75 539
76 158
76 432
76 682
76 1554
76 1763
76 1816
76 1929
76 2158
76 2223
76 2319
76 2422
76 2457
79 349
80 196
80 2466
80 2481
84 670
84 810
84 1917
84 2282
90 267
90 810
90 1205
90 1793
90 1917
90 2350
90 2408
90 2457
96 2462
97 188
102 461
102 2052
102 2468
103 2460
118 1169
120 2223
124 336
124 570
128 451
128 1177
133 2118
140 432
145 1255
153 370
153 461
153 1392
153 2122
158 286
158 391
158 1268
158 1806
158 2191
158 2459
162 2205
166 682
166 1561
166 1994
170 370
172 1214
172 1529
172 1980
175 846
175 2389
175 2406
175 2423
184 204
185 2483
196 336
196 461
196 703
196 1002
196 1763
196 1995
199 1972
204 1057
206 2472
226 2158
235 546
235 781
235 2480
238 348
238 1793
239 2130
258 1256
267 570
267 781
280 907
285 691
286 999
286 2191
289 2234
302 810
312 852
315 370
315 610
315 621
315 1839
330 461
330 539
330 1002
336 729
336 1470
339 1768
339 2468
348 1572
348 1793
348 2406
348 2471
351 1321
351 1381
351 1458
351 2470
354 432
356 1140
356 1636
356 1816
370 570
370 621
370 2122
370 2158
374 851
379 2428
388 2319
391 736
391 2122
391 2459
391 2482
408 1793
411 1753
411 2255
434 1572
446 1985
455 1335
455 2475
455 2483
461 1148
461 1413
461 1753
461 1831
461 2319
461 2457
461 2467
536 2057
539 546
539 771
539 1006
539 1148
539 1268
539 1563
539 1661
539 1753
539 1768
539 2019
539 2446
539 2467
539 2468
546 1413
546 1732
546 1768
563 881
563 2191
568 2459
570 810
570 852
570 968
570 1255
570 1268
570 1413
570 1456
570 1972
570 2234
570 2469
573 2480
603 907
610 1985
621 1615
621 2118
621 2191
621 2274
621 2484
659 1894
668 1197
668 1413
670 789
670 2472
678 2486
682 1831
682 1861
682 2148
682 2191
682 2457
691 1206
694 2483
703 1763
729 781
729 1268
729 1646
729 2191
729 2234
729 2239
729 2457
729 2480
729 2484
735 2472
735 2474
760 1615
781 1243
781 1732
781 1917
781 2480
810 1917
839 928
839 1615
839 1793
852 1206
852 1256
852 1381
852 2057
852 2132
852 2177
852 2488
859 1255
859 2463
881 1742
892 1057
898 2388
907 1644
907 1831
907 2283
922 1333
922 1992
928 1366
928 1793
948 968
948 1724
948 1980
948 2412
948 2445
948 2463
963 2484
968 2412
1002 1753
1002 1929
1002 2122
1002 2254
1002 2467
1006 1268
1020 1615
1036 1572
1036 1763
1036 2406
1036 2471
1057 1255
1057 1268
1057 1753
1057 2254
1057 2458
1164 1529
1186 1894
1198 2254
1205 2350
1206 1456
1206 2191
1214 1877
1223 2471
1226 1742
1242 1787
1242 2319
1243 1561
1255 1413
1255 1437
1255 1831
1255 2191
1255 2239
1255 2282
1255 2307
1255 2422
1256 2057
1256 2469
1256 2477
1268 1753
1268 2191
1268 2489
1292 1359
1300 2459
1333 2254
1335 1661
1335 1818
1404 2319
1413 1646
1413 1753
1413 2191
1413 2457
1413 2459
1413 2482
1422 2483
1510 1742
1529 2255
1540 2482
1554 2191
1555 2446
1572 2191
1615 1774
1615 1958
1615 2412
1622 1661
1644 1985
1644 2488
1646 1732
1646 2239
1646 2282
1652 1742
1661 2102
1661 2487
1675 2052
1680 2472
1732 1972
1732 2062
1742 2158
1742 2191
1751 1788
1753 1972
1763 2457
1768 2279
1779 2256
1793 1917
1793 2319
1796 2465
1812 1962
1816 2132
1831 2191
1831 2457
1877 1980
1877 2445
1877 2457
1877 2480
1929 2479
1972 2158
1972 2191
1988 2122
1992 2254
2009 2476
2052 2057
2052 2214
2052 2215
2052 2464
2052 2468
2057 2422
2118 2272
2132 2466
2158 2445
2158 2473
2191 2408
2234 2457
2254 2374
2254 2380
2254 2429
2255 2445
2277 2489
2283 2484
2319 2458
2406 2472
2411 2457
2412 2478
2428 2466
2460 2461
2469 2477
2473 2480
