26 2582
28 3910
28 17853
42 2582
42 21542
76 221
76 2111
76 21474
110 3049
110 3484
110 20508
110 21527
128 2582
128 10068
138 1413
138 11587
138 19157
138 21506
151 16327
153 3226
153 4589
153 5366
153 10258
153 14017
158 4585
158 11228
158 11779
158 21187
158 21538
196 21537
201 2582
204 5362
206 3049
221 1214
315 610
315 2111
315 9152
315 21382
338 21527
370 16664
410 2582
410 21531
412 17172
432 6623
528 15039
546 2582
546 17891
577 5065
610 19189
618 15557
621 16327
659 2762
682 14062
712 11340
712 15163
712 16373
773 2111
773 21382
839 15113
839 17545
839 21538
852 9309
857 21527
881 2095
881 2582
881 3910
881 21516
881 21523
881 21541
1002 4727
1002 6189
1012 2762
1012 17172
1106 3381
1106 11214
1115 16242
1144 2762
1144 7399
1200 21544
1361 21521
1392 5530
1413 13844
1413 14062
1413 15505
1413 17891
1413 21522
1413 21530
1510 21510
1604 17955
1661 20800
1763 17853
1804 11066
1877 21177
1879 3405
1879 3727
1922 15973
1922 18038
1972 21086
1972 21294
1973 20800
2027 11066
2095 2762
2095 3065
2095 3910
2095 4187
2156 2582
2158 2582
2223 10636
2223 21520
2256 19189
2286 21187
2324 4589
2324 16281
2389 17545
2389 18918
2389 20958
2437 11351
2437 13844
2437 21180
2529 4585
2529 21528
2582 5127
2582 5363
2582 8067
2582 8099
2582 13913
2582 19983
2583 11529
2692 16327
2692 20557
2762 5119
2762 5550
2762 5560
2762 5616
2762 5720
2762 7699
2762 9536
2762 14906
2762 17172
2762 17891
2762 19983
2762 21540
2767 13061
2786 5270
2786 11066
2786 21474
2943 4585
3030 16184
3030 21501
3041 6107
3065 15505
3152 6548
3158 20508
3195 18918
3313 14062
3381 10596
3381 17414
3707 13485
3707 17891
3727 17718
3882 10596
3910 10068
3935 20798
4234 14062
4536 14407
4585 9323
4589 5366
4589 15987
4589 17671
4589 21542
4670 13844
4727 5366
4771 6623
4783 15113
4839 19983
4924 21529
5065 15163
5065 16327
5065 17891
5089 11587
5089 16436
5119 5362
5125 14903
5125 15168
5125 17671
5272 12358
5272 21530
5272 21534
5362 13061
5362 18173
5366 21526
5366 21530
5430 16798
5468 21544
5615 21540
5616 17172
5720 10808
5720 21534
5720 21542
6107 19627
6373 7399
6373 16664
6373 20938
6373 21532
6429 15557
6596 16327
6779 21526
7006 17420
7006 21538
7186 18547
7290 15557
7290 21545
7399 9152
7690 15636
8061 20135
8093 17853
8197 19627
8197 21474
8197 21527
8272 21530
9152 21525
9425 11779
9649 16601
10040 21441
10068 11078
10068 17853
10293 11214
10818 21419
10889 19292
11061 15557
11061 15683
11066 17420
11066 18617
11066 21474
11078 14906
11228 11779
11340 16373
11340 17955
11344 14771
11344 16327
11344 21536
11529 15472
11644 21519
11779 13279
12713 13032
12876 17853
13061 18821
13279 17955
13990 15108
14062 15067
14326 21294
14492 15398
14903 21536
14906 17955
14906 19983
15113 15875
15168 21539
15398 21545
15505 21530
15557 16984
15875 21546
16099 19294
16233 21402
16233 21521
16327 16349
16327 19116
16554 18137
16610 17316
16731 21524
16984 21382
16984 21532
16984 21546
17047 20241
17316 17692
17420 21177
17420 21474
17545 20958
17891 19422
18038 21535
18811 21533
19116 19189
19116 21530
19147 19292
19189 21543
20442 20619
21294 21529
