14 4187
26 153
28 76
29 48
30 3158
42 2582
42 3638
46 1255
48 8363
73 97
74 8363
75 577
76 18681
76 21609
110 2472
110 5065
110 16601
117 16632
117 21622
138 2783
138 3910
138 5720
138 8411
138 13061
138 21609
153 2783
158 196
158 3456
158 9147
158 10268
158 19189
158 21607
162 762
162 10293
162 21613
172 2472
172 21599
178 8197
196 4924
196 14042
196 15474
196 19189
253 2979
258 9152
259 6852
370 3177
383 2095
412 8484
412 19189
412 21606
423 20321
432 1880
461 3799
536 2158
536 2361
539 2582
572 16099
573 21633
577 762
577 2156
577 19950
577 21612
577 21621
641 3910
712 6429
712 19189
897 1271
897 2191
897 7646
897 11340
950 4382
950 13061
1002 2582
1012 2783
1028 2582
1028 2783
1028 12686
1028 21358
1057 16770
1106 3638
1115 12434
1177 11587
1177 21631
1198 1392
1198 1413
1198 11751
1198 15505
1198 21630
1256 1779
1256 2783
1256 3313
1256 5720
1298 21608
1361 13574
1365 1812
1365 6852
1390 14906
1390 18251
1392 9888
1392 15113
1392 20388
1393 1812
1393 3307
1413 2885
1636 5362
1636 18607
1636 21610
1657 17891
1763 21472
1812 21622
1818 4783
1818 18681
1831 3910
1831 5706
1831 10690
1831 19164
1831 21606
1831 21636
1857 21619
1908 7944
2095 2223
2095 21496
2158 2428
2158 2582
2191 2783
2191 6189
2223 5119
2223 8887
2223 21496
2223 21611
2361 2428
2389 4419
2428 2582
2428 19164
2437 14653
2472 5065
2489 20508
2562 21546
2582 2762
2583 21627
2739 5493
2762 9168
2762 20915
2771 9317
2783 6852
2783 9888
2783 12434
2783 13017
2783 16984
2783 21625
2862 9257
2885 3799
2885 15168
3203 18607
3239 21610
3307 3707
3307 16099
3381 17708
3484 19595
3636 21629
3638 7290
3648 18681
3910 5621
3910 9888
3910 10293
3910 13061
3910 16592
3950 5616
4011 17903
4092 19164
4141 21635
4187 17254
4187 21575
4234 13061
4507 18251
4536 19189
4589 13574
4783 20938
4839 5065
4839 21496
4924 14042
4924 15168
4924 21394
5049 21609
5049 21633
5065 6203
5065 13574
5065 17903
5065 18574
5065 20403
5065 20938
5065 21616
5065 21617
5065 21628
5119 17814
5141 18681
5270 8363
5272 16099
5272 19189
5353 20938
5362 16632
5362 17015
5366 21599
5415 9245
5468 18681
5479 21632
5616 11644
5720 6810
5720 9888
5782 21635
5831 21625
5935 21629
6189 6782
6203 17903
6203 21625
6373 11961
6382 12760
6429 21545
6429 21604
6640 19109
6810 16099
6810 20151
6810 21626
7097 8197
7290 21545
7399 21623
7674 21575
7749 7826
7801 9317
7953 10636
8119 11961
8197 18251
8197 18512
8197 19595
8197 20284
8197 21609
8272 15921
8364 12923
8411 21609
8484 14906
8979 12136
9147 10268
9147 21086
9152 21637
9888 15113
9888 21615
10006 21606
10268 16099
11214 20388
11214 21563
11340 16472
11344 19229
11751 15505
11779 19109
11779 21616
12125 21581
12252 21637
12434 13061
12525 13061
12885 16017
12923 17254
13046 19715
14042 20442
14653 18466
14948 21614
15079 15448
15168 15505
15168 17891
15168 21394
15505 19520
15505 21630
15875 21546
16099 18681
16099 21511
16099 21566
16472 21622
16596 21620
16632 21622
16803 20490
17322 21294
17692 21561
17708 21634
17814 17891
17955 18142
17955 21294
17955 21618
17955 21637
18354 21575
18451 21294
18466 21624
19116 21623
19189 21607
19945 21578
19951 21558
20151 21626
20284 21578
20284 21599
20442 21394
20565 20938
21126 21575
21227 21267
21294 21571
21294 21637
21306 21582
21337 21429
21490 21599
21493 21637
