26 21769
28 76
28 3910
28 8298
28 10293
29 76
29 5981
29 7399
37 4058
42 21768
48 1990
74 20591
76 1255
76 6429
76 8298
76 13533
83 18847
84 18687
97 1255
97 21753
110 3935
110 18617
110 20388
110 21764
133 21382
134 15921
138 20388
153 2783
158 1255
158 9851
184 3749
196 10846
258 5362
258 10641
258 12358
258 17891
280 3692
280 4866
298 4589
315 4234
315 6429
318 21382
370 7399
407 1636
412 881
412 5272
412 11103
412 13555
412 18122
412 19026
412 21750
412 21751
418 4419
434 762
434 2529
461 8124
477 19911
503 15168
511 539
610 14955
613 2256
613 21747
618 7097
618 12125
618 21698
621 19026
659 2762
659 4126
659 16933
659 17682
736 12298
773 13240
839 1879
852 2057
852 10068
857 17420
881 5615
881 21738
1002 1097
1006 17753
1041 21740
1057 15709
1057 16099
1058 5816
1097 15875
1106 11228
1144 21770
1193 2086
1199 2650
1199 21756
1200 13533
1200 21740
1206 5100
1214 2489
1255 5270
1255 5468
1255 16984
1361 1636
1361 2256
1361 2767
1361 4589
1361 6189
1361 16770
1361 19026
1361 21734
1365 2529
1390 5362
1390 6189
1390 7073
1393 17432
1421 17867
1517 10061
1636 2256
1636 2582
1636 5141
1636 8625
1636 21752
1709 18862
1763 19109
1763 19116
1763 21765
1763 21768
1763 21770
1807 15720
1831 17682
1877 20938
1877 21759
1908 15921
1917 17212
1977 17692
1985 5621
1985 16592
1995 17692
2027 3592
2057 3313
2057 5720
2102 20388
2111 7399
2223 5065
2223 5725
2223 18007
2223 20687
2240 16500
2256 2582
2256 2783
2256 5366
2256 8298
2256 21772
2333 21739
2389 16580
2434 5362
2529 5720
2529 21740
2582 9168
2617 19298
2627 21740
2762 4589
2762 6429
2762 8197
2762 10018
2762 11103
2762 14906
2762 15505
2762 21771
2783 3882
2783 20199
2783 21748
2786 11066
2919 17836
3030 6503
3041 21764
3065 4193
3239 6769
3313 16615
3361 19911
3361 21758
3401 5366
3405 16580
3405 20421
3484 6429
3484 15875
3484 18862
3624 18748
3707 10293
3910 9888
3910 10293
3947 21747
4011 15039
4092 21743
4117 5362
4126 21737
4135 12125
4187 5362
4187 21747
4193 17814
4193 17891
4193 21245
4419 20421
4536 5816
4536 19445
4589 4924
4589 16770
4783 10641
4783 21756
4924 21741
4924 21755
5038 21761
5065 6619
5065 15039
5065 15549
5065 18574
5065 21738
5065 21746
5065 21759
5065 21763
5089 8409
5089 21726
5100 13533
5100 17135
5125 10268
5125 15921
5141 13578
5141 14771
5141 17728
5141 21121
5267 19970
5272 18274
5272 21745
5272 21766
5362 5649
5362 6189
5362 10641
5362 14906
5362 15108
5366 6323
5366 21752
5468 21756
5550 6373
5720 7769
5720 8712
5720 17682
5816 17761
5816 19445
5822 13735
5822 17469
5948 21739
5981 8197
6189 13533
6203 9152
6203 21712
6203 21741
6373 20938
6429 8124
6429 20388
6503 21382
6619 15039
6619 15549
6779 21738
7071 17655
7109 19301
7290 21545
7399 19292
7769 8197
7991 16327
8061 12298
8124 20388
8159 19301
8197 8632
8197 20421
8347 21522
8363 13533
8409 16615
9152 20577
9152 21765
9168 18122
9379 9469
9851 10520
9888 13533
10068 21751
10641 15108
10641 15299
10641 18429
10818 21739
11066 20926
11340 21765
11779 20938
11998 15108
12233 18081
12885 16770
13425 21749
13578 17728
13578 18260
13656 20388
13959 15921
13967 21762
14042 21755
14158 18809
14158 21747
14213 15921
14918 15921
14948 21364
15075 20938
15505 17891
15539 17692
15675 15875
15819 21733
15875 20421
15875 21767
15875 21774
16090 21744
16276 19292
16298 17322
16554 21760
16615 21309
17692 21740
17718 19026
17853 21748
17891 21245
17955 19116
18466 18862
18617 21757
18748 21382
19116 21744
20494 21738
21121 21760
21618 21754
21622 21750
21741 21742
21767 21773
