0 236
0 570
0 1214
0 2158
0 2255
2 61
2 406
2 771
2 2378
2 2456
2 2491
3 2396
4 383
4 1057
4 2316
7 73
12 238
12 618
12 1793
12 2255
19 682
19 771
26 810
29 30
29 98
29 771
29 2158
29 2360
30 76
30 98
30 120
30 383
30 440
30 461
30 592
30 771
30 839
30 1036
30 1582
30 1763
30 1877
30 1994
30 2158
42 73
42 948
42 1658
42 2506
42 2516
43 810
43 1253
43 1283
43 1359
43 1753
46 682
46 1381
46 1413
46 2407
46 2472
60 2316
61 190
61 771
61 2478
73 153
73 158
73 286
73 315
73 406
73 461
73 539
73 712
73 1012
73 1103
73 2131
73 2223
73 2255
74 2501
75 539
75 618
75 2131
75 2370
76 771
76 1283
76 1458
76 1691
76 1948
76 1973
76 2057
76 2469
76 2491
76 2498
80 1283
83 95
83 98
83 618
83 1877
83 2111
84 1177
84 2364
88 1298
88 2511
90 461
94 410
95 1177
95 1469
95 2509
95 2515
97 2191
98 339
98 2297
109 570
121 1469
121 2131
123 1491
128 2131
132 461
132 2254
133 2118
133 2515
135 1732
140 236
140 2423
145 2277
153 374
153 1256
153 1973
153 1992
158 565
158 729
158 1469
158 2131
158 2469
158 2495
158 2513
172 836
172 1214
172 1793
172 1980
172 2158
172 2478
184 2340
184 2496
185 2483
190 948
190 1232
190 1646
190 2158
190 2309
196 315
196 1600
196 1812
196 2131
196 2297
196 2511
206 682
206 771
206 2445
218 410
235 805
238 1788
238 1793
238 2324
238 2485
249 682
267 1732
280 536
280 641
280 1177
280 2052
280 2318
280 2355
280 2455
280 2499
280 2519
286 803
286 1115
286 2052
286 2455
286 2504
287 948
287 1646
289 2128
289 2131
289 2509
289 2512
295 2360
302 2490
312 461
312 852
312 2223
312 2422
315 610
315 1364
315 1812
315 1985
315 2158
315 2223
325 406
348 1793
348 2358
351 1458
370 1179
374 446
374 536
374 1561
383 1256
383 2124
391 1268
397 1177
406 539
410 475
410 694
410 729
410 852
410 873
410 1271
410 1377
410 1458
410 1644
410 1691
410 1787
410 1807
410 1905
410 1973
410 1992
410 2215
410 2223
410 2411
410 2472
410 2502
410 2507
432 1691
433 1877
434 451
434 682
434 1256
434 1807
434 2128
434 2469
434 2521
440 1561
442 2215
446 1561
446 2223
455 1205
455 2223
455 2493
455 2519
460 570
460 1255
460 1268
461 729
461 948
461 1256
461 1298
461 1510
461 1540
461 1753
461 1845
461 1877
461 2126
461 2131
461 2148
461 2254
461 2340
461 2384
461 2445
490 1561
492 1140
493 810
501 1255
501 1644
502 2496
506 729
518 682
518 1256
518 1359
536 2355
539 771
539 1214
539 1268
539 1753
539 2126
539 2297
539 2370
539 2396
540 565
565 1283
565 1298
565 2131
565 2469
565 2510
570 824
570 852
570 1845
573 1561
610 1763
610 1985
613 682
613 974
618 1364
618 2111
618 2501
634 852
668 1735
682 686
682 1253
682 1256
682 1359
682 1379
682 1381
682 1747
682 1787
682 2118
682 2131
682 2297
682 2503
682 2522
682 2523
686 771
686 1540
691 1206
712 2297
712 2501
729 852
729 1179
729 1753
729 2131
729 2148
729 2299
729 2514
729 2517
760 1179
762 2100
771 948
771 1256
771 1510
771 1646
771 1753
771 1971
771 2158
771 2472
771 2496
785 1283
788 810
802 2519
805 1366
805 2502
805 2503
810 1268
810 1917
839 2445
852 1206
852 1381
852 1717
852 1787
852 1807
852 1985
852 2057
852 2064
852 2128
852 2148
852 2411
852 2488
852 2491
852 2521
859 1006
873 1283
873 2374
879 1256
892 1036
892 1364
892 2297
907 1644
907 2283
948 1232
948 1980
948 2472
1002 2370
1031 2396
1036 1179
1036 2131
1036 2516
1041 1985
1048 1753
1048 1793
1054 2124
1057 2131
1086 2422
1115 2512
1140 1177
1140 2491
1140 2495
1179 1763
1186 2139
1198 1268
1205 2128
1206 1787
1214 1753
1214 2158
1232 1784
1242 1753
1243 1561
1255 1298
1255 1646
1255 2131
1255 2469
1255 2517
1256 1807
1256 2139
1256 2148
1256 2283
1256 2488
1256 2492
1265 1985
1268 1948
1268 2019
1268 2318
1268 2324
1268 2370
1268 2396
1271 1691
1283 1359
1283 1787
1283 2520
1298 1735
1298 1793
1304 1917
1335 2455
1359 1600
1359 2297
1361 2131
1369 1793
1369 2126
1369 2396
1377 1992
1417 2508
1422 2234
1441 2139
1458 2223
1469 2515
1510 1540
1545 2126
1561 2223
1572 2463
1600 2223
1615 1958
1636 1784
1636 2472
1644 1985
1644 1992
1646 1763
1646 1864
1646 2358
1646 2511
1658 1877
1658 1971
1667 2131
1724 2277
1732 2158
1751 1985
1753 1779
1753 1793
1753 1917
1753 2126
1753 2131
1753 2158
1753 2318
1753 2324
1753 2499
1763 2492
1778 2500
1779 1917
1784 1807
1785 2495
1787 2511
1793 2052
1793 2445
1804 2505
1807 2128
1807 2254
1807 2521
1817 2494
1877 1971
1879 2472
1882 2472
1894 2139
1908 2254
1908 2514
1917 2126
1917 2309
1966 1972
1971 2027
1971 2158
1971 2255
1972 2062
1973 1985
1973 2256
1980 2052
1980 2158
1980 2506
1985 2057
1985 2493
1985 2513
1992 2223
1992 2254
1992 2472
1995 2139
2027 2407
2052 2057
2052 2499
2057 2148
2057 2488
2064 2491
2070 2316
2086 2309
2111 2501
2128 2254
2128 2492
2128 2521
2131 2455
2139 2488
2158 2318
2158 2478
2191 2272
2203 2324
2255 2324
2258 2297
2277 2489
2283 2484
2297 2501
2318 2340
2318 2499
2358 2406
2360 2511
2416 2511
2428 2499
2490 2497
2516 2518
