3 2158
7 14677
28 5270
28 19041
29 16099
42 4187
42 8411
42 15453
42 22035
73 15982
76 4234
76 15299
76 16554
76 16770
79 1600
83 2816
97 4392
97 8298
97 17969
97 19533
103 1972
110 3592
110 6107
110 9676
110 20635
158 5329
162 163
163 1917
163 5501
172 3592
172 20994
186 2045
186 15299
186 19041
196 1972
199 15299
206 20994
258 3984
258 4507
385 762
432 15299
461 2582
461 3368
490 2694
536 1812
536 22041
577 2284
577 22027
659 18607
659 19546
659 22042
762 3368
762 9888
762 17427
774 11103
839 3541
839 16664
839 18687
852 1365
852 5089
852 5690
852 6947
852 11679
879 14955
904 3764
1041 15108
1057 11214
1057 12444
1057 22027
1058 1198
1106 15299
1144 17322
1148 15505
1185 3313
1185 5089
1185 11679
1185 19507
1198 2111
1198 5362
1198 6619
1198 14631
1255 2158
1361 18198
1392 2095
1392 7792
1392 22035
1393 17427
1413 7290
1413 22040
1540 22045
1636 18736
1636 19271
1726 6596
1794 4822
1794 6429
1794 19189
1875 13514
1877 15211
1877 20958
1879 22030
1922 6896
1972 22028
1972 22037
2086 10203
2095 8197
2095 21221
2192 8613
2284 2399
2284 8197
2650 18681
2748 3910
2756 6947
2762 5043
2762 8981
2762 14631
2762 18736
2783 6650
2795 16322
2845 10429
2845 15982
2930 3984
2934 10596
3065 15448
3239 19271
3313 5089
3313 5690
3313 11679
3368 15720
3368 22047
3484 12370
3487 22034
3545 6339
3545 7190
3592 4370
3592 17545
3648 16554
3648 22029
3707 11679
3910 6817
3910 8093
3910 12876
3910 21265
3984 15156
4011 15448
4031 16554
4092 15039
4113 7186
4159 12922
4179 5065
4187 5329
4187 15453
4187 20151
4187 22035
4234 5141
4234 11912
4234 19422
4392 6503
4392 22038
4507 21298
4536 19189
4536 22044
4546 14007
4727 21770
4771 20750
4839 7534
4839 9586
4860 8068
5021 12444
5119 15549
5119 21770
5144 21265
5362 15287
5362 15505
5362 20411
5362 22040
5554 21062
5929 21062
6203 15039
6203 15549
6203 19271
6203 20848
6339 7190
6339 16051
6339 20921
6429 8608
6429 10596
6429 11343
6429 15720
6429 19189
6429 21221
6448 7792
6448 8712
6576 20750
6596 22044
6817 18736
6945 8298
7186 19629
7290 14631
7290 15108
7534 18190
7658 19970
7749 21770
7801 20411
7947 13686
8068 14677
8068 15941
8093 21642
8124 22023
8197 13943
8298 18260
8515 16993
8608 19189
8608 19849
8712 22046
9152 22024
9168 11242
9168 22048
9425 21255
9676 21666
10273 22049
10596 16540
11779 19970
11779 22043
12245 19041
12245 21121
12370 21666
12876 13061
13653 19849
13686 21622
13735 15448
14906 15453
15039 17955
15156 18038
15453 22035
15505 22035
15875 18687
15875 20635
15875 22035
16298 18007
16322 21800
16554 22029
16560 21071
16963 20958
17625 19422
17761 19271
17761 20403
17761 20770
18031 22031
19189 21086
19318 21939
19422 22023
19422 22033
19546 22013
19945 19970
20411 21621
21062 21657
21071 22024
21121 22038
21642 22036
21939 21991
21991 22032
22002 22039
22035 22050
