26 1402
28 3910
73 10429
76 6373
76 6503
76 18271
88 18862
110 4193
138 22161
156 1058
156 1917
158 16617
196 634
201 4234
201 21280
259 7708
311 15683
315 20437
318 21121
412 20151
436 577
455 15067
549 2366
577 2724
610 4059
613 16103
634 1792
634 16560
729 22194
736 1144
736 22033
762 2762
837 22178
839 2770
839 10198
839 15453
852 1185
852 3707
881 19518
891 2437
891 16943
1006 19587
1039 22184
1058 20151
1058 22186
1065 6429
1065 16592
1115 15683
1126 22189
1144 16364
1185 3313
1185 20976
1359 17730
1365 2770
1393 22161
1413 18038
1413 22188
1636 22191
1657 22157
1763 22163
1804 3592
1917 6373
1990 9309
2019 2770
2019 22191
2199 22104
2223 3485
2223 22177
2256 22174
2583 10198
2583 20151
2650 5215
2762 3984
2762 14906
2762 15474
2762 22193
2767 20388
2770 5362
2770 11214
2770 15453
2771 22197
2783 6429
2783 6650
2957 10036
3030 8363
3239 22149
3313 20976
3380 5616
3405 6503
3545 22096
3636 16943
3636 17730
3648 8363
3707 15255
3764 7534
3799 22192
3799 22195
3910 12876
3910 14323
3910 16753
4011 22033
4092 14906
4242 22178
4536 6429
4536 14906
4536 20558
4546 20938
4650 22196
4860 14677
4866 22188
5119 6448
5119 22164
5119 22192
5125 5362
5125 13298
5141 21760
5270 18862
5362 8197
5362 13298
5362 21376
5362 22150
5362 22161
5649 22144
6203 14906
6203 22161
6203 22172
6225 11103
6225 20853
6373 10198
6373 16560
6429 10036
6429 13514
6429 20388
6429 22161
6500 22157
6503 9407
6503 10293
6596 15557
6867 15113
7690 14948
7690 22174
7749 22054
8370 22167
8494 22176
8735 22187
8981 17145
9425 20853
9789 22183
9888 20976
10027 21205
10198 16560
10273 22188
10420 17692
10592 17322
10592 20968
10789 20388
11164 17955
11779 20437
11943 17145
12319 22164
12358 15299
12358 16716
12358 22161
13016 21760
13280 21162
13280 22164
13844 15448
14903 21141
14903 22183
14906 22161
14906 22168
14906 22188
14948 22180
15067 15557
15067 20411
15067 22160
15240 22195
15453 22181
15472 22185
15505 22190
15698 22168
16349 20976
16349 21621
16592 22195
16753 20388
17145 21086
17635 20169
17867 22188
17968 18198
18038 22188
18862 19533
19116 21621
19587 20014
19607 22179
20481 20912
20654 22150
20869 22182
21417 22104
21417 22186
21507 21896
22032 22180
