7 577
12 1058
12 1792
12 3368
12 8197
12 21666
26 1402
26 16667
26 20250
28 736
28 7334
28 22202
28 22225
42 1198
42 3405
42 6373
42 10198
42 22204
56 13162
70 6498
73 5468
76 7334
76 8363
76 9809
88 97
110 2324
110 12643
110 19962
110 21876
110 22214
110 22219
138 21319
138 22202
138 22217
158 736
158 1144
158 1515
158 18109
158 20753
168 1636
258 8197
405 573
405 15875
412 19241
412 22048
412 22198
412 22204
455 15067
461 21328
467 12358
467 22211
536 11103
536 19241
546 22198
618 21545
621 14677
641 3910
641 20462
762 5692
762 6498
762 7991
796 22202
839 1057
839 2650
852 3910
852 22216
852 22218
881 17730
882 2650
882 13735
882 16770
897 6498
963 20250
968 22213
1002 21319
1058 22217
1060 22227
1106 1144
1106 22204
1115 15309
1115 19420
1115 20753
1144 5100
1144 21502
1144 22217
1185 16753
1268 3110
1361 15067
1361 22175
1392 22217
1393 22217
1636 12358
1636 15113
1636 20346
1636 22204
1636 22207
1717 3707
1742 8363
1788 3166
1788 8688
1792 6498
1818 15875
1917 22198
1917 22224
2102 7311
2102 22209
2204 15503
2223 16753
2223 19420
2223 21958
2223 22202
2223 22204
2223 22208
2223 22215
2284 10186
2307 21328
2324 3405
2324 14755
2451 3756
2529 22216
2583 16017
2650 22210
2650 22224
2670 22217
2739 21328
2756 18190
2762 4092
2762 13280
2762 18484
2762 22226
2783 2957
3041 21876
3107 6373
3123 15875
3171 15240
3171 20067
3313 6947
3313 22223
3405 21967
3636 22205
3707 7760
3707 13154
3707 18109
3707 21309
3749 22226
3799 19121
3882 10596
3910 5720
4092 8197
4092 22217
4390 11779
4536 8068
4536 22227
4589 22200
4765 22203
4839 15240
4839 22217
4839 22226
4855 21760
4924 17713
4924 22212
5012 17692
5012 22204
5089 14323
5215 20971
5468 9977
5616 19241
5672 22211
5706 22207
5720 18109
5966 16270
6203 17713
6225 20472
6373 10198
6373 17730
6373 22211
6429 8068
6429 18219
6429 22202
6503 16753
6596 8068
6596 11214
6596 22227
6779 16103
6779 22219
6817 22202
7526 17322
7749 21502
7855 22222
7867 22202
7991 21502
8055 12643
9168 22048
9425 21502
9444 22081
9466 21836
9977 10420
10592 17322
10846 17635
11103 19261
11164 17955
11184 22204
11184 22217
11565 13162
11779 15113
11779 21502
11779 22211
11779 22217
11884 21642
12233 15240
12358 12876
12358 22204
12358 22227
12643 19962
12643 21967
12985 22020
13124 16904
14903 22229
14906 16017
14906 22228
14995 21856
15067 19062
15240 19241
15309 20753
15453 22217
15594 22225
15875 20250
15875 21800
15875 22211
16322 21800
16753 18546
16753 22220
16984 22048
16984 22209
17072 22206
17145 20462
17196 19121
17713 18484
17713 22201
17860 22176
17867 22188
17955 21033
18484 21162
18630 21786
20481 22210
21417 22104
21666 22214
21836 22199
22164 22175
22207 22221
