2 19606
2 22216
28 968
28 3910
28 8567
28 12444
28 12876
29 762
29 14240
42 3392
42 22240
76 12444
83 18109
83 22045
88 678
97 6498
110 968
110 3592
110 12643
110 15675
110 17958
115 16017
136 1973
138 19606
138 22235
153 3910
153 16017
158 531
172 8197
186 762
196 6434
258 8750
286 2284
304 6429
304 8197
304 20220
318 1514
318 20921
383 22226
412 2124
433 21676
455 18109
531 613
531 2919
531 5119
531 8197
531 20332
577 10273
618 12358
618 22231
641 22228
698 762
736 21604
736 22245
762 5692
762 9309
762 12444
837 9152
839 22231
852 18190
963 8567
1058 11779
1115 15309
1144 5386
1144 20707
1144 21472
1144 21502
1144 22237
1144 22247
1365 18109
1365 22231
1392 3910
1392 20446
1413 5649
1413 10068
1476 22241
1515 5265
1539 12444
1636 2669
1636 5119
1636 10273
1636 15240
1636 18109
1687 19893
1763 21472
1763 21797
1877 22236
1917 7006
1917 22224
2095 2957
2095 3893
2095 6429
2095 20989
2158 21676
2192 2770
2223 5725
2223 10068
2223 19606
2223 22244
2223 22256
2284 10186
2324 22250
2389 17958
2529 5720
2529 19606
2583 22237
2617 10869
2669 2762
2669 4839
2762 13280
2762 22150
2762 22252
2786 12444
2816 12444
2845 22235
2956 19893
3030 15113
3125 7006
3166 6498
3166 21676
3166 22231
3169 8752
3315 21319
3328 5493
3392 6203
3528 18554
3528 18589
3636 22217
3707 5089
3727 12358
3764 3910
3764 7534
3882 9562
3882 22234
3910 10068
3910 17836
4031 22242
4092 22238
4140 19606
4536 8608
4536 9444
4536 19886
4536 20016
4536 22249
4577 13280
4589 15240
4860 14677
4924 22244
4949 5366
5065 16099
5089 14323
5215 14677
5272 22253
5362 5649
5362 16017
5362 22230
5362 22254
5386 11779
5386 19116
5468 12444
5468 22045
5468 22081
5493 7534
5596 8752
5616 5649
5616 19241
5616 22230
5649 6779
5649 22230
5720 6817
5720 14906
5720 18109
5720 19606
5838 22246
6203 17713
6203 20663
6373 21744
6429 6596
6429 8197
6429 20016
6429 20921
6429 21545
6434 9168
6434 15698
6448 19893
6448 21797
6448 22248
6503 9444
6596 11214
6779 8197
6779 14789
6817 22257
6978 21604
7290 21545
7399 18589
8124 22250
8197 10869
8197 16717
8197 20220
8197 22239
8197 22240
8197 22250
8298 9818
8567 9152
8608 9368
9326 20346
9444 22243
9789 19116
9977 10420
9994 15675
10409 16717
10409 22211
10789 15113
11340 17866
11779 15113
11779 21502
13910 19116
14002 21642
14903 16298
14906 16017
15113 21502
15240 19241
15875 21800
15941 22232
16017 20857
16099 18470
16322 21800
16354 21169
16658 17866
16753 18546
16984 21676
16984 22209
16984 22232
16984 22236
17545 17955
17955 22255
18109 19422
18466 21604
18554 21666
19116 22255
20663 22084
22193 22233
22201 22251
22243 22244
