26 3107
26 22248
28 29
28 318
28 4031
28 13016
29 73
29 762
29 2650
29 8363
29 13016
29 22280
42 857
76 20873
110 13922
110 18554
110 19962
110 20912
138 21895
162 3799
162 7071
196 14955
226 17923
246 19153
304 5366
304 5616
304 8752
304 21846
318 15113
370 22282
383 11062
383 22262
412 5366
412 20413
412 22204
412 22237
412 22259
412 22270
412 22280
412 22288
531 12531
531 21879
577 762
613 22274
618 22266
659 14970
659 21921
729 20873
736 1917
762 6596
762 7290
762 9309
762 17923
762 22264
762 22266
837 22283
839 16984
852 3707
852 22257
852 22265
904 21895
904 22278
963 21895
1002 6988
1106 21701
1144 8472
1302 8363
1333 2770
1361 3910
1361 21895
1361 22280
1365 21895
1390 7290
1392 20446
1392 22262
1392 22280
1393 4589
1514 20921
1636 8451
1636 19307
1636 22265
1636 22268
1636 22279
1763 18794
1819 11943
1819 14903
1819 14906
1836 20481
1917 2102
1917 17185
1917 22273
1941 6124
1971 19962
1985 3910
2192 2770
2223 22256
2284 19676
2389 17958
2529 19606
2583 11062
2583 17891
2583 19676
2583 22268
2617 22262
2650 3528
2650 18589
2669 22250
2729 20376
2762 21614
2770 11203
2770 12876
2784 4589
2845 9565
2930 9948
2950 21879
3041 17692
3177 22286
3195 17923
3313 21895
3405 22250
3515 6680
3707 22265
3764 6680
3910 10068
3910 11943
4031 19609
4092 10258
4092 22259
4092 22262
4117 6680
4140 19606
4536 20016
4536 22227
4536 22266
4589 15240
4924 19968
4981 22289
5119 11529
5119 12644
5119 20971
5119 21895
5270 6124
5272 22253
5329 22284
5366 22204
5468 22081
5471 22261
5616 5649
5649 6779
5652 14955
5720 21952
5816 7071
5831 6680
5966 16270
6124 9122
6203 22204
6332 22285
6429 6680
6429 8608
6429 12358
6429 17629
6429 19292
6429 22258
6429 22266
6448 22255
6448 22271
6448 22276
6596 22227
6810 22204
7487 8197
8197 12953
8197 18554
8197 22280
8197 22281
8298 14699
8472 20228
9425 22276
9565 19607
9565 19622
9905 22287
10027 12075
10277 21879
10789 22269
11103 17185
11214 22263
11580 22285
11779 21502
11943 22288
12075 22273
12157 19962
12358 15709
12370 19962
12953 22280
14017 22262
14694 16770
14694 22277
14903 18219
14903 22283
14906 22265
14906 22288
14948 20393
14948 22256
15067 19062
15593 22267
15761 22274
15832 22285
15973 22270
16327 22285
16349 22274
16556 22262
16560 21744
16610 18466
16729 19422
16754 18589
16907 22265
16984 22264
17629 21666
17692 19962
17923 18539
17923 22275
17955 22263
17955 22271
17955 22272
17955 22276
17969 20338
18466 20912
18539 22275
19026 22290
19116 22271
19292 20288
19507 21952
20097 22204
20332 21939
20512 22237
21666 22273
21697 22285
22177 22285
22257 22260
