0 2
0 3
0 8
0 19
0 25
0 42
0 43
0 76
0 80
0 101
0 128
0 139
0 146
0 153
0 172
0 180
0 190
0 198
0 199
0 206
0 249
0 267
0 274
0 275
0 292
0 297
0 307
0 309
0 330
0 339
0 343
0 357
1 206
2 29
2 42
2 76
2 109
2 121
2 128
2 146
2 192
2 226
2 263
2 291
2 295
2 301
2 305
2 307
2 317
2 322
2 335
2 357
3 25
3 30
3 42
3 43
3 64
3 84
3 93
3 96
3 149
3 172
3 233
3 261
3 340
4 26
4 28
4 76
4 120
4 148
4 191
4 246
4 292
4 300
4 304
4 307
4 357
6 291
7 26
7 64
8 25
8 80
8 199
19 28
19 30
19 97
19 128
19 135
19 201
19 275
19 290
19 295
19 307
25 26
25 43
25 45
25 51
25 56
25 75
25 76
25 80
25 87
25 93
25 101
25 109
25 121
25 122
25 123
25 133
25 139
25 153
25 172
25 190
25 195
25 214
25 221
25 233
25 240
25 257
25 258
25 269
25 283
25 290
25 300
25 303
25 304
25 334
25 335
25 336
25 360
25 375
25 376
25 378
26 29
26 37
26 42
26 51
26 65
26 76
26 96
26 108
26 120
26 123
26 140
26 162
26 167
26 190
26 249
26 273
26 275
26 277
26 293
26 295
26 300
26 330
26 347
26 351
28 36
28 80
28 91
28 109
28 121
28 127
28 128
28 133
28 158
28 226
28 280
28 302
29 42
29 64
29 76
29 98
29 201
29 226
30 83
30 96
30 120
30 140
30 164
30 190
30 198
30 206
30 221
30 225
30 226
30 247
30 339
36 101
37 76
37 93
41 128
41 266
41 308
42 64
42 69
42 76
42 109
42 120
42 122
42 133
42 139
42 166
42 206
42 233
42 249
42 275
42 287
42 288
42 303
42 330
42 360
43 76
43 121
43 140
43 146
43 157
43 171
43 270
43 339
43 360
47 109
47 307
48 76
48 97
48 108
48 158
48 226
48 240
48 275
48 284
50 109
50 300
54 80
54 113
56 80
56 260
56 322
56 340
64 76
64 121
64 167
64 226
64 233
64 240
66 278
66 280
68 76
68 98
68 279
69 120
69 139
70 318
74 83
74 128
74 226
74 290
74 297
74 318
76 80
76 83
76 84
76 86
76 95
76 109
76 121
76 123
76 132
76 133
76 146
76 151
76 159
76 166
76 167
76 183
76 198
76 201
76 206
76 233
76 238
76 249
76 260
76 264
76 270
76 274
76 285
76 291
76 293
76 295
76 302
76 307
76 321
76 333
76 335
76 356
76 361
76 367
76 369
79 114
79 121
79 128
79 199
79 312
79 319
79 345
80 95
80 109
80 121
80 162
80 168
80 259
80 264
80 271
80 298
80 300
80 305
80 312
80 335
80 340
83 96
83 121
83 123
83 128
83 133
83 184
83 191
83 206
83 221
83 246
83 296
84 96
84 121
84 129
84 206
84 222
84 284
84 373
88 103
89 108
89 121
89 307
89 335
89 353
91 96
91 267
91 290
91 299
93 96
93 127
93 134
93 140
93 172
93 190
93 235
93 240
93 249
93 273
93 307
93 335
94 128
95 122
95 206
95 240
95 270
95 281
95 308
95 346
95 357
95 376
96 109
96 158
96 198
96 206
96 235
96 240
96 251
96 260
96 268
96 276
96 307
97 121
97 226
97 249
97 275
97 290
97 359
98 338
100 172
101 121
101 288
108 275
108 282
109 113
109 121
109 122
109 128
109 129
109 146
109 184
109 206
109 233
109 240
109 249
109 285
109 300
109 307
109 326
109 349
113 206
113 249
113 295
117 258
119 281
119 308
120 139
120 198
120 206
120 259
120 299
121 146
121 158
121 166
121 191
121 192
121 201
121 240
121 266
121 270
121 271
121 275
121 290
121 291
121 302
121 304
121 307
121 324
121 335
121 361
122 146
122 166
122 218
122 298
123 135
123 158
123 159
123 206
123 221
123 272
123 360
127 226
127 280
128 137
128 140
128 153
128 201
128 206
128 280
128 305
128 306
128 309
128 328
128 335
128 336
128 352
128 354
128 364
128 365
128 372
129 249
129 275
130 206
131 261
131 301
132 326
133 146
133 196
133 198
133 318
134 172
137 192
137 307
138 201
139 146
139 153
139 180
139 259
139 271
139 300
139 316
140 240
140 307
140 318
140 330
141 146
143 307
146 153
146 167
146 181
146 191
146 235
146 244
146 266
146 291
148 149
148 153
148 196
148 240
148 294
148 305
148 307
148 317
148 329
149 267
151 222
151 307
153 226
153 281
153 307
157 162
157 325
158 226
158 260
158 317
158 329
160 190
162 275
162 298
162 338
166 199
166 201
166 324
166 331
168 169
169 259
169 362
172 206
172 275
184 215
184 291
191 302
195 272
195 302
195 303
196 315
196 327
198 206
198 236
198 247
199 271
199 332
201 204
201 225
201 240
201 374
206 240
206 275
206 290
206 375
210 262
210 306
214 324
215 225
215 291
215 301
225 285
225 336
226 273
226 284
226 307
226 335
233 235
233 240
240 305
240 336
246 307
249 275
249 337
259 291
259 300
259 341
259 368
264 265
273 307
273 322
273 326
275 309
275 335
275 338
275 339
279 314
280 281
281 286
281 308
281 311
287 288
289 290
291 368
295 350
303 305
305 313
307 314
307 323
307 354
307 355
307 358
307 363
307 366
308 319
308 321
308 345
309 310
312 316
317 320
330 348
335 336
335 363
335 367
342 343
342 349
343 344
370 371
375 377
