0 19
0 76
0 729
0 1451
0 1561
0 2158
0 2215
0 2416
0 2518
0 2572
0 2578
2 26
2 135
2 729
2 1985
3 2158
7 745
7 771
7 901
7 1742
7 1818
7 1917
7 2158
9 302
19 26
19 95
19 97
19 121
19 133
19 302
19 315
19 370
19 461
19 570
19 613
19 897
19 904
19 1036
19 1561
19 1742
19 1788
19 1972
19 2128
19 2134
19 2297
25 2158
26 286
26 315
26 509
26 729
26 1985
26 2430
26 2588
29 73
29 434
29 729
29 817
29 950
29 1256
29 1265
29 1561
29 1763
29 1972
29 2128
29 2158
29 2569
29 2579
29 2585
30 1824
41 1312
42 76
42 153
42 249
42 817
42 1002
42 1057
42 1359
42 2158
42 2430
42 2545
42 2564
43 133
43 172
43 221
46 839
46 1335
46 1824
46 1971
46 2255
46 2430
46 2569
48 267
48 1661
59 659
61 771
61 779
61 1035
61 1971
69 817
69 1268
73 302
73 506
73 852
73 1012
75 134
75 204
75 539
75 1563
76 96
76 285
76 302
76 434
76 455
76 461
76 682
76 817
76 852
76 963
76 1057
76 1206
76 1235
76 1390
76 1418
76 1561
76 1818
76 1980
76 2490
76 2501
76 2522
76 2549
76 2551
76 2559
76 2564
76 2565
76 2579
80 312
80 1359
80 2428
80 2557
80 2571
83 134
83 172
83 618
83 1622
83 2111
83 2297
83 2490
83 2569
84 1335
84 2132
90 2158
95 1972
96 158
96 434
96 1115
96 1198
97 461
97 897
97 1561
97 2139
97 2158
97 2412
102 461
102 539
115 2549
121 573
121 729
121 1205
121 1818
121 2306
121 2498
121 2564
121 2566
121 2579
123 539
123 2585
126 2574
129 771
129 2576
133 221
133 461
133 771
133 817
133 1779
134 172
134 236
134 1002
134 1359
135 2513
140 859
146 153
146 460
153 286
153 852
153 1070
153 1256
153 1818
153 1972
153 2052
153 2107
153 2148
153 2519
157 644
158 618
158 901
158 1106
158 1561
158 1788
158 2306
158 2518
158 2554
158 2557
172 1214
172 1753
172 1793
172 1824
172 1839
172 2255
172 2366
172 2430
172 2478
172 2553
174 2304
184 285
184 506
184 1256
196 315
196 370
206 662
206 1561
221 461
221 1793
223 948
226 1491
226 1818
235 370
235 403
235 546
236 1793
236 2158
249 434
249 536
249 694
249 1057
249 1812
249 2052
259 2545
259 2565
268 2423
273 745
280 2158
280 2355
280 2428
280 2545
280 2547
285 506
286 729
286 950
286 2148
286 2554
289 2567
295 2158
295 2350
295 2559
302 691
302 771
302 1012
302 1381
302 1691
302 2158
302 2416
302 2488
302 2585
315 2501
336 1787
336 2148
339 1753
339 2412
367 2559
370 414
370 446
370 904
370 2134
370 2256
370 2585
374 641
374 1057
374 2563
383 2128
385 817
391 859
391 1268
393 883
410 1312
410 1321
433 897
434 1256
434 2430
446 1312
446 2536
446 2547
449 2307
455 1057
455 1785
455 2171
455 2306
455 2465
455 2549
460 1256
461 618
461 682
461 771
461 796
461 904
461 1097
461 1256
461 1335
461 1413
461 1622
461 1985
461 2122
461 2158
461 2255
461 2272
461 2306
461 2488
461 2553
461 2579
461 2587
506 852
506 1201
506 1256
506 1972
506 2550
506 2551
506 2578
509 839
519 536
521 729
521 1818
536 610
536 2284
536 2304
539 641
539 801
539 1097
539 1255
539 1268
539 1335
539 1510
539 1563
539 1753
539 1971
539 2052
539 2158
539 2307
539 2318
539 2430
539 2482
539 2574
546 2501
559 968
562 694
562 2586
565 2235
565 2469
570 691
570 729
570 904
570 1051
570 1256
570 1972
613 1335
613 2465
613 2555
613 2585
618 901
641 852
641 1097
644 2527
644 2567
659 1561
659 2518
662 1600
662 2562
671 1985
679 1992
682 904
682 1206
682 1972
691 1253
691 1691
693 1097
696 2556
712 2297
729 852
729 904
729 1818
729 1972
729 2148
729 2255
729 2306
729 2579
729 2589
731 1177
753 948
753 1214
753 2122
760 1179
771 1256
771 1763
771 2412
773 2139
796 2501
801 897
809 2158
817 1012
817 1268
817 1390
817 2064
836 1972
839 2511
852 1235
852 1256
852 1268
852 1818
852 1972
852 1985
852 2355
852 2534
852 2549
852 2550
852 2564
852 2578
859 1171
859 1753
873 2519
881 963
881 1361
881 2540
883 2518
897 968
897 1561
897 1742
897 1793
897 2128
904 1036
904 1379
904 1958
904 2272
904 2297
907 2455
907 2554
948 1818
948 2122
948 2158
948 2423
948 2482
950 1115
950 1561
950 1985
959 2430
963 1333
963 1812
963 2148
968 1255
991 2255
991 2412
1002 2148
1002 2549
1006 1379
1023 2572
1035 2027
1035 2358
1035 2389
1051 1831
1051 1980
1051 2256
1057 2306
1057 2498
1097 1268
1115 1985
1144 1550
1171 1268
1198 1996
1199 1359
1201 1787
1201 2568
1232 2544
1235 1256
1253 1256
1253 1972
1255 1561
1255 2255
1256 1268
1256 1793
1256 2148
1256 2284
1256 2488
1256 2554
1256 2565
1256 2578
1265 1763
1265 2057
1268 2019
1268 2307
1268 2482
1335 2052
1335 2148
1335 2422
1359 1422
1359 1510
1359 1636
1359 1787
1359 1812
1359 2465
1359 2571
1361 1818
1361 2564
1390 2158
1390 2564
1392 1788
1418 2284
1422 2465
1422 2565
1510 1563
1510 1971
1510 2490
1517 2416
1536 2158
1540 2355
1540 2571
1561 1658
1561 1972
1561 2272
1571 2482
1661 2472
1732 1794
1742 1972
1742 2272
1742 2412
1751 1985
1753 1971
1753 2255
1753 2553
1753 2580
1763 2561
1779 1807
1779 2052
1779 2148
1779 2255
1785 2128
1785 2581
1787 2148
1787 2304
1788 2158
1788 2584
1793 1917
1793 1972
1793 2366
1793 2580
1812 1985
1818 2158
1824 2158
1831 1980
1831 2284
1831 2575
1831 2577
1957 2573
1958 2585
1971 2430
1972 2428
1972 2527
1972 2578
1973 1985
1980 2158
1980 2255
1985 2324
1992 2455
1998 2501
2027 2358
2027 2445
2052 2582
2057 2552
2148 2306
2148 2355
2148 2428
2158 2318
2158 2488
2158 2559
2191 2408
2254 2527
2254 2557
2254 2563
2254 2565
2255 2430
2256 2501
2277 2559
2284 2518
2304 2428
2307 2318
2319 2570
2350 2559
2355 2522
2396 2549
2408 2559
2412 2490
2465 2565
2511 2558
2516 2518
2522 2549
2528 2549
2548 2561
2557 2560
2565 2566
2582 2583
