2 22510
7 4860
7 22543
26 22539
28 852
28 6817
28 11436
28 19629
28 22396
29 76
29 2845
29 16610
29 17587
42 4589
42 11203
42 22412
42 22454
76 22510
83 22550
88 16511
95 22559
96 2357
97 2357
97 22534
110 4193
110 5917
110 15675
110 22528
110 22560
138 762
151 22548
156 9010
156 22033
158 267
158 12620
158 22550
191 5938
191 13361
304 4589
304 22404
315 21666
351 15032
370 6624
370 22547
374 14030
412 22548
482 1165
490 762
506 22550
510 22544
536 2313
536 5616
577 13515
641 3910
641 21642
712 22538
762 5089
762 22526
857 881
897 2197
897 22533
1002 22412
1100 2529
1115 15113
1206 22526
1365 22526
1392 22519
1393 1636
1393 22144
1393 22526
1636 19514
1636 22510
1636 22526
1636 22541
1636 22550
1636 22557
1742 15045
1825 15557
1917 22541
1971 22537
1972 6448
1972 22550
2019 22454
2019 22510
2057 2529
2057 17955
2158 2943
2223 11762
2223 12620
2223 22177
2223 22472
2223 22550
2284 6498
2313 22545
2389 22403
2460 19874
2512 21758
2529 2756
2529 10068
2598 11214
2598 18632
2692 19753
2739 5125
2739 6203
2767 16668
2787 6453
2816 5658
2888 22023
2957 15557
3030 22533
3065 22545
3107 6373
3326 11751
3707 22550
3745 22535
3799 22320
3910 5493
3910 6817
3910 11943
3910 21642
4092 4771
4117 22550
4171 19041
4187 20928
4419 22403
4419 22560
4589 4771
4589 7147
4589 11103
4765 13346
4839 7107
4860 22543
4924 22530
5065 5616
5065 11751
5065 17761
5065 18632
5065 18637
5065 19514
5065 22454
5065 22556
5119 12319
5119 20092
5119 22547
5270 22544
5362 22144
5362 22545
5469 22536
5706 22051
5822 17761
5938 13361
6107 17885
6109 12620
6189 15875
6189 22545
6373 6779
6373 20663
6373 22529
6429 7097
6429 18821
6429 21666
6429 22472
6429 22538
6429 22559
6448 17955
6448 22315
6448 22532
6448 22550
6624 22360
6648 9789
6779 17761
6784 22539
7290 7534
7399 9425
7399 22396
7607 9888
7741 13298
7784 11692
7784 17955
7784 19116
8068 12644
8068 20971
8281 14017
8608 12523
9010 22392
9245 22559
9649 22539
9789 22553
9888 15113
9888 22526
10068 12525
10068 22396
10068 22523
10198 22529
10293 11037
10347 12620
10347 22468
10822 21758
11203 11644
11203 22412
11214 18632
11644 22412
11943 22504
12358 16549
13346 16099
13515 15557
14621 22559
14948 20507
15032 19974
15045 22534
15539 22527
15875 22537
15875 22540
16549 22551
16610 21666
16665 22525
16668 17955
16830 22555
16984 22542
16984 22550
17059 21215
17865 18470
17955 19116
17955 22549
17968 22237
18260 22534
18268 22531
18470 20673
18470 22144
18470 22541
18539 22534
18577 22532
18789 22558
19109 21758
19753 22541
19753 22548
19753 22551
20089 22472
20494 22545
20604 22338
20670 22315
20673 22374
20971 22558
20984 22546
21121 22533
21666 22528
22364 22541
22374 22553
22551 22552
22551 22554
