26 3158
26 7127
26 10718
28 42
28 158
28 21800
42 4589
42 9888
42 15113
42 18865
43 762
43 3528
43 14006
43 22691
73 3505
76 6062
76 12119
76 21280
110 1123
110 3158
110 3405
110 4370
110 6779
110 7127
110 18873
110 22454
110 22703
110 22707
117 5065
124 3791
138 2783
138 11214
138 12119
138 22710
138 22713
141 6189
151 5021
151 5468
153 13280
196 11242
252 22712
280 15252
304 837
304 22688
383 4589
546 10718
610 11242
610 18470
610 22690
618 22701
621 6160
641 3005
641 12008
641 20374
762 1539
762 12119
762 22707
837 1012
837 1392
837 2326
837 10461
837 12672
837 13061
837 15698
837 20494
837 22688
837 22713
852 5089
852 6947
968 17969
1002 5065
1006 9614
1012 21280
1041 21280
1115 9587
1144 15472
1144 18081
1361 20374
1393 10068
1393 20374
1539 22691
1636 2762
1636 3239
1636 3910
1636 22673
1636 22706
1663 4048
1687 22510
1792 22709
1864 5366
1877 21800
1972 22702
2065 22704
2111 7097
2178 19609
2223 7107
2357 12119
2389 22403
2472 3158
2583 22685
2762 5065
2762 19320
2816 4234
2822 22696
2860 5065
2860 8197
3005 5065
3093 17969
3161 20494
3239 11203
3239 22685
3239 22706
3313 7107
3313 15252
3333 4382
3405 18789
3501 21751
3551 9309
3727 22701
3764 20494
3791 6160
3791 13269
3799 3823
3799 5021
3799 12672
3799 14753
3799 17741
3799 17969
3799 19320
3799 20494
3799 22230
3799 22694
3910 5366
3910 5616
3910 17761
3910 20494
3910 21800
3953 19600
4031 22709
4048 8955
4048 17741
4117 17741
4187 4530
4187 12008
4187 12672
4187 16349
4187 22697
4370 6779
4530 4839
4536 22431
4536 22705
4600 21751
4832 6189
4832 9985
4839 15709
4858 22499
4860 7726
5007 8603
5065 7399
5065 9425
5065 16638
5065 20915
5065 22701
5065 22705
5215 18417
5270 12119
5366 5616
5366 15557
5366 22697
5366 22706
5455 22706
5468 12119
5468 22707
5479 16327
5706 22622
5750 22700
5938 6160
5966 10846
6109 22624
6160 21687
6189 17741
6189 20750
6189 22230
6203 12008
6203 16349
6339 6373
6339 15113
6373 15113
6448 22714
6629 22537
6640 22718
6779 21280
6779 22673
7107 10068
7213 19116
7399 9425
7399 16984
7738 22686
7741 15557
8137 20494
8603 15709
8981 22280
8981 22431
9168 17741
9425 22717
9469 22241
9565 17741
9614 22230
9888 21280
9888 22652
9925 22708
9985 17741
10293 22696
10347 22689
10347 22702
10461 17811
10461 22338
10690 22280
10818 22454
11078 15113
11203 22685
11214 22697
11214 22710
11340 21751
12008 12885
12008 17741
12008 22695
12008 22711
12008 22719
12672 15970
12672 17741
12672 22692
12885 19320
12953 20494
13017 22702
13017 22716
13061 17741
13492 15067
13511 22338
13752 17741
13752 22698
13965 22280
14340 22716
14342 22446
14677 15252
15045 22533
15398 19320
15472 22641
15553 22706
15959 22338
16298 22669
16610 20777
17008 22487
17741 20494
17741 22687
17741 22688
17741 22693
17741 22699
17955 18081
17955 22697
18190 20458
18873 19911
19116 20494
19320 19520
19655 22315
20494 22363
20915 22682
20955 22675
21280 21666
21581 22654
21666 22454
21751 22280
22315 22713
22684 22686
22688 22692
22707 22715
