7 48
7 904
26 6596
26 12444
28 1255
42 794
42 22986
43 15832
48 19645
59 22764
76 968
76 8363
76 18539
83 23003
88 16196
95 11750
95 15906
95 17741
95 19645
97 4783
97 5468
110 22976
153 13844
158 12075
158 22350
158 22764
172 22987
196 15671
204 15108
269 16549
280 5471
304 22997
318 18627
370 22733
412 1393
412 4187
412 4839
412 6779
412 8067
412 9168
412 17718
413 6947
434 2816
461 1170
505 18413
510 18539
556 2762
573 3592
573 21280
577 15557
577 16665
577 18413
618 4280
621 15113
621 19394
634 22852
659 2284
659 2292
659 3381
659 4187
659 5672
659 13533
670 22314
682 19764
730 22992
762 2062
762 22966
794 23006
803 9562
852 9309
881 1255
904 2284
904 11103
960 1794
963 22723
1002 8197
1002 10249
1002 16549
1002 21666
1002 23008
1006 2489
1006 9236
1012 4031
1041 5616
1057 5471
1058 6373
1106 3984
1177 5065
1177 22989
1206 18539
1232 21800
1255 5935
1255 6917
1359 5065
1359 5125
1359 5616
1359 15505
1361 9929
1361 17718
1361 22990
1361 23011
1365 1636
1365 22852
1393 5362
1393 17718
1393 22838
1393 22997
1633 15675
1633 21800
1633 22972
1636 4771
1636 22852
1640 6779
1657 11340
1664 2324
1763 22858
1809 3072
1877 2062
1877 22608
1917 12444
1922 4589
1922 22984
1971 23009
1972 18539
2052 5471
2062 3528
2062 16639
2062 20724
2062 22964
2122 22993
2124 16187
2197 15832
2223 13844
2223 22396
2223 23010
2284 6576
2292 7924
2324 23009
2326 15557
2437 20618
2437 22987
2583 3239
2583 5125
2583 6373
2583 16033
2583 18271
2583 18517
2583 19696
2583 20807
2583 22852
2583 22997
2714 6629
2762 4839
2762 5065
2762 6779
2762 15505
2762 16349
2816 21317
2915 22852
3024 18539
3041 7127
3072 3075
3107 5065
3107 6448
3107 22992
3158 22986
3161 3239
3239 6779
3239 12358
3239 15505
3239 17402
3239 18271
3239 22004
3239 22852
3313 6947
3380 17718
3381 5125
3381 6448
3381 7991
3381 8567
3381 9888
3496 20807
3592 8197
3613 22998
3799 22852
3838 15067
3950 6784
3950 22986
3984 7924
4031 4280
4031 8298
4031 15113
4092 17255
4092 22426
4187 10273
4187 19764
4187 20647
4187 21864
4187 22852
4216 5616
4216 15505
4216 18114
4234 19626
4339 5616
4339 6779
4339 22852
4390 15675
4536 21832
4771 6779
4771 22852
4839 8067
4839 17718
4839 22836
4839 22984
4839 22985
5065 5616
5065 5935
5065 13686
5065 16665
5065 20403
5065 23008
5089 6947
5119 22966
5270 18539
5270 19533
5270 20437
5362 5616
5362 5935
5362 7955
5362 15823
5362 17867
5362 22997
5366 22985
5386 11340
5468 19626
5616 16549
5616 21601
5616 23008
5621 21614
5699 22999
6124 9462
6250 22992
6332 11340
6373 16327
6373 18920
6429 8712
6498 7366
6505 23005
6596 12444
6779 11340
6779 15557
6779 15823
6779 22852
6784 22986
6867 22764
6917 12075
6917 12620
6947 9309
6947 12718
7107 10068
7127 11751
7186 22983
7290 21832
7366 23002
7614 21480
7924 15299
7955 15505
8067 22769
8197 11158
8197 11751
8197 16099
8197 20403
8197 22764
8197 22964
8197 23004
8297 16417
8363 16521
8472 16513
8712 11228
9573 18539
9789 9888
9789 22396
9888 17955
9888 18539
9888 20559
10409 22975
10409 22988
11228 22988
11340 18484
11340 22852
11340 22996
11436 21642
11545 17255
11751 15505
12287 13981
12358 17718
12358 22964
12358 22997
12552 16956
13061 23008
13240 22995
13280 17718
13515 16617
13533 22995
13844 17955
13844 22984
14946 22693
15067 18484
15113 15687
15505 22004
15557 21662
15671 22873
15675 16549
15675 16639
15823 17867
15959 20750
15959 22852
16099 20988
16099 22985
16099 23008
16182 22764
16182 23001
16327 23003
16525 19645
16549 22608
16610 20777
17095 22964
18028 23000
18274 21601
18539 22994
18713 21939
19626 19945
19962 21718
19962 21800
20120 20777
20403 22991
20558 22980
20565 22764
21086 23007
21666 21718
22315 22957
22315 22958
22396 22736
22798 22985
22798 23008
22984 22985
