26 133
26 5159
26 19261
29 2149
42 280
42 1106
42 10198
48 20279
69 23083
76 881
76 1636
76 2062
76 2149
76 8363
76 16182
76 18120
76 22544
76 22858
76 23528
76 23535
76 23536
76 23549
88 20437
110 1369
122 1922
122 22946
122 23522
138 2650
138 9985
138 14642
138 18120
138 22544
138 23544
138 23554
153 204
153 7534
158 280
158 4135
158 16526
184 2762
184 20921
204 280
204 304
204 1115
226 17804
280 304
280 613
280 659
280 762
280 1115
280 1232
280 1636
280 1825
280 2223
280 3195
280 3313
280 4117
280 4135
280 4187
280 4216
280 5065
280 5265
280 5560
280 7290
280 9152
280 9466
280 9469
280 9985
280 11234
280 11340
280 14970
280 16526
280 16549
280 18124
280 22314
280 22852
304 9152
348 1193
412 881
412 5125
455 4924
455 5649
505 4135
510 23495
556 23168
589 21000
618 2062
618 2149
618 4135
659 4117
659 22798
682 23083
712 22858
736 4536
736 23559
773 18120
803 23164
839 2223
839 5607
839 23534
852 5089
852 16436
852 22872
904 23083
917 9241
968 5267
968 23092
968 23538
1106 4135
1106 4761
1115 4117
1115 23537
1193 2762
1206 2650
1206 5270
1206 20080
1232 2149
1256 15658
1265 6882
1361 11234
1361 14642
1361 15472
1361 23543
1365 20750
1369 3484
1446 11103
1470 9245
1470 15658
1600 16560
1636 2019
1636 5822
1636 22412
1636 23528
1657 4117
1657 4135
1763 16869
1792 23539
1879 15865
1917 22209
1917 23420
1917 23559
1922 2582
1922 5362
1922 5455
1922 6203
1922 7516
1922 15593
2019 11751
2019 19320
2062 5468
2062 8688
2062 21127
2158 2795
2223 4135
2223 9152
2223 9245
2223 23560
2333 23420
2389 4787
2529 3515
2529 6223
2582 5125
2582 23554
2650 14642
2650 21967
2705 10068
2730 23541
2764 23190
2767 6203
2767 15067
2767 23560
2915 17866
3024 22866
3158 21546
3226 3380
3239 5125
3239 17867
3313 10068
3380 6203
3380 14017
3380 15658
3515 23345
3984 23290
4092 16182
4092 21451
4092 23471
4117 4216
4117 9483
4135 6503
4135 14642
4135 22858
4187 23545
4216 6429
4216 15505
4382 22622
4419 22537
4507 23540
4530 15067
4585 17581
4787 23283
4839 23164
4924 15067
5065 6596
5065 10382
5089 6223
5107 22622
5119 23542
5125 6779
5128 23524
5157 7071
5267 23538
5270 23549
5362 17969
5362 22398
5366 22671
5366 22932
5479 22671
5649 5831
5816 10409
5822 17671
5938 18847
5938 23548
6373 15865
6373 16327
6429 9903
6448 23553
6596 13514
6596 23559
6618 22671
7097 10818
7335 23539
7399 21169
7839 15113
8043 17692
8071 23522
8197 11203
8208 10068
9152 17382
9152 23551
9245 21642
9425 23533
9466 11203
9649 23551
9903 15720
10293 23524
10293 23536
10520 16182
10596 23557
10789 21774
10789 22916
10818 23283
11203 22412
11234 20750
11340 14642
11340 22916
11565 22315
11943 22946
13698 20921
13864 23562
14903 23524
14948 16809
14948 23550
14948 23556
15067 18484
15067 23471
15168 23561
15240 22584
15252 23542
15419 23348
15505 23509
15709 23524
16102 16349
16349 19261
16549 16569
16549 22544
16549 22932
16549 23559
16809 20323
17382 17955
17382 19576
17465 21546
17548 17955
17548 20740
18120 20220
18470 23411
18847 23548
19629 23523
20120 23551
20220 22412
20435 22315
22032 23535
22798 23558
22946 23522
23345 23552
23546 23547
23550 23556
23554 23555
