29 48
42 15067
73 5816
73 8298
73 10705
73 23639
73 23672
76 1255
76 5141
76 15184
76 18632
76 19970
76 20777
76 21121
76 23493
83 4280
83 5065
97 6503
108 226
109 412
109 5935
110 5616
110 23479
138 10869
138 18592
138 19110
138 23675
153 12319
153 21580
158 23645
167 23655
196 15246
204 258
204 4507
226 23599
280 14970
304 10869
315 10911
318 23599
330 753
348 2762
412 881
412 10869
412 20151
412 20413
412 23387
413 8409
413 23659
434 18962
446 20035
455 11340
455 19676
467 3984
467 10911
467 23599
493 8363
505 3984
505 11565
505 17866
508 2902
546 5501
546 21280
570 23690
610 7399
610 10869
610 15130
618 15557
618 23256
618 23493
621 17587
621 20777
647 2956
647 3984
729 23681
736 8067
762 5935
803 23669
839 2333
839 4382
839 16099
839 23671
846 3484
852 1012
852 1365
852 3707
852 6817
852 15100
852 21099
852 22872
881 23673
964 19032
1002 23639
1057 2583
1106 5119
1115 16212
1193 3984
1198 5065
1198 5362
1198 7516
1200 23672
1232 23534
1255 16830
1359 1807
1359 5362
1361 3945
1361 23673
1361 23680
1361 23686
1470 4187
1470 10911
1470 20151
1612 3158
1632 8682
1636 14677
1636 23387
1709 2158
1742 8363
1763 2762
1763 9152
1763 23656
1836 17985
1836 23283
1836 23689
1917 5501
1917 23283
1917 23599
1917 23668
1971 2158
1972 23689
1990 23641
2223 20080
2223 21580
2223 23688
2243 5065
2256 23686
2313 5551
2324 5812
2489 9466
2522 11751
2527 5021
2529 21580
2650 6503
2650 10911
2650 11413
2694 3158
2756 14002
2756 23659
2762 17807
2767 23457
2767 23643
2775 5084
2816 13316
2902 23682
2956 3984
2970 18962
3030 17618
3051 21099
3123 20777
3158 8197
3239 5616
3239 13393
3239 23677
3381 5272
3484 23658
3648 19970
3707 23659
3727 5065
3787 5816
3787 23639
3893 23686
3910 8067
3910 8093
3910 11943
4011 22515
4031 14044
4031 15184
4031 23599
4092 6789
4117 10911
4117 19110
4117 23647
4135 15557
4135 22303
4187 5084
4280 23629
4382 10911
4382 12319
4382 23661
4382 23685
4397 4536
4536 5065
4746 23675
4839 6203
4839 23669
5065 5362
5065 11203
5065 12358
5065 15557
5065 17807
5065 19886
5065 20777
5065 23680
5119 6789
5119 10911
5119 23676
5125 11203
5125 19197
5267 7097
5362 18470
5362 21209
5366 10911
5366 11278
5366 22932
5373 21546
5468 6503
5468 22759
5581 23479
5615 22312
5616 11278
5616 16034
5616 18470
5616 23677
5720 17015
5812 23479
5816 23639
5822 10988
5988 7826
6084 23168
6189 21209
6199 7097
6203 23669
6203 23674
6203 23683
6339 11779
6429 6503
6429 23433
6429 23472
6429 23493
6448 6781
6503 19970
6779 23677
6789 14948
7097 16549
7107 23168
7213 12319
8067 23686
8124 16034
8197 15656
8363 19970
8525 18637
8682 15309
9152 11061
9152 23679
9158 9168
9168 17807
9241 14340
9241 20435
9241 23664
9425 11565
9466 11278
9466 18470
9472 23678
9649 18920
9888 21580
9977 15184
10164 11413
10520 16103
10725 23590
10869 19110
10911 11340
10988 22932
11340 15067
11343 23665
11565 12319
11751 15823
11779 23534
11943 17807
11943 23363
12233 23363
12523 23493
12557 23556
12620 15372
14006 21086
14044 17587
15067 20370
15168 20509
15174 23493
15282 23667
15618 23669
15823 23666
15875 18920
16220 21546
16302 23670
16904 23688
16907 19292
17015 17581
17498 23662
17556 23681
17741 23688
17866 23674
17985 23283
18466 18470
18470 20374
18640 23657
19157 23283
20765 23083
20771 23691
21161 23660
21280 23168
22032 23687
22303 23692
22624 23693
22866 23629
23046 23656
23168 23663
23168 23683
23168 23684
23168 23686
23256 23493
23283 23658
23363 23687
23433 23472
23493 23629
