2 2734
4 659
14 461
14 2528
19 315
19 461
19 907
19 1012
19 1717
19 2111
19 2223
19 2740
29 1667
29 2062
29 2111
37 1636
41 2191
43 162
43 436
43 729
43 968
43 1057
43 1255
43 1268
43 1358
43 1753
43 1793
43 1917
43 2158
43 2223
43 2292
43 2339
43 2742
43 2747
46 128
46 461
46 2126
46 2731
48 236
56 1561
61 771
61 839
61 1268
61 2358
61 2562
61 2682
69 461
70 2158
73 138
73 157
73 236
73 570
73 1894
75 76
75 391
75 539
75 872
75 1359
75 1413
75 1540
75 1563
75 2370
75 2728
76 83
76 302
76 349
76 442
76 506
76 536
76 686
76 1057
76 1358
76 1644
76 1667
76 1812
76 2158
76 2191
76 2710
76 2728
76 2740
76 2760
80 1691
80 2528
80 2756
83 124
83 349
83 506
83 570
83 659
83 694
83 1917
83 2191
83 2551
83 2598
83 2742
88 1359
88 2650
88 2702
94 2710
95 196
95 2738
100 1753
108 1145
108 2062
109 2528
120 1131
124 2191
128 1540
128 2019
128 2126
129 968
137 1242
138 157
138 1205
138 1206
138 2754
140 1992
140 2343
140 2742
141 236
145 2731
153 280
153 286
153 552
153 713
153 852
153 1140
153 2064
153 2158
153 2191
153 2455
153 2512
153 2682
153 2728
153 2742
153 2745
157 1205
174 2528
174 2728
184 1812
184 2724
188 349
190 875
190 1793
190 2111
190 2297
196 349
206 2408
236 461
236 570
236 691
236 852
236 1242
236 1644
236 2128
236 2148
236 2158
236 2266
236 2608
236 2650
238 634
240 1819
254 1453
258 2660
259 2254
270 2735
280 2741
286 565
286 1636
287 2468
289 1466
289 1717
289 2191
289 2339
289 2758
290 2746
295 729
302 771
302 1023
302 2598
303 1636
315 570
315 1461
315 1985
318 2062
318 2297
330 461
330 1140
330 1977
330 2111
330 2307
349 686
349 1243
349 1268
349 1413
349 1824
349 2254
349 2292
349 2598
349 2664
349 2755
370 1763
374 659
374 1140
383 536
412 2722
434 713
434 2758
436 577
442 1140
442 2132
442 2191
442 2254
442 2528
446 889
460 1255
460 1646
461 1012
461 1140
461 1664
461 1667
461 1717
461 1831
461 2111
461 2425
461 2574
461 2731
461 2734
461 2742
461 2749
475 1667
506 1381
506 1561
506 1787
506 2158
506 2343
506 2455
507 1561
507 2528
508 729
519 2243
528 1636
532 2214
532 2657
536 834
536 1812
536 2254
536 2428
536 2528
536 2656
539 1002
539 2128
539 2191
539 2740
539 2760
546 2214
546 2598
570 729
570 1023
570 1255
570 1753
570 1793
573 693
573 1140
573 2408
589 686
599 2733
610 2297
618 2710
621 904
634 883
634 1958
634 2307
644 1179
659 694
659 1140
659 1274
659 1812
659 2528
659 2734
682 1251
686 834
686 1140
686 1787
691 1397
691 2528
692 1812
694 1469
703 2111
712 2738
712 2747
729 1667
729 2111
729 2339
729 2731
753 2598
771 1977
771 2408
771 2432
771 2562
789 2759
834 1469
839 1140
839 1253
839 1917
839 2316
846 2562
852 1160
852 1268
852 1397
852 1413
852 1561
852 1717
852 1962
852 1972
852 2158
852 2191
852 2267
852 2734
852 2737
852 2741
852 2745
859 1753
859 1793
875 1319
875 2598
891 2064
891 2370
895 1023
895 1268
895 2052
895 2158
897 1812
903 2739
904 2272
907 1466
928 2759
1002 2408
1006 2158
1012 1894
1012 2111
1023 1255
1023 2052
1023 2158
1023 2307
1057 1547
1057 2656
1106 1972
1115 2545
1115 2758
1140 1636
1140 2191
1140 2223
1140 2734
1141 2733
1160 1397
1160 2132
1163 1774
1163 2650
1163 2757
1164 1255
1171 1381
1177 1831
1179 1622
1193 2687
1206 2754
1242 1268
1243 2528
1243 2551
1243 2598
1249 2620
1255 1753
1255 2191
1255 2319
1255 2737
1255 2754
1268 1413
1268 1667
1268 1792
1268 2191
1268 2425
1268 2728
1304 2748
1358 2052
1359 1636
1359 1774
1359 1787
1359 2465
1359 2598
1359 2738
1381 1880
1381 2191
1392 2741
1397 1962
1397 2534
1413 1517
1413 1636
1413 1667
1413 1792
1413 2158
1413 2191
1413 2307
1413 2339
1413 2465
1422 2234
1466 2674
1469 1510
1469 2762
1510 2339
1510 2728
1510 2750
1540 2751
1540 2752
1540 2760
1550 1753
1550 1793
1558 1925
1561 1977
1563 2650
1563 2729
1604 1636
1620 2062
1636 1763
1636 2191
1636 2740
1661 2598
1667 2158
1667 2682
1680 2334
1694 2111
1717 2223
1717 2660
1752 2724
1753 1879
1753 2105
1753 2307
1753 2489
1753 2574
1753 2682
1763 2551
1763 2715
1779 2721
1793 2126
1793 2574
1793 2650
1794 2306
1812 2128
1812 2728
1818 2158
1819 2052
1819 2307
1831 2734
1831 2741
1839 1879
1879 2435
1894 2111
1958 2706
1958 2728
1958 2747
1959 2148
1962 2132
1972 2158
1992 2528
2019 2158
2052 2191
2052 2307
2052 2465
2052 2756
2062 2297
2062 2650
2062 2736
2062 2739
2064 2739
2076 2620
2111 2562
2111 2682
2148 2267
2158 2191
2158 2307
2158 2334
2158 2370
2158 2423
2158 2761
2169 2340
2191 2319
2191 2488
2191 2528
2191 2650
2191 2741
2191 2743
2191 2744
2191 2760
2214 2307
2214 2682
2223 2339
2223 2598
2223 2702
2223 2758
2254 2528
2254 2598
2254 2724
2254 2728
2254 2740
2254 2760
2255 2761
2256 2734
2266 2734
2281 2731
2307 2465
2316 2748
2319 2468
2319 2612
2319 2731
2339 2763
2396 2740
2455 2512
2528 2728
2528 2737
2528 2742
2534 2737
2551 2620
2551 2733
2598 2670
2598 2724
2598 2753
2606 2728
2670 2728
2682 2756
2691 2760
2708 2747
2716 2723
2723 2760
