7 23794
13 110
28 23472
28 23769
36 3935
42 852
42 1359
42 6779
46 1441
73 2692
76 2692
76 5049
76 13240
76 18681
76 21000
76 23305
76 23796
88 3984
88 9573
95 8071
95 23784
110 3935
110 15041
110 15113
110 21546
122 1365
138 2868
138 22946
138 23778
153 2767
153 7801
158 15246
158 23780
167 21000
184 5720
184 16099
196 23175
226 8688
253 23782
311 6917
311 15683
351 3935
370 839
370 15526
412 5125
434 1612
467 23493
528 12255
546 23785
573 8472
577 618
577 904
611 17498
617 17866
618 904
621 21619
642 2488
682 7741
682 23168
730 3579
762 3313
773 4135
803 2775
803 8067
803 23164
803 23733
852 22872
852 23778
852 23783
881 14677
881 23775
904 2868
904 9425
907 19602
968 2619
1065 9257
1106 23472
1115 8682
1115 15683
1200 23672
1206 23672
1255 2619
1255 6978
1278 20673
1359 17761
1361 22831
1361 22946
1361 23775
1361 23790
1365 4092
1365 8071
1365 21177
1365 21480
1365 23788
1470 4187
1470 4589
1470 23731
1470 23775
1470 23790
1470 23792
1604 12953
1636 2582
1636 2868
1636 5119
1636 23769
1636 23799
1763 12319
1763 22315
1763 23772
1794 21687
1877 22657
1922 2583
1922 22003
2095 22958
2223 15683
2223 23801
2529 9309
2582 21810
2582 23795
2583 2767
2583 3910
2583 4507
2583 5065
2583 5272
2583 5455
2583 5933
2583 7801
2583 11340
2583 13162
2583 21810
2583 23775
2583 23798
2692 5049
2715 21472
2756 23778
2762 23783
2767 12319
2767 20579
2767 23770
2775 23164
2786 11066
2816 21000
2868 9168
2868 12070
2868 23256
3024 21619
3226 4589
3239 23777
3381 23768
3405 21619
3496 23586
3522 21280
3636 4589
3707 23778
3707 23783
3910 5272
3910 9245
3910 11943
3910 23786
3935 23283
3960 23591
3984 5237
3984 11565
3984 13566
4092 13162
4117 4589
4135 15683
4135 21661
4187 4589
4187 10520
4187 11565
4187 15246
4187 23648
4382 12319
4507 4589
4507 10869
4589 9245
4589 11943
4783 7792
4839 23792
4879 16091
5009 14407
5049 5649
5049 23769
5065 5125
5065 5649
5065 7391
5065 11565
5065 15401
5065 16033
5065 23191
5065 23731
5083 5125
5089 15246
5119 23759
5125 6779
5125 11751
5125 20915
5125 23283
5125 23773
5159 23785
5270 7290
5366 23798
5455 23772
5468 20579
5468 21000
5479 15113
5720 9309
5831 23733
6108 9396
6203 6779
6373 12793
6373 15113
6373 23175
6400 23791
6429 6779
6429 21243
6779 13656
6917 15683
7213 21810
7391 15113
7516 23731
7534 23798
7801 10273
7801 11340
8093 17072
8164 19292
8197 15709
8197 23773
8494 23800
8744 11340
9056 23168
9168 22003
9236 13240
9245 23799
9257 11943
9257 17382
9309 10006
9789 12319
9789 23772
9888 15683
10075 23793
10314 11242
10347 11565
10818 20494
10911 18085
10941 23754
11203 23773
11203 23796
11242 19058
11340 21933
11340 23748
11565 12319
12319 15168
12358 23790
13486 22209
13486 23727
14044 21000
14970 17382
15067 22003
15067 22702
15113 15168
15168 15505
15168 22412
15240 23778
15505 23798
15709 16099
15709 17955
15709 18190
15859 17086
16099 20494
16182 18681
17072 17955
17086 22026
17086 23797
17761 23731
17761 23771
17867 23790
19116 23799
20393 23774
21000 23305
21622 22209
21622 23783
21622 23792
21661 23789
22024 23168
22600 23168
22624 23779
22624 23801
22624 23802
22782 23787
23769 23781
23775 23776
