0 48
0 771
0 1255
0 1905
0 2731
0 2747
2 186
2 249
2 1738
2 2589
2 2774
7 249
7 302
7 1106
7 1413
7 1793
14 315
14 1453
14 1793
14 1985
14 2272
14 2598
14 2731
25 762
29 76
29 154
29 186
29 223
29 434
29 836
29 1131
29 2307
29 2759
30 1131
30 2528
37 302
37 2783
41 153
43 370
43 836
43 1160
43 1366
43 1769
43 1974
43 2191
43 2492
43 2526
43 2598
43 2724
43 2728
43 2731
43 2781
46 1877
46 2528
73 2731
76 141
76 168
76 236
76 370
76 506
76 570
76 659
76 729
76 1106
76 1365
76 1622
76 1831
76 1861
76 1877
76 1972
76 1974
76 2396
76 2412
76 2589
76 2602
76 2740
76 2741
76 2765
80 404
80 1616
83 315
83 460
83 1268
83 1453
83 1622
83 2598
83 2731
95 907
95 1051
95 1453
95 1469
95 1884
95 2064
95 2412
95 2650
95 2731
95 2789
97 2682
98 236
108 2062
108 2731
121 1365
132 249
133 2412
134 536
134 1769
134 2760
134 2761
134 2778
136 1812
138 570
138 1928
138 2158
138 2469
140 349
141 2784
146 223
146 703
151 1253
151 2612
151 2748
153 249
153 552
158 286
158 633
158 2767
159 2784
162 1753
162 2650
168 2783
175 846
175 2408
184 1831
184 2254
184 2762
184 2777
186 311
186 504
186 613
186 1763
186 1917
186 2038
186 2339
186 2346
186 2528
186 2659
186 2733
186 2756
190 1793
190 2598
190 2650
190 2784
195 2766
196 2620
196 2650
196 2731
196 2733
198 1338
198 1793
223 335
223 434
223 461
223 618
223 682
223 789
223 1905
223 2052
223 2299
223 2528
223 2535
226 1366
235 1365
236 881
236 1413
236 1540
236 1636
236 2267
236 2598
236 2740
236 2779
249 280
249 289
249 528
249 570
249 1140
249 1658
249 2052
249 2148
249 2465
249 2535
249 2549
249 2606
249 2773
280 286
280 383
280 432
280 539
280 570
280 922
280 1115
280 1365
280 1413
280 1458
280 1793
280 1831
280 2132
280 2465
280 2492
280 2598
280 2767
286 298
286 565
286 682
286 1115
286 2052
289 2731
290 1300
302 461
302 813
302 1365
302 2292
302 2598
312 1331
315 2731
318 2781
330 1877
330 2766
349 1015
349 2755
370 1131
370 2731
373 852
374 633
404 455
404 703
404 1206
404 1812
408 2340
423 2756
434 1972
434 2756
442 1140
442 2132
455 1140
455 2773
461 589
461 612
461 771
461 1097
461 1214
461 1768
461 2079
461 2191
461 2318
461 2387
461 2731
461 2766
461 2770
461 2785
461 2788
477 1972
506 507
506 1365
506 1974
506 2731
508 2062
519 1365
528 1177
532 2780
536 712
536 1177
536 1205
536 1379
536 1980
536 2307
536 2455
536 2528
539 570
539 1365
539 2396
546 2340
546 2598
563 639
565 1972
565 1985
565 2767
570 1255
570 1753
570 1928
570 2773
577 712
589 1972
599 1663
612 693
612 1636
612 2254
613 2492
613 2731
613 2790
618 1622
621 836
621 2731
621 2774
621 2781
633 1115
633 2767
634 1958
639 2148
659 682
659 852
659 1274
659 2316
659 2535
659 2589
659 2598
659 2606
682 824
682 904
682 1128
682 1972
682 2158
682 2724
682 2756
682 2773
686 1140
691 1466
691 2492
694 1051
703 2299
712 2316
712 2731
725 2739
728 2528
729 1177
729 1298
729 2046
729 2731
729 2775
760 1974
762 810
771 1255
771 1905
771 2731
773 2731
803 1115
803 1985
813 948
813 1753
813 2387
834 1974
836 1768
836 1980
836 1985
836 2158
836 2364
836 2682
836 2731
839 1253
839 1958
852 1365
852 2399
852 2756
852 2776
873 1051
873 2789
881 2762
891 2370
897 2731
904 2728
904 2731
907 1972
907 2728
968 1160
968 1877
968 2463
968 2773
993 1365
993 2340
1002 2774
1002 2778
1024 2528
1036 2191
1036 2687
1036 2781
1048 2728
1051 1422
1051 2650
1051 2740
1057 1365
1057 1917
1097 1384
1097 1404
1097 1540
1097 2370
1097 2770
1115 1972
1115 1985
1115 2767
1131 2052
1131 2158
1140 1831
1140 2132
1140 2727
1149 2765
1160 2650
1177 1333
1177 1831
1177 2535
1205 2191
1206 2765
1214 1413
1214 1769
1214 2254
1214 2455
1214 2598
1231 1384
1231 2598
1243 2492
1253 2191
1253 2316
1255 1622
1255 1905
1255 2191
1268 2687
1268 2731
1300 1365
1300 1877
1359 2492
1359 2777
1365 1917
1365 1972
1365 2256
1365 2598
1365 2674
1365 2748
1365 2770
1379 2526
1384 2696
1388 2756
1404 2696
1413 1769
1413 2589
1413 2756
1413 2773
1414 1974
1458 2772
1469 1985
1469 2465
1469 2762
1485 1593
1485 2488
1510 2728
1540 2760
1540 2770
1563 2396
1604 1636
1606 2753
1622 1661
1622 1972
1636 1972
1636 2223
1636 2598
1661 1768
1724 2731
1730 1972
1738 2620
1753 2682
1753 2768
1753 2788
1763 2589
1763 2620
1768 2682
1769 2254
1769 2455
1769 2682
1786 1972
1793 2052
1793 2158
1793 2307
1793 2786
1812 1972
1812 2789
1831 2772
1844 2340
1877 2528
1877 2682
1877 2774
1905 1972
1905 2191
1905 2726
1905 2770
1917 2256
1928 2469
1972 2191
1972 2649
1972 2731
1972 2756
1985 2674
1985 2682
1985 2731
1985 2762
1985 2767
2019 2787
2052 2526
2052 2682
2052 2731
2052 2741
2052 2763
2052 2776
2064 2650
2132 2492
2148 2158
2158 2334
2158 2469
2158 2562
2158 2720
2158 2756
2191 2526
2191 2682
2191 2728
2223 2756
2254 2526
2254 2598
2254 2682
2254 2724
2254 2756
2254 2774
2256 2706
2272 2731
2307 2598
2334 2562
2339 2764
2340 2674
2370 2396
2389 2774
2411 2765
2412 2674
2465 2724
2488 2670
2492 2670
2492 2765
2526 2528
2526 2682
2526 2706
2528 2682
2528 2728
2528 2774
2562 2606
2562 2731
2562 2763
2598 2650
2650 2728
2650 2731
2650 2774
2663 2724
2663 2728
2682 2731
2682 2770
2682 2787
2687 2731
2706 2774
2709 2769
2731 2767
2731 2782
2741 2770
2766 2771
2774 2783
