4 2223
7 22203
73 2650
76 20508
76 24050
110 1002
110 1709
110 7097
110 12643
110 21718
110 24070
138 18271
138 23457
138 23845
138 23950
153 12074
153 22144
158 17316
184 610
184 13061
184 24048
196 12366
258 1198
258 4140
258 5362
258 15168
258 24046
298 24056
383 24069
412 17886
434 24052
497 2177
528 24009
556 23845
577 23982
691 13485
736 24050
839 24067
852 3313
852 3707
852 5720
852 13112
852 20224
852 22392
852 24053
881 22144
883 21013
922 24045
1002 1709
1002 22557
1115 15309
1128 13061
1131 23192
1198 5362
1198 24046
1206 18271
1206 20224
1206 24026
1206 24034
1206 24053
1255 1390
1256 5859
1256 24034
1365 4589
1365 24053
1636 21622
1661 24051
1709 7097
1879 24066
1972 4589
1972 15852
1972 16349
2019 5480
2019 21672
2020 9152
2052 15240
2223 24071
2256 24060
2286 21672
2488 24053
2499 9152
2499 9182
2583 3707
2583 17382
2583 23845
2583 24043
2583 24053
2767 15505
2767 17382
2767 17886
2767 22002
3158 12643
3220 24061
3313 3707
3313 13485
3313 20224
3405 6784
3636 24043
3639 24056
3707 13112
3707 14002
3707 23950
3707 24053
3707 24063
4031 17316
4092 12332
4419 20508
4589 5706
4589 6779
4589 15240
4589 17867
4727 7516
4765 11241
4765 23493
4771 20508
4866 17886
4882 6784
5009 14451
5049 17316
5065 10314
5065 22144
5065 23321
5119 8926
5119 12366
5119 13061
5119 19414
5119 20889
5119 23457
5119 24054
5119 24057
5119 24065
5362 22144
5373 12643
5616 17382
5616 24056
5859 13694
5859 24034
6189 24053
6373 18794
6429 7107
6429 8324
6429 12366
6429 15113
6429 15309
6429 23578
6479 15302
6596 8197
6596 16617
6596 22203
6596 22935
6779 22203
6779 24044
6817 10409
7109 15168
7109 22002
7391 13061
7391 14461
7526 14303
8055 15875
8121 23465
8197 13061
8324 24064
8411 22203
8484 8926
8525 9152
8525 22800
9152 9586
9152 12366
9562 23845
9565 24034
9586 24055
9789 24049
10068 10312
10068 24053
10198 24066
10347 11762
10347 13061
10347 15309
10789 22798
10789 23713
10846 16088
11241 23493
11340 12074
11340 12366
11340 24044
11863 13017
12074 17302
12332 14529
12366 15168
12366 20388
13061 15309
13061 17955
14461 17587
14903 24044
14937 23283
15113 23168
15168 18470
15168 21994
15168 22563
15168 24071
15240 16965
15240 18173
15309 22002
15309 23578
15505 17382
15505 22798
16461 24042
17316 20433
17316 23168
17382 17886
17601 24018
17955 23915
18148 24056
18617 24067
18632 19058
19414 22800
19546 23845
19970 23168
20120 23026
20508 23283
20512 23493
20884 23940
21718 23283
21967 24047
21994 23582
22144 24009
22563 24059
22798 23981
22814 23363
23168 24060
23168 24068
23363 23845
23471 24062
23713 24044
24053 24058
