3 3692
28 24121
42 258
43 23227
73 1131
73 1941
74 15718
76 24145
109 10290
109 22332
110 9483
110 23227
110 23479
138 852
138 2369
153 2767
158 5859
158 15823
158 20633
158 23169
158 23760
158 23959
158 24072
158 24112
246 24124
258 18928
315 4783
315 7190
315 21833
315 24105
315 24126
318 6527
383 3910
383 8067
396 24124
412 16084
455 7428
460 24135
467 5272
546 9993
546 15823
546 24145
577 15893
603 1200
613 1365
613 17558
621 18454
621 21833
621 23169
621 24105
659 10911
659 11750
729 17466
733 21439
736 6729
762 12366
805 21280
837 11340
837 15823
837 23598
839 2650
852 3313
852 5089
904 12366
904 15823
904 18797
936 9152
1013 15299
1058 2741
1058 15139
1058 17015
1065 3313
1106 15823
1115 16212
1144 18641
1207 13137
1223 8119
1255 10293
1361 3495
1361 4092
1361 10171
1361 21622
1361 23792
1365 1812
1365 5478
1365 11340
1365 15299
1413 24085
1470 22144
1470 24120
1636 5065
1636 8981
1636 24120
1742 21833
1812 2583
1812 4382
1812 11340
1812 15823
1813 2292
1825 5859
1831 16120
1879 2650
1922 15505
1922 18122
2158 19587
2200 5065
2223 24137
2256 24105
2450 3509
2460 9483
2545 24138
2582 20151
2583 9245
2583 11340
2583 23792
2583 24136
2650 9562
2650 18797
2704 23967
2762 5215
2767 2868
2767 6203
2767 7109
2767 8197
2767 21622
2767 23770
2767 24117
2795 19587
2888 15823
3166 23227
3313 16615
3509 4092
3509 23169
3509 24128
3509 24136
3636 4092
3636 16017
3636 24120
3707 14748
3799 23937
3850 12366
3910 7674
3910 17853
3910 23786
3910 24121
3935 18928
3984 4536
4092 9985
4092 16120
4092 22798
4092 24120
4187 20454
4187 23598
4382 11340
4382 15823
4536 23256
4545 16615
4727 22702
4771 24145
4839 9562
4866 18696
5012 17692
5065 5616
5065 11343
5065 15893
5065 21622
5065 21833
5065 23959
5065 24144
5089 9309
5089 18190
5089 23644
5119 9483
5119 9993
5119 17254
5119 20751
5119 23598
5119 24126
5119 24139
5125 15823
5125 24095
5455 11214
5468 19970
5471 9422
5616 21622
5616 24132
5720 23479
5720 24140
5822 11203
5822 16549
5859 6429
5859 6448
5929 23169
5938 24105
6429 7520
6429 9818
6429 10293
6429 24074
6429 24142
6498 22785
6596 20945
6596 24095
6650 16560
7190 7391
7190 16560
7190 18606
7391 9818
7399 13061
7534 13929
8124 9466
8225 16615
8608 24074
8912 20945
9152 9483
9152 11214
9245 24122
9309 24140
9425 24134
9466 17761
9466 20765
9466 21806
9483 24126
9562 22002
9649 19970
9993 23192
10126 21622
10277 11340
10789 16420
10789 18454
11214 23479
11228 23168
11340 15823
11340 18454
11340 24126
11489 15987
11489 16549
11489 23283
12358 24125
12366 18797
12366 24010
12366 24127
13061 22144
13851 16560
14130 19258
14303 15067
15067 16033
15067 18484
15168 15823
15168 22545
15299 19970
15398 17382
15474 22702
15505 22150
15505 24120
15823 16549
15823 23937
15823 24133
16349 21622
16349 24142
16549 17015
16549 18470
16549 20945
16549 23227
16549 23937
16549 24129
16549 24142
16607 16615
16843 22798
17015 23471
17056 21622
17086 24119
17254 22303
17558 20494
17624 21294
17853 24120
17860 22144
17955 24134
18190 21806
19116 23169
19970 23822
20765 21806
21806 24141
21833 23822
21833 24123
21869 22383
22624 24144
22959 23644
23168 23598
23168 24130
23168 24131
23168 24132
23169 23590
23283 24126
23287 23760
23471 24129
23590 24143
23644 24121
23760 24114
24010 24027
