7 9993
7 13533
7 14677
26 8341
26 16904
29 76
29 2650
29 4117
29 9993
42 3935
42 8608
42 18928
43 4589
76 15750
76 20388
76 22764
110 23227
138 13184
138 24163
153 5119
153 7109
153 24153
153 24162
158 6619
158 15750
158 24156
158 24161
258 17448
258 20066
258 21630
258 24150
280 21344
315 4783
315 24156
370 5501
383 3910
407 3501
506 24147
519 24065
573 3158
610 839
610 13184
621 712
621 24159
641 19251
736 1917
736 9717
736 24151
736 24170
774 2583
821 21030
837 24154
839 15453
839 24065
852 3313
852 3707
897 2357
946 8965
1002 24118
1106 16619
1106 17056
1106 23111
1144 15299
1256 12366
1256 23810
1333 1812
1361 1551
1361 1922
1361 2739
1361 4727
1361 10126
1361 24149
1361 24157
1361 24162
1365 12366
1369 4670
1369 23937
1413 11340
1539 21280
1540 22680
1664 7855
1831 3910
1831 24149
1922 18122
2223 2739
2223 24137
2223 24156
2223 24160
2252 2583
2357 5270
2545 24138
2583 2767
2583 11340
2583 17056
2583 22381
2583 24157
2583 24169
2650 2729
2650 6942
2650 15299
2650 23192
2670 3707
2670 4140
2670 9309
2694 16044
2739 5125
2739 5362
2739 8411
2739 11203
2762 24065
2767 17056
2767 21733
2783 18607
2786 21280
2816 24167
2839 5141
2839 8688
2839 16554
2839 23168
2888 15823
3041 13276
3041 16634
3166 24159
3313 18190
3322 22458
3322 24160
3405 6784
3405 17465
3545 24156
3636 22892
3707 9309
3707 20989
3900 23227
3910 11158
3910 20080
3910 24165
4092 22798
4171 16777
4187 15823
4187 24166
4187 24171
4187 24172
4267 15875
4507 24166
4589 5616
5012 17692
5065 5230
5065 24009
5065 24166
5089 9309
5119 7844
5119 9565
5119 15299
5119 24162
5230 6779
5230 11340
5501 23192
5550 24159
5720 23810
5720 24140
5992 9993
6203 11184
6203 24044
6203 24158
6373 16560
6373 18920
6373 19951
6373 22647
6373 23168
6429 8608
6429 10293
6429 13184
6429 24170
6448 9717
6448 15287
6650 16560
7109 24156
7391 9818
7399 13061
8119 17329
8981 24009
9152 22764
9245 24165
9309 24140
9466 16777
9562 10461
9562 15067
9565 12366
9717 15287
10040 24148
10126 21622
11184 15472
11340 24152
11360 19849
12366 13061
12366 18797
12366 20775
13184 16904
13184 18466
15067 22702
15113 22434
15168 24166
15240 23479
15299 23168
15823 23479
15875 18920
16096 21642
16525 24164
16549 24142
16549 24155
16554 21280
16560 24137
16601 16988
16777 22106
17329 24094
17329 24146
17718 18607
17955 22458
18512 22303
19970 23168
20080 23760
20857 24065
20915 22392
21326 24164
21806 24141
22624 24155
22647 23738
23168 24152
24065 24168
24079 24094
