26 24179
28 2095
28 3910
42 19514
48 23383
73 2845
76 857
76 1197
76 19970
76 22203
76 23383
83 2839
88 2839
90 3935
95 24200
109 11545
110 1854
110 5125
110 15320
110 18920
110 21105
110 21280
110 22608
110 24199
135 2019
135 23926
138 1065
138 12366
138 13061
138 24178
138 24193
138 24201
153 20080
153 24181
158 9888
158 10347
158 11214
158 21737
158 24177
196 12366
196 16560
196 22587
196 23046
247 24191
258 7839
280 24174
315 1985
315 20388
528 4092
528 16120
528 24149
546 8565
546 16120
577 18551
577 23982
600 24192
611 23236
621 4280
641 16592
691 20825
736 2204
736 23046
736 24184
803 5119
803 5581
839 2583
907 3910
921 2888
921 5468
921 24180
928 8067
1058 1917
1065 1185
1065 1636
1065 2405
1065 3313
1115 9427
1200 24178
1243 9152
1243 10846
1256 24181
1264 1854
1264 12392
1300 15287
1361 3910
1361 13061
1361 17072
1361 24149
1361 24172
1365 1392
1365 3313
1365 4771
1365 5616
1365 5720
1365 15299
1365 24178
1390 3313
1390 24178
1470 24174
1742 21280
1831 22504
1854 3673
1894 2839
1917 2650
1917 4117
1917 14417
2019 23926
2095 2583
2095 12366
2095 17955
2095 24181
2111 6666
2140 13061
2223 22587
2286 10941
2286 21672
2313 2583
2324 5125
2488 2938
2488 12366
2583 3910
2583 5119
2583 5230
2583 11103
2583 15067
2583 16033
2583 24149
2583 24157
2583 24185
2583 24188
2650 2729
2670 9309
2694 16044
2762 13061
2762 17640
2762 22504
2783 11340
2783 15256
2839 6498
2839 9977
2839 19533
2839 24180
2956 23809
3166 23227
3313 24178
3322 22458
3456 22624
3456 24176
3673 21280
3707 6548
3856 24173
3900 23227
3910 4924
3910 16084
3910 16592
3984 4536
3984 6596
4011 22423
4050 23236
4059 16560
4059 22587
4092 22798
4117 23937
4187 4589
4187 24172
4216 24175
4419 13276
4536 22203
4589 5616
4589 11340
4924 8119
4924 23236
5009 8608
5065 19514
5065 24199
5089 10068
5119 19945
5119 24188
5119 24189
5230 11340
5468 24189
5501 24195
5616 16592
5616 19346
5692 24190
5720 23810
5816 21316
5831 11565
5992 17640
6142 24187
6165 24178
6203 11344
6373 12366
6373 16560
6373 19951
6373 22647
6373 24186
6373 24200
6429 8608
6429 21316
6429 24074
6596 15311
6596 16617
6596 22203
6779 11184
6942 23822
7213 20080
7290 24179
7399 12366
7534 13929
7541 24183
8067 15824
8067 16120
8067 24199
8119 21294
8121 16634
8466 17671
9241 24194
9245 19258
9245 19515
9309 10068
9309 24140
9427 15309
10068 24190
10347 24176
10789 23618
10941 24196
11340 24189
11344 22798
11344 24158
11565 17955
11762 15067
12366 13061
12366 15875
12366 16560
12366 20388
12366 24186
12366 24197
12366 24200
13061 23479
13061 24065
13074 24164
14044 24189
15067 16033
15085 18122
15168 23862
15168 24192
15240 23953
15385 16592
15875 21280
16033 23774
16084 16592
16461 24178
16560 24186
17955 22458
17955 24181
18122 24182
18466 21280
19970 23305
20080 21642
20435 23582
21000 21280
22315 23560
22315 23862
22423 23168
22624 24188
23123 24138
23168 23383
23168 24183
23168 24184
23283 23926
23822 24197
24139 24198
