29 5581
29 24479
42 13240
42 24449
70 1232
73 762
73 13240
76 3195
76 4746
76 5270
76 6503
76 11587
80 24456
87 15935
87 16099
87 20435
88 90
90 22332
95 531
95 18116
97 6503
110 1854
110 8197
110 8429
110 12366
110 16560
110 23067
110 24272
115 24470
138 4544
138 8093
138 23305
138 24359
138 24480
158 11048
158 24385
158 24463
158 24471
172 23420
184 1278
196 1278
204 24325
267 22544
280 5066
280 14062
280 24458
304 7991
383 1365
383 1831
383 2583
383 24477
412 20430
412 24474
467 803
467 2762
524 21000
546 5065
573 21419
621 24481
712 5065
730 3107
730 5272
736 18896
762 1390
762 1687
762 2583
762 4011
762 4117
762 5362
762 5831
762 8043
762 24439
803 6429
803 7290
852 2762
852 9309
879 19301
881 13280
898 16102
948 6429
1058 2204
1058 2820
1058 15935
1058 20440
1092 4749
1115 11048
1144 21956
1148 5362
1148 24383
1206 22741
1232 17692
1278 20430
1333 3239
1333 16099
1359 10789
1390 4838
1390 24249
1470 24249
1470 24462
1540 18116
1606 19983
1636 1831
1636 9396
1636 24458
1709 1854
1709 20440
1763 16213
1763 21956
1774 16099
1794 24448
1831 4117
1831 17388
1831 24463
1831 24468
1831 24473
1854 16639
1877 24486
1917 4117
1917 6501
1917 8429
1917 15196
2117 6503
2117 21419
2223 17558
2324 4749
2437 22332
2583 4187
2583 5065
2583 5616
2583 7534
2583 20435
2583 24202
2583 24463
2583 24464
2583 24483
2599 20700
2650 3648
2816 4536
2816 5468
3107 15416
3107 16592
3166 21419
3195 17659
3239 4092
3239 16099
3239 22149
3380 15893
3380 18466
3381 15039
3458 8604
3484 24455
3501 4866
3648 21419
3764 23337
3799 5368
3905 4839
3905 23774
3910 9956
3910 13929
3910 18190
3910 21642
3984 21956
4006 15085
4031 21419
4117 5065
4117 5616
4117 15453
4117 17465
4117 23790
4135 16664
4135 21121
4188 18114
4382 20435
4397 14677
4600 16526
4746 7399
4746 16639
4749 23168
4783 11587
4838 6436
4839 24482
4924 24476
4924 24484
5065 15416
5065 17465
5065 23083
5065 24410
5089 9309
5125 15168
5132 24469
5138 23655
5141 16946
5254 10293
5362 7534
5362 24249
5366 15168
5455 15168
5471 9536
5471 22741
5581 11103
5581 23192
5581 24466
5615 24481
5616 6203
5616 6429
5616 9245
5616 13735
5616 15168
5616 17761
5720 13061
5816 8197
5816 8429
6203 24467
6223 6947
6223 21642
6373 15185
6373 21956
6429 10864
6429 12488
6429 15328
6429 17692
6429 20440
6429 21545
6429 24074
6429 24359
6429 24448
6429 24481
6503 18466
6640 21956
6640 24484
6867 13735
6867 16664
6867 18466
6947 21642
7213 15113
7534 23337
8043 24448
8093 24359
8124 20440
8197 12090
8197 17217
8197 24272
8429 15875
8429 18466
8472 16102
9425 24446
9446 23026
9472 17558
9562 22774
9562 24464
10198 15185
10347 24471
11103 24449
11203 15453
11251 24461
11340 24472
11565 11863
11580 16560
11751 15168
12022 16863
12366 15416
12366 16560
12366 23168
12366 24454
13061 16212
13061 24480
13240 22544
13280 19058
14387 24415
15067 16249
15067 17955
15067 24450
15113 20302
15113 23168
15185 24475
15416 23211
15453 24383
15453 24458
15472 24457
15643 17753
15893 18466
16182 24458
16249 17955
16554 21419
16560 24442
16560 24475
16664 18466
16984 24480
17545 22703
17955 24465
18512 24459
18539 24359
18815 23305
18896 24470
19058 24478
19722 20090
20430 22153
20435 23168
20481 24453
20739 24022
21642 22149
21697 24460
22624 24471
23168 24485
23276 24460
23363 24463
23525 24439
24074 24415
24278 24279
24359 24481
24451 24452
