26 5143
28 12748
29 9888
43 5616
72 1454
76 138
76 9000
76 15113
76 15217
76 21000
79 577
79 1058
80 1058
88 108
110 6034
110 22198
110 22608
110 23067
110 24511
114 24514
119 23168
138 881
138 6373
138 15113
158 10520
158 11228
158 24411
158 24508
158 24510
195 24503
226 24490
258 22485
338 6501
356 23159
383 8912
412 6517
412 15252
412 17973
511 23083
528 15217
546 4117
573 21105
610 14053
621 712
659 1365
736 6429
736 10409
762 1973
762 24487
773 1058
837 16445
837 23578
837 24489
852 1973
852 2529
852 3910
852 8197
852 14002
852 20740
852 24113
859 16099
859 19620
881 2583
881 4092
881 4117
881 15125
881 15941
968 8429
1058 1228
1058 1917
1058 3051
1058 3333
1058 15823
1164 8197
1223 5478
1223 9789
1255 4392
1322 23114
1365 12366
1365 24502
1470 3910
1470 22838
1540 5362
1540 17761
1540 20095
1540 24502
1606 24495
1636 3984
1636 4117
1742 12444
1831 3239
1877 24486
1917 6501
1973 3313
1973 3515
1973 6982
1973 9309
2019 4855
2027 15185
2142 24502
2158 22198
2256 5119
2313 5065
2385 7662
2406 10846
2468 24507
2582 13735
2582 24487
2583 3072
2583 3239
2583 6498
2583 9152
2583 9312
2583 10461
2583 22143
2583 22800
2583 23363
2583 24502
2694 22198
2762 5616
2767 11587
2816 5468
2930 23168
2930 24509
3072 6498
3072 23363
3161 23363
3239 16099
3239 24496
3313 5089
3381 4860
3476 3496
3494 24359
3501 4585
3648 21419
3707 12760
3764 3799
3799 24502
3910 21642
4092 15823
4092 17329
4106 14417
4117 5065
4117 24445
4187 11344
4382 24508
4392 23168
4507 4589
4536 13209
4589 5362
4641 4783
4746 5501
4746 7399
4746 10347
4746 15125
4746 16639
4746 24492
4771 17692
4924 4949
4924 24500
4949 6867
4949 24499
5065 15453
5119 23578
5119 24465
5272 24488
5366 20839
5366 23578
5468 15113
5501 23192
5692 9789
5831 10347
6189 14417
6332 11340
6373 21956
6373 22647
6373 24447
6373 24493
6429 8429
6429 9000
6429 10558
6429 13209
6429 24074
6448 15505
6448 24502
6618 14030
6817 11587
6867 9000
6867 20664
6867 24492
7252 11863
7391 10864
7534 15823
7674 11565
7855 8429
8043 24505
8099 11587
8099 24505
8197 24511
8344 24484
8429 10558
8429 23283
8565 19211
8565 23168
8712 12366
9000 22916
9472 17558
9562 22836
9888 24072
10061 11587
10126 24504
10293 16554
10293 24488
10314 12358
10347 17955
10347 19229
10461 16471
10520 14677
10520 24508
10625 20337
10846 16033
10846 24491
10911 15168
10911 22916
11103 23578
11103 24502
11228 22303
11376 17366
11565 24465
11580 14053
11587 12366
12319 15125
12319 16213
12358 18693
12358 22892
12358 23391
12358 23862
12358 24494
12366 18797
12366 24255
12366 24445
12366 24512
12912 24384
13735 24487
14002 24113
15067 24450
15113 16349
15113 16554
15125 23083
15185 24475
15453 22198
15453 22916
15453 24383
15505 24502
16099 24356
16099 24445
16249 17955
17366 24513
17741 24487
17761 24502
17955 23748
17955 24506
19006 24501
19221 23748
19301 23168
20288 24503
20481 24498
20481 24499
20740 24113
21419 23168
22149 24482
22654 24407
22800 23363
23168 24492
23283 23937
23438 24094
23863 24503
24094 24508
24389 24497
