2 5065
2 24689
26 11103
26 24449
30 22795
42 839
42 2408
43 1990
69 8429
73 3624
76 8429
76 9502
76 18539
76 23681
76 24669
87 18297
90 24449
93 1413
93 5455
93 6779
93 8197
93 15505
95 3065
97 19970
110 839
110 22211
110 23694
110 24683
110 24699
117 23283
133 13735
138 5065
138 11587
138 24640
138 24680
138 24691
153 15494
158 444
158 10347
158 15113
158 24676
184 712
196 762
196 9425
311 15309
330 2888
370 2437
383 18148
407 1359
407 1636
407 5065
407 5125
444 11214
461 1413
548 837
556 24641
573 857
577 9502
577 24159
617 19741
617 19911
621 9502
621 24661
686 2919
762 4873
762 9425
762 10347
762 24677
762 24696
839 2408
839 4419
839 24449
881 24449
963 12358
963 16984
1164 24256
1198 14165
1255 22964
1333 16099
1361 22296
1361 23471
1361 24639
1361 24689
1470 2762
1470 19983
1470 24510
1470 24673
1604 2762
1604 24667
1636 18087
1636 22557
1636 24678
1636 24689
1784 24687
1813 7399
1816 14621
1877 5488
1877 22604
1877 24674
1971 24699
1973 9292
1973 14002
2027 23838
2027 24664
2102 24685
2111 24676
2118 5334
2158 2821
2223 5066
2223 23471
2223 24676
2256 22836
2284 24661
2307 8917
2324 15557
2389 24664
2582 24687
2583 10789
2583 14165
2583 15309
2583 18148
2583 24470
2583 24671
2670 10347
2692 24348
2694 24664
2756 11587
2762 5119
2762 5471
2762 9168
2762 9565
2762 13280
2767 24470
2919 9245
2919 18190
2930 9502
3166 24700
3313 11587
3405 23694
3405 24681
3458 24094
3624 3785
3727 8429
3893 9562
3938 24094
3984 23851
4001 15557
4092 19983
4092 22798
4117 21532
4187 9245
4187 15453
4382 10347
4390 7186
4419 19627
4507 14165
4536 24074
4600 5247
4765 6867
4839 24689
4866 24688
5002 18470
5009 24655
5009 24682
5065 9502
5065 17012
5119 10347
5181 17635
5272 24669
5362 6739
5362 23471
5471 6505
5471 11164
5488 18470
5550 18297
5644 24580
5720 14165
5720 18087
5720 24691
5720 24703
5787 16933
5938 9502
6189 9245
6203 16907
6203 17082
6373 6867
6373 10198
6373 15808
6373 24006
6429 6867
6429 7000
6429 15309
6429 15557
6429 16801
6429 22764
6429 24074
6429 24676
6429 24682
6448 15287
6448 24676
6448 24681
6596 24655
6867 17860
6867 23305
6867 24616
7000 20376
7097 16554
7109 24400
7855 24047
8043 8429
8043 11214
8119 17955
8392 17082
8428 10168
8429 11214
8969 15698
9168 24671
9245 18190
9245 19983
9280 19627
9309 10347
9323 11343
9502 10366
9502 11343
10273 15720
10293 24675
10293 24680
10347 20753
10347 24671
10347 24691
10409 20700
10440 24094
10558 24674
10789 24415
10789 24651
10789 24679
10789 24694
10941 16963
11343 15113
11343 24236
12222 22951
12358 13280
12844 19983
13489 21532
13735 24660
14002 24692
14017 22296
14017 24348
14017 24665
14165 15698
14903 16120
15113 15453
15113 15918
15113 18539
15113 23614
15168 15494
15494 18470
15494 24094
15709 22951
15720 24690
15720 24691
15875 19627
15875 23694
16099 24673
16436 24672
16525 24661
16610 21121
16617 24074
16801 23211
16984 24510
16984 24684
17545 24664
17866 22315
18617 19627
18617 24664
19156 23168
19211 24159
19394 23211
19520 24221
19520 24670
20501 23471
20501 24698
20673 24677
22211 23283
22460 24575
22624 24682
22624 24701
22764 23305
23256 24699
23363 24702
23471 24686
24025 24668
24025 24690
24094 24692
24094 24695
24625 24693
24694 24697
