0 1
0 4
0 8
0 25
0 28
0 29
0 30
0 43
0 76
0 79
0 80
0 98
0 109
0 121
0 122
0 123
0 129
0 134
0 135
0 139
0 159
0 167
0 186
0 206
0 246
0 280
0 335
0 349
0 380
0 383
0 390
0 394
0 422
0 440
0 449
0 451
1 28
1 69
2 25
2 29
2 43
2 48
2 70
2 128
2 190
2 206
2 249
2 331
2 349
2 356
2 399
2 412
2 437
2 451
3 25
3 42
3 101
3 123
3 134
3 172
3 411
4 7
4 69
4 201
4 307
4 404
6 387
7 25
7 26
7 43
7 121
7 123
7 134
7 171
7 195
7 206
7 451
8 28
8 139
8 280
8 328
8 331
8 354
8 443
19 307
19 335
25 26
25 30
25 36
25 43
25 64
25 76
25 79
25 80
25 84
25 93
25 109
25 120
25 121
25 122
25 123
25 127
25 128
25 129
25 132
25 134
25 135
25 140
25 153
25 154
25 159
25 162
25 172
25 184
25 190
25 196
25 206
25 213
25 226
25 238
25 246
25 247
25 249
25 307
25 336
25 338
25 339
25 348
25 372
25 374
25 377
25 388
25 390
25 391
25 393
25 404
25 410
25 412
25 415
25 417
25 423
25 424
25 428
25 434
25 435
25 440
25 451
26 36
26 43
26 76
26 88
26 98
26 121
26 206
26 403
26 436
28 73
28 206
28 226
28 388
28 409
29 109
29 154
29 275
29 331
29 393
29 414
30 76
30 135
30 140
30 186
30 190
30 410
30 424
31 76
36 76
36 83
36 88
36 121
36 140
36 206
36 275
36 336
37 47
37 56
42 54
42 76
42 101
42 134
42 159
42 166
42 172
42 233
42 275
42 303
42 330
42 331
42 348
42 383
42 388
42 418
43 68
43 76
43 103
43 121
43 135
43 146
43 167
43 186
43 206
43 307
43 335
43 339
43 391
43 394
43 402
43 410
43 431
43 436
47 246
47 382
48 113
48 196
48 206
54 331
56 76
56 184
56 335
56 410
56 424
57 184
57 266
59 374
59 442
61 410
64 367
64 434
66 410
68 103
68 109
68 128
68 206
68 249
68 367
68 376
68 411
69 380
70 422
70 428
70 439
73 121
73 388
73 434
74 130
74 307
74 381
76 79
76 80
76 82
76 84
76 93
76 96
76 103
76 109
76 120
76 123
76 134
76 135
76 146
76 148
76 174
76 183
76 186
76 199
76 206
76 235
76 271
76 275
76 295
76 303
76 331
76 354
76 367
76 377
76 383
76 391
76 392
76 395
76 400
76 404
76 408
76 410
76 417
76 423
76 443
76 447
76 450
76 451
79 214
79 291
79 307
79 345
79 410
79 423
79 443
79 446
80 109
80 122
80 134
80 146
80 303
80 335
80 410
80 414
80 417
84 206
84 275
88 121
88 149
88 206
91 138
91 413
93 195
93 390
93 410
93 412
94 307
97 190
97 226
97 359
97 401
99 225
100 134
100 303
101 134
101 275
103 186
105 143
105 410
109 121
109 349
109 397
109 398
109 404
109 417
114 411
115 442
117 134
119 345
119 399
120 121
120 206
120 303
120 422
120 434
120 452
121 226
121 275
121 283
121 291
121 388
121 428
122 266
122 412
123 154
123 452
127 287
127 416
128 235
128 267
128 303
128 379
128 386
128 410
128 419
128 423
128 424
129 253
129 394
129 405
131 348
132 367
132 372
133 290
133 376
133 377
134 135
134 146
134 154
134 178
134 233
134 348
134 404
134 423
135 388
135 391
138 400
138 420
140 330
140 377
140 411
140 424
141 158
146 186
146 196
146 349
148 410
151 249
151 290
154 196
154 304
154 348
157 162
157 206
158 335
158 444
159 238
162 206
162 420
162 448
163 275
163 376
163 424
166 389
167 369
167 391
168 225
172 348
173 201
178 348
180 382
184 404
184 446
186 206
186 231
186 246
186 291
186 335
186 424
187 410
195 206
195 330
195 391
196 235
196 238
196 374
196 377
198 410
199 307
201 275
201 374
201 424
206 226
206 233
206 247
206 249
206 275
206 428
206 431
206 454
210 246
210 385
210 426
226 405
231 437
235 287
246 396
246 434
249 335
249 368
249 411
249 424
249 429
249 436
249 451
259 341
266 396
271 367
271 383
275 307
275 411
275 433
290 359
290 384
291 307
291 410
295 399
298 396
301 357
302 401
303 369
303 375
303 451
304 404
307 331
307 335
307 342
307 410
307 412
307 423
324 331
324 383
324 410
325 422
331 383
331 389
334 349
335 392
335 432
336 399
336 431
340 422
348 438
349 425
356 423
367 404
369 388
382 410
388 406
388 431
389 417
389 421
391 431
393 441
395 422
396 405
403 431
404 410
407 408
410 412
410 422
410 449
414 415
417 421
422 427
422 428
422 430
424 449
445 446
452 453
