0 2589
0 2598
2 692
2 1561
2 2664
2 2966
4 374
4 1636
4 2598
7 716
7 1160
7 1622
7 2783
14 42
14 43
14 89
14 729
14 897
14 2306
14 2541
14 2598
16 349
19 762
19 2598
19 2664
29 191
29 434
29 729
29 1106
29 1179
29 1374
29 1561
29 2598
30 307
37 89
42 75
42 284
42 348
42 461
42 546
42 548
42 891
42 1359
42 1422
42 2340
42 2952
42 2956
42 2975
43 174
43 801
43 2057
43 2191
43 2514
43 2592
46 570
46 692
46 729
46 1023
68 370
73 570
73 762
73 1381
75 729
75 1563
75 2254
75 2429
75 2820
75 2959
76 153
76 158
76 284
76 692
76 922
76 1243
76 1604
76 2592
76 2598
80 2617
83 821
84 729
84 2784
89 374
89 434
89 461
89 1561
89 2254
89 2592
89 2598
89 2767
89 2868
90 304
90 1374
94 1561
96 236
117 442
117 536
117 891
117 1002
117 2522
117 2902
124 2541
129 2949
146 2971
151 2756
153 570
153 922
153 1365
153 1604
153 1636
153 1972
153 2306
153 2598
158 284
158 729
162 2825
174 461
174 613
174 729
174 1359
174 2598
175 839
180 1636
184 1604
184 2598
184 2971
186 1561
190 810
190 928
190 2111
190 2309
190 2949
196 928
196 1374
196 2541
196 2784
196 2979
201 374
206 1369
206 2340
218 2598
226 2968
236 2664
247 302
249 349
249 2340
253 613
259 613
259 729
259 1604
259 2223
259 2783
259 2868
280 444
280 1365
280 2877
280 2915
284 633
284 716
284 729
284 1622
284 2052
284 2307
284 2598
284 2973
287 948
287 2340
287 2958
289 2128
289 2254
289 2514
290 2976
298 2617
302 1369
302 2845
303 2959
303 2980
307 536
307 682
307 731
307 1031
307 1510
307 2065
307 2598
307 2670
307 2724
307 2823
307 2955
315 692
339 1877
348 836
348 2406
348 2869
349 852
349 2455
349 2972
367 1561
370 1131
370 1179
374 461
374 610
374 1054
374 2712
374 2739
392 1012
405 1002
405 2019
406 1381
410 2339
414 1179
414 2959
424 1106
424 2845
434 570
434 1377
434 1561
434 2598
435 2592
442 610
442 1256
442 1268
442 1604
442 1622
442 2465
442 2598
444 1646
446 1256
446 2634
453 2739
455 2862
456 1561
461 570
461 963
461 1646
461 2598
461 2954
461 2956
493 1374
493 1646
506 532
506 2191
506 2598
526 2868
532 2882
536 546
536 1359
536 1646
536 2254
539 1604
546 2956
559 1753
559 2389
559 2648
565 2306
570 729
570 836
570 1818
570 2114
570 2627
570 2727
570 2767
570 2947
570 2968
571 2598
571 2825
573 836
573 2962
577 618
577 2406
589 2132
589 2598
599 692
599 1374
610 1054
610 1256
610 2052
613 892
613 1054
613 1374
613 1469
613 1604
613 2128
613 2223
613 2306
613 2514
613 2541
613 2664
613 2687
613 2701
613 2974
613 2979
621 2663
621 2847
633 2973
634 1015
647 2598
659 712
659 1106
659 1374
682 2534
682 2868
686 773
686 1312
686 2682
686 2959
691 1786
692 1365
692 1453
692 1812
696 1561
712 2492
729 801
729 1131
729 1374
729 1510
729 1877
729 2541
729 2784
729 2823
729 2852
729 2975
731 1057
731 2541
731 2598
753 1106
753 2019
753 2254
760 2406
762 2062
773 2598
801 1563
803 2783
809 2268
810 928
810 1977
810 2307
810 2970
821 1561
821 2598
834 2254
836 1131
836 1255
836 1365
836 1458
836 2664
839 1369
839 2423
839 2598
852 922
852 1256
852 1374
852 1717
852 2223
852 2488
852 2492
852 2756
852 2762
852 2950
859 1793
881 1057
891 1604
901 2934
904 1561
922 1256
922 1321
922 2756
928 2664
948 2468
948 2960
968 1527
1002 1369
1005 2762
1012 2767
1023 1877
1023 1972
1023 2696
1031 1106
1031 2664
1036 2406
1036 2967
1054 1057
1057 1255
1057 2254
1057 2767
1057 2811
1057 2820
1097 1374
1097 2019
1106 1160
1106 2254
1106 2340
1106 2948
1160 1333
1160 1359
1160 1458
1160 2492
1179 1812
1179 2598
1205 1941
1242 2603
1243 2977
1253 2948
1255 2650
1256 2589
1256 2756
1256 2938
1290 1793
1333 2254
1333 2598
1359 2254
1359 2514
1359 2820
1359 2959
1359 2977
1359 2980
1361 2868
1365 1604
1365 2254
1365 2256
1365 2598
1365 2627
1365 2692
1365 2771
1365 2868
1365 2938
1365 2948
1365 2964
1365 2972
1369 2953
1374 2064
1374 2663
1374 2783
1374 2969
1374 2970
1379 1646
1381 1561
1381 2492
1395 2339
1413 2948
1453 2877
1453 2966
1458 1561
1458 2664
1458 2966
1461 2541
1461 2598
1510 1540
1510 1793
1510 2844
1510 2948
1540 2649
1540 2820
1561 2592
1561 2598
1561 2664
1563 2959
1604 2465
1604 2492
1636 2254
1636 2820
1646 2541
1646 2965
1687 2712
1785 2581
1786 2902
1794 2784
1812 2307
1812 2598
1812 2784
1818 1877
1818 2598
1818 2947
1824 2783
1831 2492
1831 2783
1861 2598
1917 2309
1917 2948
1947 2845
1959 2598
1992 2254
1992 2811
2001 2739
2038 2589
2052 2240
2052 2978
2062 2541
2128 2514
2132 2978
2135 2223
2158 2930
2169 2340
2223 2254
2223 2974
2254 2514
2254 2811
2254 2868
2254 2921
2254 2959
2268 2731
2306 2627
2307 2406
2307 2784
2307 2975
2309 2598
2309 2970
2319 2340
2340 2820
2340 2868
2340 2869
2389 2960
2397 2963
2406 2951
2406 2967
2433 2868
2433 2942
2433 2946
2435 2948
2437 2628
2455 2541
2455 2783
2455 2959
2455 2980
2465 2598
2465 2972
2468 2961
2473 2962
2492 2589
2492 2739
2521 2820
2541 2783
2583 2598
2592 2598
2592 2820
2598 2724
2598 2868
2598 2951
2627 2692
2664 2963
2682 2959
2712 2756
2727 2947
2741 2820
2767 2783
2767 2950
2775 2966
2783 2980
2820 2959
2820 2966
2823 2957
2852 2958
2868 2946
2902 2958
2942 2962
2954 2957
2977 2979
