0 76
0 434
2 3014
4 3024
7 2728
7 3046
14 184
14 455
14 610
14 794
14 1255
14 1256
14 1359
14 1552
14 2024
14 2254
14 2598
14 2606
14 2783
14 3025
19 536
19 539
19 2062
19 2418
19 3014
25 2437
25 2598
29 190
29 839
30 290
30 370
30 1453
30 2243
30 3046
42 729
42 948
42 1255
42 1598
42 2019
42 2052
42 2188
42 2254
42 2255
42 2589
42 2598
42 3037
42 3046
43 89
43 167
43 206
43 290
43 509
43 536
43 1606
43 1753
43 2158
43 2191
43 2795
43 2962
43 3033
43 3042
48 290
56 2191
59 2455
73 302
73 1012
73 1256
73 2062
73 3030
73 3032
75 76
75 1057
75 1510
75 1636
75 3033
76 199
76 399
76 434
76 442
76 577
76 620
76 685
76 803
76 959
76 1476
76 1785
76 2589
76 2783
76 2818
76 3014
83 1453
84 839
84 3036
89 295
89 621
89 762
89 1561
89 1877
90 280
90 536
90 1561
95 142
96 404
96 852
96 1057
96 1164
96 2411
96 2468
97 836
97 948
97 1612
97 2128
101 1868
108 570
108 2062
113 134
113 948
124 2598
124 3006
133 546
133 2132
133 3037
134 753
134 2962
137 1365
138 1972
138 2760
142 370
142 2912
153 302
153 349
153 682
153 1413
153 1540
153 1561
153 2132
153 2254
153 2598
153 2606
153 2728
153 2783
153 3014
154 2598
156 682
156 1164
156 2307
158 1794
158 3014
158 3026
167 1753
175 2406
178 3030
184 536
184 1446
186 2492
190 1298
190 2598
196 613
196 659
196 2418
196 2687
196 3014
206 434
206 1244
235 434
249 948
249 2468
258 374
258 659
258 1561
258 1566
258 1787
258 2598
258 2606
258 2656
280 298
280 349
280 852
280 1115
280 1232
280 1365
280 1369
280 1453
280 2057
280 2191
280 2663
280 2767
280 3043
280 3051
289 302
289 374
289 1369
289 2818
290 568
290 3032
302 318
302 349
302 374
302 506
302 563
302 852
302 1365
302 1369
302 1453
302 1777
302 2062
302 2132
302 2223
302 2297
302 2598
302 2783
302 2844
302 2970
302 3014
303 1540
303 2052
303 2820
303 3019
312 1359
318 2297
339 2062
349 410
349 519
349 539
349 682
349 1365
349 1453
349 2767
349 2877
349 2938
349 3023
370 1179
370 2188
370 2598
374 1115
374 1525
374 2489
374 2783
374 3038
392 2598
399 3035
404 1365
404 2411
404 3046
410 1453
414 2243
434 461
434 659
434 839
434 1359
434 1381
434 2589
442 1606
442 1636
442 1697
442 2192
446 2854
456 2188
461 1057
477 1115
487 2598
504 771
509 1036
509 1877
521 1612
536 671
536 1381
536 1831
536 2019
536 2254
536 2267
536 2762
539 1563
539 1753
539 2019
539 2204
539 2598
539 2934
546 613
546 1106
546 1510
546 2132
546 2340
546 3037
559 1753
562 3020
570 1521
570 1956
570 2062
577 803
577 2111
599 1349
599 2844
599 3014
610 613
612 3022
613 633
613 848
613 2687
613 2767
613 2783
613 2825
613 2982
613 3006
613 3037
613 3042
633 3042
659 2598
671 2267
682 1197
682 1786
682 2756
682 3023
685 2598
686 891
686 1636
686 2254
729 803
729 1552
729 1612
729 2307
729 2598
729 3017
729 3031
729 3036
762 1255
762 1793
771 1057
771 2598
773 1612
803 1106
803 2728
803 2783
803 2877
809 2728
809 2818
836 1255
839 1164
839 1232
839 2598
852 1106
852 1365
852 1505
852 2223
852 2488
852 2489
852 2756
852 3046
875 1369
881 1057
891 1359
891 1413
891 2254
891 2464
891 3046
891 3048
911 3029
948 1598
948 1793
948 1868
948 2468
948 2589
948 2598
948 2648
948 2674
948 3040
948 3041
950 2598
1036 2188
1057 1106
1057 1636
1057 2019
1057 2254
1057 2589
1057 2598
1057 2823
1106 2254
1106 2455
1106 2820
1106 3050
1115 2783
1115 3014
1135 1359
1135 2907
1164 2674
1177 1870
1179 2598
1200 2492
1243 1561
1247 2062
1247 2418
1255 1256
1255 1691
1256 2254
1256 2489
1256 2762
1256 2991
1256 3046
1298 1793
1298 1877
1300 3021
1321 1369
1349 1620
1349 1794
1349 2598
1349 3014
1359 2254
1359 2455
1359 3034
1359 3039
1359 3045
1365 1505
1365 2762
1365 3046
1369 1453
1369 2223
1369 2254
1369 2255
1369 2455
1369 2663
1369 2767
1369 2783
1369 3031
1413 2019
1413 2052
1413 3019
1422 2052
1422 2783
1422 3033
1436 3046
1453 2319
1453 2767
1453 2877
1453 3014
1476 2003
1505 2492
1510 2844
1517 3014
1525 2433
1536 2767
1540 2728
1552 1794
1552 3033
1552 3034
1552 3050
1561 1606
1561 1794
1561 2862
1561 2962
1561 2970
1561 3020
1563 2598
1571 2464
1598 2052
1598 2255
1598 2598
1604 2820
1612 2111
1612 2128
1636 2254
1636 3037
1661 2019
1661 2254
1661 2598
1691 1717
1742 3024
1753 2062
1753 3049
1763 2853
1785 2581
1785 2687
1786 2902
1787 3051
1792 2365
1793 1877
1793 3024
1794 2594
1794 2962
1794 3014
1812 3033
1868 2389
1877 2888
1880 3046
1917 2319
1917 2504
1941 1972
1948 2286
1956 2319
1958 1966
1972 2062
2019 2254
2019 2286
2052 2096
2052 2254
2052 2598
2052 2767
2052 2818
2062 2418
2096 2254
2096 2617
2158 2365
2188 2598
2223 2489
2223 2728
2223 3038
2243 3024
2254 2264
2254 2267
2254 2589
2254 2598
2254 2617
2254 2783
2254 2820
2254 2868
2254 3027
2255 2598
2255 3049
2267 3001
2300 3046
2307 2589
2307 2598
2307 2784
2307 3017
2340 2598
2365 2783
2365 3030
2389 3000
2429 2762
2433 2854
2455 2930
2455 3039
2468 2674
2468 3044
2489 2783
2589 2783
2598 2682
2598 2712
2598 2767
2598 2877
2598 2970
2598 3017
2598 3040
2598 3041
2692 3035
2692 3046
2728 2767
2728 2818
2760 3034
2767 3014
2767 3039
2767 3047
2783 3017
2783 3034
2795 2962
2820 2915
2820 3019
2820 3027
2844 3014
2862 3014
2868 3038
2943 2982
2946 3028
2962 3014
2982 3037
3010 3045
3013 3027
3014 3026
3024 3030
3030 3032
3031 3037
