2 72
2 1179
2 1561
2 2529
2 3134
2 3136
7 43
7 76
7 83
7 570
7 1216
7 1561
7 2001
7 2868
7 2892
14 461
19 72
19 166
19 729
19 1179
19 2254
19 2648
19 3093
26 2256
26 3031
29 2272
29 2598
29 3023
30 42
30 46
30 72
30 190
30 570
30 729
30 1036
30 1179
30 1474
30 1561
30 1742
30 1753
30 1818
30 1877
30 1917
30 2683
30 2985
30 3030
42 46
42 72
42 162
42 206
42 461
42 570
42 839
42 1753
42 3069
42 3071
43 72
43 206
43 1179
43 2611
43 2915
43 3131
43 3140
46 64
46 72
46 206
46 570
46 613
46 895
46 1106
46 1753
46 1793
46 2324
46 2598
46 3069
56 506
56 1216
56 2433
59 3143
61 72
61 570
61 1268
61 1755
61 2111
61 3069
64 72
64 570
64 1527
64 1753
65 461
68 2364
68 3064
68 3134
72 206
72 434
72 461
72 490
72 570
72 839
72 903
72 1268
72 1385
72 1561
72 2111
72 2683
73 1742
75 539
76 162
76 289
76 1887
76 1917
76 2464
76 3093
79 2671
80 289
80 948
80 2724
80 3064
83 1561
84 290
93 370
93 442
93 1763
93 2254
93 2648
97 434
97 729
109 184
109 536
109 694
109 3077
109 3119
109 3126
123 2762
124 1268
124 2868
126 2111
126 3138
135 2255
140 539
140 897
140 3093
142 1561
153 610
153 1216
153 2985
158 286
158 1106
158 3121
162 1786
174 289
186 3124
190 729
190 1179
191 2868
196 1179
196 1877
198 2556
206 839
206 1171
206 1244
206 1753
206 2111
206 2406
206 2598
215 354
258 839
258 3140
259 1763
259 2762
280 621
286 2223
286 2246
286 3121
289 461
289 1985
289 2598
289 3030
289 3031
290 729
290 773
290 1917
291 3072
298 2611
302 1724
311 1115
318 434
351 354
351 2406
354 1877
354 2663
354 2970
370 414
370 1561
370 1972
370 2272
370 2598
370 2868
370 3030
370 3124
370 3130
404 634
404 1563
404 2254
404 2598
404 2982
404 3031
406 461
406 2598
410 2892
414 1298
414 2598
414 3035
434 570
434 1753
434 1818
434 2062
442 922
442 1359
442 1561
442 1985
442 2649
442 2760
442 2825
442 2868
444 1164
444 1606
444 2307
461 539
461 919
461 1244
461 1359
461 1742
461 2256
461 3031
461 3064
477 2620
490 1941
506 528
506 1051
506 1249
506 1359
506 1872
506 2240
506 3116
506 3131
519 1365
519 3064
519 3093
528 1563
536 2432
539 593
539 1268
539 1753
539 2111
539 2598
570 1306
570 1561
570 1742
570 1755
570 1793
570 1818
570 1941
570 2062
570 2607
570 3030
570 3138
571 613
571 1887
571 2052
577 3051
608 3031
610 2254
610 2256
610 2598
610 2762
610 3129
613 1304
613 1332
613 2611
613 2784
613 3030
613 3039
613 3064
613 3131
613 3143
621 682
621 852
621 1243
621 1474
621 2762
621 2784
682 839
682 852
682 2254
682 2598
682 2762
682 3031
682 3137
691 1141
691 3023
726 1763
729 789
729 1106
729 2527
731 1374
762 1941
773 1793
789 1753
789 3134
803 1332
803 2254
809 1110
809 2868
839 1268
839 1413
839 1561
839 1753
839 1818
839 2027
839 2598
839 3069
852 1474
852 1812
852 1973
852 1985
852 2057
852 2148
852 2526
852 2529
852 2598
852 2692
852 3030
852 3051
852 3113
852 3128
852 3137
859 1385
875 1793
881 1057
891 1792
891 3133
891 3140
948 2868
1013 2783
1036 1179
1036 3122
1039 1141
1051 1321
1051 1365
1051 2364
1051 2488
1051 3023
1051 3069
1054 2611
1057 1785
1081 2589
1106 1793
1106 2272
1125 3072
1141 1332
1141 1365
1179 1243
1179 1818
1179 3031
1179 3125
1206 1321
1216 1413
1216 2433
1235 2062
1243 3134
1244 3030
1244 3134
1256 1994
1265 1474
1265 2687
1268 1753
1268 3000
1298 2062
1298 2598
1298 3124
1304 1332
1304 1365
1306 2868
1321 1365
1321 2868
1332 1365
1332 2256
1332 3026
1332 3039
1359 1422
1359 2052
1359 2254
1359 2825
1359 2868
1365 1561
1365 1606
1365 1644
1365 1831
1365 2534
1365 3064
1365 3093
1365 3134
1413 1561
1413 1792
1413 2254
1413 2364
1413 2868
1448 2027
1448 2912
1453 1561
1474 1928
1474 2762
1474 3023
1510 2307
1517 3136
1552 1561
1552 2492
1552 2784
1561 1917
1561 2132
1561 2319
1561 2455
1561 2598
1561 2649
1561 2784
1561 2868
1561 3134
1561 3139
1563 3031
1606 2064
1606 2254
1606 2598
1606 2868
1606 3031
1612 1917
1612 2052
1612 3123
1622 1636
1636 1792
1636 2598
1636 3064
1636 3116
1636 3117
1637 2598
1646 1742
1661 3071
1661 3134
1753 2111
1753 2368
1753 2598
1755 3069
1763 2648
1763 2762
1763 3115
1779 3136
1786 2598
1787 2364
1792 2784
1793 2255
1793 2762
1793 3123
1793 3130
1812 2256
1812 2598
1831 3142
1877 3069
1881 2488
1887 3093
1917 2309
1973 2692
1985 2254
1985 2767
1994 3123
2019 2324
2052 2057
2052 3143
2057 2455
2057 3030
2062 2598
2062 3030
2064 2254
2064 2488
2064 2598
2064 2607
2064 3136
2100 3136
2111 2598
2114 2598
2114 3129
2132 3136
2223 2246
2223 2433
2223 2741
2245 3026
2246 2741
2254 2455
2254 2598
2254 3031
2254 3076
2255 2598
2255 3000
2255 3052
2255 3134
2268 2658
2272 2598
2272 3030
2272 3141
2319 3093
2364 2598
2368 3118
2406 2868
2406 3031
2432 3072
2432 3134
2433 3120
2455 3064
2464 2820
2464 3093
2488 2529
2488 3023
2492 2820
2492 3093
2589 2598
2589 3136
2598 2724
2598 2784
2598 2868
2598 3031
2598 3069
2598 3122
2598 3123
2598 3134
2607 2741
2607 2820
2607 3135
2649 2724
2649 2868
2662 2915
2663 2728
2692 2784
2724 2868
2724 3129
2762 2868
2762 3117
2762 3129
2767 3115
2820 3030
2820 3031
2820 3069
2820 3093
2820 3131
2820 3136
2868 3138
2892 3072
2975 3132
3030 3130
3031 3122
3046 3051
3065 3131
3066 3118
3069 3071
3069 3093
3069 3136
3072 3127
3134 3139
