0 3518
2 3494
7 29
7 271
7 1972
7 2598
7 3453
7 3507
8 3513
14 1300
14 1481
14 2598
14 3030
14 3166
19 482
19 2062
26 76
26 1268
26 3507
29 69
29 76
29 128
29 1300
29 1661
29 1793
29 1957
29 2598
29 3166
29 3401
29 3494
29 3495
29 3505
30 46
30 1792
30 3512
37 153
37 1763
37 1957
37 2767
42 76
42 2527
42 2598
43 2784
43 3511
46 76
46 235
46 1106
46 1255
46 1957
46 2319
46 2598
48 3505
49 1075
70 153
70 577
75 118
75 813
75 1625
75 2254
76 80
76 289
76 461
76 593
76 897
76 1057
76 1392
76 1917
76 1957
76 2254
76 2468
76 2598
76 2627
76 3026
76 3044
76 3166
76 3485
76 3507
88 2598
89 3318
93 968
96 258
96 1561
96 2468
96 3507
97 1972
108 921
115 3355
117 1300
117 3001
128 2529
133 1053
133 3485
146 3077
153 287
153 312
153 370
153 442
153 1198
153 1588
153 1763
153 1786
153 2319
153 2598
153 2767
153 2775
153 2919
153 3254
153 3510
153 3512
153 3519
158 907
158 1561
158 2529
158 2934
158 3026
158 3166
158 3453
158 3504
206 2784
235 302
235 1527
235 1877
235 2598
235 3067
236 370
253 1017
258 729
258 3496
271 370
271 1763
271 2598
271 3453
280 2468
285 2598
286 3026
287 948
289 621
289 3507
289 3510
290 1972
307 3512
315 621
315 3487
348 851
348 1247
348 3166
349 2762
349 3511
370 1097
370 1612
370 1877
370 2598
370 3453
370 3507
383 1544
391 1198
397 3158
397 3502
410 2663
410 3498
414 1300
432 2728
434 1561
434 3381
446 2374
461 1106
461 2107
461 2598
461 3481
461 3485
461 3507
482 852
482 2583
482 3497
506 2107
506 3521
516 1255
516 1753
546 2598
565 2598
565 2762
565 3031
565 3510
570 852
570 1561
570 1959
570 3251
571 1561
571 3023
571 3517
572 1359
572 2739
572 2820
573 1957
577 1972
577 2535
577 3110
592 3460
613 1763
613 2468
613 3355
613 3504
621 729
621 3507
635 2455
682 2598
682 3381
682 3420
682 3512
694 3502
696 1561
696 2728
729 852
729 910
729 1349
729 1359
729 2107
729 2374
729 2762
729 3381
729 3453
729 3495
729 3511
729 3512
762 2107
762 2784
810 2027
813 1625
813 2254
813 3507
817 3166
821 3453
836 897
836 910
836 1053
836 1392
836 1972
839 1106
839 1561
852 1164
852 1256
852 1717
852 1877
852 1957
852 2468
852 2488
852 3001
852 3023
852 3313
852 3497
852 3515
881 2468
891 1198
891 1540
897 1661
897 2598
904 1972
904 2598
907 1717
928 2598
938 3504
948 2389
948 2612
948 3491
968 1097
968 1527
968 1753
981 3509
1005 1359
1005 1666
1005 1973
1005 2081
1005 3031
1005 3307
1005 3401
1005 3453
1005 3468
1005 3497
1005 3511
1012 1957
1012 2318
1012 2468
1012 2598
1012 3515
1013 2254
1017 2406
1017 2598
1017 3453
1053 1787
1053 2297
1053 3307
1054 3137
1057 2254
1057 2468
1057 2489
1057 3290
1057 3476
1057 3488
1060 3283
1106 1268
1106 1661
1106 1793
1106 2052
1106 2126
1106 2598
1106 3442
1106 3488
1106 3509
1115 1959
1122 2663
1122 3401
1140 2598
1141 2411
1141 3158
1141 3503
1144 2052
1144 2374
1164 1193
1164 3368
1171 1527
1198 1540
1198 1636
1198 2052
1233 1732
1233 3501
1255 1957
1255 2741
1255 3507
1256 1717
1256 2468
1268 1561
1268 1753
1268 1793
1268 3507
1273 3479
1280 3514
1300 2598
1300 3512
1306 1561
1331 1540
1365 1381
1369 1972
1370 2598
1370 3521
1381 3135
1381 3313
1422 1561
1422 3110
1422 3520
1426 3026
1469 2762
1469 3355
1470 3307
1470 3500
1476 2254
1481 1917
1527 2324
1527 2412
1527 3499
1540 3355
1544 3498
1561 1732
1561 3026
1561 3095
1561 3507
1588 2254
1602 3389
1608 3355
1612 2598
1622 3283
1625 1687
1625 2254
1636 2254
1636 3497
1661 1917
1661 3180
1661 3283
1661 3486
1666 2762
1666 3511
1717 1928
1732 3001
1742 3422
1753 2784
1753 3499
1763 2535
1763 2762
1763 2919
1763 3062
1763 3453
1763 3507
1786 3497
1793 1917
1793 1957
1793 3067
1793 3283
1818 2598
1818 3077
1818 3338
1831 2254
1831 3137
1875 2052
1875 2583
1877 2468
1894 3166
1917 3067
1917 3283
1917 3488
1917 3494
1957 3262
1959 2606
1972 2598
1972 3166
1973 2762
1980 3491
2052 2334
2052 2360
2052 2374
2052 2468
2052 3057
2052 3175
2057 3030
2102 3166
2111 3494
2132 2916
2132 3453
2132 3497
2254 2488
2254 2529
2254 2820
2254 3161
2254 3239
2254 3290
2254 3453
2256 3507
2318 2468
2319 2775
2319 3180
2319 3491
2321 2432
2324 3484
2333 2767
2355 3135
2374 2818
2388 3420
2423 3512
2432 3489
2455 3137
2468 2488
2468 3313
2468 3515
2488 3001
2489 3026
2489 3401
2529 2598
2535 2598
2583 3401
2589 2598
2598 2741
2598 2784
2598 3030
2598 3044
2598 3067
2598 3361
2598 3485
2598 3520
2612 3377
2627 2674
2627 3044
2663 3492
2728 3026
2741 2957
2741 3485
2762 3137
2762 3355
2767 3062
2767 3137
2767 3175
2767 3508
2767 3510
2818 3355
2868 3398
2868 3512
2882 3481
2934 3456
2941 3239
3026 3062
3026 3166
3030 3485
3044 3485
3135 3302
3135 3495
3137 3156
3137 3322
3137 3522
3158 3453
3158 3495
3161 3497
3166 3401
3166 3417
3221 3506
3228 3274
3251 3398
3251 3488
3307 3500
3318 3338
3319 3426
3361 3481
3401 3497
3412 3477
3417 3496
3475 3493
3476 3498
3506 3507
3512 3516
3516 3521
