4 721
4 8096
4 8099
7 5215
7 5615
7 5616
7 6842
13 968
19 97
19 621
19 1255
19 1793
19 2762
19 3865
19 4317
25 837
26 3745
26 4317
26 6597
26 7184
29 507
29 1135
29 1144
29 1255
29 2321
29 2650
29 2816
29 3195
29 4187
29 5615
29 6224
29 8073
29 8095
41 1525
41 2767
41 4280
41 8064
42 968
42 4820
42 5065
42 6779
42 8060
42 8073
43 451
43 1255
43 1365
43 2762
43 4615
43 7329
46 172
46 895
46 1255
46 1527
46 1877
46 2406
48 138
48 762
48 2529
48 7290
56 2762
65 2868
65 4187
65 5362
70 3865
70 7184
73 2816
75 1097
75 1170
75 1268
75 2603
76 1413
76 2527
76 3195
76 3229
76 7329
76 8051
76 8123
80 7329
83 5468
83 8015
83 8089
88 2650
90 1732
95 836
95 2762
95 6224
95 8096
95 8133
97 8068
108 1085
108 8068
110 4562
134 158
134 1971
134 3326
134 5845
134 6498
134 6597
134 7828
138 2529
138 2650
138 3969
138 7290
138 8015
138 8041
138 8089
138 8121
140 662
140 2741
141 2158
153 852
153 4731
153 5065
153 5263
153 8015
153 8073
153 8101
153 8135
154 1413
154 8120
156 703
156 1917
156 2762
157 370
157 8092
158 528
158 948
158 1561
158 6528
158 6779
158 7307
158 7941
158 8085
172 449
172 826
172 1527
172 1877
172 2324
172 4216
172 6788
172 7017
172 7658
172 8026
172 8084
172 8097
172 8126
195 4820
196 264
196 1568
196 2158
196 2233
196 2762
196 5065
196 6597
196 7864
196 8078
196 8115
201 6498
240 3505
258 2762
258 4064
264 2762
264 2868
264 4771
267 4615
267 6522
271 4390
280 8052
283 3195
284 7290
286 4317
297 1763
297 2472
297 2620
297 6224
312 7646
315 7753
315 8076
318 8068
318 8100
336 936
339 8117
348 836
348 1877
367 1365
367 3458
367 6122
367 8113
370 708
370 836
370 2860
370 8063
370 8091
370 8094
370 8131
391 539
391 891
391 1097
391 1148
391 1413
391 2720
407 442
412 6597
417 2762
417 8073
432 7984
442 2694
442 4888
447 3171
449 461
449 1255
449 1369
449 1581
449 1972
449 2694
449 2997
449 4771
449 5065
449 6498
449 8124
451 3484
461 507
461 528
461 1359
461 1540
461 1972
461 2472
461 6498
461 7941
507 8102
528 4216
528 5615
528 5769
528 6009
528 7941
528 8073
528 8121
531 8063
539 2053
539 2674
539 2720
544 4855
556 2124
556 5065
556 5115
556 6280
563 2762
570 634
570 4615
570 6467
573 1255
573 8123
577 1115
577 1971
577 5456
577 6945
577 7032
610 1091
610 7929
610 8015
613 836
613 1531
613 2488
613 2762
613 4092
613 6224
618 1622
618 3171
618 5065
618 6429
618 7532
618 8018
621 762
621 1724
621 3479
621 3865
621 3969
621 8076
621 8121
634 2762
636 775
636 5686
659 3417
659 5949
659 8080
682 7984
703 2762
708 836
708 1877
712 5616
729 762
729 1057
729 1268
729 1972
729 2280
729 4771
729 6708
729 8076
729 8098
729 8112
736 5910
736 8061
762 1255
762 1792
762 4187
762 6162
762 6842
762 7184
762 7325
762 7532
762 7665
762 7753
762 7864
762 8054
762 8065
762 8083
762 8115
762 8123
821 6738
826 839
836 1179
836 2521
836 2606
836 2860
836 3745
836 5215
836 6779
836 8076
837 2767
837 4783
837 5493
837 7924
839 895
839 1527
839 1877
839 4783
846 8058
846 8126
847 3969
852 1177
852 1531
852 6498
852 6597
852 6947
852 8101
852 8116
852 8125
875 2816
883 4116
886 3457
886 3984
886 4187
895 968
895 2787
895 2997
895 8054
895 8107
895 8112
897 6498
917 1021
936 1132
936 8106
938 3281
948 6597
968 1793
968 1877
968 2295
968 2669
968 2947
968 3484
968 5828
1002 3283
1002 6597
1002 7119
1002 8090
1005 8118
1006 2603
1013 6498
1036 3012
1041 8029
1051 1256
1051 1531
1057 3474
1091 1115
1097 1268
1097 1531
1097 2053
1097 4117
1106 2650
1106 8072
1106 8134
1115 7534
1115 8093
1144 2280
1144 2868
1144 5652
1164 1972
1170 2019
1177 1383
1177 1691
1177 2280
1177 5720
1177 6122
1179 2472
1179 3158
1179 4419
1179 4882
1206 2158
1206 4949
1206 8125
1255 1298
1255 4783
1255 5179
1255 6467
1255 7997
1255 8054
1256 6122
1258 6842
1268 2603
1268 2720
1268 4216
1268 5267
1268 6842
1268 8058
1268 8123
1281 8029
1359 5006
1359 5362
1359 5637
1359 6224
1359 6528
1359 6779
1359 8015
1361 2762
1361 3417
1361 7329
1361 7924
1361 8015
1361 8062
1361 8073
1361 8075
1361 8087
1365 5362
1375 8099
1390 2321
1413 2603
1413 5065
1413 6842
1413 6955
1413 8089
1413 8122
1426 4239
1448 8089
1481 3195
1481 7855
1521 3865
1527 2324
1527 4419
1527 7855
1527 8057
1531 2527
1531 2534
1531 2762
1531 3326
1531 6224
1531 6597
1531 7329
1531 7869
1531 8008
1531 8071
1531 8073
1531 8096
1531 8118
1539 4615
1561 3505
1563 8073
1568 2158
1622 4632
1622 8099
1622 8123
1636 6528
1636 8122
1680 2762
1702 1877
1724 3479
1732 8073
1792 3528
1793 7855
1793 8068
1807 2529
1807 6294
1807 6779
1807 8015
1812 2762
1812 7491
1825 6597
1831 2522
1831 4092
1831 4488
1831 8122
1854 3543
1877 8042
1877 8112
1879 8090
1894 2816
1917 7027
1917 7307
1958 2860
1971 4370
1971 7845
1971 8124
1972 2762
1972 8089
1972 8095
1985 8095
1990 2389
2019 8090
2027 6162
2027 8115
2053 4216
2053 5553
2053 8093
2062 2816
2122 2674
2124 8110
2149 4370
2158 2762
2158 2816
2158 8056
2158 8117
2158 8123
2158 8133
2192 4116
2204 7307
2254 4615
2254 6597
2254 8064
2256 8015
2313 2739
2313 3065
2313 6528
2324 4216
2324 4419
2396 2472
2406 4216
2406 4419
2406 4964
2406 8117
2418 8104
2423 3969
2423 5948
2455 2527
2472 4419
2472 4783
2472 5948
2472 6162
2472 8063
2472 8067
2488 8125
2521 3745
2521 3969
2527 4377
2527 5065
2527 5362
2527 6625
2529 3417
2529 6373
2529 7290
2529 8123
2534 5615
2534 6224
2581 3217
2598 3969
2600 5845
2603 2820
2603 4117
2603 4216
2603 8123
2620 8029
2650 2694
2650 7924
2650 7984
2650 8015
2664 4373
2674 4981
2674 8073
2739 2762
2739 2970
2739 8120
2762 3613
2762 3649
2762 4092
2762 4136
2762 6224
2762 6686
2762 7032
2762 7869
2762 8070
2762 8073
2762 8096
2767 7090
2767 7534
2767 7924
2767 8075
2816 6842
2816 7923
2816 7974
2818 4783
2818 5065
2839 8052
2868 5637
2868 6224
2868 8029
2868 8073
2954 3171
2969 8058
2997 4117
2997 4771
2997 8043
2997 8108
3026 5941
3026 8085
3125 6498
3171 6429
3195 4615
3217 5065
3239 8075
3265 6375
3265 7984
3283 5065
3283 6498
3313 5857
3313 6062
3322 4783
3326 5845
3337 8069
3377 8064
3405 7924
3417 7924
3458 8060
3479 3969
3479 4783
3479 5468
3501 5845
3515 5720
3515 7838
3515 8125
3528 8054
3627 4092
3636 5065
3636 5615
3636 8134
3646 7744
3727 7839
3745 4283
3745 4317
3745 6224
3745 6498
3745 7329
3745 8073
3745 8089
3745 8116
3843 7864
3882 6280
3950 8057
3951 4080
3951 4419
3951 8073
3951 8074
3973 8096
3984 6686
3984 7329
3984 8061
4031 5550
4031 6686
4031 8068
4031 8094
4050 8133
4092 4488
4092 4949
4092 5115
4092 6224
4092 6528
4092 8071
4092 8118
4116 4632
4116 8068
4117 4187
4117 4216
4117 4317
4117 5065
4117 5637
4117 6224
4117 6333
4117 6597
4117 6842
4117 7843
4117 8089
4117 8123
4171 8099
4187 5493
4187 5720
4187 7032
4187 8065
4188 6294
4216 6623
4283 7329
4283 8062
4317 4783
4317 5065
4332 4370
4382 8031
4382 8053
4425 8127
4466 7307
4488 8116
4523 8100
4536 8099
4577 4671
4632 7073
4632 7972
4632 8068
4632 8113
4771 6498
4771 7073
4783 5699
4783 6597
4783 8059
4783 8068
4783 8073
4783 8088
4783 8100
4808 6779
4839 7326
4882 6162
4888 8073
4909 7902
4949 5615
4949 6498
4949 8055
4964 8054
5007 6224
5007 8122
5012 8121
5041 6333
5065 5637
5065 5720
5065 6087
5065 6528
5065 6779
5065 7690
5065 8015
5065 8060
5065 8068
5065 8073
5065 8089
5065 8103
5065 8105
5065 8122
5151 8082
5215 7090
5263 8089
5362 6333
5362 8125
5427 5720
5468 7066
5468 7924
5468 8068
5468 8076
5468 8092
5468 8094
5468 8100
5476 8081
5493 6224
5550 8068
5560 6625
5560 8114
5615 6224
5616 5720
5616 7921
5652 6597
5720 6203
5720 6539
5720 6779
5720 7329
5720 7744
5720 7794
5720 8101
5816 8081
5831 8119
5845 6779
5845 7236
5933 8122
6087 6779
6160 8097
6203 7329
6224 6779
6224 7290
6224 7822
6224 8052
6224 8114
6280 7843
6280 8067
6280 8133
6290 6373
6319 8069
6328 8130
6373 7325
6498 6955
6498 7658
6498 7929
6498 7941
6528 6779
6618 8089
6625 7864
6625 8063
6640 7744
6686 6738
6779 6948
6779 7326
6779 8070
6779 8099
6779 8119
6810 8067
6842 8123
6867 8059
6942 8091
6948 7119
6948 8073
7034 8073
7066 8068
7147 8096
7184 8132
7690 7869
7690 8110
7743 7838
7855 8074
7869 8067
7930 8093
7984 8073
8064 8067
8065 8066
8075 8079
8075 8086
8077 8078
8099 8113
8107 8109
8110 8111
8128 8129
