1 46
1 4771
3 1002
3 4171
3 7659
14 29
14 134
14 573
14 610
14 836
14 1002
14 1268
14 1877
14 2027
14 5616
19 3856
26 839
26 4080
26 7184
26 7236
29 2762
29 5127
30 1854
30 5127
30 8291
41 1177
41 1636
42 338
42 859
42 2324
42 2396
42 2437
42 2682
42 7855
42 8300
42 8327
42 8337
42 8345
43 280
43 859
43 5065
43 5127
43 8259
43 8283
43 8285
43 8299
46 948
46 8287
46 8337
48 5127
61 6339
69 2529
69 7083
73 762
75 729
75 895
75 2199
76 1140
76 1365
76 7947
88 3856
88 6917
89 1561
90 8340
95 2081
95 4170
95 5065
95 6332
97 3166
97 7947
97 8306
109 8302
132 2023
132 8308
133 836
134 1198
134 2199
134 2956
134 4216
134 7593
134 7944
138 280
138 423
138 859
138 1140
138 1361
138 1644
138 2845
138 3515
138 3554
138 4544
138 6498
138 8323
138 8336
141 3984
153 2888
153 3856
153 5362
153 6280
153 8293
153 8324
156 4117
156 4783
156 5386
156 6280
156 8197
156 8298
158 434
158 1636
158 6280
158 7947
158 8289
158 8310
172 3067
172 8232
172 8337
172 8338
184 2762
184 4092
195 3865
196 297
196 7034
196 7903
196 8297
221 6629
236 370
236 4765
240 307
253 2762
258 1232
280 659
280 2868
280 3745
280 4117
280 4226
298 1831
298 8314
311 1115
311 6280
311 8331
315 1115
315 8197
338 839
338 1917
338 7290
345 7326
349 4187
368 1636
370 563
370 4765
370 5066
370 7903
370 7972
370 8286
370 8288
374 726
374 1115
374 4187
374 6280
391 2413
392 2970
407 7754
407 8298
407 8349
412 8334
423 539
432 4090
434 455
434 621
434 1198
434 1959
434 2199
434 2762
434 3377
434 3843
434 4349
434 4968
434 5263
434 5441
434 8298
455 1057
455 1985
455 2583
455 8334
460 4544
499 2053
499 4322
506 3856
516 836
521 3158
528 3075
531 1690
531 8277
539 8296
545 6129
556 2762
556 6779
556 8293
556 8313
563 1819
563 2521
563 5065
563 5389
563 7903
563 8306
563 8348
563 8351
568 5066
570 2100
573 1002
573 1793
573 8288
573 8301
573 8337
577 1198
577 2762
577 3984
577 7903
577 8306
589 1825
592 2284
610 1393
610 2762
610 8297
618 712
618 1198
618 1361
618 1819
618 5008
621 659
621 2762
621 8317
634 1361
634 8340
636 2019
636 8266
656 2860
656 7531
659 1917
659 5065
659 6280
659 8317
673 1388
682 3984
703 895
712 3171
712 3737
712 5065
712 7972
726 5119
729 895
729 1115
729 1198
729 1366
729 2845
729 4783
729 5065
729 6129
729 6498
729 6863
729 8287
729 8328
729 8329
729 8340
762 1177
762 1792
762 5127
762 8077
762 8306
762 8327
775 7145
810 4080
810 8151
820 1824
820 1877
821 1413
836 968
836 6498
836 7250
836 7855
836 7947
836 8286
836 8288
836 8310
836 8340
837 6280
837 7478
839 6280
839 7851
839 8337
846 1002
846 1281
846 3592
852 8093
852 8225
852 8265
852 8334
859 1106
859 1413
859 1510
859 2158
859 3377
859 4370
859 5263
859 6498
859 7947
881 1413
881 7708
881 8337
886 1002
891 7659
895 921
895 948
895 1002
895 1177
895 1985
895 2027
895 2795
895 2888
895 8121
895 8283
895 8323
895 8324
895 8337
895 8350
921 948
921 1255
946 8291
948 4632
952 5592
968 5553
1002 1413
1002 5065
1002 8327
1002 8337
1002 8347
1002 8349
1013 8307
1057 1831
1057 2504
1057 3075
1057 5065
1057 8318
1062 2086
1106 2355
1106 3984
1106 6685
1106 6863
1106 7947
1106 8285
1115 2756
1115 6280
1115 7839
1128 5857
1148 8221
1170 1268
1170 2053
1177 1206
1177 1255
1177 1413
1177 2529
1177 2845
1177 4605
1177 8197
1179 1413
1179 1877
1179 5440
1179 6618
1198 1359
1198 1413
1198 2158
1198 8306
1232 8340
1242 1268
1242 2019
1242 2199
1242 4170
1243 6280
1255 1275
1255 1825
1255 3554
1255 4783
1255 5891
1255 8238
1255 8310
1255 8333
1255 8350
1256 2627
1256 5859
1256 8093
1256 8321
1256 8336
1268 2053
1268 2413
1268 4216
1268 7236
1268 7659
1281 3592
1300 7855
1356 6280
1359 2762
1359 4783
1359 5065
1359 6685
1359 7917
1359 8295
1359 8300
1359 8310
1361 1365
1361 3075
1361 4216
1361 5053
1361 7867
1365 1917
1366 3195
1388 2529
1393 4170
1393 4216
1393 8327
1413 1605
1413 1877
1413 1917
1413 4216
1413 6498
1413 6965
1413 7289
1413 8349
1426 8293
1481 7855
1510 4117
1527 2192
1527 2355
1527 2437
1527 4632
1531 3171
1531 4170
1531 5065
1531 8008
1531 8300
1540 5065
1540 8334
1540 8335
1540 8337
1581 2027
1604 8197
1622 5681
1636 1917
1636 5362
1636 6369
1636 8159
1636 8293
1636 8327
1636 8334
1687 3065
1717 3313
1717 3707
1776 6203
1786 3325
1787 3613
1787 3984
1787 6129
1787 6332
1792 2970
1793 7659
1819 5065
1824 6373
1825 5891
1831 8290
1831 8314
1831 8351
1854 3543
1854 4964
1854 7944
1877 7236
1877 7947
1877 8260
1910 8314
1917 1985
1917 4216
1917 4746
1917 5065
1917 5267
1917 6280
1917 8326
1941 8323
1941 8336
1958 5215
1959 3843
1959 8291
1972 7947
1972 8340
1985 3984
1985 6658
1985 7903
1985 8105
1985 8239
1985 8317
2019 2053
2019 2599
2019 2845
2019 7659
2019 8296
2019 8320
2024 8225
2053 5386
2057 3171
2057 5720
2057 7186
2064 8300
2081 3075
2086 2762
2111 5889
2124 6189
2156 2767
2158 7947
2158 8310
2177 3984
2192 2355
2192 4632
2199 4216
2199 5933
2199 6843
2243 3984
2243 8297
2255 5127
2255 7947
2255 8306
2297 3984
2297 6498
2355 2627
2355 4632
2396 8320
2406 6708
2437 8280
2472 8347
2504 4170
2521 3745
2521 5468
2521 5699
2521 6498
2521 7947
2521 8121
2522 8289
2529 2627
2529 3515
2529 5757
2529 6685
2627 5757
2627 5859
2674 5065
2674 7659
2674 8287
2674 8337
2682 3984
2682 4187
2682 8159
2687 8274
2712 3984
2739 4187
2739 8303
2762 4059
2762 5215
2762 6810
2762 7593
2762 8105
2762 8291
2762 8306
2762 8328
2767 3984
2767 5725
2767 6332
2767 7478
2767 8304
2767 8310
2795 2888
2809 7947
2868 3313
2868 4117
2868 8325
2888 7236
2888 8323
2934 4909
2947 7775
2956 8283
2969 5102
2970 8159
3000 7145
3012 8346
3013 8345
3075 4908
3122 4523
3158 8285
3169 4882
3171 3487
3171 5672
3171 7290
3171 7972
3171 8067
3171 8326
3171 8329
3262 6517
3392 6280
3405 6708
3458 8319
3501 8325
3511 4187
3511 4783
3515 5720
3515 8093
3515 8218
3515 8332
3550 4187
3554 6467
3578 6775
3578 7145
3579 8313
3636 7478
3636 8197
3636 8330
3649 8319
3676 7736
3843 7903
3966 4187
3967 5613
3973 8277
3975 8299
3984 4011
3984 4092
3984 4187
3984 5569
3984 6498
3984 6618
3984 8284
3984 8331
3984 8340
4011 4117
4011 8277
4080 8151
4080 8341
4090 8339
4092 4746
4092 7478
4092 8290
4116 5084
4116 8329
4116 8348
4117 6129
4117 6280
4117 6685
4117 7034
4117 7145
4117 8305
4117 8310
4117 8327
4117 8334
4117 8335
4170 5065
4171 8288
4187 6129
4187 6203
4187 6332
4187 7947
4187 8077
4187 8105
4187 8203
4187 8297
4187 8303
4216 4634
4216 6498
4216 7186
4216 7947
4236 6467
4320 8119
4322 5480
4366 8159
4382 7478
4390 5891
4431 6619
4484 5065
4523 8061
4536 8058
4565 7690
4581 8067
4585 7421
4589 6945
4605 8093
4605 8336
4632 7972
4632 8121
4641 7947
4731 6752
4771 6467
4783 5065
4783 6129
4783 7250
4783 8294
4783 8310
5041 8277
5041 8334
5065 5809
5065 6203
5065 6280
5065 6332
5065 6498
5065 6685
5065 7478
5065 7851
5065 7867
5065 7903
5065 7972
5065 8159
5065 8221
5065 8274
5065 8289
5065 8292
5065 8295
5065 8297
5065 8298
5065 8303
5065 8304
5065 8306
5065 8310
5065 8316
5065 8337
5065 8345
5065 8351
5065 8352
5066 8151
5102 6467
5137 7754
5215 8291
5263 6339
5329 8292
5362 8293
5362 8337
5362 8349
5362 8352
5366 6248
5366 8280
5441 8298
5468 8282
5471 8077
5493 6129
5493 8327
5550 6498
5558 8286
5560 6280
5560 7593
5615 6945
5616 7754
5720 5757
5720 8300
5720 8324
5891 8285
5911 8290
6203 7478
6203 8318
6203 8352
6280 6549
6280 6582
6280 6618
6280 6640
6280 6965
6280 7034
6280 7145
6280 8159
6373 8286
6373 8292
6436 8239
6498 7659
6498 7947
6595 8289
6618 7903
6619 8282
6619 8326
6632 8330
6685 8151
6779 8337
6820 7593
6945 8291
7058 8309
7119 7732
7145 8232
7145 8311
7290 7292
7290 7947
7290 8226
7290 8323
7326 7851
7382 7947
7396 8300
7478 8159
7593 8197
7658 7855
7658 8299
7658 8326
7855 8260
7867 8297
7887 8312
7903 8297
7944 8306
7947 8052
7947 8159
7947 8197
7984 8342
8067 8315
8077 8271
8077 8327
8093 8225
8121 8285
8144 8322
8151 8310
8159 8310
8159 8343
8179 8331
8265 8321
8334 8335
8343 8344
