4 5844
14 138
14 461
14 1002
14 1268
14 1393
14 1470
14 2620
14 3171
14 5471
14 6779
14 8621
14 8630
19 88
19 138
19 158
19 374
19 762
19 1115
19 1972
19 2529
19 2767
19 2845
19 3745
19 5041
19 8696
25 4333
26 190
26 461
26 3676
26 4171
26 8642
28 762
28 1539
28 6280
29 138
29 781
29 1793
30 2473
41 46
41 4632
41 8603
42 2027
42 3377
42 4949
42 8646
42 8650
43 656
43 1255
43 3676
43 3858
43 6280
43 6498
43 7987
43 8615
43 8643
43 8665
43 8707
46 138
46 153
46 1258
46 1268
46 3856
46 8484
46 8686
48 7634
59 6203
60 2100
61 1793
61 2412
73 97
73 762
73 836
73 4615
73 5141
74 138
74 953
75 904
75 2199
75 2233
75 8636
76 138
76 434
76 821
76 1198
76 2412
76 3281
76 4171
76 8686
83 621
83 904
83 8675
88 8567
90 431
90 1255
90 5036
90 8700
93 1255
93 4771
94 904
95 5065
96 3158
96 3676
96 5127
96 5844
97 226
97 1788
97 2282
97 4783
97 8626
98 7236
101 1971
110 2645
121 6779
122 1207
123 2956
123 8673
131 610
131 3030
133 3984
133 8400
138 434
138 1135
138 1331
138 2767
138 4131
138 4600
138 6618
138 6842
138 8632
141 953
141 1256
153 1057
156 286
156 839
156 2027
156 3107
156 8659
158 286
158 8159
158 8603
158 8699
172 1475
172 2123
172 6479
172 7939
172 8643
184 8662
190 2123
195 5844
195 8701
196 3784
226 4783
226 5127
240 762
240 5127
249 1255
258 8688
271 3713
280 1426
280 2762
286 803
286 1636
286 8603
286 8639
286 8659
287 4632
291 2762
339 1298
339 3107
339 8260
351 8643
368 6779
370 3984
370 4761
370 6779
370 8691
374 8654
383 1831
383 8067
403 656
407 1413
407 3281
407 4634
407 5237
412 5065
419 1198
434 2156
434 3030
434 3281
434 8197
434 8630
434 8694
442 461
442 2970
442 4634
442 5065
442 8652
455 7093
455 8637
459 2295
461 891
461 1375
461 1536
461 2956
461 3171
461 4600
461 4632
461 6618
461 8225
477 8688
528 3636
531 7034
539 5382
546 8615
556 2243
556 8658
568 928
568 3195
568 4746
572 1994
577 3400
589 2954
610 6108
610 7148
610 8197
610 8221
610 8686
610 8697
613 4949
618 2954
618 5065
621 904
621 3865
621 4280
621 8634
647 886
656 1298
656 2598
656 2645
656 8615
659 1321
659 6618
659 8633
682 5233
712 3984
729 1255
729 1256
729 3676
729 8704
762 4267
762 5127
762 5237
762 8643
762 8665
801 2053
803 1115
803 2934
803 8686
836 1724
836 2821
836 3426
836 5065
837 8637
839 1057
839 1917
839 2389
839 2767
839 3676
839 3900
839 3984
839 8594
852 3313
852 3578
852 3751
852 4187
852 4600
852 4641
852 7869
852 8367
852 8468
852 8620
881 5699
881 8630
881 8633
881 8666
886 1002
886 2204
886 2930
886 3023
891 2645
895 1255
895 7856
895 8665
895 8678
903 2158
904 3030
904 5065
904 5550
904 5644
904 8018
921 2437
921 5553
938 8647
938 8680
1002 3377
1002 3717
1006 4656
1011 1807
1012 4765
1041 1426
1041 2970
1057 1793
1057 5036
1057 6470
1057 8670
1106 1804
1106 1971
1106 2255
1106 2583
1106 3543
1106 6108
1106 8665
1115 1256
1115 3313
1115 3745
1115 6816
1115 8603
1135 4456
1144 3784
1198 1804
1198 3166
1198 7236
1206 1255
1206 1787
1207 2762
1207 3307
1207 8630
1223 6059
1232 1917
1242 8380
1255 2027
1255 2158
1255 2313
1255 2650
1255 3030
1255 3313
1255 4117
1255 7236
1255 7710
1255 7856
1255 8018
1255 8613
1255 8632
1255 8638
1255 8640
1255 8642
1256 2158
1256 3313
1256 4641
1256 5560
1256 6548
1256 8671
1256 8674
1268 3787
1268 5849
1268 6479
1268 7982
1268 8681
1298 1994
1298 3528
1298 4456
1298 8099
1321 1880
1321 3751
1321 5100
1321 8671
1331 2885
1359 2762
1359 3713
1359 4822
1359 5362
1359 5616
1359 8621
1359 8622
1364 2529
1364 3751
1365 6779
1393 1636
1393 2044
1393 3171
1393 3636
1393 5237
1393 5616
1393 8655
1413 4171
1413 5844
1413 6448
1413 8197
1413 8640
1413 8681
1418 1773
1426 2756
1426 7924
1426 8467
1426 8484
1470 2369
1470 3171
1470 3636
1470 5237
1470 7034
1510 5237
1517 8705
1521 1788
1536 1917
1539 6280
1540 4600
1543 7201
1543 8668
1543 8672
1550 1972
1550 2767
1561 6842
1612 2282
1612 3030
1625 8644
1636 3636
1636 3984
1636 4117
1636 4746
1636 5237
1636 5616
1636 5720
1636 6779
1636 8540
1636 8634
1636 8639
1636 8640
1636 8670
1636 8699
1640 3865
1658 6708
1680 2767
1763 4746
1763 6373
1763 7148
1768 2122
1768 5844
1773 3400
1773 3727
1779 8652
1787 2820
1787 4600
1787 6360
1787 6618
1788 3648
1793 2412
1793 2482
1793 5844
1793 6708
1793 8260
1807 8503
1807 8666
1877 4267
1877 6708
1917 3756
1917 4131
1917 8541
1917 8623
1958 2822
1958 8635
1962 1985
1962 3107
1962 4632
1971 2255
1971 2389
1971 2412
1971 6280
1971 6570
1971 8197
1985 8702
1994 2970
2019 5844
2027 3107
2027 5553
2044 5237
2053 8416
2053 8433
2053 8644
2062 2158
2062 5127
2089 8645
2123 2645
2156 2762
2156 5550
2158 4765
2158 6549
2158 8665
2158 8686
2180 8029
2192 2645
2192 8615
2197 2767
2199 8676
2204 4761
2223 2767
2223 6160
2223 8484
2243 2767
2243 3322
2243 8645
2243 8658
2255 4157
2256 6280
2282 3030
2282 3648
2292 6280
2292 6385
2313 4822
2313 8416
2313 8700
2319 2845
2319 3856
2319 6467
2319 8688
2324 3169
2324 7710
2389 3169
2389 4419
2389 5553
2405 7186
2412 2603
2412 3158
2412 4419
2412 5065
2412 5844
2412 6867
2456 3759
2456 4419
2472 4092
2482 8689
2522 6280
2522 6385
2529 3415
2529 8221
2534 7987
2562 8681
2594 8681
2598 3843
2603 4216
2645 3165
2649 6779
2669 2888
2694 8632
2739 2762
2739 5237
2756 4641
2756 8416
2762 4092
2762 4656
2762 6413
2762 7034
2762 8015
2762 8221
2762 8641
2762 8653
2762 8656
2767 7201
2767 7538
2795 8260
2820 4600
2820 4910
2845 8638
2868 8679
2943 8615
2954 8515
2956 3313
2956 3405
2956 4600
2956 5382
2956 5616
2956 5844
2956 7710
2956 8673
2970 6498
2970 8666
3023 4641
3026 5652
3030 4031
3030 4910
3030 5844
3030 7926
3062 8684
3065 8433
3088 8662
3088 8664
3093 5306
3093 8093
3107 5553
3122 8672
3158 6220
3158 6448
3158 7236
3166 5141
3171 3649
3171 4656
3171 7034
3171 7290
3180 6498
3239 5592
3281 6289
3313 6817
3377 4688
3377 4787
3377 8197
3388 7083
3405 4787
3405 6570
3405 8638
3405 8673
3417 5034
3457 4746
3487 5065
3505 8626
3515 8686
3528 4199
3528 7236
3545 8499
3613 8708
3636 5237
3636 5616
3636 6779
3636 8583
3636 8639
3646 8503
3648 8626
3673 3843
3673 6373
3676 5278
3676 8659
3717 6448
3727 6280
3745 8054
3745 8503
3745 8675
3784 3984
3784 8159
3843 5065
3843 6373
3865 5938
3967 3984
3975 8685
3979 8576
3984 4949
3984 6867
3984 6942
3984 8695
3984 8699
4031 8675
4038 8333
4040 4600
4059 7148
4090 8667
4092 4746
4092 8662
4117 4216
4117 5237
4117 5382
4117 8675
4131 6160
4171 8644
4187 4656
4187 5100
4187 6448
4187 7093
4187 8662
4187 8695
4187 8703
4199 7236
4199 7939
4216 5367
4280 4600
4280 4910
4280 6280
4317 8640
4382 5329
4382 7093
4403 5592
4403 8649
4419 6570
4523 4841
4536 4761
4536 8608
4600 6618
4632 7335
4634 6498
4634 8604
4634 8655
4634 8666
4641 6817
4647 8638
4656 7034
4688 5616
4703 8683
4731 5553
4731 8644
4731 8663
4746 5065
4746 8651
4746 8661
4761 6619
4765 8567
4783 7926
4787 4882
4787 7855
4822 5844
4910 6280
4949 8159
4964 8643
5006 5616
5018 8635
5065 6360
5065 6448
5065 7093
5065 8018
5065 8221
5065 8333
5065 8645
5065 8648
5065 8652
5065 8653
5065 8669
5065 8675
5065 8709
5127 7658
5237 6413
5237 8093
5237 8197
5267 8380
5329 8333
5329 8602
5352 8671
5362 8692
5382 8655
5415 8624
5441 8613
5468 8626
5468 8706
5487 8380
5501 8630
5505 6987
5551 6769
5553 5967
5560 5574
5616 7987
5682 8696
5699 8700
5720 8484
5844 7710
5844 8541
5844 8701
5967 7236
5967 7658
6220 7007
6220 8646
6280 6385
6280 6619
6280 8197
6280 8686
6310 8643
6448 8640
6467 8626
6467 8688
6498 8018
6619 7792
6619 8226
6619 8400
6619 8656
6619 8682
6619 8691
6619 8696
6708 7611
6779 8526
6779 8639
6779 8652
6839 8687
6916 8696
7034 7089
7096 8411
7096 8615
7236 8657
7266 8694
7307 8691
7637 8655
7792 8691
7855 8705
8018 8484
8077 8695
8093 8613
8197 8622
8197 8638
8197 8684
8259 8698
8259 8704
8297 8634
8308 8707
8367 8453
8371 8676
8433 8693
8435 8688
8526 8655
8567 8688
8614 8692
8626 8671
8645 8660
8651 8661
8658 8677
8685 8690
