0 8890
2 5237
19 83
19 138
19 592
19 621
19 852
19 904
19 1115
19 1223
19 5065
25 5550
26 568
26 6280
29 461
29 729
29 7371
29 8297
30 2255
41 836
41 4417
41 6332
41 6830
41 8884
42 2070
42 2541
42 4325
42 8824
42 8849
43 582
43 810
43 3265
43 5237
43 8850
43 8861
43 8873
46 233
46 490
46 1571
46 2319
46 2845
46 2956
46 8197
60 196
60 949
60 952
60 1167
73 226
73 4641
75 539
76 3195
76 3281
76 5270
76 7199
76 8893
80 2762
95 1131
95 5471
95 8008
95 8894
96 97
96 570
96 8897
97 8363
100 2412
110 1971
110 4419
110 5125
110 8770
113 1057
113 5272
123 8901
138 1561
138 3727
138 8121
140 762
140 4117
140 5179
145 3232
145 7236
151 407
153 455
153 2534
153 2762
153 5616
153 5649
158 286
158 311
158 444
158 528
158 762
158 1126
158 6280
158 7359
158 7606
158 8282
158 8401
158 8467
158 8918
172 1369
172 2650
190 1786
196 4050
196 5065
196 8119
196 8859
196 8891
201 285
201 610
201 921
201 2062
201 2741
201 4216
201 4615
201 5362
201 6280
201 6300
201 8891
226 1106
226 1255
226 5471
236 5530
236 8197
258 3535
258 4839
258 6300
284 5681
286 1788
286 8918
287 2319
287 8855
297 3026
297 4862
297 6386
297 7726
297 8694
311 1115
318 8886
338 839
348 7379
370 4280
374 610
374 8812
383 8197
383 8879
407 1393
407 1917
407 2762
407 4765
407 6280
419 5468
419 7236
419 8515
432 8824
434 7924
444 4528
444 8878
447 8750
455 729
455 1972
455 4339
455 5065
455 5493
455 7534
455 8898
455 8907
461 2961
461 8867
528 7359
536 3636
536 8630
539 2019
539 5362
546 5065
556 1115
556 8750
556 8821
563 3171
563 5065
568 1255
568 1543
568 7631
568 8859
570 5658
570 8024
577 699
577 1622
577 2724
577 7753
577 8854
577 8877
582 2845
582 7236
599 8892
610 1321
610 3535
610 4727
610 6300
610 7631
610 8015
610 8500
610 8551
613 2775
618 2019
618 2169
618 8854
621 729
621 837
621 2762
621 7292
621 7631
621 7753
621 7851
621 8197
621 8770
621 8877
621 8897
621 8901
621 8912
641 1831
656 4080
659 2821
679 8735
682 4339
682 5828
699 5065
712 5065
712 7753
712 8515
729 2762
729 3195
729 5471
729 8851
729 8881
729 8900
736 8858
762 837
762 1131
762 1369
762 3166
762 4615
762 4641
762 6434
762 6817
762 7359
762 8467
762 8869
762 8878
762 8881
762 8883
773 1742
789 897
823 2762
836 7481
836 8297
836 8909
837 1365
837 3613
837 4242
837 6280
837 8798
837 8872
839 1917
839 8472
839 8823
852 2148
852 2488
852 3313
852 4339
852 7199
852 7722
852 8911
897 8809
904 7753
904 8901
920 5816
920 8630
948 7335
948 8121
948 8224
952 4600
952 5272
952 7631
952 8500
968 2255
1002 1636
1002 5065
1002 5125
1002 5305
1002 5471
1002 5493
1002 6779
1002 8888
1005 8118
1011 6885
1035 3377
1041 1470
1041 8860
1057 1242
1057 1825
1057 4339
1057 5272
1057 6248
1057 7976
1057 8862
1106 1255
1106 3931
1106 5566
1106 5828
1106 6108
1106 7631
1106 8861
1115 1644
1115 5265
1115 7472
1115 7606
1115 8401
1115 8552
1115 8918
1126 4187
1128 8902
1198 3417
1198 5065
1198 6619
1198 8630
1198 8875
1206 7199
1206 7290
1240 7631
1242 3030
1242 8850
1247 7851
1251 8866
1255 1256
1255 1787
1255 2845
1255 3000
1255 5828
1255 6248
1255 8232
1255 8601
1255 8855
1255 8918
1256 4339
1265 7481
1268 5744
1278 2762
1298 5021
1298 7236
1302 3166
1302 4641
1321 6289
1321 7534
1322 6498
1359 3501
1359 4216
1359 8876
1365 1561
1365 2762
1365 3453
1365 3931
1365 6280
1365 8900
1369 1877
1369 2255
1369 3158
1369 4117
1369 5828
1392 7513
1392 8401
1393 2762
1393 4242
1393 4339
1393 6203
1393 6280
1393 8015
1393 8500
1393 8870
1393 8910
1393 8914
1413 2019
1418 2136
1470 8894
1527 1971
1539 1787
1539 5272
1543 8816
1561 3281
1571 8843
1622 8130
1625 8910
1636 5065
1636 5616
1636 6203
1636 6419
1636 6638
1636 8863
1636 8876
1658 3329
1717 8409
1742 8363
1763 5065
1763 8119
1774 8854
1786 3195
1786 8881
1787 2767
1787 5065
1787 5134
1787 5566
1787 8849
1787 8893
1787 8894
1787 8896
1787 8907
1788 8282
1794 8795
1812 2762
1825 3573
1831 7359
1836 2762
1864 2019
1877 3195
1915 3573
1915 6248
1917 2126
1917 3125
1917 3265
1917 5788
1917 6596
1941 5270
1959 6373
1971 8865
1977 8232
2019 3171
2019 4001
2019 5362
2024 2868
2053 5471
2070 3265
2122 6248
2122 6467
2122 7236
2123 8851
2136 3973
2136 4092
2148 7722
2156 2762
2156 5616
2156 8876
2156 8891
2158 8850
2204 4731
2243 4949
2245 2762
2255 2845
2255 6498
2256 3487
2256 8770
2297 4873
2297 5468
2313 4417
2313 5362
2313 8750
2316 6885
2324 5125
2324 5471
2324 8888
2360 5493
2389 3232
2389 7335
2412 7516
2413 2720
2413 4216
2455 4190
2488 2885
2522 6419
2529 5261
2529 5616
2529 6663
2529 7589
2534 4339
2541 6373
2562 8232
2598 6779
2617 8852
2640 6319
2650 3648
2650 4997
2650 5065
2650 8906
2663 7631
2674 4339
2692 4488
2724 2762
2733 4136
2739 8883
2762 2767
2762 3171
2762 3727
2762 3745
2762 4339
2762 5065
2762 6638
2762 6885
2762 8015
2762 8218
2762 8744
2762 8763
2762 8853
2762 8874
2762 8876
2762 8887
2767 3636
2767 5471
2767 8008
2767 8870
2767 8891
2775 6434
2775 8867
2795 2845
2805 6498
2816 4573
2821 8635
2826 4092
2826 8889
2845 3727
2845 8024
2845 8282
2845 8869
2885 4600
2919 6434
2919 7631
2954 3171
2956 5616
3000 8890
3023 3313
3023 8911
3030 8119
3030 8224
3030 8297
3030 8843
3075 5065
3088 4339
3107 6434
3122 4280
3122 8891
3166 4641
3166 6619
3166 8297
3166 8895
3171 3487
3171 3727
3171 5272
3171 6385
3171 7290
3171 7359
3171 8608
3171 8854
3195 8861
3195 8908
3275 6829
3275 8713
3281 7631
3313 4339
3313 8911
3325 6916
3325 8897
3377 5566
3381 5065
3414 8735
3414 8904
3453 8884
3484 8232
3484 8865
3487 4340
3490 8491
3573 6248
3573 7290
3574 8857
3613 8873
3636 5237
3636 8870
3636 8914
3676 8880
3707 8861
3707 8869
3727 6385
3727 7290
3727 8918
3745 5065
3745 5616
3745 8870
3745 8891
3856 8904
3931 5065
3931 6280
3951 8232
3975 7659
3975 8260
3975 8903
3984 8900
4011 6434
4011 8750
4031 6498
4031 8886
4050 6373
4057 8849
4090 8857
4092 5065
4092 7034
4092 8853
4092 8876
4092 8889
4092 8894
4116 4548
4117 6280
4117 8910
4126 4403
4171 4431
4176 4879
4187 4339
4187 5065
4187 8900
4190 4339
4199 4431
4216 6280
4242 8798
4242 8852
4280 8891
4339 5261
4339 5362
4339 5679
4339 6319
4339 8197
4339 8562
4339 8769
4339 8898
4340 4536
4382 8891
4417 5362
4417 8750
4419 8197
4488 6203
4488 8824
4488 8889
4488 8893
4488 8896
4523 8886
4546 8232
4615 5468
4632 5065
4765 8885
4783 5261
4783 6175
4839 8750
4839 8899
4839 8900
4839 8905
4873 5468
4873 8197
4873 8885
4908 8869
4949 8630
5006 8913
5007 6280
5007 8197
5040 8221
5040 8900
5041 8904
5065 5305
5065 5362
5065 5966
5065 6203
5065 6280
5065 6462
5065 6638
5065 7359
5065 7753
5065 7976
5065 8218
5065 8849
5065 8856
5065 8857
5065 8867
5065 8870
5065 8877
5065 8888
5065 8899
5065 8900
5065 8907
5065 8910
5141 8809
5261 6917
5263 5530
5270 5828
5362 6419
5362 8868
5362 8891
5362 8904
5373 8260
5467 7516
5468 5828
5487 6663
5493 6779
5493 8750
5566 7290
5720 6663
5720 8879
5720 8917
5816 8834
5816 8861
6059 6373
6109 8282
6175 7631
6203 7359
6203 7481
6280 6816
6280 8515
6280 8608
6290 6373
6300 7290
6300 8297
6319 7722
6373 8119
6373 8846
6373 8919
6385 7234
6419 6779
6434 6618
6434 7090
6434 8905
6434 8915
6462 8197
6462 8630
6463 8197
6498 7753
6498 8008
6498 8363
6596 8795
6619 8297
6619 8401
6619 8467
6619 8891
6619 8895
6638 8197
6738 6829
6768 8843
6779 8847
6817 7722
6867 7631
6942 7631
6978 8224
7034 8837
7199 7290
7199 8916
7236 8260
7290 8099
7290 8515
7290 8881
7290 8912
7392 7589
7398 8494
7398 8882
7481 8909
7499 8798
7516 8871
7534 8917
7855 8260
7924 8892
8008 8874
8008 8887
8093 8367
8119 8750
8119 8864
8121 8232
8197 8363
8197 8893
8197 8895
8232 8698
8232 8890
8282 8918
8297 8877
8297 8886
8297 8895
8401 8567
8494 8851
8515 8795
8515 8914
8621 8862
8626 8878
8630 8893
8724 8818
8735 8873
8735 8907
8750 8863
8763 8876
8798 8873
8894 8896
