7 2650
7 5065
15 42
19 48
19 592
19 621
19 904
19 1223
19 5065
26 29
26 810
26 6295
26 8972
26 8978
26 8985
28 8897
29 821
29 1786
29 7516
42 875
42 968
42 1413
42 4038
42 6134
42 7652
42 8099
42 8945
43 48
43 875
43 4841
43 4949
43 8931
48 70
48 73
48 83
48 88
48 419
48 729
48 1521
48 1539
48 2650
48 2845
48 3166
48 4117
48 5179
65 5305
70 1232
70 1255
73 226
73 1521
73 2062
73 2845
76 1255
76 4026
76 7290
76 8467
83 440
83 2603
83 3158
83 4727
83 6471
87 6280
88 97
89 1539
96 97
96 226
96 433
96 2995
96 6498
96 7371
97 3030
97 6498
97 8363
113 3265
113 8942
114 240
114 3648
122 536
122 4382
122 8478
131 6940
134 3811
134 7290
138 407
138 1745
138 2650
138 2762
138 4106
138 7290
140 1369
140 8949
151 7515
151 8986
153 8462
153 8947
153 8978
158 286
158 821
158 1115
158 1198
158 1255
158 1470
158 1539
158 2062
158 3636
158 5305
158 7290
158 8014
158 8814
158 8911
158 8918
158 8927
158 8931
158 8936
158 8946
158 8956
162 4199
172 3975
196 8974
201 407
201 8931
226 1857
226 8931
240 1787
240 3727
240 7903
258 1198
258 8980
267 2845
275 2126
275 2869
286 1255
286 1732
286 2785
286 3727
286 8467
286 8950
287 8942
297 7290
349 4187
359 1418
359 5065
359 6373
359 6463
359 6619
370 6392
370 8938
370 8948
374 602
407 1413
407 1917
407 2319
407 2868
407 2957
407 4011
407 6448
407 6619
407 7944
412 8466
433 3166
433 6498
446 3275
455 2599
455 4275
455 4456
455 6280
455 6463
455 8197
455 8878
528 8981
531 3984
536 1393
536 1470
536 1636
536 1831
536 5362
546 1732
546 2053
546 2650
546 4746
546 7984
546 8972
563 618
563 1774
563 2490
568 1255
568 4746
572 1106
573 1106
610 917
610 2762
610 4339
610 6280
613 4339
613 8014
613 8478
618 4216
618 8635
621 917
621 1539
621 1857
621 3030
621 3540
621 5938
621 6134
621 7583
621 8014
621 8330
621 8978
634 1255
659 762
659 2762
671 1664
671 5468
671 8955
729 2762
729 4026
729 8924
729 8984
736 2255
736 6471
736 8971
762 1787
762 1857
762 2053
762 2062
762 2396
762 2650
762 2845
762 2954
762 3811
762 8862
762 8927
781 8918
805 4711
821 875
836 3377
837 4187
837 5065
837 8789
837 8937
846 4419
847 4419
852 2529
852 2868
852 5065
852 7090
852 8234
852 8976
859 4106
875 1877
875 8197
881 8478
883 7714
891 2019
895 921
895 5305
895 6817
897 1106
921 1369
921 1836
921 6064
928 8972
947 8630
1002 2603
1002 8988
1006 2455
1035 1664
1035 1780
1035 2333
1035 3377
1036 8846
1051 4007
1051 5616
1051 8750
1057 3540
1057 4339
1057 7976
1057 8981
1106 1732
1106 4485
1106 5267
1106 7290
1106 8969
1106 8970
1106 8984
1115 2599
1115 6203
1115 6917
1115 8401
1115 8911
1198 2522
1198 8929
1198 8930
1223 5127
1235 6467
1243 3265
1255 2650
1255 3075
1255 4419
1255 6134
1255 6619
1255 7965
1255 8401
1255 8918
1255 8924
1256 4339
1256 6817
1256 8928
1256 8936
1302 4641
1312 8974
1349 8986
1359 3613
1359 7515
1369 1527
1369 2770
1369 4456
1369 5828
1369 7335
1392 6134
1393 1418
1393 4339
1393 7515
1393 8862
1393 8928
1393 8952
1395 8927
1413 3811
1413 8626
1413 8978
1418 5616
1418 5720
1418 6289
1418 8945
1470 5065
1470 5828
1470 8478
1470 8952
1510 4216
1521 2650
1521 3195
1521 4216
1521 8941
1539 1787
1539 4106
1539 4841
1539 5272
1539 6134
1540 8961
1543 8119
1633 3811
1636 2313
1636 5065
1636 5625
1636 7515
1636 8197
1636 8934
1664 6779
1664 8961
1732 4746
1732 5652
1742 1857
1742 7203
1745 2664
1756 2062
1774 3171
1774 5065
1786 5828
1786 7184
1787 8462
1787 8943
1788 8918
1794 8978
1824 8962
1831 8983
1857 3030
1857 3648
1857 5141
1857 7371
1872 2488
1877 8938
1880 4339
1917 2126
1917 2292
1917 3125
1917 3975
1917 6619
1917 8099
1917 8926
2019 3975
2019 4199
2019 5367
2053 7839
2053 8750
2053 8766
2053 8947
2053 8963
2057 2767
2057 4379
2057 8282
2062 4615
2062 6203
2062 8197
2089 6683
2105 6618
2105 8951
2112 3275
2123 5889
2124 5956
2148 7186
2169 8928
2233 8848
2255 2603
2255 2650
2255 3975
2255 7128
2255 8197
2255 8984
2256 3442
2313 7290
2313 8978
2324 4177
2428 2664
2450 2762
2450 2767
2529 5720
2529 7132
2529 8968
2529 8978
2534 4339
2562 8977
2581 7290
2598 4746
2598 8945
2599 5065
2599 6203
2627 3613
2627 8197
2640 8869
2650 4841
2650 5065
2650 7290
2650 8984
2664 3171
2664 4117
2664 5065
2664 8416
2694 6947
2741 3811
2756 8976
2762 3322
2762 5560
2762 6280
2762 6638
2762 7034
2762 7515
2762 8015
2762 8959
2762 8967
2762 8973
2762 8987
2770 4981
2845 6498
2868 4605
2868 8197
2869 4419
2930 8971
2954 8956
2956 5237
2956 8197
2957 7944
2989 3030
3024 3030
3030 4392
3030 4632
3030 4841
3030 4910
3030 6134
3030 6596
3030 8197
3030 8635
3030 8924
3062 8929
3072 5065
3072 6203
3075 4419
3075 4632
3088 6683
3088 7515
3088 8197
3122 4546
3122 6247
3122 8770
3122 8846
3160 6880
3166 4641
3171 3355
3171 3727
3171 4216
3171 5828
3171 6429
3171 7290
3195 8908
3204 8900
3313 4339
3313 5720
3313 8234
3313 8947
3313 8976
3322 8974
3377 5948
3405 4177
3414 3613
3414 4275
3453 8197
3487 4379
3490 8478
3574 8964
3613 4275
3613 5065
3613 8462
3636 4092
3636 4839
3636 5237
3636 8814
3636 8914
3785 4632
3785 6596
3785 8635
3811 4216
3811 8693
3811 8847
3947 4746
3967 5472
3973 6203
3975 7128
3984 4026
3984 4187
3984 6942
3984 7647
3985 8953
4011 8750
4011 8929
4026 7290
4057 8462
4090 8937
4090 8975
4092 8814
4106 7290
4116 8900
4117 4727
4117 4949
4117 6295
4117 7290
4117 8910
4171 4536
4171 8939
4187 8937
4216 4727
4216 7290
4275 8735
4339 4605
4339 5720
4339 7236
4379 5065
4379 6619
4382 5065
4419 8197
4419 8954
4419 8982
4523 4841
4546 8770
4546 8938
4591 6940
4632 5267
4632 8942
4632 8984
4641 8935
4670 5362
4702 5065
4702 8967
4731 6448
4746 8077
4771 7136
4771 7855
4841 7371
4879 8206
4882 5596
4910 6471
4931 6747
5006 8979
5023 8608
5041 8947
5065 5127
5065 5560
5065 6619
5065 6779
5065 7034
5065 7714
5065 8014
5065 8725
5065 8921
5065 8923
5065 8944
5065 8946
5065 8960
5065 8961
5065 8962
5065 8964
5065 8978
5065 8983
5065 8988
5220 7583
5267 8984
5272 8937
5305 6817
5305 8197
5331 8925
5362 8816
5362 8929
5468 5889
5468 7371
5468 8931
5487 8958
5493 5625
5720 8940
5720 8987
5816 6619
5816 8948
5889 6619
5935 7132
5938 7714
5966 8856
6007 8959
6017 6064
6017 7855
6018 6576
6134 8099
6134 8282
6203 6618
6203 8197
6203 8862
6236 8957
6247 8846
6248 8939
6279 7674
6280 6319
6280 6816
6280 8197
6280 8922
6289 6385
6373 6619
6373 8119
6373 8846
6373 8919
6373 8944
6429 6619
6448 8766
6448 8978
6498 8931
6498 8978
6596 8635
6613 8933
6618 8812
6619 8467
6619 8921
6619 8948
6619 8972
6817 8968
6974 7652
7128 7290
7128 8197
7136 8197
7136 8947
7199 8916
7290 8912
7371 8931
7398 8970
7515 8197
7516 8416
7534 8917
7839 8963
7903 8467
8008 8887
8077 8962
8077 8986
8093 8940
8099 8945
8099 8984
8197 8789
8205 8932
8234 8409
8260 8752
8467 8918
8478 8750
8478 8917
8735 8958
8735 8975
8750 8929
8750 8986
8869 8920
8869 8928
8910 8966
8962 8965
8969 8970
