7 729
7 6842
7 8099
26 1147
29 158
29 3785
29 5468
29 7290
29 7371
29 8608
37 3420
37 5386
38 978
38 3158
41 1312
41 2974
41 9070
41 9092
42 338
42 636
42 821
42 2529
42 8551
43 2970
48 964
48 4771
48 5179
59 852
59 1256
59 2767
59 6319
59 6817
61 3075
73 108
73 2845
73 3166
73 4641
73 9043
76 3075
76 3250
76 4702
76 5141
76 5550
76 8416
83 1255
83 9073
90 3250
90 8099
95 3171
96 570
96 2816
97 921
97 7371
101 2970
128 5129
128 8015
128 8099
131 9089
133 5550
133 9079
134 158
134 528
134 3984
134 6797
134 8119
138 2816
138 7199
138 9103
153 2775
158 201
158 3250
158 3515
158 4895
158 5468
158 7186
158 8119
158 8567
158 8981
158 9076
158 9101
158 9103
159 823
196 9084
199 3250
201 1295
201 3420
201 4702
201 7290
221 2472
221 2762
221 2845
221 3856
221 5065
221 6247
221 6738
221 8598
226 4641
238 4546
240 7634
240 9055
271 536
271 1470
286 9066
287 8890
287 9063
297 9105
307 3075
315 1622
338 1917
348 5386
374 9057
403 729
410 3075
410 3171
412 5065
433 9081
446 4366
446 9051
447 3250
449 3075
455 2762
455 3250
455 9057
455 9082
461 1242
482 1144
482 2472
524 1255
528 8981
531 1295
546 6842
556 9076
563 6220
568 1106
568 5129
568 8099
573 2122
577 4171
577 8330
577 8923
577 9071
610 1247
610 5065
613 3250
613 9070
618 1255
621 2158
621 3737
621 4862
621 9053
621 9067
621 9079
636 7924
656 1917
656 2126
656 6945
659 852
729 1242
729 3756
729 6498
729 6945
729 9100
762 1364
762 3515
762 9076
762 9105
821 6945
836 7714
837 1977
837 4746
837 5065
852 1844
852 2762
852 3313
852 3636
852 4858
852 6842
852 7329
852 9017
852 9086
852 9102
891 3067
892 2775
904 2158
921 928
921 1917
921 2255
921 7290
938 9092
938 9098
952 4117
952 9090
963 7290
964 3203
964 7371
968 4317
968 4949
968 5065
968 5487
1002 4301
1002 4589
1002 9060
1002 9097
1011 2762
1011 4702
1035 5938
1057 1779
1057 2086
1057 2739
1057 2762
1057 2825
1057 3171
1057 5065
1057 6220
1057 6756
1057 7290
1057 8416
1057 9068
1057 9101
1097 6738
1106 1413
1106 1786
1106 3250
1106 3461
1106 4771
1106 5129
1106 6779
1106 9074
1106 9081
1106 9103
1115 3171
1115 9066
1206 7199
1242 7034
1242 9085
1242 9097
1243 5129
1247 2767
1247 3535
1247 4187
1247 8297
1255 2816
1255 7290
1256 1364
1256 2845
1256 5065
1268 2053
1268 7186
1295 1359
1295 4117
1295 5065
1298 2158
1312 2974
1321 4702
1321 4862
1321 9055
1321 9103
1338 5179
1359 3067
1359 4589
1359 4822
1361 9076
1364 1365
1364 1844
1364 2488
1364 2756
1364 4641
1364 5427
1364 5720
1364 7290
1364 9093
1365 6797
1369 2694
1369 8182
1375 7480
1392 8608
1395 1525
1395 9076
1404 7634
1413 3250
1413 5065
1413 5574
1413 6779
1413 9085
1470 3250
1470 8608
1540 3067
1604 5021
1622 5065
1622 8278
1636 9091
1651 9075
1664 7480
1664 9085
1732 4301
1737 1972
1742 3250
1763 8119
1774 9058
1779 9085
1786 8099
1787 4708
1824 4532
1824 5093
1824 9089
1864 9085
1893 2970
1908 5386
1908 7335
1917 3125
1917 9099
1972 4822
1972 8119
2052 7090
2062 7290
2086 6756
2126 9046
2148 3171
2156 5574
2158 6867
2158 9080
2197 2762
2197 8119
2243 9057
2255 4419
2255 8515
2255 9069
2297 4117
2381 5065
2389 5596
2396 5493
2472 4746
2504 3088
2529 2845
2529 2956
2529 3313
2529 3515
2529 5574
2529 5844
2529 6817
2529 8608
2529 9086
2535 5065
2541 8197
2576 3171
2576 5065
2583 5574
2589 8527
2594 9085
2599 2674
2617 2974
2627 9067
2692 4589
2694 5386
2720 5386
2730 6797
2739 3171
2739 4117
2741 9093
2741 9094
2756 4641
2756 5065
2762 3171
2762 3250
2762 3281
2762 3984
2762 5065
2762 6738
2762 7034
2767 5550
2767 6945
2767 9005
2767 9067
2775 3417
2775 8867
2785 9057
2816 5938
2816 6797
2816 6842
2816 7290
2816 7924
2825 7480
2840 6779
2845 5179
2845 5270
2845 9047
2869 3377
2882 5129
2930 5065
2934 6280
2956 3854
2956 8608
2956 9046
3030 9067
3057 8015
3065 4355
3067 5065
3067 5373
3075 6768
3088 5550
3088 8484
3088 9048
3110 7822
3125 4746
3158 3171
3166 4117
3166 8099
3171 5008
3171 5065
3171 6429
3171 9095
3250 3281
3250 3420
3250 5065
3250 7213
3250 8484
3250 8515
3250 9010
3250 9074
3281 8484
3322 5065
3377 9067
3377 9072
3405 5596
3414 3856
3420 3984
3420 6797
3461 6413
3461 6779
3501 8416
3515 4746
3515 6817
3574 9078
3613 4355
3613 8750
3636 4092
3636 8981
3648 4803
3648 8097
3737 9053
3756 6945
3785 6373
3787 8278
3787 8608
3843 4117
3843 5065
3854 5065
3897 8099
3975 9072
4026 4746
4092 5065
4092 7933
4092 8981
4092 9005
4116 5065
4117 5065
4117 7480
4171 6596
4171 7480
4171 9085
4293 5065
4293 6756
4355 5065
4355 6779
4355 8750
4382 5065
4419 9069
4507 7119
4546 9089
4546 9096
4589 5065
4589 6779
4589 8099
4641 5179
4641 6498
4702 4862
4702 6220
4702 9055
4771 6797
4771 8197
4771 8954
4841 6467
4866 5065
4866 7329
4882 9069
4895 9002
5006 8979
5021 6945
5021 9079
5065 5386
5065 6250
5065 6349
5065 6945
5065 7034
5065 7119
5065 7329
5065 7652
5065 7749
5065 8197
5065 8278
5065 8297
5065 8551
5065 8608
5065 8981
5065 9044
5065 9054
5065 9064
5065 9065
5065 9079
5065 9095
5065 9098
5065 9100
5065 9105
5129 5141
5129 5468
5129 5487
5141 7531
5308 8874
5362 6202
5362 7652
5373 9072
5468 6842
5468 7186
5468 8551
5468 8613
5468 8954
5468 9010
5468 9056
5493 6779
5493 9064
5550 6250
5550 7236
5550 8068
5550 8097
5550 8197
5720 9065
5844 9101
5933 8416
5966 8144
6202 6385
6203 9078
6203 9098
6220 6373
6220 7290
6223 8453
6250 8197
6349 9062
6373 7984
6373 8119
6373 9089
6373 9096
6385 9073
6448 8596
6467 9093
6467 9094
6498 9103
6596 8608
6618 8977
6619 7749
6619 9084
6738 8873
6779 7329
6779 8197
6779 9054
6779 9100
6797 7034
6797 8015
6797 8119
6917 8401
6945 8131
7034 7329
7034 9068
7119 9097
7156 8401
7186 9074
7290 8890
7329 8197
7335 8890
7335 9069
7371 8099
7371 9059
7371 9081
7371 9103
7516 8416
7652 8750
7743 8834
7924 9034
8197 8608
8330 9053
8467 9056
8515 9106
8529 9083
8750 9068
8750 9074
8887 8981
8910 9104
9005 9084
9034 9068
9046 9061
9051 9052
9076 9077
9087 9088
