26 1996
29 1106
36 43
36 390
36 2255
41 2617
42 7335
43 2762
43 6945
43 9107
46 2956
46 9118
59 9137
73 2845
73 5179
73 5468
73 6842
73 7371
73 9109
75 1198
75 5065
75 5493
75 6779
76 610
76 5362
76 5757
76 9118
76 9127
83 133
83 3417
83 5550
83 7208
83 8297
83 9142
88 968
88 5757
88 8367
88 9130
89 2919
93 4171
93 8644
96 133
96 5141
96 9126
97 1742
97 2158
101 2357
101 2970
110 2297
110 8260
110 9107
138 1255
138 2670
138 3420
138 4680
138 5141
138 5468
140 3171
153 2627
153 3420
153 5757
153 9147
158 5757
158 6018
158 6990
158 7359
158 8467
158 9117
158 9125
170 3157
170 7383
190 4465
190 4841
190 6842
196 2868
196 4746
196 6373
196 9137
201 2816
201 6842
236 2158
258 5757
271 1470
280 1365
280 1576
280 3166
280 3171
280 6797
280 9145
286 4895
287 2468
315 8600
370 8515
391 3224
407 1235
407 5367
407 5933
407 9125
442 1400
446 9106
447 2868
455 5757
455 7216
455 9114
461 1321
528 2730
528 9138
532 1106
532 5129
539 1742
539 5065
539 8260
539 9123
546 1106
546 7923
563 1020
563 6811
570 762
570 5179
577 2822
577 3541
577 5065
577 6373
577 6945
577 7090
577 8379
577 9018
577 9071
577 9116
610 3250
610 9137
613 3416
621 5550
621 7787
621 9041
621 9119
621 9125
621 9137
686 1540
712 8379
724 6945
729 904
729 2868
729 3541
729 9144
748 2255
802 5065
821 7335
821 9005
836 968
836 8297
837 3984
837 4589
837 5065
852 2529
852 2559
852 4680
852 8468
852 9102
852 9139
885 4641
891 5616
907 9147
920 4746
920 5065
960 3171
968 1413
968 1742
968 2204
968 4419
968 5366
968 6619
1002 2318
1002 9101
1002 9127
1011 8099
1011 8382
1057 2825
1057 3171
1057 9143
1106 3984
1106 4485
1106 9140
1115 6280
1122 4589
1147 3414
1147 7371
1198 1483
1198 4904
1198 5065
1198 5493
1198 7927
1206 4641
1235 1359
1235 1470
1235 2035
1235 4839
1235 8416
1242 9071
1255 8260
1256 8674
1256 9131
1256 9139
1268 4216
1268 9144
1300 2845
1300 3646
1321 3856
1359 2868
1359 4680
1359 6373
1359 7140
1359 9071
1359 9117
1359 9125
1359 9136
1364 4088
1365 9093
1365 9139
1390 3854
1400 1470
1400 3636
1400 5362
1400 8750
1413 2204
1413 3799
1413 5367
1470 2724
1470 2762
1470 3171
1474 5018
1525 2255
1539 7290
1539 9109
1561 4236
1561 5141
1561 9108
1563 2297
1576 5065
1576 8608
1576 9127
1604 9143
1622 5550
1636 7776
1636 9117
1636 9132
1636 9150
1691 2845
1742 1779
1742 8363
1786 9140
1794 8918
1824 8099
1857 3030
1857 3648
1857 5468
1857 9122
1917 3378
1917 7923
1994 5366
2027 4546
2027 7335
2095 4746
2095 9102
2123 2297
2148 3171
2156 4691
2158 4771
2158 5468
2204 7923
2204 8671
2243 2529
2243 5065
2272 5141
2297 6467
2339 9049
2357 5373
2389 2468
2389 5596
2389 7335
2395 8382
2468 7335
2522 3171
2529 2627
2529 2845
2529 9131
2559 4908
2576 3171
2583 8981
2617 2974
2627 8367
2640 4908
2650 2762
2670 4908
2674 3171
2674 5362
2691 6018
2692 9135
2724 2762
2756 4366
2762 5560
2762 9132
2767 9134
2775 7090
2785 9057
2816 4841
2816 6842
2821 6945
2822 9071
2845 9109
2868 4746
2868 5065
2868 5682
2868 6779
2882 5129
2956 5616
2956 6779
2974 9077
3030 5468
3125 4746
3166 5141
3166 6842
3166 8363
3171 3854
3171 3984
3171 5493
3171 5616
3171 6596
3171 7290
3171 8416
3238 9071
3322 5692
3322 5757
3328 9152
3388 4065
3414 9101
3453 3646
3502 6619
3502 9150
3541 4546
3541 6373
3541 9152
3579 9136
3634 8551
3785 6373
3854 8416
3856 9055
3865 5038
3947 9136
3984 9140
3984 9149
4092 6018
4092 8981
4092 9134
4117 5141
4187 9117
4187 9146
4188 6018
4188 8297
4188 9137
4325 5518
4403 4839
4419 4589
4419 8260
4419 9107
4465 6842
4465 7841
4465 9126
4507 9141
4523 5141
4546 7335
4589 4746
4589 5720
4589 8406
4680 4908
4746 5065
4746 5366
4746 7998
4746 9144
4771 5468
4839 5065
4839 7090
4860 9121
4882 5596
4895 5692
4908 5720
4908 6817
4908 9139
5018 8277
5041 8918
5065 5550
5065 6203
5065 6619
5065 6945
5065 7749
5065 7787
5065 7923
5065 8119
5065 8330
5065 8967
5065 8981
5065 9071
5065 9104
5065 9107
5065 9117
5065 9125
5065 9128
5065 9129
5065 9132
5065 9133
5065 9135
5065 9136
5065 9141
5065 9142
5141 5415
5141 5468
5141 5550
5141 6842
5141 7371
5141 8931
5141 9103
5267 6448
5270 9118
5331 8925
5331 8967
5362 6385
5362 9118
5377 9151
5468 6247
5468 7208
5468 8897
5487 9101
5493 5616
5550 7371
5616 6779
5720 9129
5757 6448
5757 9147
5844 8382
6064 7335
6203 6373
6203 6990
6203 9105
6203 9114
6203 9132
6203 9134
6215 9143
6373 9114
6373 9130
6448 9071
6448 9120
6498 8363
6596 8215
6619 7208
6619 9071
6654 9146
6692 8215
6797 8119
6797 9112
6797 9124
6817 8468
6817 8968
6842 7371
7015 7119
7034 9124
7093 9143
7216 8711
7290 9002
7290 9109
7290 9140
7364 9002
7371 9081
7614 9113
7787 8297
7787 9071
7944 8382
7985 8874
8015 8297
8015 9111
8099 8382
8276 8918
8297 8600
8297 9137
8330 9106
8407 9110
8515 9113
8515 9128
8787 8798
8837 9130
8981 9104
9080 9113
9104 9134
9113 9148
9114 9115
9128 9129
9132 9133
