0 25
0 29
0 30
0 48
0 73
0 198
0 608
0 694
0 696
0 859
0 1179
0 1218
0 1235
2 14
2 80
2 128
2 670
2 721
2 1140
2 1210
2 1213
3 25
3 302
3 1211
3 1255
4 83
4 109
4 618
4 659
7 14
7 29
13 1255
14 29
14 30
14 43
14 109
14 201
14 238
14 315
14 330
14 335
14 348
14 455
14 461
14 477
14 490
14 532
14 539
14 570
14 577
14 610
14 618
14 659
14 670
14 729
14 886
14 928
14 948
14 950
14 993
14 1057
14 1131
14 1149
14 1164
14 1205
14 1207
14 1209
14 1210
14 1214
14 1218
14 1220
14 1242
14 1252
19 79
25 30
25 76
25 186
25 341
25 461
25 493
25 662
25 729
25 881
25 899
25 1041
25 1211
25 1218
25 1225
25 1237
25 1242
25 1243
25 1252
26 30
26 42
26 48
26 100
26 233
26 235
26 729
26 904
26 946
26 1198
26 1249
29 76
29 98
29 235
29 370
29 571
29 608
29 670
29 729
29 881
29 928
29 946
29 960
29 1141
29 1177
29 1210
29 1237
29 1245
30 42
30 48
30 68
30 73
30 96
30 100
30 121
30 190
30 206
30 216
30 348
30 490
30 519
30 566
30 593
30 659
30 662
30 670
30 729
30 762
30 824
30 852
30 887
30 904
30 948
30 950
30 1140
30 1167
30 1186
30 1191
30 1198
30 1214
30 1230
30 1235
30 1243
30 1252
30 1255
42 75
42 80
42 184
42 348
42 461
42 729
42 820
42 898
42 946
42 1141
42 1198
42 1199
42 1214
42 1218
42 1220
42 1245
43 206
43 644
43 859
46 912
47 1256
48 121
48 433
48 516
48 1186
48 1226
51 852
59 659
59 694
61 461
64 1255
68 302
68 348
68 662
68 1243
69 461
69 570
69 691
73 108
73 121
73 226
73 570
73 691
73 1255
74 1206
75 1002
76 84
76 109
76 121
76 135
76 206
76 275
76 349
76 461
76 493
76 506
76 539
76 670
76 696
76 729
76 731
76 881
76 904
76 963
76 997
76 1057
76 1141
76 1198
76 1204
76 1212
76 1214
76 1237
76 1241
76 1244
76 1252
76 1255
79 128
79 1185
80 566
80 881
80 1213
83 370
83 461
83 1140
83 1198
83 1243
84 729
84 1128
84 1237
84 1238
90 993
90 1255
94 201
94 1252
95 1057
95 1131
95 1250
97 539
97 836
97 1171
100 946
108 570
109 201
109 659
109 694
109 721
109 1140
110 950
119 1227
119 1228
121 184
121 226
121 570
121 678
121 729
121 852
121 1057
121 1133
121 1186
121 1206
121 1217
121 1218
121 1255
123 140
123 174
123 461
123 570
128 1208
128 1222
131 348
132 659
134 461
134 836
134 881
134 1198
135 729
135 903
135 1244
146 1245
148 1243
148 1245
148 1258
153 519
153 608
153 1258
154 712
154 881
158 1250
162 1248
174 524
174 1237
184 298
184 728
184 1141
184 1198
186 461
186 608
186 1237
189 461
189 1206
189 1241
191 1057
196 397
201 461
201 1191
201 1219
201 1255
206 1035
206 1215
218 1041
226 570
226 1226
233 1210
235 461
235 779
235 903
235 1023
235 1164
236 539
247 302
249 388
249 948
249 1106
266 565
270 852
270 1234
273 512
275 696
280 1036
283 1189
287 948
298 1141
302 570
302 810
302 875
302 1226
304 659
304 1141
307 565
315 348
339 946
341 694
348 563
348 577
348 618
348 991
348 1036
348 1164
348 1179
348 1198
348 1211
348 1247
349 455
349 1057
370 461
370 577
370 662
370 670
370 904
370 946
370 948
370 950
370 1128
370 1131
370 1179
370 1255
374 881
375 807
386 1209
390 570
394 461
394 948
394 1171
395 1191
399 601
399 1204
410 1243
414 1216
414 1219
414 1241
417 1224
423 729
439 1238
442 461
442 573
449 1164
451 1244
455 950
455 1191
461 539
461 570
461 573
461 608
461 670
461 852
461 919
461 928
461 948
461 1115
461 1218
461 1247
461 1255
477 1210
477 1216
490 1223
493 1002
502 1227
506 993
519 565
519 1057
519 1233
519 1245
526 1216
528 570
528 1252
539 593
539 950
539 1214
539 1255
565 1115
565 1177
565 1233
565 1250
565 1252
570 608
570 644
570 696
570 881
570 1057
570 1241
570 1252
570 1255
577 618
577 670
577 1255
588 644
593 1214
608 1235
610 1041
610 1227
610 1252
613 1179
613 1198
613 1241
613 1246
613 1254
618 659
618 993
618 1211
621 1198
621 1199
644 1239
659 694
659 1057
659 1191
659 1210
659 1214
659 1243
662 904
670 1202
671 1218
678 1186
696 779
696 928
696 948
696 1198
703 1214
712 881
712 1234
712 1257
721 729
721 1057
728 1177
729 881
729 1128
729 1164
729 1177
729 1191
729 1198
729 1205
729 1217
729 1226
729 1237
729 1249
729 1252
731 963
771 1211
810 928
824 946
824 1233
824 1255
836 1211
852 907
852 919
852 1070
852 1206
852 1256
859 1214
881 883
881 904
881 1041
881 1183
881 1261
883 904
883 1057
891 1231
895 1255
903 1057
904 1220
912 1106
917 1183
938 1210
938 1220
938 1241
946 997
946 1198
948 1211
948 1214
948 1230
950 1057
950 1115
950 1255
950 1260
952 1229
963 1057
963 1198
963 1221
991 1036
991 1186
997 1031
1002 1035
1036 1147
1054 1210
1057 1233
1057 1241
1078 1211
1114 1235
1128 1203
1128 1240
1133 1206
1140 1252
1153 1224
1164 1209
1164 1211
1191 1213
1198 1237
1198 1246
1202 1207
1206 1215
1211 1214
1227 1247
1231 1232
1235 1236
1237 1238
1237 1253
1243 1254
1245 1251
1255 1259
