0 96
0 2389
0 3484
26 6118
28 2350
29 1642
29 5173
29 9594
29 9693
41 7857
42 2053
42 2406
42 2472
42 2956
42 4585
42 5065
42 6779
42 9499
42 9654
43 508
43 7658
43 9651
43 9687
46 1002
46 1877
46 9161
60 6779
61 9027
61 9161
61 9688
70 1786
73 138
73 4846
73 6810
73 7710
73 9730
75 5362
76 407
76 432
76 568
76 1255
76 2822
76 3122
76 4746
76 5911
76 7710
76 8600
76 8688
76 8926
79 3281
88 158
88 568
88 904
88 6280
90 9596
94 407
94 8197
95 221
96 1338
96 4523
97 1785
110 9161
115 904
117 304
117 1148
117 1636
117 2956
117 5362
117 8416
128 6358
134 312
134 8600
135 3123
135 5616
135 5649
138 1322
138 2062
138 5352
138 7710
138 9444
138 9662
138 9665
153 3476
153 5125
153 5362
153 5386
153 9540
153 9544
153 9656
154 1012
158 1106
158 1115
158 1972
158 3476
158 4632
158 4731
158 6203
158 8119
158 8508
158 9596
158 9635
158 9675
158 9685
158 9693
158 9713
158 9720
158 9726
172 9676
190 9651
196 6102
196 8131
196 8508
196 9492
196 9543
201 3030
201 5352
221 621
221 881
221 2762
221 5065
240 6842
240 7620
255 729
255 9681
286 1106
286 1115
286 3476
286 5386
286 7744
286 8119
286 9656
286 9675
289 837
304 9653
312 3990
315 568
315 1724
315 3030
315 8297
318 1788
348 2255
348 2406
348 2762
348 4157
348 4546
349 1365
349 2816
359 5574
370 8014
383 2762
383 9294
387 9705
407 837
407 1255
407 2028
407 2738
407 3158
407 4187
407 6779
407 6916
407 7290
407 8197
435 8306
442 1636
442 2254
461 2741
508 7658
519 686
519 9662
519 9663
528 4746
536 1576
536 1636
536 3636
536 4117
536 9653
545 9483
546 1041
546 1774
546 2350
546 2816
546 3636
546 5179
546 6842
546 9499
546 9679
546 9710
556 9078
568 621
568 1206
568 1365
568 1831
568 1972
568 2822
568 3030
568 3166
568 3636
568 4731
568 6280
568 6817
568 7744
568 8225
568 8297
568 9257
568 9323
568 9620
570 4632
573 1002
573 9656
577 618
577 1774
577 5065
577 7391
577 9667
577 9690
599 3441
608 4632
608 9122
610 2256
610 2762
610 3636
610 5386
613 3580
613 4839
613 7857
618 5911
618 9601
618 9697
621 5065
621 6062
621 8297
621 8600
621 9706
621 9720
636 5362
641 9657
641 9673
647 4251
656 921
659 9664
729 1786
729 4116
729 7391
729 9421
736 1255
736 9483
762 7710
789 9520
823 9152
836 9647
837 9726
839 1255
839 6779
839 9666
846 9628
852 3887
852 4116
852 4489
852 4846
852 5720
852 6817
852 8093
852 8682
852 9475
881 9701
883 2046
895 1255
895 1581
895 1804
895 9628
904 1917
904 2589
904 3177
919 6779
919 9683
921 1255
921 1917
921 2122
921 2126
921 4731
921 7620
922 9294
968 1255
968 4080
1002 9677
1002 9723
1036 5065
1048 4731
1056 1517
1099 1255
1106 2350
1106 3107
1106 4731
1106 6596
1106 7194
1106 8484
1106 9687
1106 9704
1115 2627
1115 8682
1115 9691
1115 9725
1144 1763
1144 5652
1198 2762
1198 7290
1206 3636
1206 8225
1206 8682
1223 4157
1223 4962
1242 1563
1242 1917
1242 9683
1244 9698
1255 1612
1255 1804
1255 2350
1255 2738
1255 2845
1255 3484
1255 4746
1255 5270
1255 5658
1255 6419
1255 7620
1255 7658
1255 7710
1283 1636
1283 8234
1283 9668
1321 2739
1321 5463
1321 8093
1321 9656
1359 2756
1359 3254
1359 5179
1359 6779
1359 8508
1359 9686
1359 9693
1359 9726
1361 1470
1361 4092
1361 8364
1361 9078
1361 9584
1361 9653
1361 9702
1361 9708
1361 9724
1365 9594
1413 2360
1413 3158
1413 6779
1413 9712
1470 1576
1470 4092
1470 5704
1470 5720
1470 6769
1539 2816
1540 4057
1540 9559
1563 5649
1576 9596
1576 9663
1576 9702
1604 3608
1604 4092
1612 2762
1612 9720
1636 5125
1636 5616
1636 6779
1636 6889
1636 9499
1636 9653
1636 9696
1664 9698
1704 9152
1709 2840
1709 8347
1724 4280
1724 7208
1724 9669
1731 3281
1737 5125
1742 2727
1742 9713
1763 8600
1763 9543
1774 9323
1785 9544
1788 4783
1804 2255
1804 2319
1818 9680
1824 1877
1831 8225
1836 4949
1854 1877
1877 5966
1877 7261
1877 9628
1877 9713
1917 9624
1917 9633
1972 2930
1972 8297
1972 9323
1972 9713
1977 9687
1985 4839
1985 9692
1995 8363
2019 6543
2019 9689
2053 2729
2053 4731
2053 5362
2053 9689
2086 8131
2089 4092
2089 9696
2089 9702
2204 4731
2204 9633
2243 2360
2243 9497
2255 2350
2255 2496
2255 6064
2256 5018
2256 9615
2256 9673
2292 9667
2313 2583
2319 9495
2319 9677
2324 9698
2325 7658
2350 3381
2350 8970
2389 6064
2405 4749
2406 2472
2406 4765
2428 2762
2428 6419
2472 6064
2472 9469
2487 4397
2496 6203
2529 3887
2529 6817
2529 7710
2529 9660
2529 9662
2534 8566
2562 7261
2583 2956
2599 9712
2605 9726
2617 9670
2627 5065
2627 8119
2627 9584
2691 7857
2724 9716
2727 3123
2727 4783
2738 2956
2756 6817
2756 8093
2762 2957
2762 3636
2762 4136
2762 4839
2762 5065
2762 5386
2762 9152
2762 9640
2762 9664
2762 9674
2762 9686
2762 9696
2762 9729
2767 3476
2767 6463
2767 9658
2767 9724
2771 9696
2775 9598
2775 9703
2816 6498
2816 7710
2816 8600
2820 6118
2822 9713
2868 9323
2868 9673
2868 9684
2888 4632
2919 9675
2930 7194
2930 9669
2943 4632
2943 9421
2943 9628
2956 9161
2956 9195
2956 9603
2989 3171
3013 9728
3029 9697
3030 3484
3030 4031
3030 4632
3030 7658
3030 7710
3030 8297
3030 9444
3031 9294
3166 4523
3171 9054
3171 9065
3171 9709
3171 9714
3171 9715
3177 6373
3281 9705
3281 9712
3341 9596
3381 8119
3405 6064
3414 9705
3441 4116
3458 4339
3458 5720
3458 5782
3458 8674
3458 9368
3458 9665
3476 5007
3476 9425
3484 7710
3484 8124
3515 9656
3580 5065
3636 8750
3636 9696
3673 9543
3687 9615
3727 4949
3745 9673
3816 9596
3843 9677
3945 9657
3975 6779
3984 4187
3984 7816
3984 9726
4011 6203
4011 9596
4011 9712
4022 8477
4031 4117
4031 4632
4031 5550
4031 7620
4031 7658
4031 9615
4031 9669
4031 9690
4057 8416
4092 5720
4092 7034
4092 8682
4092 9078
4092 9603
4092 9708
4109 4138
4116 5615
4117 9656
4117 9673
4117 9683
4157 6867
4174 9469
4187 4731
4187 8768
4187 9686
4187 9703
4187 9710
4187 9722
4188 9702
4216 9633
4280 9673
4397 5681
4419 6064
4488 9682
4507 4746
4523 7157
4536 6596
4536 9697
4546 6102
4546 6867
4546 9152
4546 9228
4546 9543
4577 9693
4591 6102
4605 9409
4632 5911
4632 7941
4632 8121
4632 9687
4731 5463
4731 5662
4731 7194
4731 8099
4731 9540
4731 9633
4731 9722
4746 9421
4746 9440
4749 7754
4765 9693
4783 8121
4783 8363
4783 9656
4839 5125
4839 9152
4839 9544
4908 6842
4949 9656
4964 6779
5007 9584
5018 6373
5065 6102
5065 6429
5065 8297
5065 9690
5125 6203
5125 6779
5125 7487
5125 8484
5173 6618
5263 9409
5270 7620
5305 9627
5362 5616
5362 5649
5362 6779
5362 9633
5362 9689
5362 9712
5366 5471
5415 7218
5415 8099
5442 9426
5468 9620
5487 8438
5560 9673
5616 5649
5616 9722
5649 6189
5649 6779
5649 9722
5649 9727
5704 8682
5720 9475
5720 9678
5747 9708
5782 7290
5782 9678
5831 9711
5966 9492
6062 6942
6064 8197
6064 8503
6109 9644
6203 6779
6203 9438
6203 9596
6203 9659
6203 9692
6203 9718
6264 9294
6280 9654
6280 9699
6373 8131
6373 9492
6414 8600
6463 8600
6596 7194
6596 9257
6619 7391
6619 8524
6705 8408
6750 9152
6779 8347
6779 9636
6817 8093
6842 8333
6867 8131
6867 9438
6867 9698
6942 9322
6945 9440
7015 8184
7034 9641
7036 9671
7190 9322
7194 7941
7218 8939
7261 9152
7290 9444
7335 9687
7335 9715
7391 9647
7391 9709
7620 8688
7658 7710
7658 8688
7658 9687
7668 9721
7744 9711
7754 9559
7857 9584
7961 8494
8014 9693
8077 9615
8093 9615
8099 9700
8119 9675
8119 9698
8121 9687
8184 9245
8197 9628
8197 9653
8197 9694
8225 8566
8363 9641
8364 9708
8408 9655
8438 9596
8466 9466
8703 9439
8725 9680
8756 9627
8912 9704
8915 9656
9152 9257
9152 9628
9168 9656
9168 9663
9168 9726
9245 9686
9294 9648
9323 9442
9409 9585
9466 9559
9562 9661
9565 9594
9596 9635
9596 9641
9633 9717
9654 9699
9667 9695
9672 9673
9693 9719
9705 9707
