0 7336
0 8604
7 29
19 3107
29 46
29 1255
29 2111
41 6888
41 7033
41 10180
42 77
42 656
42 839
42 2389
42 4507
42 8901
42 10114
42 10117
42 10134
42 10140
42 10186
43 158
43 1256
43 1917
43 10141
43 10152
43 10192
46 83
46 133
46 156
46 196
46 258
46 712
46 729
46 1223
46 1268
46 1622
46 1818
46 1877
46 2694
46 3030
46 3158
46 3171
46 4116
46 5065
46 7290
46 7391
46 8197
46 8297
46 9323
48 73
49 6064
59 6867
59 9841
60 3030
73 240
73 390
73 1255
73 3624
73 4994
73 6810
73 8897
76 917
76 2360
76 3158
76 5550
76 7391
76 10164
77 172
77 5599
77 6161
77 6467
77 8901
83 133
83 618
83 621
83 3030
83 3158
83 5065
83 7290
83 8190
83 10096
84 2243
88 8567
96 6498
96 10104
97 1255
103 3171
103 4949
133 618
133 4116
133 5065
140 7336
151 3325
153 6360
153 7290
153 9776
153 9829
153 10136
156 3030
158 1115
162 10134
172 5828
172 7855
172 8908
196 1115
196 1768
196 2156
196 2323
196 2762
196 4171
196 4352
196 4831
196 6232
196 8190
196 9152
196 9469
196 10118
204 10115
226 5828
240 1255
258 304
258 1763
258 10129
276 3171
276 9776
286 3456
286 8567
286 10113
287 10119
297 1206
297 5845
304 8466
304 9045
304 10171
307 1422
315 10131
348 10189
374 9851
383 1057
383 1390
383 4507
383 10188
434 5683
434 8908
449 1824
449 3950
449 9873
510 1255
510 1941
510 2845
528 4589
528 8008
528 10170
532 729
532 1917
532 2292
532 3171
532 3177
532 5720
532 6429
532 7379
532 9624
536 1057
536 1365
536 1608
536 4536
536 4949
539 1365
539 6429
539 8197
539 8272
556 938
556 10167
568 3417
568 4909
573 10114
577 3171
577 7391
610 1985
610 2762
610 2868
610 8067
618 3171
618 9695
618 10128
618 10138
621 729
621 897
621 1877
621 2821
621 5550
621 5828
621 6888
621 7290
621 8297
621 10036
621 10131
621 10181
636 2044
656 753
656 2389
659 2081
659 6654
712 2100
712 5065
712 6888
712 8190
712 9323
729 1804
729 2389
729 3132
729 5065
729 8297
729 9323
729 9776
729 9896
729 10149
753 1563
762 10086
762 10144
771 6203
774 4092
774 10153
774 10188
820 10164
837 1365
837 1768
837 3072
837 4242
837 10120
837 10126
839 2284
839 4370
839 5487
839 6128
839 7658
839 10134
839 10135
839 10137
852 2762
852 4949
852 5065
852 5949
883 10036
883 10184
904 3177
905 2919
917 1106
917 3030
917 3377
917 7658
917 10164
920 10126
938 4283
999 9962
1002 5065
1006 8197
1011 1056
1012 1140
1024 10164
1041 3368
1057 1576
1057 1604
1057 2762
1057 2767
1057 10040
1057 10163
1106 8190
1115 8190
1115 9427
1115 10109
1115 10179
1144 2919
1144 9152
1144 10090
1170 4731
1206 9309
1223 7290
1242 3171
1242 5599
1242 9776
1255 2027
1255 2319
1255 2529
1255 2888
1255 3107
1255 3856
1255 4632
1255 4841
1255 5012
1255 5468
1255 5658
1255 5720
1255 5828
1255 6467
1255 6498
1255 7658
1255 8272
1255 9896
1256 1904
1256 7186
1256 7290
1264 2027
1264 2423
1268 2820
1268 3330
1268 4216
1298 10151
1304 9781
1321 4949
1321 6100
1321 6917
1333 8433
1335 10122
1359 8190
1359 10075
1359 10187
1361 5616
1361 6018
1361 7034
1369 8272
1413 5966
1413 10186
1422 9776
1436 2529
1436 2670
1436 4641
1469 10175
1470 1786
1470 7290
1470 10075
1517 5828
1540 9776
1554 5949
1576 6413
1576 10171
1600 2567
1600 5966
1604 1786
1604 4908
1622 3171
1622 9695
1622 10119
1625 2044
1636 8433
1636 10147
1763 7325
1763 7972
1768 4589
1786 4909
1786 5215
1786 6779
1786 10141
1786 10142
1804 2619
1808 7033
1818 7391
1824 10184
1831 6888
1831 8008
1831 10040
1831 10178
1836 8197
1877 2694
1877 7658
1877 9924
1879 9712
1904 2529
1904 5720
1917 2184
1917 4731
1917 10154
1917 10155
1917 10157
1917 10164
1922 2044
1922 4193
1922 5362
1922 6413
1977 10176
1995 8363
2019 4731
2019 10182
2027 3865
2027 5596
2027 10099
2043 4489
2046 9916
2046 10148
2053 5551
2053 10157
2062 4358
2062 10086
2063 9428
2081 10117
2089 3088
2089 3636
2111 10122
2124 9368
2156 4585
2156 7034
2156 10137
2160 7391
2160 10131
2199 8272
2243 4746
2255 4997
2255 10155
2256 3030
2284 4771
2309 6619
2309 6942
2350 7290
2360 5065
2389 4997
2389 5596
2423 4997
2455 8085
2472 10156
2529 2660
2529 2762
2529 3856
2529 5720
2529 7290
2529 9368
2534 9446
2545 9932
2583 2767
2583 8093
2583 8947
2583 9483
2619 3132
2650 10137
2660 9962
2670 3707
2670 4140
2670 4783
2694 8796
2694 9993
2730 7379
2739 2956
2739 5362
2739 6413
2756 6548
2756 9428
2756 10146
2762 4507
2762 4831
2762 5272
2762 5956
2762 6203
2762 8067
2762 8172
2762 9469
2762 10106
2762 10110
2762 10112
2762 10181
2767 2868
2767 5065
2767 5929
2767 7155
2767 10137
2767 10146
2767 10150
2816 3313
2816 4841
2816 5550
2816 5669
2816 8881
2816 10102
2816 10128
2845 3107
2845 6467
2845 10150
2868 3171
2868 5720
2868 7290
2868 7391
2869 3184
2888 4964
2888 9744
2919 3456
2919 9962
2934 9330
2934 10109
2943 3132
2956 3636
2956 6413
2956 7987
2956 10013
3026 8085
3030 3158
3030 4032
3030 5065
3072 10126
3088 5065
3158 4117
3166 9781
3171 3355
3171 5065
3171 5427
3171 6413
3171 7290
3171 9695
3171 9776
3171 10125
3171 10134
3171 10138
3184 5012
3195 4746
3195 10141
3275 7816
3313 3578
3313 4949
3313 5441
3313 8950
3313 10146
3322 10173
3330 3368
3330 4632
3330 5720
3330 9523
3330 10158
3341 5272
3341 7391
3341 10016
3341 10178
3355 7391
3355 10128
3368 5720
3377 8232
3380 5616
3380 9948
3381 4138
3414 8561
3417 7391
3417 7463
3417 8688
3515 5041
3515 6917
3545 6232
3636 4092
3636 6189
3636 6413
3636 8067
3636 9136
3648 5550
3648 5828
3764 8373
3780 7336
3784 4949
3787 10152
3843 3967
3856 5065
3865 5272
3865 6434
3943 6505
3947 4242
3984 4242
3984 4831
3984 6709
3984 9446
4011 10150
4090 5272
4090 10112
4092 7690
4092 9045
4092 10136
4092 10188
4116 5065
4117 5065
4117 8172
4138 5487
4140 4839
4140 10146
4187 4352
4187 5272
4187 10040
4187 10110
4216 4632
4216 8197
4216 8272
4216 9446
4216 9781
4242 4746
4242 10126
4242 10137
4358 4994
4370 10155
4382 6593
4419 9924
4419 10176
4507 5125
4507 6779
4507 8466
4507 9446
4536 8939
4536 10138
4585 10121
4589 5065
4615 6467
4632 5981
4632 8947
4632 9446
4632 10053
4731 5065
4731 5174
4731 5649
4746 5220
4746 8472
4746 9863
4746 10040
4771 9924
4781 7391
4783 6569
4831 5065
4831 9469
4839 4924
4839 8197
4839 10144
4858 10134
4891 5102
4908 9368
4908 10134
4909 6917
4909 9829
4910 10174
4924 5682
4924 6373
4949 8566
4949 10146
5007 10046
5041 10174
5065 5125
5065 7034
5065 7336
5065 7391
5065 8467
5065 9078
5065 10075
5065 10110
5065 10112
5065 10164
5065 10184
5065 10190
5125 5935
5125 6779
5125 8272
5125 9591
5215 10162
5272 8939
5272 10112
5362 6779
5366 7290
5440 10137
5468 5550
5468 5828
5468 5981
5487 9829
5551 8272
5560 8190
5616 5649
5621 9390
5621 10106
5652 10164
5658 6467
5672 8148
5720 6413
5720 6917
5720 7186
5720 7434
5720 10116
5720 10134
5720 10158
5816 7336
5816 10079
5816 10154
5828 9246
5864 10139
5926 8297
5929 6319
5931 10166
5949 10134
5956 10145
5966 10184
6100 10139
6142 7239
6203 8197
6203 10090
6203 10127
6203 10164
6230 6505
6319 6817
6319 10134
6338 6593
6354 7987
6373 7325
6373 10185
6403 10170
6413 9929
6413 10013
6413 10177
6448 9920
6498 7336
6505 10123
6569 7391
6596 10154
6619 7290
6619 10109
6779 7290
6779 9458
6779 9591
6779 10156
6810 9859
6888 10159
7156 9871
7168 7391
7191 10132
7290 7391
7290 8190
7290 9695
7290 9871
7290 10125
7290 10149
7335 8190
7335 10176
7391 8981
7391 9502
7391 9781
7391 10131
7434 10154
7463 9483
7654 10112
7658 9896
7690 8172
7743 10164
7855 8908
7855 10053
7855 10114
8067 10147
8071 9916
8085 10038
8119 10187
8184 8351
8190 9152
8197 8272
8197 9246
8197 10053
8197 10154
8197 10156
8197 10158
8197 10159
8197 10163
8225 10135
8234 9871
8272 9896
8272 10186
8297 10036
8364 10171
8364 10180
8373 9152
8373 9851
8379 10133
8433 10136
8484 10157
8484 10160
8515 10075
8613 10119
8688 9896
8768 10111
8816 9152
8887 10130
8890 9781
8901 9781
8915 8935
8935 10165
9011 10191
9045 10161
9152 9841
9152 9851
9152 10057
9152 10144
9152 10189
9330 10183
9390 10106
9422 10090
9446 9801
9550 10181
9591 10172
9596 10173
9744 10169
9831 9869
9846 10139
9851 10003
9871 10116
9888 10086
9929 10062
9939 10189
10013 10177
10040 10120
10040 10123
10040 10126
10040 10147
10040 10179
10058 10168
10063 10096
10075 10193
10123 10124
10126 10137
10126 10143
10157 10158
10157 10160
10163 10178
10174 10181
10185 10187
