7 2284
7 5243
14 8634
14 9789
26 3177
29 370
29 1604
29 9449
30 573
36 8124
41 1122
41 5308
41 5347
42 72
42 258
42 280
42 1636
42 2303
42 5362
42 8824
42 10440
43 8179
43 8901
43 10416
43 10438
46 1359
46 7329
46 10347
46 10391
48 9444
61 1255
61 5577
70 1483
73 108
73 713
73 762
73 2650
73 2845
73 10429
73 10469
75 4731
76 1341
76 1745
76 7290
76 9010
76 10206
76 10347
76 10416
96 5468
96 7290
108 226
110 2319
110 2453
110 7097
122 7816
122 9483
140 7525
141 10475
153 3160
153 3380
153 4924
153 4949
153 5065
153 7329
153 9147
153 10094
153 10136
153 10265
153 10382
156 3093
156 5065
156 9625
158 852
158 2583
158 7034
158 7443
158 7839
158 7846
158 9644
158 9915
158 10470
158 10473
158 10481
172 449
172 1529
172 8901
172 9900
172 9939
196 1622
196 2583
196 3322
196 6373
196 6624
196 10040
201 883
201 2767
201 3461
201 4949
201 5270
201 9483
204 10456
240 2845
240 7924
258 2412
258 10040
280 1057
280 1636
280 2428
280 4117
280 6203
280 8197
284 5305
286 10416
297 7487
315 1604
315 1972
318 1742
354 1255
354 1413
354 4731
354 6448
370 1179
370 1563
370 1786
370 1917
370 10235
374 9469
374 10040
377 1600
433 4671
434 610
434 2762
434 10448
449 3975
449 6779
451 4031
451 4546
451 7391
455 9168
456 10198
459 10220
459 10441
528 4589
528 10040
539 1255
539 9776
546 5215
546 6708
546 8197
556 6789
563 9323
570 4390
577 671
577 1768
577 7290
577 10471
587 7839
610 2243
610 2529
610 2762
610 7190
610 10399
610 10416
618 10476
621 1483
621 4956
621 7391
621 9809
621 10444
696 10040
712 1483
712 10438
729 1177
729 1925
729 2284
729 9826
729 9971
762 1179
762 2816
762 5141
762 9915
762 10206
762 10429
762 10437
762 10473
779 4997
781 1012
781 2169
823 5966
823 9408
837 10040
837 10478
852 1206
852 1470
852 1576
852 2488
852 3289
852 3515
852 3707
852 5427
852 8093
852 9962
852 10347
852 10416
852 10467
891 4632
891 4839
891 4904
898 2412
898 6429
898 6945
904 1483
904 5243
904 8567
904 9408
928 10426
963 9776
1002 1242
1002 3330
1002 7097
1002 9900
1002 10472
1011 6175
1036 1298
1048 4390
1057 1177
1057 1470
1057 5272
1057 5616
1057 9147
1057 9161
1057 10061
1057 10416
1057 10436
1057 10440
1070 3515
1070 5949
1106 2243
1106 6692
1106 8969
1115 5265
1122 1636
1122 4179
1144 10473
1148 6448
1148 7463
1177 1483
1177 1608
1177 3636
1177 3707
1177 4187
1177 4949
1177 5263
1177 8197
1198 1687
1198 4187
1198 5493
1206 1576
1206 7290
1235 2845
1242 3093
1242 4731
1242 4746
1255 2412
1255 2428
1255 2845
1255 6943
1255 8179
1255 8197
1255 9010
1255 10206
1255 10416
1268 5440
1268 9874
1298 1333
1298 5468
1298 10407
1333 1786
1333 6467
1359 10444
1361 10440
1361 10452
1413 2412
1413 3093
1413 6943
1413 7067
1413 7329
1413 9776
1413 10040
1413 10347
1470 2303
1470 2762
1470 7034
1470 7816
1470 9168
1483 7391
1529 1877
1540 10071
1540 10380
1543 3648
1543 10407
1563 1604
1576 2762
1576 7034
1576 7816
1576 10477
1576 10480
1604 2816
1604 4908
1604 7391
1604 9152
1612 3648
1612 5468
1622 3648
1622 4632
1622 5616
1622 7924
1628 2303
1628 6120
1628 7846
1628 8179
1636 9900
1636 10430
1636 10452
1658 8901
1724 3648
1724 4910
1724 5243
1724 9836
1724 10399
1724 10471
1742 4632
1745 3158
1745 10416
1751 8634
1755 7067
1763 5487
1763 6051
1763 9963
1768 2822
1768 7290
1787 4783
1812 3075
1818 1972
1824 3093
1824 5966
1824 8634
1824 10321
1824 10431
1831 7816
1861 10458
1877 3330
1877 10450
1879 2574
1879 6429
1879 6448
1917 4001
1917 4466
1917 4536
1917 5065
1917 8642
1917 9285
1917 9625
1917 10154
1925 4731
1925 9826
1959 10038
1971 8901
1972 4523
1972 9152
1972 9625
1992 10040
2053 10304
2062 2845
2062 10469
2095 3707
2122 2489
2148 7722
2156 2319
2156 4116
2156 10448
2158 5831
2158 6779
2158 10094
2255 2412
2255 3648
2255 9116
2255 10094
2284 5615
2286 9714
2303 4242
2303 8197
2313 4949
2313 10440
2319 9483
2319 10476
2388 10040
2389 2956
2389 8124
2389 10472
2393 9152
2412 2674
2412 3171
2412 3727
2412 3975
2412 4116
2412 5577
2412 7290
2412 8197
2428 2762
2428 4783
2453 9826
2472 4997
2472 5596
2529 4783
2529 7290
2529 7924
2529 10427
2529 10477
2545 5649
2574 4731
2574 6448
2574 7391
2583 4731
2583 5265
2583 8179
2583 9469
2589 3984
2627 9915
2627 10461
2640 3289
2649 8179
2660 4605
2660 5949
2660 9147
2660 10416
2674 3330
2687 9948
2692 7003
2694 3330
2694 6175
2694 10444
2739 4839
2739 4904
2756 4179
2756 10467
2756 10477
2762 3341
2762 4117
2762 4783
2762 7034
2762 9168
2762 10430
2816 3030
2816 3368
2816 4652
2816 4746
2816 5658
2845 3461
2845 4910
2845 8323
2845 8897
2845 10416
2845 10427
2864 3545
2868 8197
2868 10402
2888 7353
2907 4924
2919 9330
2934 9562
2970 4731
3030 6943
3030 9449
3041 6943
3065 6189
3065 8179
3072 3636
3072 9446
3075 6470
3100 5102
3158 10416
3160 3816
3160 10166
3171 3487
3171 3727
3171 3798
3171 4536
3171 5065
3171 5681
3171 6816
3171 7290
3171 7924
3171 9562
3171 10061
3183 4117
3183 4783
3183 10432
3239 10440
3289 8093
3313 10467
3322 8179
3322 10040
3322 10456
3322 10477
3341 5615
3377 5788
3377 10472
3380 10464
3405 10472
3416 5471
3515 6816
3515 7213
3515 9915
3515 10416
3569 7892
3636 4949
3648 4031
3648 4481
3707 4179
3707 7329
3727 9407
3784 8974
3798 4536
3798 7391
3806 7329
3938 4904
3951 8164
3975 7097
3984 10321
4001 9848
4001 10459
4031 4632
4031 4910
4031 7391
4080 8472
4090 4544
4090 6505
4092 4924
4092 10440
4106 5494
4116 5362
4116 6945
4116 7924
4117 7329
4117 8179
4171 9308
4171 9776
4179 6817
4179 8093
4187 7846
4187 8179
4216 4746
4216 10459
4239 10040
4283 10474
4366 8887
4366 10185
4382 8974
4390 7041
4456 6175
4466 4731
4466 7743
4472 9633
4481 10366
4507 10292
4523 9625
4523 10471
4536 10354
4544 6203
4544 6505
4544 9168
4546 10431
4589 10434
4605 5949
4605 6319
4632 4910
4632 7290
4632 9874
4632 10416
4632 10435
4679 10455
4731 5616
4731 9625
4731 9826
4731 10206
4731 10454
4745 9649
4771 9924
4783 10094
4783 10416
4783 10439
4783 10444
4783 10475
4820 5577
4839 10437
4908 10466
4910 4956
4910 5243
4910 6498
4910 8897
4924 4949
4924 6203
4924 7109
4924 7329
4924 7487
4924 8824
4924 9807
4924 10094
4924 10347
4924 10374
4924 10445
4924 10463
4924 10468
4949 9929
4956 7391
4956 9323
4956 10366
5029 6708
5029 10450
5065 6624
5065 7034
5065 7329
5065 9158
5065 9411
5065 10433
5065 10471
5141 10379
5199 5308
5199 9446
5215 8197
5215 10402
5233 10427
5243 6916
5265 7443
5265 9152
5272 6885
5308 8184
5308 10457
5362 10415
5362 10440
5362 10479
5366 8901
5366 10479
5440 5699
5440 10454
5468 9449
5468 10206
5487 6051
5487 9330
5487 9900
5487 10321
5487 10445
5493 9971
5493 10440
5606 7391
5606 9323
5606 10366
5616 7801
5629 10416
5649 9321
5658 10342
5682 10449
5720 8093
5816 7924
5831 10445
5966 8634
6161 9962
6203 6505
6203 7487
6203 7816
6203 9629
6264 7391
6319 9962
6373 8634
6373 9152
6429 6448
6448 7463
6448 10454
6498 8897
6576 7924
6576 9152
6576 10480
6593 10374
6619 10206
6624 9469
6624 10449
6692 7329
6779 9629
6779 9874
6779 10415
6799 10428
6816 9562
6817 10466
6885 7007
6916 10449
6943 7855
7034 7329
7034 10430
7119 7816
7190 9625
7190 10399
7290 7924
7290 8549
7290 9323
7290 10061
7329 9168
7329 9851
7391 9152
7391 9323
7391 10399
7391 10471
7443 10347
7474 10354
7658 10202
7839 7924
7846 9483
7924 9152
7924 9342
7924 10446
7924 10447
7924 10451
7972 9789
7984 9958
7991 9425
8093 9147
8093 10416
8173 8197
8179 9408
8297 10471
8297 10476
8298 9323
8323 9939
8549 10061
8887 10329
8901 9592
9116 9323
9116 9787
9152 10431
9158 9323
9342 10399
9408 10040
9425 10443
9444 10342
9465 10453
9789 10321
9801 10465
9841 10399
9958 10444
9962 10347
10040 10402
10071 10304
10139 10460
10166 10462
10173 10456
10198 10366
10332 10473
10347 10456
10347 10468
10347 10477
10402 10477
10442 10443
10456 10470
