0 26
0 63
0 539
0 729
0 852
0 1268
0 1300
0 1340
0 1348
2 7
2 404
2 505
2 618
2 1308
3 100
3 236
3 570
3 1320
3 1338
7 26
7 42
7 570
7 613
7 1325
7 1348
13 505
19 121
19 138
19 158
19 289
19 602
19 836
20 1359
23 335
25 29
25 42
25 76
25 80
25 89
25 97
25 134
25 135
25 154
25 206
25 289
25 298
25 386
25 394
25 404
25 461
25 539
25 570
25 572
25 602
25 612
25 621
25 692
25 712
25 729
25 773
25 852
25 891
25 963
25 1002
25 1031
25 1041
25 1171
25 1214
25 1264
25 1268
25 1277
25 1278
25 1300
25 1333
25 1348
26 30
26 42
26 43
26 76
26 80
26 108
26 134
26 235
26 349
26 404
26 461
26 539
26 659
26 729
26 839
26 928
26 936
26 946
26 1002
26 1036
26 1106
26 1320
26 1367
26 1369
26 1382
29 43
29 76
29 84
29 121
29 461
29 539
29 610
29 621
29 729
29 904
29 1106
29 1179
29 1255
29 1333
29 1348
29 1364
29 1369
30 46
30 134
30 190
30 318
30 432
30 565
30 617
30 1036
30 1369
33 1300
37 1039
37 1348
42 76
42 80
42 84
42 121
42 153
42 189
42 249
42 280
42 289
42 303
42 368
42 370
42 461
42 539
42 570
42 602
42 621
42 729
42 763
42 839
42 898
42 912
42 1002
42 1031
42 1041
42 1214
42 1242
42 1276
42 1277
42 1300
42 1319
42 1322
42 1339
42 1348
42 1349
42 1358
42 1369
42 1380
42 1384
43 46
43 68
43 76
43 97
43 108
43 132
43 134
43 189
43 461
43 539
43 572
43 610
43 729
43 859
43 928
43 1091
43 1268
43 1300
43 1335
43 1349
43 1360
43 1361
46 76
46 196
46 570
46 572
46 602
46 1035
46 1255
46 1300
46 1328
47 1039
48 97
48 226
48 859
56 75
56 505
56 1336
56 1348
59 1120
61 610
68 95
68 289
68 303
68 505
68 539
68 602
68 618
68 1300
69 852
70 170
73 226
73 233
73 1275
74 370
74 461
75 968
75 1331
76 184
76 189
76 206
76 289
76 303
76 388
76 461
76 505
76 565
76 572
76 588
76 610
76 613
76 621
76 729
76 813
76 852
76 963
76 1002
76 1031
76 1051
76 1135
76 1177
76 1198
76 1212
76 1242
76 1251
76 1256
76 1277
76 1300
76 1320
76 1326
76 1328
76 1335
76 1337
76 1354
76 1358
76 1361
76 1369
76 1378
76 1380
76 1382
77 121
77 1300
80 121
80 249
80 349
80 397
80 414
80 505
80 570
80 613
80 696
80 728
80 729
80 903
80 1106
80 1164
80 1332
80 1333
80 1335
80 1340
80 1343
80 1357
80 1365
83 89
83 189
83 368
84 397
84 729
84 1319
84 1344
84 1358
84 1369
89 572
89 621
89 1300
95 249
95 610
95 1354
96 195
96 836
96 904
97 295
97 461
97 1171
97 1214
97 1242
97 1300
97 1337
97 1338
100 1268
100 1290
108 138
108 570
108 836
108 1360
109 397
109 610
109 1177
115 289
115 729
115 852
115 1128
121 138
121 158
121 226
121 233
121 404
121 565
121 621
121 692
121 729
121 1039
121 1169
121 1177
121 1255
121 1308
121 1335
121 1338
121 1365
124 621
133 610
133 729
134 349
134 461
134 539
134 572
134 891
134 898
134 1214
134 1300
136 505
138 1255
153 370
153 610
153 621
153 852
154 349
162 572
165 570
165 904
170 348
174 621
175 461
175 859
175 1264
175 1369
184 404
184 1177
184 1353
188 404
189 304
189 461
189 570
189 729
189 1212
189 1348
189 1381
190 729
195 836
195 1276
196 238
196 370
196 461
196 572
196 602
196 610
196 671
196 898
196 1352
196 1354
201 1242
201 1251
201 1255
201 1327
201 1343
204 280
204 461
204 1353
206 461
206 505
206 565
206 963
206 1128
206 1135
206 1198
206 1255
206 1264
206 1276
206 1300
206 1320
206 1342
206 1349
206 1358
206 1372
221 1290
226 390
226 1169
226 1256
233 570
233 1300
233 1350
235 1300
236 461
236 1300
238 318
238 1035
238 1383
240 434
249 565
249 729
258 610
258 1214
270 1177
280 303
280 397
280 1177
280 1355
281 289
281 461
281 1292
282 1359
286 311
287 839
289 374
289 610
289 675
289 898
289 1276
289 1300
289 1354
302 408
303 461
303 570
303 1031
303 1276
303 1300
304 397
304 461
304 728
304 1277
304 1348
311 904
311 1356
330 505
330 729
330 898
330 1369
335 1335
348 1091
348 1300
348 1308
348 1343
349 404
349 461
349 570
349 599
349 692
349 1140
354 1337
368 505
368 539
368 903
368 1341
370 461
370 570
370 602
370 610
370 613
370 671
370 729
370 1164
370 1179
370 1276
370 1298
370 1329
370 1382
374 539
374 565
374 1128
374 1205
374 1332
374 1339
383 397
383 417
383 659
383 1198
386 1330
388 801
388 1214
388 1290
390 991
391 539
391 1242
394 1264
397 446
397 461
397 519
397 528
397 610
397 729
397 1140
404 692
404 1256
404 1348
414 1339
414 1373
423 613
423 692
423 729
439 691
442 461
442 613
442 1106
442 1198
446 610
446 889
446 1120
451 570
451 1321
461 505
461 570
461 602
461 659
461 692
461 729
461 763
461 852
461 859
461 891
461 928
461 974
461 1002
461 1031
461 1177
461 1198
461 1242
461 1251
461 1255
461 1256
461 1264
461 1300
461 1320
461 1369
461 1378
493 1384
503 1276
505 539
505 617
505 891
505 1198
505 1300
505 1340
505 1348
505 1349
506 1039
506 1348
507 1256
507 1376
519 610
519 1368
528 1177
539 613
539 678
539 839
539 891
539 904
539 1002
539 1041
539 1242
539 1268
539 1300
539 1340
539 1348
539 1369
544 773
544 1350
551 1348
565 570
565 928
565 1120
565 1177
565 1255
565 1323
565 1348
565 1356
565 1357
565 1370
565 1378
570 613
570 621
570 691
570 692
570 810
570 824
570 852
570 859
570 928
570 946
570 1128
570 1251
570 1255
570 1300
570 1338
570 1348
572 729
572 928
572 1309
588 1343
602 659
602 1312
602 1328
610 659
610 694
610 889
610 1214
610 1292
610 1312
610 1347
612 1321
613 729
613 771
613 899
613 991
613 1106
613 1179
613 1242
613 1278
613 1348
613 1356
613 1365
613 1370
613 1380
617 936
617 1374
621 696
621 773
621 836
621 897
621 898
621 904
621 994
621 1036
621 1128
621 1300
621 1345
621 1348
621 1370
637 836
659 1321
659 1361
659 1374
671 1278
675 1253
678 1329
690 1380
691 1251
692 1300
694 728
694 889
696 836
696 1300
699 1380
703 1214
712 1277
728 1333
729 760
729 773
729 834
729 839
729 852
729 881
729 891
729 904
729 1036
729 1106
729 1128
729 1164
729 1177
729 1179
729 1198
729 1244
729 1255
729 1268
729 1276
729 1298
729 1300
729 1308
729 1331
729 1333
729 1337
729 1339
729 1346
729 1350
729 1357
729 1369
729 1374
729 1378
760 839
760 1378
763 1242
771 1198
771 1264
773 836
801 1253
801 1268
809 1057
809 1296
809 1300
809 1324
810 839
813 1359
821 1348
824 1140
824 1360
836 1036
836 1264
839 1329
852 904
852 1070
852 1128
852 1185
852 1198
852 1206
852 1255
852 1256
852 1335
852 1362
866 1292
881 1214
881 1234
882 1231
891 919
891 1264
891 1290
895 1335
897 904
898 1290
898 1377
899 1242
903 963
903 1106
903 1198
904 1128
904 1256
904 1362
904 1370
904 1380
910 1350
919 1290
928 1234
928 1335
928 1337
928 1366
933 1327
934 1214
948 1211
948 1369
963 1002
963 1041
963 1214
963 1264
963 1268
963 1368
968 1106
1001 1268
1001 1340
1002 1031
1002 1051
1002 1214
1002 1242
1002 1300
1002 1344
1002 1358
1002 1369
1006 1290
1009 1335
1020 1169
1031 1214
1035 1164
1035 1268
1035 1369
1039 1057
1039 1348
1041 1054
1054 1276
1054 1330
1089 1312
1106 1198
1106 1346
1106 1379
1115 1356
1128 1205
1128 1345
1128 1378
1135 1264
1164 1234
1164 1264
1164 1378
1169 1338
1177 1353
1179 1278
1179 1361
1179 1383
1185 1256
1185 1335
1198 1300
1198 1331
1211 1300
1211 1320
1214 1264
1214 1268
1214 1292
1214 1378
1233 1348
1234 1319
1237 1359
1242 1300
1242 1369
1242 1375
1255 1256
1255 1268
1255 1335
1256 1381
1268 1300
1268 1320
1268 1340
1276 1300
1277 1300
1290 1320
1290 1385
1292 1354
1300 1340
1300 1369
1327 1334
1330 1332
1331 1382
1334 1336
1335 1338
1336 1351
1338 1384
1348 1363
1351 1352
1361 1365
1365 1371
