0 2292
3 1264
3 8197
3 9939
7 70
7 2650
8 5272
14 7696
14 10878
26 2696
26 4746
26 10818
29 4771
29 8197
29 9809
36 4157
41 2512
41 4771
41 8281
42 573
42 1255
42 3426
42 3865
43 577
43 1255
43 1379
43 3177
43 3676
43 4516
43 4771
43 7290
43 10293
43 10804
43 10814
43 10815
43 10838
43 10873
43 10879
70 3030
70 5468
70 8224
70 10717
73 9888
76 1255
76 3676
76 7801
76 8291
76 8386
76 9961
76 10416
76 10843
76 10882
79 1058
79 5065
80 1058
83 5065
83 10717
96 101
96 110
96 172
103 1972
103 8917
103 10883
110 573
110 847
110 921
110 2472
110 5596
110 7944
110 10864
120 4746
133 577
134 4949
134 9285
153 158
153 286
153 1990
153 2650
153 4746
153 8298
153 9469
153 10347
153 10416
153 10570
153 10829
153 10871
154 1365
156 921
156 1917
157 1244
158 1244
158 1972
158 2223
158 2650
158 2845
158 3984
158 7156
158 7290
158 7443
158 7534
158 7952
158 9846
158 9942
158 10184
158 10236
158 10347
158 10416
158 10787
158 10829
158 10870
158 10879
158 10880
162 10844
172 9954
190 1917
190 7027
191 577
195 4230
196 434
196 478
196 1824
196 2541
196 2767
196 7290
196 8939
196 9246
196 10822
204 7331
204 10347
236 4746
258 447
261 8291
267 6522
286 10829
297 10886
311 1361
311 7156
311 7952
338 2284
374 4746
407 3072
434 762
434 1824
434 2650
434 4382
434 5938
434 6618
434 7443
434 9246
434 9469
434 9911
434 10558
434 10836
434 10838
434 10880
444 577
444 7290
444 7515
451 2885
451 4280
451 6009
451 6618
451 8758
451 9285
453 577
453 1702
455 7515
455 10236
456 1675
461 8601
461 10883
467 9502
478 1972
506 10832
509 10872
528 8006
539 1925
539 3049
539 6189
539 10830
546 573
546 659
546 4116
546 4783
546 5704
546 7290
546 7534
546 10861
563 904
563 7708
568 4466
572 5362
573 577
573 2255
573 2650
573 2943
573 4783
573 9911
573 10820
573 10841
577 762
577 839
577 904
577 1702
577 2086
577 2111
577 2650
577 3107
577 3785
577 5036
577 5065
577 5550
577 7290
577 9323
608 10838
610 2845
610 7708
610 8281
610 10465
613 7290
613 8724
618 5065
618 10206
618 10831
621 904
636 729
636 1877
636 5616
636 7290
636 10570
641 1831
641 10882
659 2389
659 4783
659 5550
659 7290
659 7391
659 8257
659 10858
669 1774
671 2086
671 9841
671 10847
703 3322
703 10866
710 5065
721 7801
729 9469
729 10838
762 1255
762 1256
762 2660
762 3177
762 3313
762 3882
762 4771
762 5550
762 5857
762 7290
762 7710
762 9469
762 10817
774 4092
803 2428
826 1242
837 4746
839 921
839 10878
847 7944
852 1177
852 2845
852 10817
852 10871
895 8197
895 10838
895 10860
898 1242
898 8272
904 1773
904 1972
904 7290
919 6009
921 1917
921 2389
963 10570
968 7290
1002 1636
1002 7290
1002 9285
1002 9900
1002 10841
1002 10882
1006 9942
1007 2493
1017 8382
1041 10882
1057 1232
1057 3935
1057 7290
1057 10869
1058 3453
1106 1255
1106 6009
1106 7290
1106 7894
1106 10040
1106 10465
1106 10570
1106 10832
1106 10838
1122 1361
1122 2522
1122 4746
1122 7290
1177 5720
1209 5065
1209 8197
1242 5362
1244 2111
1244 7290
1244 10040
1255 1298
1255 1321
1255 1792
1255 2255
1255 2389
1255 2428
1255 2650
1255 2845
1255 4523
1255 5305
1255 6982
1255 7290
1255 7710
1255 7947
1255 8197
1255 10416
1256 4771
1256 5065
1256 5720
1256 8510
1256 10877
1268 3049
1281 8197
1298 1818
1298 4632
1298 7290
1321 7290
1336 10837
1359 8939
1359 9900
1359 10847
1359 10850
1361 7034
1361 7156
1361 7952
1361 10819
1361 10850
1361 10878
1361 10885
1365 7290
1365 8298
1369 3405
1370 3171
1390 10347
1390 10835
1395 8824
1395 10826
1422 2019
1426 3984
1459 1787
1459 2156
1459 6203
1459 9158
1521 8914
1521 10838
1540 10166
1554 3707
1576 1763
1576 4092
1576 4589
1576 4771
1576 5065
1576 6189
1576 8119
1576 8382
1576 8939
1576 9846
1576 9950
1606 6373
1606 9502
1612 7290
1622 9323
1633 6124
1636 3313
1636 4727
1636 5065
1636 7290
1636 10035
1636 10840
1742 2297
1744 3049
1745 4366
1751 9323
1751 9469
1763 10828
1774 3030
1786 2650
1786 4746
1786 10865
1787 6203
1787 10823
1788 8467
1808 2512
1812 2650
1812 8939
1818 3984
1824 4746
1824 5966
1824 9649
1824 9911
1824 10846
1877 2105
1877 9911
1877 10830
1877 10846
1917 3166
1917 7027
1917 10816
1917 10853
1917 10865
1940 9158
1941 10817
1972 2428
1972 7290
1972 10832
1990 10848
2019 2738
2019 3975
2019 9323
2019 9961
2062 9888
2086 2256
2086 5220
2086 10847
2102 10832
2111 3313
2111 8197
2111 10465
2118 10856
2122 10416
2156 3438
2156 7744
2158 4727
2192 10855
2204 4731
2223 2512
2223 7290
2255 8939
2255 10834
2256 5220
2284 6945
2313 5065
2333 10864
2340 6517
2360 8467
2389 3856
2389 5305
2389 5596
2389 7290
2389 8272
2389 10830
2389 10832
2428 2512
2428 5720
2428 6916
2428 7290
2437 2947
2465 5065
2465 10812
2472 5596
2489 7290
2512 7290
2512 10592
2529 8939
2529 9846
2529 10814
2529 10815
2529 10843
2529 10859
2541 6654
2619 10860
2650 2704
2650 2845
2650 4746
2650 4949
2650 5036
2650 7397
2650 7708
2650 8224
2650 8382
2650 8939
2650 9323
2650 9469
2650 10802
2650 10854
2650 10858
2674 9942
2694 4419
2694 5596
2739 4507
2739 9204
2745 5720
2745 7034
2762 4749
2762 9308
2762 9605
2762 10889
2767 9882
2783 2809
2809 10889
2816 3171
2845 7290
2845 8197
2930 10833
2934 10854
2956 3975
2956 4171
2956 4727
2956 5305
2961 10558
2966 10839
2995 3166
3013 6982
3023 10813
3030 7708
3030 8272
3030 8282
3030 8626
3030 10465
3030 10838
3065 6990
3107 6373
3123 9323
3158 10858
3166 5065
3166 9158
3171 10879
3313 3707
3313 4746
3313 7290
3313 10871
3322 10525
3322 10822
3405 10087
3423 5472
3453 7218
3528 3575
3573 7290
3580 7871
3580 8298
3648 5550
3673 9649
3676 3975
3676 8197
3676 9285
3676 10855
3707 4632
3707 6982
3707 7290
3707 9431
3707 10859
3727 5471
3756 4746
3816 8939
3856 10583
3900 5539
3947 10689
3950 4749
3950 6779
3950 7127
3951 4820
3975 5305
3975 8690
3984 7290
3984 8006
4026 9809
4031 8298
4031 10884
4057 4746
4090 4746
4090 10759
4092 6124
4092 8724
4092 9950
4092 10550
4092 10862
4116 7290
4116 8724
4116 10878
4116 10891
4117 4746
4117 9942
4117 10880
4141 4589
4171 6189
4187 5065
4187 10857
4188 5472
4216 4382
4226 5012
4230 4546
4242 10432
4242 10850
4382 7290
4488 7290
4523 9911
4523 10814
4536 10814
4546 10087
4546 10789
4577 6400
4585 10846
4589 4731
4589 4746
4589 5065
4632 5672
4632 6124
4632 6596
4632 7290
4632 8956
4632 8970
4636 7290
4646 10826
4727 7034
4727 10835
4746 5550
4746 6517
4746 6779
4746 7213
4746 7290
4746 8382
4746 8472
4746 8824
4746 8939
4746 9529
4746 10832
4749 6779
4771 7710
4771 8197
4771 8298
4771 10166
4771 10817
4771 10832
4798 10800
4839 7290
4839 8006
4839 8939
4839 10734
4839 10878
4839 10887
4839 10889
4862 7290
4910 10465
4949 10416
4949 10869
5012 7290
5012 8197
5029 10873
5036 5272
5036 6373
5065 6618
5065 6945
5065 7034
5065 8119
5065 8298
5065 9323
5065 9605
5065 10035
5065 10206
5065 10558
5065 10823
5065 10831
5065 10832
5065 10834
5065 10840
5065 10850
5065 10851
5065 10867
5065 10887
5065 10888
5065 10892
5272 10620
5325 10847
5373 10873
5398 9649
5471 9246
5471 9536
5472 6640
5479 10532
5487 10416
5493 10808
5539 8197
5550 5938
5616 10866
5682 10828
5720 6161
5720 8166
5720 10620
5810 10891
5857 8166
5966 9649
5983 10717
6009 10832
6161 8067
6161 9437
6189 8272
6189 10813
6203 7331
6203 7708
6203 10357
6203 10842
6280 7156
6319 8475
6400 6618
6467 10889
6498 6522
6587 7515
6692 7290
6746 10831
6756 10849
6779 10166
6779 10841
6817 8166
6817 10871
6867 10846
6908 10852
6942 10570
6978 8626
6990 10821
7155 10832
7156 7952
7218 10354
7290 7397
7290 7515
7290 7534
7290 7947
7290 9431
7290 10660
7290 10844
7290 10888
7391 9323
7391 10206
7391 10846
7398 10832
7515 10347
7534 10347
7656 10880
7708 8197
7708 10465
7744 9649
7801 10620
7924 10866
8197 8298
8197 8626
8197 9140
8197 10826
8197 10838
8197 10861
8197 10864
8197 10892
8272 10832
8298 10891
8364 10819
8472 10833
8688 10832
8724 9323
8768 10040
8768 10868
8824 10734
8824 10863
8939 9469
8939 10465
8939 10653
9152 10525
9285 10841
9323 10206
9323 10734
9323 10831
9323 10861
9469 9855
9469 10525
9469 10836
9562 10811
9615 10826
9649 10846
9882 10347
9998 10845
10035 10840
10040 10791
10040 10868
10138 10879
10139 10689
10166 10870
10184 10645
10293 10881
10347 10829
10347 10854
10347 10890
10354 10832
10416 10558
10465 10880
10465 10891
10550 10620
10557 10798
10570 10832
10578 10875
10600 10785
10690 10798
10722 10816
10748 10876
10787 10826
10808 10813
10813 10827
10814 10815
10818 10838
10824 10825
10838 10843
10864 10874
