14 455
19 762
19 8298
36 70
36 4157
37 4746
37 10465
38 7097
39 1369
41 158
41 2529
41 5864
41 9472
41 10645
41 10776
41 10985
42 823
42 1359
42 2733
42 2820
42 3984
42 5065
42 9458
42 9942
42 11002
43 108
43 110
43 153
43 201
43 1179
43 1255
43 2062
43 2868
43 10941
43 10967
43 10968
43 10986
46 434
46 1255
46 2956
46 9469
51 5720
61 2453
70 1786
70 5550
73 2062
75 1925
75 8144
76 568
76 4546
76 4632
76 5864
76 8671
76 9120
94 8131
96 97
96 2118
96 2650
96 3030
96 4000
96 5141
96 9335
96 9977
97 4632
97 4771
100 11010
108 5550
110 1255
110 1264
110 1369
110 1372
110 2255
110 2319
110 3125
110 9458
110 10830
110 11004
110 11005
131 5550
131 7391
131 8144
134 636
153 682
153 4117
153 5864
153 6678
153 9120
153 9469
153 11011
158 406
158 762
158 2592
158 4546
158 5065
158 8131
158 8671
158 9469
158 9722
158 10883
158 10949
158 10986
158 11009
158 11011
172 8144
175 2319
190 946
190 1298
196 8140
196 9469
196 9649
196 9789
196 10846
196 10965
196 11015
199 5699
247 1298
253 6467
253 9469
258 904
258 11007
273 2756
297 8140
298 3882
338 2284
351 3125
354 5031
354 8363
374 9548
388 9469
403 1255
403 1369
403 2845
403 6498
412 610
423 9483
434 2453
434 3107
434 4949
434 9722
436 8363
442 1268
442 3501
442 4117
442 4632
442 5007
442 9469
442 10989
444 4523
449 4216
449 9958
455 917
455 1359
455 9469
511 4771
528 6435
528 10969
528 10979
531 9469
539 2255
556 4839
568 9335
568 10831
568 10986
568 11000
572 5599
572 7290
573 3313
573 4589
573 5857
573 10977
577 839
577 1198
577 4910
577 4949
577 9444
577 10993
577 11013
610 7190
610 9120
610 11001
618 9469
618 10831
620 9010
621 5550
621 8131
621 9000
621 9860
634 875
634 1255
636 2820
636 6779
636 9469
636 10967
637 1057
637 4632
637 5012
637 6429
637 7266
637 9010
673 3072
712 9323
729 8121
762 5550
762 6982
762 9000
762 9425
762 10952
762 10967
762 10989
774 1812
775 1365
837 2692
837 3683
837 4117
837 5859
837 10040
837 10887
837 10952
852 904
852 4488
852 4680
852 6800
852 6982
852 9292
852 9431
852 9936
852 10977
852 10980
852 10990
852 10999
875 10930
881 1940
891 2412
891 10967
895 10957
897 8298
904 1255
904 2389
904 7391
928 8121
946 2845
1002 1704
1002 2412
1002 3984
1002 4589
1002 5498
1002 11008
1057 1877
1057 7266
1057 10991
1058 2307
1058 4582
1070 1365
1106 2619
1106 6429
1106 10883
1115 9330
1115 10949
1144 10645
1179 1521
1179 4746
1179 5550
1198 2284
1198 4242
1198 6810
1198 8197
1206 5471
1209 4778
1244 9483
1255 2529
1255 2816
1255 2845
1255 3484
1255 3676
1255 4117
1255 4333
1255 4523
1255 5141
1255 7290
1255 7855
1255 8272
1255 9803
1255 10883
1255 11004
1256 10068
1256 10939
1256 10980
1264 5031
1264 8197
1268 1925
1334 9562
1335 5141
1335 5550
1335 8272
1336 9562
1359 1540
1359 2825
1359 4216
1359 10992
1361 2762
1361 7216
1361 10831
1361 10987
1361 11018
1365 2428
1365 2756
1365 5720
1365 6800
1365 9469
1365 10991
1369 2412
1369 3405
1369 4117
1369 7855
1369 8197
1369 10967
1372 2389
1395 11014
1413 2412
1470 5331
1470 10568
1517 10988
1521 5550
1563 6306
1576 2762
1576 4092
1576 6982
1576 10866
1576 10951
1588 6203
1593 10429
1636 1861
1636 6203
1680 8379
1709 8634
1737 2943
1742 2118
1742 8363
1763 10822
1786 8298
1786 9335
1786 10966
1786 10989
1812 10981
1824 5966
1831 6435
1861 5560
1877 8164
1877 9458
1877 10846
1877 10931
1877 10967
1917 2307
1917 11000
1925 5599
1925 10496
1925 10967
1939 4839
2003 2692
2023 4731
2062 10968
2156 2762
2192 9660
2204 4731
2248 11011
2255 3484
2255 3676
2255 9469
2255 10846
2255 10931
2256 9905
2307 4731
2307 5816
2307 10910
2340 11003
2355 5859
2389 3856
2389 7290
2418 4370
2428 7674
2472 5948
2529 5012
2529 6982
2529 10893
2592 7290
2627 10831
2650 5141
2650 8197
2650 9000
2660 10416
2692 3683
2733 7696
2756 3313
2756 7034
2756 10984
2762 3636
2762 4117
2762 5141
2762 5331
2762 5468
2762 6779
2762 7034
2762 7119
2762 10495
2762 11011
2767 6203
2767 8671
2767 9120
2767 11018
2820 10967
2820 10997
2825 4216
2825 4949
2845 10983
2868 4949
2943 10982
2956 9469
2956 9896
2956 10967
3026 3072
3030 5141
3041 10998
3072 10887
3086 5065
3107 10910
3125 4419
3125 8197
3171 9985
3171 10344
3195 10968
3206 8615
3313 6982
3313 10883
3313 10977
3341 9469
3380 7329
3380 9425
3414 8974
3458 6982
3458 9936
3458 10939
3484 8197
3545 10822
3676 4771
3676 7658
3676 8085
3707 6982
3707 8131
3707 10977
3756 9335
3787 4731
3787 5816
3887 10883
3893 4193
3967 7534
3976 10976
3984 10868
3984 11002
4011 9316
4090 9241
4090 9548
4090 10903
4090 10965
4092 10979
4117 6982
4117 7329
4117 9469
4117 10347
4117 10866
4117 10967
4117 10989
4117 11011
4140 6982
4187 10965
4187 11011
4193 6203
4193 10883
4216 4981
4216 7329
4216 9851
4242 5560
4283 4839
4419 9458
4465 8131
4488 6800
4546 6203
4546 9649
4546 9722
4577 4746
4589 6203
4589 8197
4646 10826
4731 5065
4731 6306
4731 9722
4746 5550
4746 10816
4771 5331
4771 10977
4839 10987
4910 9444
4949 10866
4981 7290
4981 10989
5007 9469
5065 5468
5065 6280
5065 8298
5065 9323
5065 9469
5065 9548
5065 10831
5065 10960
5065 10965
5065 10971
5065 10993
5065 11002
5100 10958
5141 5415
5141 8298
5272 9502
5306 8238
5306 10973
5366 10967
5415 8298
5441 6223
5468 5550
5468 8121
5468 8298
5468 8671
5468 9985
5468 10983
5487 8140
5487 9596
5550 8298
5550 9469
5550 10898
5686 10984
5720 10068
5859 10980
5864 6203
5864 8281
5864 9483
5864 11006
5948 8197
5966 8238
5966 9649
5966 10822
6005 10942
6013 7443
6203 7541
6203 7877
6203 9483
6203 9911
6203 10997
6203 11008
6373 6624
6373 9469
6429 10558
6429 10994
6467 9469
6498 10918
6506 9469
6624 9469
6640 10886
6640 10944
6678 9396
6678 10987
6779 6982
6779 8484
6779 9425
6800 10999
6917 10949
6942 7329
6982 9292
6982 9775
6982 10883
6982 10996
7034 7877
7067 10910
7097 8276
7186 10974
7290 8298
7290 9000
7290 9469
7290 10990
7290 11011
7329 10883
7391 8144
7391 8379
7391 9323
7396 8116
7534 9722
7674 9469
7824 9562
8131 9432
8131 11011
8144 9860
8197 8298
8197 8615
8197 9809
8197 9896
8197 10773
8197 10925
8197 10931
8197 10941
8197 10961
8197 10964
8234 10990
8272 8671
8272 9469
8298 8363
8298 10965
8363 9469
8379 9323
8484 11011
8724 9697
8824 10972
9152 10944
9285 10645
9285 10995
9316 9954
9323 10347
9323 10831
9323 10893
9323 10973
9323 11016
9431 10990
9432 11011
9458 10995
9469 9803
9469 10831
9469 11012
9649 10992
9649 10995
9789 11009
9851 10977
9851 10978
9860 10975
9882 9911
9905 10972
9949 10755
9962 10068
10068 10980
10087 10558
10158 10871
10158 10981
10347 10970
10347 11011
10465 11011
10495 10979
10757 10991
10766 10959
10824 10883
10866 11011
10871 10969
10883 10978
10903 10965
10949 10970
10960 10963
10967 10988
11014 11017
11018 11019
