0 762
0 10904
0 11262
0 11288
28 1788
41 2223
41 2974
41 3171
42 2499
42 2529
42 4117
42 4507
42 5849
42 6576
42 11203
46 196
46 568
46 729
46 4187
46 10967
46 11264
65 461
73 2839
73 5179
73 8626
73 9829
76 315
76 762
76 1917
76 2313
76 2499
76 4092
76 4485
76 4525
76 4749
76 4771
76 5574
76 6429
76 6448
76 6596
76 8901
76 9321
76 10184
76 10889
76 11236
76 11245
83 315
88 11267
96 1742
96 6498
96 10420
97 1972
97 4031
97 7658
97 11272
100 5783
110 3592
110 8197
110 11252
110 11294
117 1812
117 4117
117 4746
128 382
138 5439
140 407
140 729
140 2360
153 5616
153 6059
153 6779
158 8656
158 11257
172 11241
191 621
196 3545
196 5966
196 6203
196 9137
196 11226
196 11275
196 11276
201 781
204 11251
239 7145
240 6498
280 6708
280 11263
284 5265
297 7960
297 11300
304 2739
304 4507
311 11271
315 577
315 618
315 2192
315 11206
348 610
348 9323
348 11294
351 10889
351 11276
354 8224
354 10918
374 11061
374 11251
383 1576
383 3887
383 8197
383 11293
407 5362
407 11272
434 3049
442 2739
442 4839
444 3380
444 5362
455 6576
455 9425
461 1604
506 3856
546 2527
546 6596
546 6945
546 8197
568 1179
568 1604
568 3381
568 5129
568 11246
568 11269
572 875
572 6108
572 10931
572 11260
577 621
577 4216
577 6429
577 8015
577 11289
592 1763
610 2767
610 4188
610 9323
610 10551
610 11126
610 11226
610 11266
613 11038
613 11142
618 3171
618 9246
621 729
621 773
621 2406
621 2724
621 5828
621 6160
621 7391
621 8298
621 11248
621 11259
621 11272
621 11273
621 11289
659 1816
659 10139
659 11251
682 4339
729 1604
729 4117
729 4339
729 4771
762 1755
762 5828
762 9829
762 10203
762 11259
762 11260
762 11267
762 11272
762 11298
781 1255
803 11061
821 10465
837 4242
837 7692
837 10184
852 2529
852 4339
852 5430
852 8409
881 2350
897 1604
897 2930
904 1604
904 5828
904 6945
904 11272
905 11163
928 8901
928 9152
963 5129
1002 7461
1002 11284
1017 4370
1036 11294
1057 1940
1057 4949
1057 6945
1060 3029
1060 11203
1106 1831
1106 11279
1135 2307
1140 6324
1144 10889
1193 2589
1193 6389
1193 8164
1198 5065
1198 7093
1206 2355
1206 11236
1235 5272
1235 6448
1235 11297
1255 6498
1255 9152
1255 9829
1255 11292
1256 11236
1264 1517
1264 4525
1268 1369
1268 7097
1281 11299
1298 7236
1319 5366
1319 8197
1321 11038
1351 3856
1359 11245
1359 11296
1361 4092
1361 5574
1361 6576
1361 6779
1361 10273
1361 10437
1361 10879
1361 11282
1361 11292
1361 11293
1365 5551
1369 1994
1369 2919
1369 4117
1369 4216
1369 10166
1517 2589
1517 11256
1521 11267
1576 4092
1576 4117
1576 5616
1576 6945
1576 11023
1576 11257
1576 11293
1604 2767
1604 8712
1604 9323
1604 11214
1604 11250
1636 2156
1636 3501
1636 4092
1636 5551
1636 6779
1636 11287
1636 11296
1666 11280
1717 8409
1755 10203
1763 11126
1763 11258
1763 11268
1786 3727
1786 4216
1788 2255
1788 4031
1788 5468
1794 6498
1794 11290
1812 5272
1812 5551
1824 5966
1908 11150
1917 3992
1917 4525
1917 9919
1917 11075
1917 11295
1922 2522
1922 4746
1922 10347
1971 5366
1977 2612
1985 8512
1994 5933
1994 10918
1994 11280
2023 2053
2027 5966
2053 4731
2123 6160
2156 2762
2156 4746
2184 8965
2192 3171
2192 11283
2248 3283
2255 3592
2255 10633
2255 11292
2302 2529
2302 10644
2307 8297
2307 11023
2313 5065
2313 11061
2313 11251
2319 7097
2319 8901
2333 11265
2355 5272
2360 2583
2389 11252
2406 8297
2428 2529
2489 11278
2499 2970
2529 2839
2529 4680
2529 5430
2529 10203
2529 10420
2529 11298
2534 3867
2534 4746
2534 4949
2534 11235
2589 6160
2612 5468
2612 6498
2619 9919
2619 11269
2621 11038
2674 4216
2692 7690
2694 4370
2694 7461
2694 8901
2694 11277
2739 2762
2739 2767
2739 3026
2739 4117
2739 4839
2739 6280
2739 7897
2739 10273
2756 4680
2762 4117
2762 5272
2762 8197
2762 8382
2762 9323
2762 11247
2764 4949
2767 11238
2767 11279
2785 10184
2787 9280
2820 4485
2820 11291
2821 11239
2822 4031
2822 4632
2822 9323
2845 6431
2888 11260
2919 11163
2919 11271
2930 4419
2930 5966
2930 10967
2930 11115
2930 11294
2934 11163
2950 8197
2954 3029
3024 9152
3026 8656
3029 6429
3030 10633
3030 10780
3030 11126
3031 11272
3065 5551
3091 8210
3171 4092
3171 4117
3171 5265
3171 7119
3171 8197
3171 8955
3171 9246
3171 11023
3171 11251
3195 6362
3206 3458
3262 4157
3267 9459
3281 10166
3281 10321
3283 4882
3283 6708
3283 7855
3313 8409
3313 10925
3380 5362
3380 11291
3405 4546
3405 11240
3442 11283
3458 6982
3458 10920
3501 10299
3515 5720
3515 11236
3543 4370
3543 4746
3543 4949
3545 11115
3579 11254
3592 8197
3636 6203
3636 10273
3673 11294
3727 4216
3798 4746
3867 4949
3882 3973
3882 5308
3882 9425
3882 11254
3893 11287
3947 11254
3951 11294
3984 4117
3984 7690
3984 11251
4031 4632
4031 7391
4031 8197
4031 9323
4031 11272
4090 7690
4092 10465
4092 10979
4117 5551
4117 6160
4117 6189
4117 10633
4117 10967
4117 11241
4117 11251
4117 11257
4135 5966
4136 11219
4187 9152
4187 10184
4187 11220
4242 11028
4242 11123
4339 4949
4339 7396
4339 8197
4339 10425
4370 5966
4370 11256
4419 7391
4419 8164
4419 11256
4485 5265
4489 11247
4507 11203
4546 6362
4546 11240
4546 11252
4546 11265
4632 10780
4641 7658
4680 8197
4731 10280
4746 4949
4746 5363
4746 5616
4746 6596
4746 7119
4746 10166
4746 11251
4749 6779
4771 11246
4771 11264
4771 11272
4839 5065
4839 11245
4839 11254
4862 9919
4904 5616
4910 11281
4949 5616
4949 9529
4949 11235
5036 9502
5065 10206
5065 11247
5065 11277
5129 6203
5129 6448
5141 5179
5141 6009
5141 8626
5141 9341
5141 9829
5141 10465
5141 11272
5267 7290
5270 5345
5270 6498
5270 11298
5272 10166
5305 6429
5305 6448
5306 11226
5308 11292
5366 7855
5400 11233
5468 8901
5468 9829
5468 11246
5468 11267
5468 11272
5551 10139
5720 11236
5720 11279
5721 8197
5721 9280
5783 8197
5828 8901
5828 10054
5828 10203
5828 11265
5828 11272
5828 11298
5948 10278
5966 8147
5966 10967
5966 11226
5966 11232
5966 11258
5966 11300
6059 6779
6203 7871
6203 8656
6203 11142
6203 11258
6232 9789
6232 11270
6373 9565
6373 11242
6373 11276
6389 9323
6389 11246
6389 11257
6429 7391
6429 11234
6429 11269
6431 8124
6448 7960
6448 8197
6448 8901
6448 9919
6448 11158
6448 11277
6467 11272
6494 11275
6498 7319
6498 8197
6498 10780
6498 10918
6498 10963
6498 11167
6498 11246
6548 8409
6566 10304
6576 6779
6576 11292
6596 8970
6596 11288
6618 10967
6708 10420
6708 11252
6708 11260
6708 11264
6779 8656
6779 10633
6779 11155
6779 11287
6867 11294
6945 9323
6945 11261
7074 8147
7128 11203
7290 8298
7290 11023
7290 11257
7290 11272
7391 8297
7391 9246
7391 10206
7391 11066
7391 11256
7391 11294
7647 9342
7692 11072
7737 11269
7855 11278
7960 10321
8067 11155
8147 11242
8164 8197
8197 8298
8197 10184
8197 10420
8197 10925
8197 11237
8197 11252
8197 11266
8197 11293
8212 9722
8218 8738
8224 9152
8225 8409
8298 8970
8409 10925
8901 9152
8908 11272
8917 11271
8970 11234
8970 11285
8970 11295
9137 9789
9152 11276
9341 10465
9565 11276
9722 11291
9744 11256
9789 11136
9929 10273
9939 11278
9958 11286
10166 11251
10289 11105
10366 11281
10425 11116
10461 11251
10495 11282
10566 11251
10717 11284
10967 11293
10995 11255
11028 11061
11075 11253
11087 11249
11194 11195
11214 11283
11243 11244
11268 11274
11272 11273
