28 6498
41 1525
42 76
42 528
42 4746
42 5065
43 4117
43 7097
43 11259
43 11421
59 11391
70 2650
70 10717
73 138
73 703
73 762
73 1235
73 2845
73 10203
73 11378
76 157
76 370
76 407
76 729
76 1235
76 1576
76 3065
76 4562
76 4949
76 5286
76 5615
76 6373
76 6429
76 6596
76 7073
76 7097
76 7290
76 8197
76 8961
76 9414
76 10465
76 11115
76 11340
76 11378
76 11400
76 11401
83 6945
88 2718
88 3856
94 904
94 4562
95 10856
96 510
96 2816
96 6498
97 897
110 1824
110 4882
110 4997
110 9954
110 11241
110 11377
110 11387
110 11414
124 11382
126 3543
134 1235
134 3567
134 8298
153 1115
153 5143
153 5769
153 6059
153 11405
157 762
157 1131
157 3195
157 7290
158 568
158 4771
158 6373
158 7647
158 8085
158 9414
158 11274
158 11416
158 11417
158 11421
196 6373
196 11406
196 11407
196 11424
201 510
201 2529
201 5788
218 2970
239 10780
280 407
297 671
297 2970
297 6373
297 7647
297 10289
297 10321
297 10347
297 11412
297 11424
298 455
298 1359
298 3656
298 4187
298 10465
298 11340
298 11404
302 5699
304 669
315 577
315 621
315 2821
315 10959
318 1788
318 4031
318 10959
325 904
325 6429
370 4117
370 5065
370 11066
370 11419
374 10972
391 5440
407 5366
407 8298
407 9152
407 10465
414 11381
424 3405
455 3656
455 4187
461 10201
510 1990
546 3177
546 4761
546 11405
568 7073
568 11379
573 7097
577 904
577 4949
608 7589
610 2816
610 3024
610 11380
613 1128
613 3983
618 2954
618 10717
621 3535
621 4280
621 4949
671 5065
671 8147
703 729
703 1235
703 1788
708 1658
710 5966
712 1787
729 1235
729 5802
729 7290
729 9929
729 11366
729 11379
729 11425
736 1633
762 1235
762 2529
762 2650
762 2970
762 11397
774 1576
774 5065
774 8608
774 11064
781 2816
796 6945
836 2070
836 4746
836 8197
836 11241
836 11377
852 3313
852 6223
852 8484
875 10054
881 4746
891 10177
904 3535
904 4949
904 7391
904 7519
904 7589
904 10717
948 4419
948 4632
948 8121
948 11394
1002 8164
1002 11400
1012 6498
1035 11423
1057 3636
1057 5816
1232 11276
1235 11267
1256 6223
1264 8197
1264 11403
1278 2762
1298 1917
1298 7855
1300 7583
1359 10177
1359 11274
1361 2724
1361 3388
1361 3816
1361 4117
1361 4187
1361 4471
1361 4949
1361 7589
1361 9929
1361 10040
1361 10969
1361 11393
1361 11399
1361 11416
1401 8085
1401 8917
1401 11061
1401 11340
1483 4117
1483 6779
1483 7589
1521 2718
1563 5616
1563 8197
1576 2582
1576 2762
1576 4471
1576 4771
1576 5143
1576 5802
1576 6448
1576 7290
1576 7589
1576 9653
1580 3816
1602 11376
1622 2954
1636 3983
1636 10236
1724 11366
1724 11386
1742 10352
1742 10780
1744 11096
1755 1917
1786 5891
1788 1818
1788 2650
1788 4031
1788 5141
1804 4746
1812 4746
1824 11377
1877 6373
1877 8197
1877 8578
1877 9954
1877 11377
1917 5469
1917 5615
1917 7245
1917 10633
1917 11384
1925 4731
1925 6448
1958 3535
1971 10633
1996 7589
2023 6448
2026 11400
2027 11379
2070 11241
2086 3673
2086 6945
2089 10969
2089 11385
2102 8970
2122 11390
2158 11419
2162 6498
2192 4822
2255 7481
2255 8164
2286 11405
2306 11389
2307 4761
2319 6362
2324 5891
2357 8197
2463 9781
2472 11402
2499 11340
2529 3313
2529 5788
2529 9147
2529 10040
2529 10347
2529 11228
2529 11274
2529 11340
2534 5065
2582 2762
2619 11390
2619 11414
2620 11161
2621 7589
2627 10181
2650 3983
2650 7589
2650 10321
2650 10717
2650 11413
2674 5440
2739 8298
2739 10273
2756 5065
2762 3567
2762 5065
2762 6885
2767 4138
2767 6116
2767 11274
2767 11340
2816 6945
2816 7589
2845 6498
2954 3171
2954 6429
2954 7290
2970 5788
2970 7583
3024 5065
3024 7391
3030 10959
3030 11023
3041 10027
3041 11402
3072 11119
3113 8409
3113 10925
3171 4092
3177 10959
3217 11064
3313 3707
3313 8166
3377 11403
3380 3388
3380 8910
3380 11340
3388 3636
3388 7801
3388 8197
3388 11340
3515 6223
3535 7391
3567 7589
3613 11372
3636 3983
3636 4187
3636 7281
3648 6945
3648 10959
3656 8364
3656 11019
3656 11064
3677 6982
3677 11322
3707 8166
3707 11411
3717 11340
3727 6619
3793 5272
3793 10589
3951 4746
3951 7589
3952 10780
3969 11403
3983 4187
3983 6203
3983 7801
3983 9565
3983 11396
3984 4746
4001 5009
4031 7945
4031 10352
4037 6203
4090 11408
4092 8724
4092 11370
4092 11399
4092 11408
4117 7589
4117 8298
4117 10040
4117 10465
4117 11395
4138 11340
4187 10040
4187 10969
4187 11220
4187 11405
4187 11408
4234 10959
4239 8197
4239 11108
4280 4949
4419 11394
4545 8409
4562 5468
4562 8297
4577 6429
4577 11064
4632 6498
4632 8197
4632 10959
4632 11394
4632 11414
4731 4746
4731 5440
4731 11409
4746 5065
4746 6448
4746 8970
4746 11064
4746 11381
4771 6203
4771 7589
4771 10181
4771 10201
4771 10763
4822 6429
4822 6596
4882 8164
4949 5938
4949 11421
4997 6784
5009 8970
5009 10040
5012 8613
5065 6071
5065 6203
5065 6596
5065 6779
5065 7391
5065 8961
5065 8970
5065 8974
5065 11373
5065 11398
5065 11401
5065 11405
5065 11408
5065 11418
5065 11419
5100 10203
5141 6498
5141 10780
5306 11398
5440 7097
5468 10201
5471 7589
5611 6576
5615 6596
5616 10177
5720 10040
5720 11370
5720 11376
5720 11405
5769 6576
5784 7589
5788 7855
5788 10763
5802 8981
5828 10558
5891 7855
5891 10054
5948 7855
5966 11379
6071 8197
6071 11340
6171 8965
6203 8411
6203 9152
6203 10040
6203 11401
6203 11416
6362 7855
6373 7073
6373 8190
6373 11340
6373 11347
6429 10054
6429 11023
6429 11384
6448 6596
6498 7589
6498 10780
6498 11402
6576 10273
6596 8121
6596 8970
6619 11417
6708 10054
6779 8961
6779 11400
6779 11413
6816 10416
6938 8197
7073 9152
7097 8197
7127 10558
7281 9929
7290 11421
7290 11425
7382 9998
7391 9323
7391 11397
7481 8197
7481 11276
7589 11276
7589 11340
7589 11371
7589 11392
7647 9911
7647 11274
7801 11420
7855 9939
7855 9954
7855 10201
7855 10558
7855 11241
7855 11377
7870 11064
7871 8197
7871 10040
7945 11276
7945 11422
8085 8917
8093 10181
8121 8970
8121 11402
8124 11400
8124 11401
8197 8298
8197 8608
8197 8970
8197 9474
8197 9954
8197 10054
8197 10558
8197 10633
8197 11023
8197 11241
8197 11311
8197 11340
8197 11375
8197 11379
8197 11384
8197 11409
8208 9428
8298 8484
8298 10465
8298 11388
8409 11228
8409 11411
8484 8961
8493 10959
8507 9156
8608 11064
8824 10972
8824 11161
8888 10558
8970 11023
8970 11344
8974 11340
8980 11009
8980 11418
9147 10347
9152 10763
9152 10972
9536 11376
9629 11400
9776 11340
9958 11397
10027 11402
10040 10969
10040 11064
10040 11340
10040 11371
10054 11384
10054 11421
10068 11369
10166 10177
10203 11378
11019 11064
11061 11274
11064 11395
11064 11408
11241 11377
11241 11386
11274 11340
11276 11386
11340 11357
11340 11410
11340 11415
11375 11376
11382 11383
11400 11401
