0 1527
12 11066
19 4949
19 9425
19 11513
26 1917
26 8969
29 70
29 73
29 2158
29 3195
29 8298
29 11430
39 5366
39 11203
42 43
42 158
42 258
42 573
42 1540
42 2019
42 2158
42 2350
42 4117
42 6199
42 6779
42 8197
42 8630
42 10207
42 10492
42 11551
42 11616
43 1994
43 11299
43 11600
43 11613
46 3930
48 10780
69 634
70 96
70 5141
70 11383
72 3484
73 2350
73 5082
73 11378
75 572
75 3072
75 7839
75 9308
75 11378
75 11548
75 11579
75 11583
76 138
76 407
76 1170
76 3330
76 10040
76 10780
76 11452
76 11580
76 11604
83 2762
88 3856
90 729
90 5992
90 11550
96 1057
96 1742
96 5141
96 10780
97 10780
100 2645
100 11241
122 659
134 2600
138 157
138 201
138 382
138 1244
138 1636
138 1779
138 1787
138 1788
138 1794
138 1825
138 2158
138 2350
138 2845
138 3030
138 5141
138 8093
138 10465
138 11378
138 11591
138 11592
138 11614
153 4117
153 11546
153 11565
157 1787
157 3377
158 1972
158 2158
158 4031
158 9034
158 10054
158 11555
158 11557
158 11580
158 11596
174 11567
195 2192
195 6945
196 1361
196 2158
196 2233
196 4702
196 5065
196 8993
196 10846
196 11276
196 11424
196 11546
196 11552
196 11595
196 11598
201 285
201 455
201 1825
201 10465
201 11547
201 11565
201 11610
242 8238
247 11624
253 6373
258 304
258 1576
258 5065
258 6203
258 9629
280 11545
285 10502
297 1577
297 11606
315 621
315 5065
315 9776
315 11531
318 11590
324 4390
335 4187
348 1622
359 5682
374 5065
383 11581
388 11590
407 1031
407 1517
407 1540
407 2019
407 2156
407 2820
407 3065
407 3806
407 5362
407 5471
407 6448
407 9591
410 10166
412 881
412 8630
412 10465
412 11615
434 528
434 1972
434 11595
455 4031
455 6203
455 10492
455 11547
508 1854
508 2962
510 5141
512 4126
528 2255
546 6203
546 7398
546 11066
546 11565
546 11567
546 11614
556 11616
563 11383
568 1392
572 1056
572 1636
572 1990
572 3068
572 4746
572 6619
572 10848
573 836
573 904
573 1576
573 9323
573 10665
573 11430
573 11566
577 6945
577 9596
577 9776
577 11383
577 11538
610 9312
610 9323
610 10400
610 11531
618 11531
621 1392
621 2158
621 4589
621 5141
621 9776
621 11452
621 11560
656 1298
656 11066
659 1576
659 5173
659 10046
677 11545
682 6373
712 1787
729 2158
729 2357
729 4382
729 5992
729 9776
729 10718
729 11250
729 11613
762 9285
762 9379
762 11267
762 11430
762 11531
762 11570
836 1036
836 1475
836 3195
836 5340
846 1527
852 1256
852 1470
852 2529
852 3707
852 4908
852 5065
852 6817
852 7311
852 8409
852 9309
852 10134
852 11544
852 11570
852 11574
852 11587
881 8494
881 11592
883 11503
897 2621
898 8197
910 5141
921 1786
921 1917
921 7398
922 11583
948 11627
1002 2600
1002 8124
1036 11626
1041 9312
1057 5616
1106 2350
1115 2919
1170 1563
1198 5144
1198 11340
1206 1745
1232 2762
1242 1917
1242 2825
1242 9308
1244 1917
1244 3030
1244 11620
1247 6373
1264 11430
1268 11241
1298 1917
1298 2233
1302 10780
1321 1392
1321 8974
1359 3377
1359 4949
1359 6373
1359 11559
1361 1576
1361 3990
1361 4242
1361 4382
1361 6203
1361 6769
1361 7034
1361 8067
1361 8298
1361 9312
1361 11103
1361 11398
1361 11446
1361 11546
1361 11584
1361 11616
1370 4187
1370 9285
1392 1787
1392 8298
1413 4117
1413 4949
1413 5065
1413 5119
1475 1517
1483 3490
1483 6779
1510 3887
1517 11588
1527 3484
1527 4384
1527 10713
1527 11512
1540 5119
1576 1972
1576 4382
1576 5065
1576 7311
1576 9312
1576 11103
1576 11619
1593 1745
1602 5592
1604 11529
1612 3024
1636 6779
1636 9034
1636 11547
1709 2472
1709 4419
1709 8197
1709 11592
1709 11594
1742 5141
1755 5141
1763 4591
1763 5065
1763 7090
1763 8298
1763 9152
1763 11400
1763 11593
1779 11573
1786 5215
1787 2307
1787 4117
1787 5468
1787 8197
1788 4909
1788 5141
1788 5265
1794 2350
1812 8939
1825 2930
1825 10465
1825 11589
1831 11553
1854 2027
1854 11241
1877 2357
1877 10054
1904 2488
1904 5082
1917 4746
1917 5065
1917 8969
1917 9071
1917 10816
1917 11550
1917 11586
1925 4080
1972 2158
1972 2762
1972 5440
1972 11251
2019 4771
2019 5440
2019 9658
2019 11346
2027 11571
2027 11594
2053 11595
2122 11592
2123 11571
2156 3377
2156 4382
2156 6779
2156 9596
2158 4909
2158 9958
2158 10181
2158 10718
2223 11548
2223 11562
2233 3122
2234 5551
2234 11328
2234 11625
2255 2350
2255 11609
2256 10400
2256 11577
2256 11584
2307 11066
2319 11567
2346 11616
2350 4117
2350 4771
2350 5468
2350 11607
2389 8298
2389 11510
2423 11614
2455 11267
2472 8197
2472 11567
2488 5082
2489 7659
2489 11588
2518 11582
2526 11452
2529 3313
2529 4117
2529 4632
2529 5119
2529 11591
2545 9724
2583 11585
2598 5041
2598 6679
2598 11611
2600 6779
2600 7855
2619 11567
2669 4187
2669 8472
2669 10185
2669 11565
2692 10040
2692 11553
2756 4117
2762 5065
2762 5440
2762 9168
2762 9312
2762 9413
2762 11480
2762 11616
2767 8974
2775 11572
2816 4031
2820 9724
2822 11538
2919 5065
2919 5265
2919 7664
2930 8197
2930 9152
2934 10416
2956 11328
3026 8816
3072 4187
3072 8364
3072 10297
3072 11607
3160 7391
3169 11568
3171 7534
3195 6373
3195 10718
3195 11066
3313 3707
3313 8197
3329 9789
3377 5306
3377 7801
3377 8093
3377 8197
3377 10068
3380 5649
3405 11377
3409 11610
3447 10718
3501 11569
3515 5720
3515 9309
3515 9724
3613 3984
3636 8298
3636 9257
3648 11590
3657 4031
3657 4117
3673 8131
3707 11574
3787 5816
3951 11203
3975 10207
3984 6640
3984 8067
3984 10040
3984 11569
3990 8364
3990 11616
4000 10780
4031 5041
4031 5415
4031 5658
4031 9152
4031 9596
4031 11482
4059 6618
4090 11617
4092 6596
4092 11553
4117 4949
4117 5065
4117 5119
4117 5141
4117 5362
4117 7311
4117 8131
4117 9724
4117 10040
4117 11446
4117 11555
4117 11557
4117 11567
4135 5966
4135 11430
4135 11531
4187 10040
4187 11546
4187 11555
4187 11556
4187 11563
4216 9658
4216 11345
4242 11543
4242 11576
4242 11584
4382 8197
4384 11241
4397 5816
4419 8197
4507 11545
4589 4632
4589 9789
4589 11548
4702 9841
4746 5943
4746 5992
4746 6596
4746 8197
4746 11250
4746 11436
4771 11591
4838 5427
4839 9724
4839 11203
4909 5265
4909 10416
4924 11095
4949 6373
4949 9168
4949 11625
5007 11576
5009 5816
5031 5065
5031 11620
5041 8093
5049 11604
5065 5144
5065 6199
5065 6945
5065 7391
5065 9724
5065 9789
5065 10492
5065 10718
5065 10911
5065 11220
5065 11383
5065 11452
5065 11505
5065 11595
5065 11601
5065 11602
5065 11603
5119 7749
5119 10181
5119 10718
5119 11340
5119 11578
5125 9722
5125 11621
5141 5550
5141 10780
5144 8197
5144 9152
5263 7311
5263 10465
5270 11561
5270 11574
5270 11587
5340 8197
5362 7801
5362 9658
5362 11555
5362 11603
5440 9658
5440 11615
5441 10416
5479 9596
5550 9776
5720 11549
5720 11565
5759 10931
5816 11618
5938 9776
5966 10846
5966 11548
5966 11554
5992 11250
6013 11541
6124 11561
6203 6779
6203 9789
6203 10492
6203 11400
6203 11548
6203 11560
6203 11564
6203 11576
6373 6679
6373 11066
6373 11313
6373 11554
6373 11598
6429 11573
6448 9308
6448 11560
6471 11626
6596 10354
6596 11575
6618 11436
6679 11066
6679 11267
6769 11440
6779 8197
6779 10492
6779 11328
6779 11505
6779 11551
6779 11624
6817 11574
6841 10040
7090 8197
7090 8298
7190 11115
7290 7534
7290 11430
7311 10040
7311 11565
7372 8197
7391 11538
7471 11496
7534 8272
7583 8298
7611 10558
7647 10456
7659 8197
7801 10068
7801 11547
7839 11580
8093 11436
8124 11567
8131 9285
8197 8298
8197 9658
8197 10416
8197 11203
8197 11452
8197 11549
8197 11557
8197 11588
8197 11594
8197 11604
8272 9161
8298 10780
8298 11547
8298 11548
8364 11623
8409 11570
8409 11587
8472 10185
8566 9309
8608 10416
8608 10642
8630 11553
8630 11614
8712 11605
8816 11340
8974 9596
8974 11276
8974 11340
8974 11548
9152 11383
9285 10040
9323 10718
9425 10321
9425 10347
9425 10416
9425 11513
9425 11587
9474 10040
9565 11587
9722 11621
9724 11432
9776 9958
9776 11382
9776 11600
9789 10273
9789 10321
9789 10914
9789 11593
9789 11595
10040 11488
10040 11526
10040 11584
10124 11267
10273 11597
10297 11612
10332 11547
10347 11557
10347 11587
10354 11627
10372 11608
10416 11548
10416 11558
10456 11552
10456 11565
10465 11134
10465 11627
10492 10592
10730 11616
10816 11586
10931 11588
10995 11565
11061 11220
11214 11540
11276 11546
11276 11611
11299 11542
11299 11594
11340 11548
11340 11591
11340 11595
11401 11596
11417 11622
11510 11599
11541 11565
11548 11606
11556 11563
11616 11623
