7 4746
14 11751
19 4031
19 11273
26 7379
26 11830
28 5179
29 2064
29 6448
29 8387
29 11066
29 11885
36 11824
37 1390
37 2943
38 2019
38 2599
42 2234
42 7311
43 839
43 5471
43 9829
43 10342
43 10400
43 11276
43 11489
43 11803
43 11855
43 11856
48 836
73 5179
76 434
76 3528
76 5215
76 9285
76 9326
76 10273
76 10558
76 11167
76 11760
76 11856
76 11880
77 2592
88 11548
94 621
94 1786
95 2274
95 7972
95 10166
95 11291
95 11855
95 11864
95 11869
96 97
97 836
97 4632
97 6506
110 1002
110 3041
110 10558
118 712
118 4746
123 9565
135 11824
138 434
138 2057
138 3420
138 3515
138 3897
138 6467
138 9313
138 9776
138 11850
138 11855
138 11858
138 11879
153 1321
153 2307
153 3745
153 5441
153 11851
153 11877
158 311
158 442
158 1788
158 2529
158 2785
158 3599
158 4663
158 4746
158 5306
158 6389
158 6945
158 11834
158 11835
158 11862
158 11885
159 8301
159 11824
167 8671
172 1002
172 7659
172 11489
172 11724
174 2307
174 6618
174 9147
186 434
190 9683
190 9721
196 6448
196 7972
196 8238
196 11383
196 11859
201 1755
201 2016
201 2592
226 1302
236 9326
253 3420
258 659
258 1122
258 1604
258 1831
258 3843
267 4663
287 729
287 821
287 11880
297 10166
297 11856
311 6917
312 1973
315 3355
315 8238
315 11383
318 836
318 4031
348 577
348 1709
348 11489
374 11833
374 11857
383 2064
383 4187
383 8067
383 10342
383 11504
391 7659
407 2592
412 2762
432 1755
434 1470
434 3420
434 3843
434 7311
442 5263
442 6203
442 11251
442 11851
444 1321
447 11037
455 11255
460 8363
467 2274
467 2762
467 3420
467 5009
467 6817
467 10273
509 3528
519 10342
521 1972
521 5468
521 6619
549 7611
563 5065
572 1877
573 5596
577 1966
577 2930
577 5065
577 7097
577 7311
577 10475
577 11115
577 11489
610 1515
610 2650
610 8238
613 11843
618 5012
618 5173
618 11566
618 11751
634 5616
641 11828
659 729
659 2522
662 11241
686 8671
726 10876
726 11841
726 11842
729 1390
729 5272
729 11255
729 11273
729 11645
729 11850
729 11888
753 1917
774 5616
821 11852
821 11880
836 1742
836 6498
836 11475
837 11267
839 2437
839 8197
839 11305
852 5441
852 9257
852 11851
852 11865
859 7335
891 2122
897 11740
928 11824
963 8197
968 11824
976 4765
1002 2956
1002 8197
1006 2592
1006 4216
1041 5173
1057 11751
1057 11854
1058 1144
1106 2184
1106 5173
1106 7335
1115 5265
1115 11873
1122 8093
1144 3446
1177 6467
1193 2158
1193 4265
1198 2534
1198 2956
1206 1321
1206 4050
1206 5179
1206 9888
1209 3420
1232 3171
1242 2599
1242 2956
1242 4216
1242 5599
1242 11824
1242 11855
1245 2057
1245 2158
1256 11251
1264 4419
1264 7611
1264 11881
1276 5127
1276 11863
1321 2627
1321 3113
1321 3313
1321 3515
1321 5065
1359 5599
1361 1755
1361 2592
1361 2762
1361 3420
1361 3599
1361 3627
1361 3636
1361 5049
1361 5272
1361 5956
1361 10106
1361 11772
1361 11835
1361 11873
1365 6889
1365 9312
1369 7659
1369 11824
1369 11875
1370 11115
1385 1709
1385 3041
1385 8197
1390 3409
1390 4746
1390 11251
1390 11360
1415 11839
1521 11803
1531 1831
1531 2762
1531 2825
1531 3627
1531 3636
1531 4092
1531 7391
1531 10342
1531 10716
1531 11867
1531 11883
1539 11186
1563 2307
1563 2592
1563 3420
1630 3727
1630 3984
1630 4187
1636 7281
1636 11850
1666 10541
1709 8012
1709 8272
1717 2057
1717 2756
1717 3313
1724 7379
1755 2307
1755 3420
1755 10930
1774 7391
1774 11566
1788 4663
1794 9776
1818 11824
1824 5614
1831 3636
1831 11291
1854 3405
1854 5440
1854 8124
1854 8197
1854 10558
1877 9683
1877 10400
1877 11305
1914 4187
1914 11872
1917 6596
1917 9140
1985 2762
1985 4050
1985 6654
1985 11749
1996 11830
2019 8272
2027 9721
2027 11475
2027 11880
2038 5699
2053 8197
2053 11874
2057 4908
2057 11836
2070 6128
2111 5173
2122 4216
2122 5599
2156 3420
2156 4370
2158 2306
2158 3515
2158 3954
2158 9829
2177 9829
2184 7335
2192 8474
2234 5599
2255 5215
2255 11824
2255 11837
2274 2821
2274 3171
2274 5468
2306 7714
2307 2592
2307 3420
2307 6619
2307 11382
2324 8124
2350 2581
2350 3897
2350 11877
2389 9683
2389 11875
2406 2562
2406 7855
2455 11340
2472 3000
2493 10465
2527 11871
2529 3707
2529 3745
2529 4377
2529 6945
2529 9776
2529 11835
2529 11856
2534 5173
2583 11867
2592 6189
2592 9152
2592 11751
2592 11845
2599 9140
2599 10730
2599 11620
2603 9326
2619 11875
2627 11856
2627 11863
2656 11873
2682 3676
2682 11620
2756 5173
2756 11873
2762 4050
2762 4577
2762 6180
2762 6945
2762 7593
2762 8197
2762 11749
2762 11867
2767 2845
2767 3333
2767 3599
2767 3745
2767 4749
2767 9522
2767 10273
2767 11843
2767 11865
2775 9522
2775 11848
2775 11861
2785 10182
2785 10347
2820 9522
2820 11760
2820 11840
2825 6779
2930 6654
2930 9140
2930 9649
2930 9683
2956 4746
2956 7855
2956 9776
2956 11234
2974 11814
3000 3405
3000 4419
3015 11340
3026 6203
3026 11838
3030 3420
3041 5012
3113 3313
3113 3515
3160 11340
3165 4216
3171 6429
3171 6810
3171 8474
3171 11883
3313 4050
3322 8119
3322 10643
3333 11856
3355 6429
3356 6619
3405 4419
3405 9610
3420 4370
3420 4377
3420 4390
3420 6817
3420 10273
3420 11887
3446 4746
3501 3636
3515 9323
3515 9829
3528 5021
3528 11066
3599 11835
3627 3636
3627 4092
3636 4216
3636 6203
3636 6779
3636 10182
3636 10273
3676 10930
3676 11620
3693 6429
3693 6596
3745 3882
3745 5173
3745 7213
3745 11661
3745 11856
3801 11565
3843 11340
3882 11037
3882 11861
3897 6467
3947 11885
3984 4187
3984 5173
3984 6596
3984 10273
3985 11866
4001 8272
4031 11273
4031 11475
4057 11855
4113 9152
4116 5065
4141 11760
4187 5265
4187 5616
4187 6128
4187 8119
4187 9152
4187 10541
4187 11856
4187 11870
4187 11886
4188 5265
4216 6448
4216 8272
4216 8671
4283 11749
4370 4419
4419 8445
4419 11489
4419 11724
4419 11881
4448 6498
4523 5550
4523 11803
4536 9776
4632 8272
4632 9313
4632 11888
4671 7434
4702 11858
4702 11870
4746 5828
4746 11876
4771 8474
4771 9829
4839 5065
4839 11859
4839 11861
4882 10558
4886 11835
4908 11873
4924 11565
4924 11800
5007 11878
5012 7391
5012 8197
5012 11837
5021 6467
5065 5554
5065 8197
5065 8474
5065 8671
5065 9323
5065 11203
5065 11843
5065 11848
5065 11859
5094 5593
5125 10558
5127 11751
5141 11727
5141 11803
5173 6779
5173 8197
5179 6124
5179 10801
5215 6619
5265 10182
5272 11856
5306 11863
5352 11037
5362 11291
5398 11863
5415 11838
5440 7659
5441 11851
5468 11444
5468 11806
5471 11276
5550 11803
5560 11838
5828 11824
5956 11772
5956 11840
5966 8238
5966 10400
6128 7036
6203 11831
6203 11840
6262 10558
6389 11862
6429 11452
6448 11859
6467 10465
6576 11882
6619 11855
6779 9522
6817 11873
6843 7659
6945 11835
7034 11749
7036 8197
7093 8887
7093 10550
7093 11833
7335 7855
7335 11879
7379 10766
7391 8238
7391 9848
7391 10475
7391 11566
7391 11859
7391 11863
7534 11878
7659 8197
7659 11751
7855 11824
7871 11839
8067 10342
8096 8238
8099 11854
8099 11876
8119 9152
8119 11273
8197 8272
8197 11803
8197 11870
8197 11881
8238 11863
8272 11875
8281 11800
8298 8671
8298 11849
8298 11868
8301 11645
8472 11489
8887 11833
9140 10730
9147 11832
9152 10592
9152 11855
9168 10106
9257 11858
9323 11397
9326 11620
9425 11865
9437 9683
9484 11860
9522 10158
9565 11251
9649 11851
9683 11241
9683 11250
9829 11847
9888 11835
9985 11872
10273 10643
10273 11360
10273 11834
10273 11846
10465 11838
10465 11854
10475 10730
10541 11267
10558 11760
10558 11881
11115 11573
11203 11843
11210 11255
11251 11820
11251 11851
11267 11803
11305 11824
11340 11800
11340 11844
11548 11835
11728 11822
11728 11858
11766 11784
11851 11857
11853 11854
11857 11858
11858 11865
11875 11884
