0 12126
19 762
26 3160
26 6448
28 12077
29 70
29 11548
29 11605
29 12184
41 11083
43 2762
46 72
46 444
46 4064
46 4117
46 10273
46 12127
61 2406
68 12192
73 9573
74 97
76 3177
76 4746
76 12176
83 158
83 618
83 2192
83 12031
83 12164
88 2399
88 3458
88 9565
93 9573
93 12146
95 7787
110 258
121 5065
122 1531
122 7034
122 12131
134 204
134 556
134 1361
134 1531
134 2396
134 4117
138 2599
138 3177
138 4058
138 4714
138 6203
138 8950
138 9313
138 12140
138 12146
153 4523
153 11083
156 4746
156 11925
156 12118
158 221
158 736
158 6619
158 11548
158 12115
158 12146
158 12170
158 12171
162 12135
172 258
172 4546
184 1177
189 9565
196 12144
199 312
201 4746
204 4746
221 236
221 455
221 621
221 821
221 891
221 1122
221 2019
221 2156
221 2529
221 2956
221 4216
221 10465
236 5127
258 573
258 1256
258 1268
258 1563
258 2044
258 2437
258 2756
258 3381
258 3484
258 5127
258 5373
258 10321
258 11205
280 852
280 1256
280 6945
284 5720
289 12123
298 12186
304 8955
307 6448
307 9152
307 12163
312 482
312 8234
330 1818
338 10930
348 729
348 5550
348 11383
374 12186
412 12116
413 2057
414 3446
440 618
442 5616
444 12127
455 938
455 2460
455 5078
455 7331
455 8159
455 9940
455 12131
461 1242
461 2956
467 5720
467 6576
467 9776
467 10465
467 11943
467 12111
508 2943
515 11340
519 2583
528 12111
556 12097
568 5093
572 1255
577 620
577 1057
577 1636
577 2674
577 5127
577 5265
577 5272
577 9246
577 11383
577 12116
577 12141
577 12178
592 1177
610 1177
610 5127
610 5305
610 11531
610 12182
618 682
618 4135
618 11095
618 12160
620 12116
621 712
621 1550
621 4632
621 7787
621 11605
621 12025
621 12120
641 12134
659 1256
659 12177
671 6373
729 2324
729 2762
729 11913
729 12165
736 10347
748 8494
753 1917
762 2529
762 5127
762 6618
762 9147
762 10203
762 11305
762 11548
762 11779
762 12121
762 12147
762 12149
762 12152
762 12184
762 12187
801 5362
821 1206
821 2970
837 3013
837 12037
837 12151
837 12176
852 1256
852 1531
852 2756
852 3307
852 3313
852 8409
866 2767
866 5306
866 11061
881 4390
886 8955
897 6400
897 10660
921 1527
938 1395
938 11095
938 12150
938 12159
968 11241
1002 2324
1006 8445
1036 5127
1036 5550
1041 11629
1057 4390
1057 11629
1060 11203
1060 12111
1091 1321
1091 11340
1106 2668
1106 3177
1115 7760
1115 9427
1115 10347
1115 12123
1144 2319
1144 5078
1144 8147
1144 12112
1177 8197
1177 11779
1198 1359
1198 2529
1198 9940
1206 2158
1206 3313
1206 3707
1206 4117
1206 12148
1242 2019
1242 2956
1242 11023
1255 1792
1255 3177
1255 6017
1255 11305
1255 12121
1256 1365
1256 1531
1256 1636
1256 2319
1256 6618
1256 7290
1256 8409
1256 12155
1268 5127
1268 11489
1278 8159
1319 4746
1341 6448
1361 2396
1361 5132
1361 8197
1361 10918
1361 11340
1365 2762
1369 2324
1395 7487
1413 4058
1413 8043
1527 1792
1527 9939
1531 2762
1531 2767
1531 3307
1531 3636
1531 4117
1531 6990
1531 8416
1531 9940
1531 9951
1531 11629
1531 12121
1531 12131
1531 12139
1531 12169
1540 12129
1593 3707
1600 12153
1604 2956
1612 4783
1625 5127
1636 2821
1636 12116
1636 12148
1636 12151
1658 10400
1664 2324
1709 5049
1709 7611
1709 8173
1724 5550
1733 11548
1773 12023
1786 2278
1788 6109
1792 2795
1792 4771
1812 11605
1825 11605
1831 12131
1877 5812
1877 8930
1877 12044
1917 6596
1917 8043
1917 10304
1917 10816
1917 12090
1917 12168
1917 12179
1966 4135
1971 9896
1986 12131
1990 9573
2019 8445
2027 2317
2027 4390
2027 9610
2027 11489
2044 5127
2053 9321
2057 2529
2057 3313
2057 4117
2057 4523
2057 6817
2057 12127
2062 2767
2118 9217
2122 11305
2158 12148
2223 2599
2223 8119
2234 2739
2248 5616
2248 10040
2256 9458
2278 5215
2307 2324
2307 3887
2307 4731
2313 2767
2313 4216
2313 11629
2317 7611
2319 2406
2319 2599
2319 3030
2319 3166
2319 4059
2319 8124
2319 11141
2319 12044
2324 8930
2324 9280
2324 12128
2333 4746
2333 8930
2334 6373
2355 8732
2389 2694
2389 9610
2399 2529
2406 2694
2406 3634
2406 4370
2406 11101
2406 12144
2437 2956
2455 7749
2472 3088
2472 10265
2472 10400
2472 12122
2526 2529
2526 12121
2529 2756
2529 5305
2529 5430
2529 8147
2562 3634
2562 6002
2599 12140
2627 3088
2627 11951
2628 12025
2650 10900
2660 6429
2674 2956
2694 4523
2728 4117
2756 5430
2756 6817
2756 8409
2756 12175
2762 5132
2762 6467
2762 8197
2762 11141
2762 11340
2762 11548
2762 11998
2762 12174
2767 7760
2767 8093
2767 9152
2767 11951
2767 12012
2767 12067
2767 12101
2767 12176
2767 12183
2818 11565
2821 9565
2821 11951
2821 12132
2919 6109
2919 6619
2943 12135
2956 4064
2956 4731
2956 8445
2956 10265
2956 11203
2956 12168
2956 12178
2957 11548
3013 12151
3030 4031
3030 8298
3030 11141
3030 12182
3054 6203
3054 12161
3065 5127
3065 6779
3088 12134
3122 12124
3147 5306
3147 11858
3160 4117
3160 4882
3160 5560
3160 11340
3160 11565
3171 6142
3171 7290
3171 7801
3171 9776
3171 10061
3195 12144
3307 4157
3307 5720
3313 6800
3313 12148
3355 12111
3381 4332
3381 6471
3381 11205
3405 6108
3458 5261
3484 8093
3484 8197
3515 12175
3543 4058
3592 11728
3627 3636
3627 6203
3627 8484
3634 4882
3636 10203
3636 11629
3636 12121
3676 8712
3677 6203
3677 8955
3745 5720
3745 12026
3764 12123
3843 5929
3843 6945
3887 7391
3887 8093
3887 11037
3887 12137
3947 4092
4011 11205
4031 9458
4031 11925
4031 12182
4058 4117
4058 6448
4059 5699
4064 4117
4064 5272
4092 10531
4106 12133
4116 12168
4117 4523
4117 8930
4117 11565
4117 12127
4117 12146
4140 9326
4216 11938
4246 5215
4325 11251
4325 12145
4380 8159
4390 12135
4419 4917
4419 8197
4472 8197
4507 4746
4523 7710
4525 4917
4536 6596
4536 8197
4536 12111
4536 12170
4536 12171
4546 6108
4546 8272
4546 9072
4546 10400
4546 12124
4546 12144
4632 10465
4702 6108
4731 9321
4746 6596
4746 7903
4746 8197
4746 11340
4746 12026
4746 12142
4746 12168
4820 5470
4822 4917
4882 8930
4949 5272
4949 6429
4949 8197
5012 8698
5049 10633
5065 5127
5065 6203
5065 7391
5065 8043
5065 9246
5065 9951
5065 11326
5065 11971
5065 12130
5065 12164
5078 9565
5093 5119
5119 12113
5127 5966
5127 7611
5127 8197
5127 11489
5127 11938
5215 11953
5263 12146
5263 12180
5265 6429
5265 7382
5265 9888
5265 10409
5362 8093
5362 11203
5362 11205
5415 12025
5430 6817
5468 7096
5468 7787
5468 9573
5487 10304
5550 5966
5550 5983
5615 12111
5616 10040
5699 10299
5706 8043
5706 12134
5720 8667
5720 8732
5720 11078
5720 12026
5720 12148
5720 12160
5720 12162
5812 11241
5831 11803
5831 12148
5857 12148
5929 9789
5929 11565
5938 11605
5966 12124
6002 11340
6108 10278
6203 6990
6203 7534
6203 9152
6203 9951
6203 10265
6203 11340
6203 11533
6203 12130
6203 12146
6203 12187
6373 11383
6373 12141
6400 12143
6429 12178
6429 12188
6467 10465
6471 9152
6576 12107
6576 12131
6596 8043
6596 11629
6596 12111
6596 12168
6618 10304
6618 12140
6618 12153
6619 11023
6619 11066
6619 12137
6692 12170
6779 10265
6817 10265
6916 12149
6917 12157
6990 8281
7034 12131
7034 12167
7290 11078
7410 12079
7487 11006
7801 12127
7801 12148
7838 12173
7839 10321
7855 9939
7904 12166
7944 12044
8043 8197
8043 10730
8093 11205
8093 12160
8102 9280
8147 8712
8159 8955
8159 10294
8173 12189
8184 11095
8197 8698
8197 11141
8197 11489
8197 11779
8197 12090
8197 12169
8208 8409
8272 10304
8298 9152
8298 9458
8363 12190
8494 10265
8494 12156
8667 11078
8735 9413
8738 12125
8901 11101
8912 11605
8955 10304
8955 12100
9122 10706
9152 9352
9152 9458
9152 11061
9152 11383
9152 12149
9152 12159
9152 12185
9352 9789
9352 12158
9425 11951
9532 12129
9610 11241
9940 12172
9951 12191
9958 11961
9958 12124
10027 12106
10052 12167
10252 10840
10265 10273
10265 11203
10273 10304
10273 12146
10273 12169
10304 11938
10304 12126
10321 11565
10347 12002
10465 12090
10465 12120
10465 12165
10531 12011
10808 12079
10816 12090
11023 12154
11037 12181
11083 11728
11101 12144
11115 11779
11141 11779
11203 12111
11251 12186
11285 11986
11326 11605
11340 11533
11340 11629
11340 12090
11340 12119
11340 12146
11383 11925
11565 11803
11565 12185
11799 12007
11929 12070
11938 12138
12014 12065
12044 12153
12091 12124
12110 12115
12131 12136
12170 12171
