2 26
26 29
26 8197
26 11326
29 762
29 839
29 1917
29 3030
41 11083
42 5272
42 6108
43 2027
43 12060
48 3528
70 10755
74 8363
75 6189
76 3528
76 4746
83 174
83 221
83 621
83 759
83 773
83 821
83 1531
83 2395
83 3072
83 3806
83 4949
83 8147
83 8914
83 10850
83 12209
88 2583
95 729
95 2762
95 6373
95 12210
96 97
96 4783
96 5141
97 3505
117 455
117 2156
117 2529
117 9789
117 11340
122 383
134 412
134 1361
134 2396
134 4117
153 5127
153 8124
153 8433
153 12084
153 12206
156 4702
157 8948
158 9722
158 9865
158 10592
158 11548
158 12202
158 12206
172 2158
184 4092
190 7391
196 9832
201 5439
201 12236
204 12195
221 461
221 573
221 1242
221 2019
221 2694
221 2820
221 4117
221 5362
221 7335
221 8197
236 461
236 1002
236 12202
267 7073
287 11929
290 4783
290 12245
297 12211
312 528
315 563
315 11326
348 3405
348 4546
348 4746
348 6618
348 8197
348 11972
348 12239
383 1812
383 3636
383 12222
433 8567
434 12229
455 866
455 1768
455 3823
455 4092
455 4585
455 8433
455 10299
455 12026
455 12084
455 12199
455 12200
455 12203
455 12224
455 12227
455 12228
455 12236
461 1256
461 3484
461 11938
461 12206
467 12255
528 10684
528 11565
532 4746
545 12233
556 12249
563 618
563 3030
572 1369
573 12246
577 6429
577 8144
577 11961
577 12178
577 12247
610 9633
610 11803
613 5272
618 3313
618 11429
618 12255
621 729
621 1514
621 1550
621 2319
621 3024
621 5550
621 8068
621 11066
621 11962
634 11340
669 6429
729 1359
729 2762
729 3166
729 3388
729 5272
729 6373
729 9633
736 1917
736 6619
736 11533
736 11817
762 1206
762 1825
762 3528
762 3624
762 8567
762 9827
762 10273
762 10755
762 12194
762 12195
762 12254
762 12255
767 11548
821 8914
821 10268
836 12232
839 4746
839 11066
839 11489
852 1206
852 1531
852 3313
852 3992
852 10203
852 11436
852 12201
852 12206
881 8124
881 12067
903 6448
911 12255
968 1877
968 7855
1002 1057
1002 1768
1002 3484
1002 5127
1002 8197
1002 12234
1002 12240
1006 2122
1035 2389
1035 4419
1036 5550
1041 1359
1041 2437
1041 2605
1041 12225
1057 1636
1057 2582
1057 4117
1057 6619
1057 9152
1057 10265
1057 11103
1057 12125
1115 9427
1115 10737
1115 12160
1115 12258
1144 11548
1179 5119
1185 3313
1193 8712
1200 1787
1206 1787
1206 2158
1206 2529
1206 3992
1206 4641
1242 1658
1242 4117
1242 5362
1242 12234
1242 12238
1242 12242
1256 3700
1256 10203
1256 11436
1268 11489
1298 12217
1309 4632
1359 2762
1359 12129
1361 12251
1375 4746
1375 12240
1413 2839
1474 11340
1517 1971
1527 3484
1527 11489
1527 12234
1531 2762
1531 3636
1531 7311
1531 10061
1531 12125
1531 12193
1539 2816
1540 8272
1563 1917
1593 8567
1604 2956
1636 1812
1636 3388
1636 3515
1636 5471
1636 8197
1636 10265
1636 12193
1636 12215
1636 12225
1657 2057
1657 3160
1657 3327
1657 8686
1657 9405
1657 11340
1709 2027
1709 2158
1709 4917
1709 8197
1709 11489
1724 12210
1737 5929
1742 2603
1745 1787
1763 6448
1768 2767
1787 3856
1787 5720
1812 11943
1877 11489
1917 5272
1917 10465
1917 12205
1959 5699
1971 2158
1971 2255
1971 3405
1971 11938
1979 10755
2027 2123
2027 2158
2027 4038
2027 6788
2027 7855
2027 8901
2027 11489
2027 11723
2027 12090
2027 12205
2044 5127
2053 12216
2053 12218
2062 8435
2070 3158
2070 4536
2070 4746
2122 2668
2122 4384
2122 8272
2122 12240
2123 8901
2123 11305
2123 12202
2158 2472
2158 5272
2158 7855
2215 2628
2215 3030
2215 8197
2255 9896
2287 5272
2287 9161
2287 10040
2319 8197
2319 9610
2319 11489
2389 4419
2389 12090
2389 12207
2399 10265
2428 12199
2472 11489
2488 5720
2504 12178
2529 3313
2529 3992
2529 4746
2529 10203
2529 10329
2529 11397
2529 12235
2627 3992
2627 9722
2640 12206
2663 8272
2682 8914
2692 10684
2739 6189
2739 12193
2756 3313
2756 6817
2756 11679
2756 12129
2756 12218
2762 2767
2762 4382
2762 4577
2762 6373
2762 10465
2762 11480
2767 10216
2767 12007
2767 12239
2767 12243
2767 12252
2816 6203
2816 12182
2845 5179
2845 6467
2845 8567
2956 3484
2956 4802
2956 9583
2956 12178
3000 5989
3030 8363
3030 12182
3049 5267
3166 8363
3313 5720
3380 12084
3388 12214
3388 12215
3446 11548
3456 7760
3484 12242
3515 11679
3515 12003
3636 11548
3636 12193
3636 12222
3648 5468
3648 5658
3673 11489
3707 3992
3887 4731
3887 6429
3887 7391
3893 12241
3951 6108
3953 5272
3992 4641
4000 10780
4011 5362
4011 10596
4011 12227
4031 11141
4031 12182
4064 12206
4092 5439
4092 7311
4092 7957
4092 12199
4116 12213
4116 12248
4117 6189
4117 11533
4117 12198
4117 12218
4117 12256
4135 5550
4140 10203
4216 12202
4216 12250
4283 11259
4419 8197
4419 11141
4419 11489
4419 12090
4523 6002
4523 7710
4523 8298
4523 8914
4523 11141
4523 11326
4536 4746
4544 9827
4577 5132
4585 6362
4585 12199
4746 7290
4746 11214
4746 11376
4783 11066
4839 12203
4908 5720
4917 8197
4924 12007
4924 12244
4949 12221
5021 5471
5034 11881
5041 9722
5119 5439
5119 12257
5127 8124
5127 12202
5141 6203
5141 8068
5263 11533
5272 5468
5272 12067
5272 12213
5306 12208
5362 11533
5362 12129
5362 12227
5386 6619
5386 8567
5386 11548
5415 12245
5430 6467
5468 6498
5468 8363
5468 12202
5471 5615
5487 12252
5672 10465
5699 12212
5720 6362
5720 12201
5720 12206
5812 11241
5831 11565
5912 7290
5912 10061
5929 11863
5929 12199
6203 11398
6203 12187
6362 12199
6373 12235
6448 12211
6498 8363
6498 9122
6596 12213
6619 9865
6683 12254
7073 11912
7290 10061
7311 12237
7391 8379
7391 9633
7391 10755
7391 12202
7855 11489
7924 12125
8014 8190
8124 12238
8124 12240
8197 9610
8197 9896
8197 10755
8197 11489
8197 11533
8197 11723
8197 11929
8197 12206
8197 12219
8197 12234
8197 12240
8197 12242
8281 12257
8298 12199
8363 9122
8379 9323
8433 12213
8491 12227
8735 9413
8917 11548
9024 11728
9143 9529
9241 11259
9292 11436
9472 11398
9722 12223
9789 12230
9789 12233
9896 12234
9951 11340
10148 12254
10273 12204
10299 12125
10299 12134
10299 12197
10304 11938
10329 12108
10465 11103
10465 12067
10558 12188
10592 12206
10684 11340
10780 12199
10868 12022
11037 12231
11141 11489
11251 12021
11340 11489
11340 11533
11340 12248
11489 11938
11548 12032
11548 12211
11565 12233
11779 12211
11779 12248
11912 12218
11938 12240
11943 12003
11957 12226
12103 12125
12194 12196
12211 12212
12211 12216
12213 12220
12251 12253
