6 9697
19 729
19 762
19 2650
19 5041
26 338
26 2149
28 76
28 968
28 3166
28 5356
29 4746
29 11068
31 12126
37 6888
42 857
42 4643
42 5272
43 76
43 221
43 852
43 4157
43 5034
43 5948
43 8272
43 12090
43 12464
43 12467
43 12481
46 1280
73 138
73 572
73 3166
73 5658
76 138
76 1170
76 1831
76 5356
76 8272
76 12438
76 12469
76 12473
79 7593
83 577
83 729
83 1622
83 1657
83 1854
83 2756
83 3030
83 9238
83 12461
83 12469
83 12495
88 1255
88 12445
94 4456
96 897
96 1995
96 3166
96 8197
110 897
110 5948
110 11489
110 12374
129 10273
132 11605
138 572
138 762
138 839
138 1255
138 1256
138 1854
138 2845
138 3313
138 3856
138 6888
138 9668
138 12487
153 11051
153 12471
158 2583
158 3882
158 5100
158 9868
158 11226
158 12428
158 12437
158 12445
158 12453
158 12481
158 12491
172 5948
190 968
190 3166
190 11305
191 1831
195 3900
196 11993
196 12435
201 1177
201 1657
201 12449
204 4904
221 659
236 12341
255 12066
258 1709
258 2767
258 3030
258 8147
258 9152
290 12435
315 1854
318 2215
318 4392
318 4523
338 12445
348 7074
351 12486
354 12442
391 1280
391 2019
391 8197
405 1917
405 2111
405 2126
405 10409
405 11938
406 1031
412 573
412 2057
412 12483
434 2767
444 12018
455 762
455 886
455 1831
455 4771
455 5272
455 5824
455 6467
455 7839
455 8197
455 9868
455 11778
455 12018
455 12178
455 12398
455 12469
455 12473
455 12489
455 12498
461 4018
467 1661
467 4536
467 11129
467 12466
528 12467
536 4117
556 11848
563 8379
568 3356
572 2529
572 3313
572 3515
572 4113
572 5249
572 7034
572 7391
572 12443
572 12458
572 12485
572 12490
573 12245
573 12430
573 12435
577 7391
577 8379
577 11226
577 12451
577 12469
592 6888
610 1854
610 12459
613 11051
618 8379
618 9238
620 12116
621 12462
621 12471
641 1140
641 12453
659 4746
686 7391
686 12418
712 8379
729 852
729 1877
729 2529
729 3030
729 5249
729 7122
729 9280
729 12435
729 12453
762 1177
762 1206
762 1256
762 1365
762 1539
762 3313
762 5100
762 9309
762 10273
762 11068
762 11297
836 6162
836 11397
836 12356
836 12435
837 12022
839 1170
839 1831
839 3543
839 3900
839 5125
839 7290
839 10157
839 11267
839 12090
846 3030
846 11305
852 1256
852 2057
852 2177
852 2529
852 2767
852 3030
852 3313
852 3388
852 4117
852 4846
852 6817
852 6947
852 8298
852 10660
852 11000
852 12178
852 12419
852 12479
852 12488
859 1255
881 1170
881 1365
881 9152
881 12447
881 12469
891 1540
897 2158
897 2255
897 3528
897 5012
897 7335
897 8197
898 1531
911 12255
960 2919
968 2027
968 5468
1002 1517
1002 6779
1002 8124
1057 1179
1057 7109
1057 12120
1070 4846
1106 4946
1115 11548
1144 12420
1170 6448
1177 1206
1177 2158
1177 6448
1179 5119
1179 12273
1193 11778
1198 4117
1198 4839
1198 10409
1198 11943
1206 5065
1206 11328
1206 12120
1255 2845
1255 4157
1255 5270
1255 6467
1255 11037
1255 12487
1256 3307
1256 3388
1256 4846
1264 9698
1268 7074
1268 12452
1268 12465
1278 2775
1278 3882
1278 5065
1278 7382
1280 1563
1280 8272
1298 3166
1298 5468
1321 2767
1321 5720
1321 12481
1359 7801
1359 11328
1359 12178
1361 12436
1365 6916
1369 2669
1375 10472
1392 1786
1395 12381
1395 12426
1395 12499
1413 5616
1413 8484
1413 12066
1470 1531
1514 5383
1527 2158
1527 2694
1527 12409
1531 8298
1531 10651
1531 11328
1531 12483
1531 12484
1539 2767
1540 8446
1563 11605
1570 12474
1636 6596
1636 12003
1657 1854
1657 2739
1657 8093
1657 9998
1657 11340
1709 2682
1709 2694
1709 3030
1709 5034
1709 9978
1745 4643
1763 4873
1786 4390
1786 8521
1786 12429
1787 3856
1804 7074
1824 12430
1831 2767
1831 3947
1831 5362
1831 5720
1831 9565
1831 9958
1854 2389
1854 4117
1854 5065
1854 6817
1854 11340
1877 5034
1877 8197
1877 12435
1877 12445
1894 3075
1917 2126
1917 2307
1917 2326
1917 4536
1917 6596
1917 7122
1917 10409
1917 11808
1917 12446
1917 12466
1972 10202
1985 4873
1985 6373
1985 10592
1985 12356
1985 12414
1985 12484
2027 2682
2027 6916
2027 12441
2027 12454
2057 3707
2057 6817
2057 7801
2062 2845
2086 12430
2111 2126
2122 2437
2122 12442
2149 11241
2158 2864
2158 3377
2158 4765
2158 6448
2158 6945
2158 8298
2158 10278
2158 10347
2158 10416
2158 11340
2158 12441
2191 3254
2197 12414
2223 9425
2223 11340
2255 5948
2255 9978
2255 10558
2256 4643
2256 12475
2286 10472
2307 4536
2307 7122
2307 11037
2307 12486
2313 5362
2313 5649
2313 12312
2389 5034
2437 11465
2453 7855
2468 4419
2468 5012
2468 12422
2488 12474
2504 11328
2504 11360
2529 3313
2529 5720
2529 5859
2529 8484
2529 12408
2529 12448
2529 12449
2562 8197
2562 12441
2574 7855
2599 2767
2599 11328
2600 2956
2600 10409
2645 4731
2669 7760
2669 12442
2739 4117
2739 10738
2756 3388
2756 9309
2762 5065
2767 3388
2767 5375
2767 6817
2767 8293
2767 8298
2767 10651
2767 12341
2767 12434
2767 12453
2767 12470
2767 12480
2767 12481
2767 12498
2775 3882
2775 8762
2775 12477
2787 3484
2820 12448
2820 12462
2820 12493
2845 5100
2845 6498
2845 9633
2845 11037
2902 4126
2934 12437
2943 10780
2943 11129
2956 5721
2956 10472
2956 11328
2956 11465
2956 11533
2956 12434
2958 12411
2970 5859
3030 3405
3030 3648
3030 5606
3030 10651
3030 12445
3030 12487
3030 12488
3041 5948
3041 12458
3065 12128
3072 12468
3110 10409
3158 4157
3166 12487
3195 3624
3239 7128
3307 6817
3313 3388
3313 4113
3313 8298
3313 10416
3313 12485
3377 11489
3405 12430
3461 8197
3484 4419
3484 12090
3501 12434
3515 12448
3541 4746
3543 5034
3545 11993
3545 12476
3648 11068
3673 7074
3693 9152
3707 5720
3707 8093
3707 12471
3882 11848
3882 12477
3882 12492
3900 7074
3947 12468
3951 7074
3984 12022
4011 12477
4031 4523
4031 5468
4031 5479
4031 5550
4031 5606
4059 6373
4092 6284
4092 12178
4113 6817
4117 5249
4117 5935
4117 6888
4117 8724
4117 10003
4117 11328
4117 12178
4117 12366
4117 12418
4117 12434
4117 12462
4171 8124
4187 5272
4187 6817
4187 12022
4187 12434
4187 12449
4242 12473
4248 5065
4382 12476
4386 12429
4419 12441
4452 12449
4488 5706
4488 12253
4523 5550
4523 12445
4536 7122
4546 12452
4632 7122
4632 9633
4632 10780
4632 12425
4632 12471
4670 5749
4731 8272
4731 12022
4731 12442
4731 12464
4731 12465
4731 12466
4746 5065
4746 5127
4746 6692
4746 10003
4746 12432
4746 12469
4787 4882
4839 11848
4846 6817
4882 8074
4886 9877
4909 9394
4964 12440
4968 12366
5006 11203
5034 5270
5041 12481
5065 5966
5065 6888
5065 7382
5065 8484
5065 9238
5065 10399
5065 10409
5065 11203
5065 11328
5065 11340
5065 11383
5065 12120
5065 12447
5100 5270
5100 9896
5100 11068
5100 12471
5119 9321
5125 8197
5127 9970
5127 10930
5127 12373
5249 5440
5249 6373
5263 12426
5270 5356
5272 8197
5272 12022
5272 12494
5362 5649
5362 12418
5366 8124
5383 11141
5439 12388
5468 9140
5468 10293
5468 10780
5468 11037
5479 9152
5479 12435
5487 7792
5616 11203
5681 6284
5681 12341
5720 6284
5720 9309
5720 10399
5720 12408
5720 12431
5720 12448
5720 12501
5831 12453
5845 10347
5846 12434
5859 12449
5911 9323
5935 11328
5948 7855
5948 9280
6017 10409
6109 10202
6134 7104
6189 12434
6203 11533
6203 12003
6284 8446
6284 11129
6373 7148
6373 7190
6373 11383
6373 12356
6373 12493
6389 10416
6448 7792
6448 11605
6448 12066
6448 12435
6490 12500
6498 12422
6596 11129
6596 11808
6596 12442
6779 6817
6779 9431
6817 10068
6817 10416
6817 12341
6888 12442
6916 10169
6916 12454
6945 12125
7017 8197
7034 12443
7074 12452
7104 9978
7104 12442
7122 11203
7128 12434
7190 11993
7190 12478
7290 12341
7391 9238
7391 12401
7391 12451
7391 12460
7392 12435
7779 11340
7792 11548
7801 12341
7839 11328
7855 9721
7855 10472
7855 10558
7944 12341
7961 12341
8067 12120
8093 12408
8093 12434
8093 12471
8124 8197
8124 9280
8124 10472
8124 12435
8147 12307
8147 12497
8197 9683
8197 11489
8197 11533
8197 12140
8197 12440
8197 12482
8293 12341
8298 8912
8379 9323
8379 12262
8433 12273
8484 10409
8521 10293
8712 12299
8724 11328
8796 12465
8955 12022
8955 12433
8984 12388
9000 12430
9003 12480
9152 10321
9152 10465
9152 12427
9152 12430
9152 12445
9195 12424
9280 10416
9280 12471
9323 12421
9394 10347
9425 11340
9425 12481
9425 12496
9427 12439
9431 12341
9465 11340
9469 9868
9573 12245
9683 12070
9697 11703
9711 11565
9721 11464
9841 11993
9998 11340
10018 12255
10068 12423
10273 12473
10293 11037
10293 12444
10321 12307
10347 12438
10399 11340
10409 11203
10409 11465
10409 12388
10416 12471
10465 12427
10651 12245
10737 12428
10738 11328
10874 11326
11037 12487
11037 12491
11051 11943
11144 11340
11172 12424
11203 12178
11220 12436
11285 12070
11328 11759
11328 12450
11328 12455
11340 12022
11340 12460
11340 12477
11340 12496
11397 12456
11533 12128
11565 12420
11779 12435
11808 12442
11848 12355
11943 12453
11943 12483
12022 12300
12090 12442
12245 12430
12307 12372
12355 12480
12355 12481
12380 12381
12381 12426
12435 12463
12454 12457
12468 12472
12470 12471
