0 12434
14 2319
14 6109
14 12654
19 7749
26 12690
28 762
28 1365
28 3030
28 4783
28 8363
29 190
29 762
29 4026
29 4848
29 8411
29 8739
41 1687
41 11051
41 12648
42 2316
42 3107
42 3592
43 946
43 4746
43 5065
43 5493
43 7710
43 7741
43 9658
43 10846
43 11489
43 12647
43 12657
43 12674
48 572
70 9565
70 12654
72 1255
73 762
73 11159
76 412
76 881
76 5278
76 5616
76 12729
80 11051
83 703
83 6467
83 8379
83 9323
84 881
84 8197
88 762
88 2389
88 2472
95 12643
95 12644
97 8363
108 2062
109 12434
110 12733
114 412
114 5166
115 2529
115 11779
117 4822
117 5119
117 11340
120 3381
122 11908
128 10268
130 10268
134 5616
138 206
138 460
138 659
138 762
138 1206
138 2529
138 2598
138 2773
138 2786
138 3030
138 4765
138 4802
138 5179
138 5699
138 6965
138 7391
138 7710
138 7801
138 7946
138 8015
138 9037
138 10706
138 12665
138 12676
138 12680
138 12704
138 12729
151 4026
151 5785
151 12712
153 297
153 10713
153 11340
156 4731
156 6448
156 11605
158 1300
158 2786
158 11605
158 12680
168 519
168 12434
172 12731
190 946
190 10632
196 7252
201 12694
204 12715
206 3887
240 7961
253 3592
253 9543
258 2158
267 12702
297 2784
297 12690
302 5948
304 2231
315 1985
315 7391
315 12693
330 9536
338 10930
348 836
348 3405
348 4419
348 4570
348 4882
348 5966
348 12709
370 12421
374 455
374 467
374 9168
374 11038
374 12674
374 12688
374 12689
383 12604
407 919
407 2319
412 839
412 881
412 1365
412 2231
412 11340
455 1831
455 2767
455 3381
455 4746
455 6448
455 11908
455 12323
455 12671
455 12690
458 8343
467 6284
467 6596
467 11808
467 12523
510 9037
528 6324
528 12683
556 1531
556 3364
556 3636
556 6203
556 12711
568 7961
568 12421
577 7252
577 8379
577 12656
577 12693
577 12718
608 12690
610 1013
610 2158
610 9469
613 2868
618 703
618 1177
618 2762
618 2954
618 10730
618 12523
618 12686
618 12690
621 762
621 12460
621 12656
621 12680
647 3405
659 7801
682 11340
703 1917
712 7391
712 8379
729 928
729 2316
729 3030
729 4632
729 8411
729 12279
729 12524
729 12709
762 852
762 1256
762 1904
762 2816
762 3030
762 3636
762 3856
762 4031
762 4216
762 5179
762 5550
762 6817
762 7391
762 10268
762 10846
762 11159
762 11305
762 11605
762 11779
762 12665
762 12676
762 12677
762 12682
771 10874
774 2764
781 10293
821 12651
824 1268
836 6467
836 9321
836 9469
839 881
839 1365
839 5065
839 11489
839 11582
839 12643
846 1527
846 3405
846 6108
846 9610
852 3313
852 3707
852 6947
852 7801
852 12680
852 12710
881 1198
881 1531
881 4866
881 5065
881 5493
881 6596
881 6779
881 12643
881 12691
921 1917
921 12685
928 4632
928 12714
968 7710
993 2816
1012 1612
1036 4997
1036 12654
1057 11666
1106 2027
1106 12659
1115 12677
1115 12682
1122 12700
1144 3636
1144 12707
1148 4216
1148 5362
1206 1256
1206 4187
1206 6203
1206 7801
1206 11340
1206 12665
1206 12721
1242 1375
1242 2786
1242 5125
1242 5362
1242 5616
1242 7710
1242 11533
1242 12674
1255 2255
1255 2888
1255 4419
1255 10268
1255 11257
1255 11305
1255 12565
1256 3707
1256 4746
1256 11340
1256 12680
1256 12690
1256 12694
1256 12721
1264 2437
1265 9469
1268 2053
1268 10268
1268 11489
1268 11605
1268 12680
1298 11779
1321 2603
1359 3030
1361 3636
1361 5522
1365 2158
1365 2255
1365 4771
1365 8197
1365 10268
1369 4216
1375 12660
1413 6498
1483 6373
1517 3049
1517 5125
1531 1604
1531 2762
1531 3307
1531 3636
1531 3707
1531 5065
1531 6189
1531 7801
1531 9168
1531 9245
1531 10040
1531 12701
1539 1941
1539 3030
1539 12729
1540 2245
1540 4117
1540 5272
1540 12734
1543 11907
1604 9168
1605 12664
1636 2739
1636 2868
1636 5065
1636 6324
1636 8724
1636 9168
1636 11051
1680 1804
1687 2313
1687 11051
1709 5948
1709 12090
1709 12676
1724 7749
1774 2762
1774 12661
1786 4117
1786 5272
1831 12664
1877 11489
1879 5891
1879 12718
1917 5891
1917 6596
1917 6619
1917 10930
1917 11808
1917 12090
1917 12651
1972 5415
1972 12421
1985 4188
1995 2118
1995 8411
2019 3125
2027 6108
2027 11489
2027 11582
2027 12659
2027 12695
2053 2204
2102 3984
2111 8197
2118 12716
2156 2868
2156 3947
2156 4839
2156 12323
2158 2472
2158 4771
2158 7391
2231 3636
2231 8067
2231 8197
2231 12672
2240 3307
2245 4117
2245 12734
2255 12680
2299 11037
2313 3636
2319 7741
2319 11257
2324 2787
2324 11489
2355 10713
2389 8796
2423 5948
2428 8732
2437 11489
2472 9610
2488 12670
2504 11808
2529 3313
2529 4117
2529 7710
2529 12694
2529 12729
2599 12727
2603 12676
2627 12629
2628 8093
2650 11340
2650 12728
2739 5616
2756 6548
2756 12694
2762 12706
2762 12708
2764 4092
2764 5272
2767 7801
2767 11340
2767 11908
2767 12658
2767 12669
2767 12696
2767 12701
2767 12704
2767 12728
2784 12692
2786 4216
2786 12680
2787 7855
2787 11489
2816 3030
2816 12680
2816 12702
2820 7961
2820 12680
2820 12702
2820 12729
2821 5938
2825 8197
2845 4802
2845 7782
2868 3947
2868 4839
2868 5049
2868 9168
2912 12676
2919 6619
2919 12680
2919 12690
2943 4746
2956 3592
2956 5616
2956 7710
2956 8124
2956 9245
2958 12411
3030 4783
3030 5415
3030 8197
3030 10293
3049 9978
3049 12614
3072 3636
3072 3984
3072 4839
3072 6109
3072 7741
3072 11779
3072 12698
3158 11582
3166 4031
3166 8363
3166 8411
3166 12716
3195 4026
3239 4026
3364 3636
3364 4839
3377 11582
3380 4746
3380 11533
3380 12729
3381 4746
3405 4177
3405 4882
3405 7127
3405 9610
3409 12651
3447 12699
3487 10730
3526 12473
3573 11257
3592 10789
3592 11340
3592 12614
3636 6324
3636 8739
3636 12473
3636 12640
3636 12691
3707 11037
3798 9292
3798 12710
3947 4839
3950 12719
3984 6109
3984 9596
3984 9658
3984 11779
3984 12395
4011 7252
4011 12676
4011 12718
4026 5560
4031 5415
4031 11257
4031 12676
4080 10816
4092 12723
4117 5616
4117 6189
4117 7801
4117 11340
4117 12555
4117 12664
4117 12675
4117 12680
4117 12690
4117 12709
4117 12734
4157 12666
4187 12621
4187 12698
4188 4746
4216 9658
4234 4848
4236 4382
4390 12674
4419 4882
4419 8197
4419 11489
4456 12725
4465 8411
4465 12709
4523 9536
4577 9565
4615 12729
4632 10311
4632 12425
4632 12601
4632 12714
4731 12090
4731 12674
4746 4765
4746 6448
4746 9323
4746 9483
4746 11340
4746 12676
4746 12730
4765 5550
4765 9978
4765 12676
4771 7391
4771 7801
4771 8197
4771 12663
4771 12665
4783 10730
4783 12713
4839 6324
4839 10730
4839 12658
4839 12682
4882 7127
4882 9610
4886 5065
4924 10273
4924 11340
4924 12667
4924 12668
4924 12669
4924 12687
4924 12696
4924 12704
5036 12717
5065 5615
5065 8379
5065 9709
5065 11546
5065 12732
5100 9596
5119 12667
5119 12698
5119 12707
5125 5366
5125 6779
5125 9978
5141 5415
5159 12651
5181 5468
5270 12665
5272 6324
5272 10040
5272 10713
5272 12683
5272 12690
5272 12696
5272 12697
5272 12698
5362 11533
5362 11605
5362 12323
5468 5785
5468 12714
5468 12729
5493 6779
5522 9152
5550 7991
5550 12676
5560 8739
5616 11203
5616 12726
5658 12245
5699 9658
5744 9536
5769 12629
5785 7398
5831 9596
5891 6448
5891 10409
5948 7855
5966 9649
6203 11038
6203 11340
6203 12721
6203 12722
6203 12726
6373 7059
6373 7190
6373 8768
6373 12638
6373 12696
6448 12674
6448 12718
6498 12661
6498 12675
6498 12690
6596 12651
6618 11340
6619 12718
6644 9625
6779 8739
6945 12681
6947 12718
7059 11340
7059 12696
7127 10268
7127 12719
7329 12434
7391 9152
7391 10293
7391 12705
7391 12725
7391 12728
7534 12589
7534 12729
7545 12703
7710 11037
7749 7782
7749 9958
7749 11779
7801 11436
7855 12660
7944 10268
7991 12655
8015 12434
8197 11489
8197 12245
8197 12657
8379 9323
8438 11565
8570 12488
8682 12709
8698 12733
8740 12344
9037 12678
9037 12729
9124 12676
9152 11907
9152 12395
9152 12421
9152 12680
9152 12693
9168 12355
9168 12421
9168 12664
9292 12710
9323 12323
9323 12460
9323 12677
9323 12686
9458 11340
9543 11489
9543 12245
9649 12463
9789 12002
9829 10283
9888 12702
10040 12683
10265 11340
10293 12661
10555 11340
10595 11548
10632 12245
10730 12523
10789 11340
11141 12662
11305 12676
11340 11578
11340 12323
11340 12638
11340 12653
11340 12655
11340 12658
11340 12690
11340 12696
11340 12706
11340 12707
11340 12709
11340 12721
11340 12722
11340 12724
11450 11779
11728 12720
11779 12655
11779 12704
11779 12723
11808 12614
11881 12731
11943 12629
11943 12701
12300 12673
12341 12647
12355 12356
12372 12421
12395 12586
12434 12664
12434 12734
12523 12684
12679 12680
