13 762
14 13061
26 1917
26 3107
26 4032
28 287
28 5468
28 8298
28 9776
29 4032
29 13482
42 201
42 6108
43 4032
43 5468
43 7852
43 11452
43 12760
46 12126
48 4910
48 6498
59 153
59 621
59 729
59 2529
59 3381
59 4117
59 4187
59 5566
59 5912
59 7093
59 8515
59 9152
61 921
70 13518
73 2062
76 762
76 4423
76 4577
76 11797
77 1170
77 13531
83 6365
83 13501
88 158
88 1013
95 1177
95 2081
95 2762
95 13466
120 3631
122 13476
129 11305
129 13510
134 1636
134 2600
134 3239
134 4419
134 5703
138 621
138 1170
138 1206
138 1787
138 2078
138 2816
138 3177
138 4771
138 8901
138 10068
138 11378
138 12716
138 12760
138 13355
138 13503
138 13525
140 4765
153 852
153 1170
153 1177
153 1206
153 2756
153 6945
153 8093
153 8550
153 11051
153 12735
153 13061
153 13525
157 762
158 3800
158 4117
158 4771
158 7534
158 8367
158 10040
158 10062
158 10409
158 11565
158 11797
158 12716
158 13455
158 13476
158 13500
190 6705
191 315
191 577
191 6062
191 13488
196 2733
196 3298
196 4949
196 9323
196 10592
196 10846
196 13466
199 572
204 8625
204 10636
216 13508
221 13489
226 12883
258 4349
267 8411
280 1322
287 10293
297 3160
304 13482
315 7391
315 13429
348 8721
348 13494
349 9292
349 13444
349 13511
370 7852
374 1115
374 3984
374 10040
374 11214
374 12531
374 13400
374 13530
377 2027
377 2472
382 2107
383 2762
383 13066
383 13437
407 1170
407 11452
407 13489
412 1636
412 3381
412 4702
412 5104
412 5331
412 5720
412 6203
412 11326
412 13010
431 1481
431 1709
431 9152
432 2785
432 5593
433 6498
434 3856
447 11051
460 13484
467 4562
510 1941
510 12760
511 3636
521 6498
528 12255
528 13500
528 13532
528 13533
544 2437
556 13066
556 13474
568 12881
573 621
573 2258
573 13386
577 813
577 1917
577 2954
577 6429
577 6559
577 10409
577 13462
613 1972
618 852
618 13508
621 1177
621 2437
621 2733
621 4280
621 8197
621 13355
621 13488
634 1877
636 12760
659 5699
659 13061
708 12719
712 8379
721 13463
729 7290
762 1256
762 2816
762 3856
762 5089
762 10352
762 10970
762 13456
781 1788
836 897
839 881
839 1359
839 13400
852 1206
852 1232
852 1256
852 2756
852 3487
852 5089
852 5720
852 13318
852 13467
852 13480
852 13485
852 13503
852 13508
857 1702
881 1057
881 1917
881 13495
891 5703
897 3624
921 12719
946 3528
948 4419
963 13455
968 7515
1002 2199
1002 6108
1002 13400
1002 13489
1002 13491
1035 2123
1035 4384
1035 4419
1035 11299
1035 12719
1056 6108
1057 3239
1057 3381
1057 6945
1106 6984
1106 12434
1106 13355
1122 13493
1144 6332
1144 9152
1169 6945
1170 4117
1177 2762
1177 6867
1177 7391
1177 9323
1177 11742
1206 1877
1206 2756
1206 3313
1206 6124
1206 7515
1206 8298
1206 11340
1206 13111
1206 13496
1206 13525
1232 2527
1244 3811
1255 2255
1255 12716
1255 12883
1256 3313
1256 4064
1256 4910
1256 6800
1256 13490
1268 11452
1281 3484
1281 12614
1321 4113
1331 3975
1331 13502
1359 5104
1359 5493
1359 7760
1359 9158
1359 13505
1361 2756
1361 2956
1361 12531
1370 12125
1383 12126
1390 4390
1392 13523
1413 1917
1413 4771
1426 13528
1481 1836
1481 12126
1481 13471
1517 3330
1527 8197
1527 11489
1552 2081
1552 3420
1552 13457
1604 9152
1622 10409
1622 11797
1633 5468
1636 9245
1636 10440
1636 11797
1636 11954
1636 13386
1636 13400
1636 13459
1636 13482
1636 13505
1636 13507
1658 3461
1763 13497
1774 13487
1786 1972
1786 6708
1788 9421
1788 9818
1788 10970
1788 13508
1794 4562
1794 12471
1875 10409
1875 11452
1875 13458
1877 7515
1877 13506
1917 3030
1917 3107
1917 3325
1917 5159
1917 9771
1917 10409
1917 11797
1917 12425
1917 12735
1917 13469
1917 13514
1917 13519
1940 9568
1971 5141
1972 4949
1972 9152
1972 13497
1972 13499
1973 7391
1973 11779
1996 2868
2027 13483
2046 13066
2062 9122
2081 3980
2089 13355
2107 9000
2149 2406
2149 3592
2149 6108
2149 8197
2149 12982
2149 13488
2156 9158
2158 4949
2158 7391
2199 2599
2249 12614
2256 4949
2256 11565
2256 11958
2256 12345
2256 13010
2258 2650
2258 13355
2286 5703
2299 12126
2306 4839
2313 2529
2313 9712
2324 10558
2324 13454
2389 12409
2437 4771
2437 6498
2437 11751
2437 12434
2472 4882
2472 8084
2472 8197
2472 9217
2472 11751
2472 13454
2529 9425
2529 10440
2529 13523
2534 9323
2616 5468
2627 3313
2627 12531
2627 13523
2628 13456
2674 13498
2692 3947
2692 4577
2692 4949
2692 13453
2756 2956
2756 8484
2756 13061
2762 13459
2767 13353
2816 4771
2816 5468
2816 7290
2816 8901
2816 9444
2868 4866
2868 6203
2868 13184
2954 3171
2956 3330
2956 5703
2956 13462
2970 13496
2984 5703
3030 3166
3030 8363
3030 9771
3041 13447
3041 13506
3107 9334
3113 3313
3113 4771
3166 5141
3166 6062
3166 8363
3166 9122
3166 13420
3171 12732
3177 13517
3195 6498
3239 5616
3239 8298
3239 8890
3239 9161
3239 10409
3239 10450
3239 11203
3239 12885
3239 13303
3298 9841
3298 11779
3313 13422
3313 13503
3330 4536
3330 4771
3330 6429
3330 7391
3330 10409
3330 12719
3377 6108
3381 6108
3381 10321
3381 12959
3381 13400
3405 3634
3405 10231
3405 13462
3405 13529
3420 4117
3420 9565
3487 6429
3487 13508
3574 13535
3579 13479
3631 9683
3636 9245
3636 10062
3636 12304
3639 10314
3648 5141
3727 13466
3800 8197
3800 11203
3856 9152
3856 9469
3856 9855
3882 8682
3923 5141
3923 13355
3947 13476
3984 13400
4011 13489
4011 13522
4031 13407
4032 4746
4057 13521
4092 12193
4092 13482
4092 13507
4092 13509
4113 12760
4113 13498
4117 4187
4117 6945
4117 7515
4117 7534
4117 8466
4117 9204
4117 9326
4117 9712
4117 10040
4117 12434
4117 12760
4117 13255
4117 13400
4117 13450
4117 13457
4117 13489
4117 13496
4117 13530
4117 13534
4126 13481
4187 10040
4187 13400
4187 13500
4187 13512
4216 4677
4216 11305
4216 11653
4216 13508
4253 7290
4280 6062
4280 13455
4280 13488
4382 13400
4390 5159
4390 12139
4419 6108
4419 9217
4419 11703
4419 12749
4419 13504
4419 13506
4493 6619
4536 8608
4536 13515
4570 5596
4577 11779
4632 13484
4677 11305
4702 12161
4702 13355
4731 12719
4731 13464
4731 13489
4746 13463
4771 5468
4771 7290
4771 12716
4839 9712
4839 10040
4866 13530
4879 13061
4949 11214
5089 6800
5104 13066
5141 8363
5141 9444
5141 13355
5141 13517
5159 12425
5159 13514
5174 12883
5362 13462
5362 13534
5366 8097
5366 13462
5375 13492
5386 8197
5468 9421
5468 12716
5493 13505
5558 6498
5681 9776
5703 8124
5703 9466
5703 10472
5703 11568
5703 11751
5720 13457
5720 13467
5831 10592
5831 11565
5831 13381
5849 9217
5849 11943
5849 13440
5849 13475
5912 10062
5912 12760
5966 11531
6062 12719
6108 9152
6108 10558
6124 11378
6128 9446
6160 6705
6180 12200
6203 6332
6203 10061
6203 10062
6203 10789
6203 11565
6203 13473
6284 13520
6332 11340
6365 6618
6373 11958
6373 13466
6413 10062
6413 13534
6429 9323
6429 12425
6429 13429
6429 13469
6448 10321
6448 13489
6498 9152
6498 9444
6498 12304
6498 13420
6498 13474
6594 13454
6596 11797
6619 9323
6619 9888
6619 13508
6619 13514
6779 8721
6785 13529
6800 13425
6800 13485
6842 7534
6867 9323
6867 9868
6867 10846
6885 13400
6945 7391
6945 8197
7034 13530
7093 13462
7190 13469
7230 7534
7290 7534
7290 9326
7290 10061
7290 11326
7290 11653
7290 13400
7335 13477
7391 8068
7391 9158
7391 9323
7391 10040
7391 11742
7391 12719
7391 13429
7391 13487
7487 11728
7515 13061
7534 12550
7589 13321
7593 11415
8068 12295
8093 13422
8093 13480
8097 13462
8197 8291
8197 13515
8225 8367
8238 13066
8298 13527
8364 13453
8411 12126
8515 9915
8515 11565
8515 13455
8515 13468
8565 13368
8608 13515
8613 13484
8912 13527
8992 13460
9152 11565
9152 13386
9152 13448
9152 13466
9217 11299
9245 10633
9245 11340
9285 11954
9323 12255
9323 13429
9323 13474
9323 13509
9323 13536
9326 12735
9334 11326
9425 12760
9444 11269
9446 10409
9446 12406
9446 13521
9516 13485
9568 11452
9705 13518
9771 12358
9789 13472
9888 13508
10003 13457
10040 11565
10040 13524
10062 12193
10145 11762
10216 13526
10293 13456
10321 12985
10352 11305
10352 11723
10409 11797
10409 13469
10440 13475
10440 13508
10592 11565
10592 12355
10766 11269
10789 11340
10789 13464
10846 13486
11051 13534
11203 13426
11299 13529
11326 12425
11340 13464
11340 13466
11340 13500
11464 13477
11565 12959
11565 13088
11565 13524
11751 13516
11762 13453
11809 12193
11851 12531
11943 13478
12070 13337
12161 13463
12355 13088
12358 13514
12434 13400
12471 13497
12614 13477
12719 13230
12727 12735
12760 13255
13017 13522
13061 13316
13066 13474
13189 13502
13230 13461
13298 13513
13318 13525
13355 13530
13390 13506
13462 13465
13468 13470
13486 13519
13537 13538
