13 859
13 3461
28 76
28 4910
28 9323
28 11186
28 12630
29 1709
29 2437
29 9407
29 9449
36 9421
36 11305
37 13355
42 13567
43 2592
43 11724
46 13178
48 226
48 5141
48 5658
48 6498
59 153
59 938
59 1321
59 5487
59 8887
59 9152
59 11305
61 2453
73 2062
73 3166
74 11305
76 5439
83 13583
84 5439
84 13555
110 1264
110 1875
110 4570
117 410
117 613
117 2156
117 3574
122 158
134 891
134 2234
134 2600
134 5366
134 7128
134 9466
138 621
138 1206
138 1365
138 4632
138 5468
138 6630
138 7290
138 8131
138 11562
138 13178
138 13484
153 1321
153 1418
153 1552
153 6435
153 12630
153 13178
153 13511
153 13547
153 13551
153 13558
154 5560
158 736
158 852
158 881
158 4092
158 7290
158 8952
158 9143
158 9446
158 10231
158 11562
158 13573
170 13590
196 1144
196 6867
196 10525
196 10952
196 13088
204 13601
221 315
221 621
221 839
221 2694
221 5938
226 3030
226 4523
226 5141
226 6429
226 6942
226 7391
258 412
258 11548
267 8411
287 7984
315 577
315 618
315 2437
315 2954
315 3487
315 6429
315 10409
318 13569
348 12366
352 1177
370 6867
374 12200
412 3054
412 11546
412 13511
412 13539
431 2694
442 4117
442 5272
442 13574
444 5682
444 11340
446 4136
447 659
455 2522
455 4216
528 839
528 13539
528 13557
568 3107
577 1972
577 2158
577 2437
577 3185
577 4092
577 4765
577 9168
577 12125
577 13355
577 13589
599 3865
610 12801
613 837
613 13444
618 11666
618 13612
621 1732
621 2650
621 4910
621 5938
621 6429
621 7190
621 7487
621 8068
621 11921
621 12125
621 13444
621 13544
621 13577
621 13578
634 6435
659 2258
659 2688
712 12125
730 11951
736 10409
736 11605
736 13573
762 2062
762 2645
762 7230
762 13543
762 13570
774 11565
789 2825
789 9122
803 2256
803 13595
837 6619
839 2149
839 2437
839 3166
839 6594
839 12205
839 13583
839 13603
846 11797
846 13366
852 3313
852 3707
852 4092
852 4117
852 4452
852 4839
852 6435
852 8093
852 9565
852 9775
852 12880
852 13318
852 13422
852 13547
881 9143
897 5386
921 12719
963 13603
968 3484
968 11464
999 1636
999 8281
1002 5052
1002 10651
1005 5769
1036 2406
1036 8068
1057 4117
1057 9407
1106 2111
1106 8197
1115 13549
1144 2733
1144 10846
1170 4731
1177 2762
1206 3313
1206 6124
1206 7230
1206 9775
1206 13318
1242 13563
1255 2111
1255 2650
1255 3484
1255 3636
1255 4135
1255 6800
1255 8197
1255 9407
1255 11305
1255 11548
1255 13447
1255 13484
1256 2437
1256 3707
1256 9152
1256 9407
1256 13523
1264 2437
1264 3676
1268 1517
1321 13547
1325 1917
1325 2919
1325 10409
1333 11204
1359 7760
1361 4839
1361 10040
1361 11848
1361 13542
1361 13613
1365 3420
1365 3945
1369 5052
1369 5468
1392 6942
1392 7190
1392 13573
1392 13597
1393 5362
1398 1436
1413 5052
1413 13573
1418 8197
1418 11340
1517 9625
1539 3814
1552 3054
1552 4771
1552 5237
1552 7534
1552 8515
1552 13615
1581 1709
1581 4370
1581 7391
1599 13600
1612 2816
1622 1777
1636 13178
1636 13567
1672 6942
1717 13556
1763 9993
1763 13586
1786 13355
1788 13508
1831 13594
1854 2027
1854 4731
1854 11797
1854 12883
1854 13384
1863 8093
1875 2437
1875 10558
1877 5159
1877 11305
1877 13587
1917 1996
1917 3107
1917 6867
1917 9915
1972 9168
1972 12434
1985 2256
1985 9285
1990 3075
1996 12205
2027 3107
2027 6867
2027 9421
2027 13603
2062 5270
2062 9122
2062 12630
2086 3843
2089 2923
2089 9323
2111 2650
2122 3484
2149 3166
2149 3943
2149 8197
2158 4765
2158 7391
2192 8147
2234 6779
2234 11751
2234 13186
2240 3501
2255 5468
2255 13607
2256 12366
2286 9625
2286 13186
2313 4117
2313 5362
2313 6800
2313 9321
2313 10651
2313 13178
2313 13588
2313 13616
2389 13504
2406 7426
2408 11214
2408 11779
2408 12878
2428 11011
2437 2650
2437 3030
2437 3673
2437 3969
2437 4910
2437 5179
2437 6867
2437 8197
2437 9407
2437 11605
2437 11751
2437 13186
2437 13541
2437 13544
2437 13610
2453 8197
2453 11514
2472 4570
2472 6453
2472 13184
2472 13567
2522 4216
2522 13584
2529 3707
2529 4092
2529 7534
2529 11214
2529 12880
2529 13422
2529 13508
2529 13597
2600 5703
2627 13523
2628 4910
2645 4117
2645 4731
2645 10293
2650 4523
2650 6945
2650 8068
2650 8197
2650 13554
2682 12242
2692 5272
2692 10938
2692 12630
2692 13591
2694 6108
2733 6867
2739 5616
2739 6354
2756 4537
2762 11184
2762 13550
2762 13598
2767 11370
2923 5272
2956 5237
2956 5272
2956 5703
2964 9565
2964 13184
2970 10651
3041 8197
3041 9610
3041 10558
3054 9168
3054 13066
3054 13499
3075 7894
3107 6867
3158 12465
3166 3648
3166 4632
3166 4935
3166 9122
3166 11514
3166 12340
3251 13546
3313 6816
3313 13422
3313 13523
3368 9407
3368 13570
3377 6220
3377 13583
3381 4771
3405 3634
3442 13542
3447 12902
3457 8515
3461 11514
3484 6220
3551 9326
3574 13582
3617 8630
3636 4117
3636 5237
3636 9565
3693 13555
3707 10273
3707 13610
3785 13097
3785 13184
3814 8298
3843 11203
3984 5550
3984 9143
4000 5267
4000 8197
4011 13553
4031 7710
4031 9444
4031 13583
4057 13521
4059 13557
4090 13543
4092 4117
4092 9143
4092 9446
4092 12434
4092 13558
4092 13599
4113 7230
4117 4216
4117 5052
4117 5237
4117 5362
4117 5551
4117 6203
4117 6596
4117 6800
4117 6917
4117 8068
4117 9326
4117 9633
4117 10651
4117 10846
4117 10866
4117 12358
4117 13186
4117 13334
4117 13484
4117 13557
4117 13560
4117 13574
4117 13593
4117 13594
4117 13614
4171 6648
4171 11204
4216 6779
4216 13574
4234 4707
4249 13576
4339 13508
4419 10558
4419 11703
4419 13504
4419 13569
4456 7548
4460 13605
4507 13558
4536 6648
4562 4910
4570 10278
4632 5236
4632 5468
4632 8411
4632 9444
4632 10293
4632 12126
4680 12880
4702 13540
4731 5362
4731 9195
4731 9321
4731 12735
4734 13560
4746 6867
4746 9152
4746 11340
4746 12253
4746 13566
4771 8411
4771 13560
4771 13599
4771 13604
4771 13610
4783 12340
4783 12630
4839 13540
4839 13611
4910 6498
4910 12902
4916 11568
5009 6648
5012 11762
5141 9444
5143 11340
5159 8197
5237 7034
5237 11214
5237 12358
5263 13511
5267 8197
5270 5468
5272 5720
5272 11204
5272 13280
5272 13535
5272 13567
5306 13586
5308 13546
5362 9195
5362 13588
5362 13610
5366 11751
5373 8197
5373 11305
5386 12434
5468 9152
5468 11514
5488 5828
5550 13368
5550 13569
5550 13583
5551 6619
5551 6917
5551 12885
5560 13614
5599 13541
5633 10496
5658 12630
5720 6800
5720 9152
5720 13551
5720 13559
5720 13585
5785 8494
5849 6453
5912 8515
6002 8311
6128 9446
6180 12200
6203 8962
6203 13511
6203 13521
6203 13561
6373 6867
6373 7190
6373 7443
6373 9469
6373 9993
6373 10409
6373 10846
6373 12784
6373 13434
6373 13562
6389 11184
6429 7290
6429 13553
6435 9323
6435 10558
6435 12358
6435 12885
6448 10409
6448 11548
6448 11562
6467 13569
6498 9444
6498 10918
6498 12630
6498 13178
6498 13548
6582 11848
6594 8843
6594 10558
6594 13366
6594 13568
6594 13580
6596 13593
6619 11565
6619 12613
6619 12881
6619 13508
6619 13593
6619 13614
6648 9776
6648 12735
6779 9446
6779 10062
6779 10866
6779 11370
6779 13066
6784 9610
6800 8093
6800 9407
6800 10273
6800 10651
6800 12735
6800 12880
6867 10409
6867 10846
6867 11779
6867 12760
6867 13444
6917 9147
6942 10409
6945 13607
7034 8197
7034 12358
7034 13535
7034 13561
7034 13591
7034 13599
7128 9466
7170 12366
7190 9469
7230 13318
7290 8093
7290 9446
7290 12358
7290 12613
7290 13578
7290 13607
7335 13447
7391 13589
7443 10409
7464 13280
7464 13555
7487 13546
7534 8093
7534 8515
7534 11779
7534 13596
7546 13602
7710 11305
7855 13603
7984 8197
7984 8630
7984 12126
8093 8367
8093 9152
8147 13178
8197 9610
8197 12126
8197 12242
8197 12883
8197 13178
8197 13592
8197 13609
8208 12880
8281 11562
8281 13575
8281 13579
8298 9152
8347 12795
8367 12525
8484 11762
8484 13355
8515 10651
8515 12613
8515 13572
8613 13447
8843 13447
9143 9446
9152 9407
9152 12434
9152 12656
9152 13548
9152 13583
9168 13580
9197 9326
9285 10409
9285 11195
9285 12366
9285 13583
9321 10789
9323 13564
9407 11548
9425 10978
9444 11269
9444 11305
9444 12340
9446 13355
9446 13557
9565 10651
9565 13184
9610 10558
9625 13578
9789 11565
9789 12426
9789 13596
9993 12784
10027 13560
10068 13422
10068 13568
10272 13608
10409 11194
10409 11195
10409 13553
10479 13589
10492 13522
10558 11797
10558 12188
10558 13366
10592 11565
10866 13334
11061 12018
11061 13565
11103 13001
11103 13592
11184 13522
11194 11195
11203 11340
11203 12366
11203 13574
11241 13603
11299 13529
11340 11370
11340 11548
11340 12018
11340 12366
11340 13543
11340 13548
11340 13557
11514 13563
11548 11562
11565 12355
11565 13088
11601 11762
11779 12656
11779 13557
11799 13088
11809 12193
11943 13571
11951 13568
12092 13555
12188 12719
12295 13484
12355 13088
12735 13186
12735 13545
12735 13561
12760 13573
12885 13560
12885 13572
12885 13609
13097 13557
13325 13606
13355 13561
13368 13569
13414 13549
13508 13540
13508 13552
13555 13581
13568 13570
13602 13615
