0 406
0 461
0 570
0 708
0 771
0 1143
0 1255
0 1268
0 1300
0 1617
0 1622
0 1633
0 1636
0 1642
0 1691
0 1695
2 950
2 1177
2 1683
3 61
3 461
3 1002
3 1300
3 1422
3 1703
7 1642
8 158
8 565
8 728
8 729
8 1256
9 570
9 1338
12 74
12 124
12 226
12 1036
12 1054
12 1543
13 235
13 570
13 810
13 859
13 1716
14 124
14 133
14 206
14 570
14 1278
14 1654
14 1666
15 1658
18 72
19 26
19 29
19 201
19 461
19 570
19 610
19 1135
19 1705
19 1711
25 383
25 391
25 449
25 505
25 610
25 656
25 801
25 810
25 1255
25 1300
25 1369
25 1404
25 1622
26 29
26 48
26 76
26 84
26 121
26 158
26 170
26 196
26 524
26 570
26 610
26 613
26 621
26 708
26 712
26 729
26 760
26 788
26 824
26 839
26 881
26 904
26 1106
26 1249
26 1255
26 1642
26 1649
26 1683
26 1702
26 1708
26 1720
26 1722
26 1726
26 1735
28 852
29 76
29 189
29 302
29 370
29 403
29 414
29 546
29 570
29 691
29 1255
29 1278
29 1451
29 1617
29 1642
29 1695
30 124
30 206
30 240
30 434
30 461
30 570
30 771
30 839
30 1481
30 1510
30 1539
30 1642
30 1691
30 1698
30 1700
30 1719
41 1644
42 84
42 158
42 175
42 423
42 461
42 539
42 570
42 621
42 662
42 693
42 712
42 729
42 839
42 948
42 978
42 1164
42 1268
42 1269
42 1335
42 1361
42 1366
42 1369
42 1422
42 1495
42 1527
42 1536
42 1649
42 1655
42 1677
42 1684
43 46
43 76
43 158
43 449
43 570
43 708
43 820
43 852
43 1135
43 1143
43 1224
43 1242
43 1255
43 1298
43 1394
43 1404
43 1617
43 1642
43 1661
43 1691
43 1719
43 1723
43 1731
46 302
46 461
46 570
46 891
46 1214
46 1231
46 1268
46 1684
46 1721
48 73
48 121
48 133
48 226
48 570
48 1338
48 1422
48 1491
48 1694
59 158
59 286
59 565
59 613
59 1115
59 1395
59 1617
61 206
61 240
64 1035
68 434
69 570
69 852
69 1177
73 201
73 302
73 385
73 570
73 729
73 1255
73 1268
73 1694
74 1521
75 593
75 1268
75 1300
75 1674
76 84
76 90
76 97
76 158
76 159
76 235
76 287
76 349
76 410
76 434
76 449
76 461
76 494
76 539
76 546
76 570
76 613
76 859
76 914
76 922
76 948
76 963
76 1057
76 1224
76 1255
76 1268
76 1298
76 1394
76 1422
76 1617
76 1647
76 1649
76 1685
76 1723
76 1738
79 570
79 721
79 1392
79 1394
79 1666
79 1670
79 1711
79 1731
80 1106
83 134
83 505
83 810
83 836
83 1662
84 839
84 1035
84 1422
84 1630
88 158
88 286
88 1533
90 121
90 158
90 206
90 240
90 302
90 330
90 455
90 461
90 531
90 539
90 580
90 621
90 810
90 904
90 922
90 1214
90 1300
90 1543
90 1719
94 153
94 1419
95 201
95 1036
95 1691
96 157
96 235
96 370
96 539
96 729
96 810
96 824
96 1106
96 1268
96 1642
97 449
97 461
97 1249
101 1255
109 1278
109 1642
109 1661
119 1673
119 1679
120 1300
121 158
121 461
121 580
121 621
121 836
121 1177
121 1255
121 1617
121 1694
123 610
123 690
124 130
124 133
124 158
124 170
124 206
124 235
124 303
124 348
124 410
124 565
124 570
124 613
124 836
124 950
124 1265
124 1461
124 1719
124 1724
128 1652
129 810
129 859
130 235
130 1057
130 1540
130 1608
133 836
133 1214
133 1255
133 1300
133 1675
133 1731
134 423
134 621
134 836
134 1268
134 1667
135 507
135 1331
135 1667
135 1705
138 201
141 1298
148 1691
153 354
153 610
153 1177
153 1255
153 1300
153 1691
158 218
158 286
158 302
158 330
158 374
158 447
158 455
158 461
158 565
158 570
158 580
158 810
158 820
158 950
158 963
158 1115
158 1144
158 1242
158 1255
158 1278
158 1300
158 1334
158 1361
158 1369
158 1533
158 1588
158 1617
158 1650
158 1655
158 1670
158 1675
158 1688
158 1689
158 1691
158 1693
158 1696
158 1708
158 1713
158 1729
158 1733
162 1642
162 1656
170 839
170 1461
170 1484
170 1543
174 963
174 1654
174 1682
179 433
179 1143
184 218
184 423
184 449
184 613
184 659
184 1224
189 201
189 618
189 959
189 1521
189 1622
195 206
195 836
195 948
195 1268
196 271
196 289
196 613
196 752
196 1135
196 1278
196 1657
201 286
201 302
201 434
201 461
201 570
201 621
201 729
201 852
201 904
201 963
201 1023
201 1164
201 1255
201 1256
201 1331
201 1392
201 1539
201 1617
201 1622
201 1666
206 348
206 354
206 449
206 570
206 662
206 771
206 810
206 836
206 948
206 1023
206 1231
206 1268
206 1329
206 1617
206 1680
206 1684
206 1685
206 1691
206 1728
218 259
218 307
218 383
218 442
218 539
218 600
218 1361
226 1106
226 1145
235 240
235 449
235 839
235 1144
235 1278
235 1300
235 1540
235 1658
235 1714
235 1735
238 1036
240 349
240 570
240 810
240 963
240 1338
259 455
270 694
271 1622
275 963
280 304
280 461
280 1148
280 1255
280 1361
280 1413
280 1478
280 1687
286 461
287 570
287 729
287 948
287 1422
289 303
289 410
289 461
289 494
289 613
289 963
289 1292
289 1297
289 1300
289 1723
289 1738
292 1422
298 349
298 613
300 1410
302 494
302 521
302 570
302 613
302 708
302 789
302 810
302 878
302 1268
302 1617
302 1655
302 1713
303 1002
303 1540
303 1708
304 455
304 1645
304 1690
308 348
308 729
311 1446
315 610
315 613
315 621
315 1651
318 621
330 539
330 610
330 1268
330 1300
335 1422
335 1622
335 1691
339 708
348 610
348 752
348 839
348 1366
348 1622
348 1646
348 1650
349 570
349 728
349 1057
349 1177
349 1381
349 1446
349 1708
354 434
354 494
354 528
354 729
354 1268
354 1735
367 914
367 1106
370 531
370 708
370 1278
370 1329
370 1736
374 1115
374 1300
374 1696
383 1054
383 1666
385 691
388 1422
391 539
391 978
403 570
403 1413
403 1633
408 1723
410 1730
414 613
423 449
423 539
423 694
423 881
423 1128
423 1140
423 1361
423 1608
423 1725
424 1255
431 1642
432 682
433 1539
434 531
434 570
434 613
434 621
434 852
434 859
434 1177
434 1298
434 1413
434 1539
434 1655
435 1641
442 914
445 1692
446 1576
446 1608
447 494
447 613
447 1144
447 1543
449 461
449 570
449 613
449 810
449 1023
449 1290
449 1646
449 1658
449 1719
455 950
455 1422
455 1588
455 1643
455 1645
455 1682
456 839
461 570
461 610
461 621
461 729
461 771
461 820
461 830
461 903
461 948
461 950
461 963
461 1106
461 1171
461 1177
461 1185
461 1205
461 1242
461 1255
461 1256
461 1268
461 1290
461 1298
461 1300
461 1338
461 1366
461 1369
461 1392
461 1413
461 1422
461 1510
461 1617
461 1636
461 1658
461 1664
461 1684
461 1695
461 1708
461 1723
494 539
494 852
494 1106
494 1422
494 1731
504 1298
505 729
505 948
505 1268
505 1290
505 1300
505 1394
506 1039
506 1422
506 1654
509 563
514 771
514 1268
515 852
516 928
516 1255
521 1633
531 580
531 613
531 621
531 954
531 1422
531 1540
531 1657
539 570
539 852
539 859
539 978
539 1006
539 1231
539 1255
539 1268
539 1300
539 1540
539 1605
539 1718
565 820
565 950
565 1533
565 1669
565 1689
570 589
570 621
570 691
570 752
570 810
570 836
570 852
570 859
570 891
570 914
570 948
570 950
570 977
570 978
570 1002
570 1106
570 1242
570 1255
570 1256
570 1268
570 1298
570 1300
570 1338
570 1381
570 1436
570 1478
570 1491
570 1510
570 1527
570 1539
570 1540
570 1570
570 1617
570 1654
570 1661
570 1694
570 1695
570 1723
573 1394
579 1706
580 1300
610 613
610 1249
610 1255
610 1300
610 1422
613 621
613 682
613 690
613 729
613 914
613 950
613 955
613 1278
613 1300
613 1361
613 1392
613 1422
613 1546
613 1617
613 1678
613 1682
613 1697
613 1715
613 1732
613 1737
618 1622
621 729
621 773
621 836
621 904
621 1135
621 1143
621 1300
621 1422
621 1514
621 1539
621 1708
621 1726
621 1731
621 1733
621 1736
659 881
659 1646
659 1656
660 1334
660 1686
662 1268
662 1642
671 1292
682 729
682 1300
682 1422
691 729
691 852
691 954
691 963
691 1206
691 1255
691 1256
691 1300
691 1381
691 1570
691 1617
693 1290
694 1422
696 1642
696 1648
696 1691
700 1361
700 1642
708 839
708 928
708 1319
708 1642
712 1404
728 1224
728 1361
729 820
729 950
729 1023
729 1106
729 1135
729 1255
729 1256
729 1278
729 1300
729 1390
729 1422
729 1478
729 1521
729 1576
729 1588
729 1617
729 1633
729 1642
729 1688
729 1691
729 1692
731 1617
752 824
752 1268
760 1135
771 1214
771 1719
788 1057
789 963
789 1242
801 1642
810 839
810 859
810 1205
810 1300
810 1331
810 1366
810 1622
810 1700
820 836
824 1023
824 1630
830 1710
836 1205
836 1300
836 1366
836 1404
836 1642
836 1655
836 1680
839 1106
839 1600
852 1057
852 1070
852 1177
852 1256
852 1298
852 1436
852 1653
852 1690
852 1691
852 1694
852 1695
852 1712
852 1725
859 948
859 1106
859 1164
859 1171
859 1268
859 1300
859 1646
859 1719
881 1140
881 1361
881 1617
881 1636
881 1659
885 1725
891 1106
903 1300
904 1331
904 1419
904 1422
904 1736
914 1106
914 1205
928 1255
938 1663
948 963
948 1035
948 1231
948 1268
948 1300
948 1695
948 1700
948 1701
950 1106
950 1115
950 1478
950 1635
950 1671
954 1617
954 1636
954 1708
960 1255
963 1106
963 1205
963 1255
963 1446
963 1554
963 1576
963 1617
963 1695
963 1708
963 1731
978 1268
978 1664
985 1268
1002 1214
1002 1290
1002 1300
1002 1335
1002 1394
1002 1540
1002 1605
1002 1649
1002 1655
1002 1667
1002 1708
1002 1710
1006 1731
1023 1392
1023 1539
1023 1646
1039 1070
1039 1177
1039 1603
1054 1588
1054 1675
1057 1300
1057 1422
1070 1256
1070 1388
1092 1224
1106 1256
1106 1300
1106 1540
1106 1668
1106 1691
1106 1712
1106 1727
1115 1422
1115 1478
1128 1334
1128 1361
1128 1665
1135 1642
1140 1335
1140 1361
1143 1539
1143 1661
1144 1588
1148 1596
1148 1674
1152 1663
1164 1655
1171 1242
1171 1300
1171 1667
1172 1422
1177 1256
1177 1388
1177 1436
1177 1617
1186 1298
1205 1214
1205 1255
1205 1422
1205 1622
1214 1255
1214 1268
1214 1278
1214 1605
1214 1684
1214 1703
1223 1300
1231 1242
1234 1642
1249 1677
1251 1695
1255 1268
1255 1298
1255 1392
1255 1539
1255 1617
1255 1696
1256 1554
1256 1691
1256 1695
1256 1708
1256 1725
1268 1290
1268 1300
1268 1331
1268 1369
1268 1413
1268 1422
1268 1536
1268 1539
1268 1674
1268 1716
1268 1721
1268 1722
1268 1723
1268 1731
1278 1361
1278 1617
1290 1422
1290 1674
1292 1733
1297 1361
1297 1720
1300 1361
1300 1390
1300 1394
1300 1404
1300 1540
1300 1642
1300 1649
1300 1655
1300 1672
1300 1674
1300 1709
1304 1657
1329 1392
1331 1422
1331 1674
1334 1361
1334 1711
1335 1422
1335 1661
1338 1451
1338 1506
1361 1404
1361 1422
1361 1606
1361 1617
1361 1663
1361 1670
1361 1675
1361 1693
1366 1642
1381 1419
1384 1642
1388 1717
1390 1394
1390 1649
1392 1695
1392 1696
1404 1517
1404 1622
1419 1546
1422 1646
1422 1685
1422 1718
1422 1731
1478 1632
1479 1576
1517 1667
1527 1722
1533 1669
1540 1647
1543 1728
1605 1667
1606 1642
1618 1660
1622 1688
1633 1642
1636 1718
1641 1707
1642 1650
1642 1675
1642 1704
1649 1655
1666 1676
1674 1681
1694 1699
1694 1712
1725 1734
