3 1742
3 11514
3 13777
19 703
19 5606
26 2243
28 3461
28 5305
28 9152
28 9924
28 12643
29 3088
29 3160
36 460
36 2027
36 5468
36 12643
41 13850
42 1451
42 13825
43 573
43 1179
43 11340
43 13286
43 13776
46 11340
56 11340
70 13733
73 762
76 221
76 801
76 1792
76 6920
83 11340
90 2204
90 8930
97 1788
109 4058
110 2408
110 3676
110 5735
110 12709
110 13772
110 13780
110 13781
110 13821
113 12749
138 1593
138 3160
138 3388
138 4187
138 6779
138 11465
138 12906
138 13809
153 3388
153 8981
153 11465
156 669
156 4536
156 6429
156 8494
156 12735
158 1255
158 2816
158 3107
158 3160
158 3707
158 4924
158 6920
158 10068
158 12760
158 13525
158 13832
158 13834
158 13841
196 610
196 13854
204 7674
221 572
221 577
221 1242
221 2111
221 11340
221 12735
257 1653
257 5686
257 6947
258 467
258 13847
280 2956
280 4216
280 12273
280 12735
280 13834
287 13846
297 12655
304 618
304 13802
304 13840
318 1144
348 8197
374 13784
383 13437
383 13768
390 8175
390 11514
405 12424
412 969
423 7194
460 5828
460 12643
461 4058
467 3171
467 5272
467 12111
467 13356
467 13779
467 13824
510 1235
510 9924
528 613
528 4187
528 5272
528 13784
528 13822
536 13733
545 5119
545 13121
546 7534
556 13831
563 8379
568 839
568 1413
568 7000
568 12461
568 13676
568 13837
573 11489
577 1268
577 3171
577 8379
577 13778
610 2057
610 3843
610 4349
610 8119
613 12599
613 13784
613 13816
618 2158
618 3171
618 3882
618 4092
618 10068
618 13779
618 13822
621 5550
621 13014
621 13361
621 13733
636 1622
656 1786
656 8151
669 1517
669 4536
669 5468
669 7290
669 8494
669 10604
669 12735
712 13827
729 1359
729 1563
729 2816
729 3707
729 7000
729 7290
729 8494
729 12749
729 12883
729 13434
801 4390
801 4731
821 1451
821 1812
837 13376
837 13847
839 13555
852 1256
852 2756
852 5089
852 5247
852 6800
852 6817
852 8733
852 10203
852 13252
852 13422
852 13799
881 13555
891 2956
891 3107
917 4382
948 13662
968 10027
969 2243
1028 2669
1035 4419
1041 3607
1106 1786
1106 3381
1106 11921
1106 12906
1106 13846
1115 5084
1144 13121
1144 13562
1144 13785
1177 2428
1177 13787
1179 4923
1198 13820
1206 12880
1242 2437
1242 2956
1242 4216
1242 5031
1242 5415
1242 12735
1242 13707
1243 4058
1255 6920
1255 10068
1256 2306
1256 2488
1256 3707
1256 6920
1256 10068
1256 13280
1256 13525
1256 13799
1256 13812
1256 13842
1268 11514
1268 12709
1268 13794
1322 4092
1322 7464
1322 8484
1333 1451
1359 1563
1359 13154
1359 13785
1361 2240
1361 2692
1361 3388
1361 3526
1361 3607
1361 4707
1361 5672
1361 9326
1361 11848
1361 11921
1361 11929
1361 12161
1361 13804
1361 13820
1361 13831
1361 13835
1361 13843
1365 13782
1369 12709
1392 12880
1413 1812
1413 12461
1413 12550
1510 13708
1552 2762
1552 13802
1608 11426
1622 13356
1625 6862
1636 3388
1636 7674
1636 12205
1661 6596
1709 13261
1742 2418
1742 5141
1742 11159
1752 13361
1763 7109
1768 1779
1768 3030
1768 7391
1768 13653
1774 1794
1774 9323
1788 4187
1788 5141
1792 1917
1792 3528
1792 4731
1792 8567
1792 12883
1794 13788
1812 2529
1812 3088
1812 3160
1812 4117
1812 5272
1812 8912
1812 12883
1818 3461
1825 13808
1854 2027
1869 5065
1877 12749
1877 13839
1879 12442
1879 13814
1894 11159
1917 12602
1959 4110
1971 11203
1985 9789
1985 11779
1985 12686
1985 13595
1985 13773
2027 3935
2027 7000
2027 12643
2057 13793
2062 5678
2062 13776
2089 9326
2124 9741
2124 13312
2148 10203
2156 4117
2156 12880
2158 4632
2158 6619
2158 7000
2158 9323
2197 11779
2243 6373
2243 7391
2243 9469
2243 10168
2243 13819
2255 12749
2255 13780
2299 5247
2313 6990
2313 8596
2313 13812
2313 13825
2319 13828
2324 13850
2334 6373
2389 12749
2389 13856
2406 9458
2418 5468
2453 4632
2453 5270
2453 9888
2488 3707
2522 6862
2529 3313
2529 3388
2529 8733
2529 10925
2529 12878
2529 13280
2529 13774
2599 12874
2605 13825
2628 11779
2628 13844
2650 8151
2669 12709
2692 11929
2692 13562
2692 13815
2756 3707
2756 11465
2756 11675
2756 13252
2762 3107
2762 5272
2762 6596
2762 12434
2762 13009
2762 13733
2762 13788
2767 13851
2816 13841
2825 12735
2825 13708
2915 3446
2934 6920
2956 13708
2956 13794
2970 8197
2970 12461
3030 3865
3030 5550
3030 8918
3065 7708
3107 3865
3107 5560
3107 6203
3107 13376
3113 5270
3160 4117
3160 9565
3160 12125
3166 8175
3171 7290
3171 8515
3171 13805
3171 13838
3183 9446
3307 6836
3313 5089
3313 13280
3313 13525
3322 13819
3329 9565
3355 10730
3380 5649
3388 3636
3405 4419
3405 5966
3405 6779
3405 10558
3405 12749
3405 13783
3405 13852
3409 9323
3409 11929
3442 8630
3442 12205
3446 6867
3446 9565
3456 4798
3461 5658
3487 7290
3487 10730
3515 13799
3528 12883
3574 13847
3578 5247
3579 13290
3636 5616
3636 13804
3636 13825
3636 13840
3636 13842
3636 13847
3639 13822
3676 12442
3707 4138
3707 4771
3707 6800
3707 8733
3707 12880
3707 13782
3707 13815
3707 13841
3727 4798
3824 13806
3865 5550
3865 8067
3865 11381
3865 13807
3882 11848
3882 13822
3935 4370
3969 13707
3975 12874
3984 4518
4031 11383
4090 13759
4092 8484
4092 9326
4117 4589
4117 4798
4117 6862
4117 6990
4117 7674
4117 10231
4138 7034
4187 4530
4187 5706
4187 6203
4187 9017
4187 12306
4187 12906
4187 13771
4187 13784
4187 13816
4187 13847
4193 5362
4216 4798
4216 12735
4280 13799
4370 12749
4390 13676
4419 13261
4419 13783
4488 13820
4507 6779
4523 9444
4536 8494
4536 9257
4536 13356
4553 13823
4589 5272
4589 13847
4680 5720
4680 10808
4731 6862
4731 12205
4731 12735
4731 13826
4746 7708
4746 13841
4765 13794
4771 9924
4783 11159
4798 5265
4798 6429
4798 6619
4798 7391
4798 12735
4839 5084
4839 13831
4855 8918
4866 11929
4873 5468
4909 9394
4924 8085
5031 12442
5065 10730
5084 9323
5119 5649
5119 9256
5119 13811
5119 13833
5247 5270
5247 9649
5272 13779
5305 9152
5308 13711
5308 13818
5362 13708
5363 13792
5366 9466
5366 12735
5366 13791
5468 8175
5468 11383
5468 12643
5487 9256
5560 13721
5606 11779
5616 5649
5616 13825
5652 13796
5672 13843
5678 13776
5720 6862
5720 9323
5816 13356
5828 12643
5831 9256
5831 13121
5831 13823
5831 13838
5859 13525
6107 8197
6108 10730
6178 13788
6196 7000
6203 13595
6203 13740
6203 13847
6373 10846
6373 13155
6373 13786
6373 13813
6392 12341
6582 9741
6596 12111
6618 13697
6624 9649
6678 13807
6692 8981
6692 13824
6779 13783
6779 13820
6817 13525
6865 13855
6867 13785
6867 13835
6920 10068
6942 13789
6978 8918
7000 10816
7000 13837
7034 11929
7034 12205
7034 13838
7096 11037
7109 11779
7109 12985
7109 13773
7109 13793
7120 8119
7290 10068
7335 12643
7391 11340
7391 11465
7391 11763
7491 13710
7708 9323
7749 11779
7760 13154
8119 11383
8119 11779
8151 9444
8151 13856
8197 9152
8197 12273
8197 12719
8197 12735
8197 13653
8197 13708
8197 13781
8197 13801
8197 13825
8197 13833
8197 13836
8197 13845
8272 13708
8367 13799
8379 12125
8460 11779
8515 8981
8515 9257
8515 12434
8515 13226
8515 13356
8947 13829
8981 11340
8981 11779
8981 12253
8981 13017
9041 13813
9245 13768
9256 13800
9257 11851
9323 13280
9444 10366
9444 11383
9466 13791
9466 13817
9469 9613
9476 13791
9562 13660
9613 11763
9741 13788
9868 12760
10068 11851
10068 13848
10268 13676
10268 13775
10347 13121
10347 13848
10461 13831
10520 13833
10558 11203
10558 13707
10604 13832
10690 13733
10737 13121
11203 13707
11203 13789
11203 13825
11241 13767
11340 11763
11340 12059
11340 13760
11340 13798
11340 13803
11464 12442
11464 12709
11514 12709
11565 13773
11742 13733
11762 13811
11763 13372
11779 11921
11779 13771
11779 13853
11921 13771
11929 12253
11929 13773
12023 13578
12205 13797
12355 13854
12358 13226
12366 13790
12434 13482
12442 13776
12550 13014
12579 13830
12599 13017
12701 13818
12735 13707
12735 13708
12735 13776
12735 13820
12784 13807
12878 13280
12881 13711
12883 13676
13014 13827
13017 13595
13178 13802
13280 13847
13422 13799
13562 13847
13578 13775
13595 13773
13708 13795
13732 13818
13732 13831
13773 13810
13788 13833
13812 13820
13820 13835
13847 13849
