4 5476
26 11326
29 1255
42 172
42 258
42 3811
42 10268
43 536
43 968
43 2888
43 2970
43 9422
43 12366
43 13979
43 13981
43 13994
43 14034
46 12992
48 4116
56 13998
70 5501
73 5270
76 5100
76 8298
76 11779
76 12434
76 12885
76 13939
76 14006
83 1812
84 6708
88 6498
88 11779
88 13977
108 2107
108 5270
108 8567
108 11362
110 2255
110 2645
110 3616
110 9698
110 13390
110 13986
110 14004
110 14009
122 5125
138 5352
138 5430
138 9152
138 12434
138 13978
138 14024
138 14030
153 9394
153 12366
153 13061
153 13989
156 2107
156 6867
156 11269
158 2885
158 9868
158 12713
158 13928
158 14029
172 6435
172 12643
189 1255
190 11326
196 610
196 6498
196 12366
196 13960
204 407
204 1552
204 10203
204 13975
226 5468
258 7281
258 9175
287 2389
297 14029
298 14026
318 1788
324 9168
370 11326
407 4117
407 10203
408 4187
408 5427
408 5672
408 7000
408 9158
408 13680
410 13017
410 14006
455 10409
461 3040
461 13271
461 13955
461 14014
467 536
467 3104
467 4746
505 4591
531 1361
531 13957
531 14035
536 1361
536 1825
536 3636
536 4117
536 5125
536 7534
536 8197
536 9961
536 13739
536 13941
536 13949
536 13954
545 6940
545 12208
563 618
563 12366
568 1255
568 9458
568 13973
572 1268
572 2111
572 4948
572 13973
573 3405
573 13986
573 14018
577 7000
577 8097
610 2762
610 4187
610 11383
610 12366
611 9595
611 12345
613 13951
613 13952
613 13987
618 5911
621 904
621 5911
621 12366
621 12532
621 13965
621 14030
634 11340
634 13939
656 3086
660 1552
660 2504
700 13735
729 2107
729 4632
729 7000
729 10846
729 12023
729 13936
729 13968
729 13993
729 14006
738 14001
762 773
762 852
762 1879
762 2255
762 3313
762 3578
762 5468
762 13931
773 9444
821 6708
821 13991
836 1200
837 13987
839 5144
839 8298
839 9245
839 13931
852 2057
852 3313
852 4948
852 6800
852 8566
852 8567
852 10203
852 12366
852 13966
852 13996
852 14002
857 14018
857 14019
859 1106
881 1106
881 10612
891 4216
897 1958
897 3329
897 13955
917 6885
917 13378
928 2027
947 2767
948 13390
948 14022
968 4216
969 10612
1002 4216
1002 10203
1002 14028
1041 12962
1060 13033
1106 6708
1106 13955
1106 13957
1106 14006
1115 12686
1144 7991
1144 12366
1144 14029
1179 2313
1185 12366
1200 1256
1200 1593
1200 2756
1200 7186
1200 12148
1206 14024
1223 13851
1235 6124
1242 13973
1255 3030
1255 5100
1255 5430
1255 6708
1255 7760
1255 11779
1255 12090
1255 12434
1255 13514
1255 13674
1255 13980
1255 13985
1255 14014
1256 3887
1256 13184
1256 13935
1256 14002
1264 4216
1268 3616
1268 5616
1268 13708
1304 13960
1321 6708
1333 9158
1335 1794
1335 4632
1335 12876
1359 5616
1359 6779
1359 14039
1361 3356
1361 4117
1361 5119
1361 13912
1361 13943
1361 14012
1361 14039
1369 3093
1369 14041
1392 13989
1392 14006
1527 13984
1539 4116
1552 5125
1552 5720
1552 8197
1552 9158
1552 13935
1552 14030
1604 2248
1604 4117
1604 8197
1636 13945
1636 14006
1642 2919
1687 7034
1687 8433
1709 12090
1709 12962
1742 7620
1742 8688
1742 13993
1763 13889
1763 13989
1779 3030
1786 14024
1786 14030
1788 5468
1812 12366
1831 12366
1836 8197
1854 2062
1854 5560
1854 12253
1854 13976
1861 13184
1877 6867
1879 9888
1908 14037
1917 2192
1917 5946
1917 9897
1917 10846
1917 11269
1952 9257
1970 13953
1971 13390
1972 13940
1985 9469
1996 4589
2019 2669
2019 13947
2027 5029
2027 7074
2027 8151
2027 11489
2027 13390
2027 13939
2027 14011
2111 3030
2122 2389
2122 3104
2124 13962
2156 8197
2197 12434
2204 10730
2223 7107
2243 9422
2243 14016
2255 3573
2255 3616
2255 9568
2255 12090
2255 13390
2255 13504
2255 13960
2255 13961
2255 13981
2255 14030
2256 6373
2256 8272
2256 12366
2313 3356
2313 5720
2319 4419
2324 8197
2324 9466
2324 13814
2333 13707
2333 14036
2334 4031
2334 10409
2357 13980
2389 4632
2389 5468
2389 8121
2389 9523
2389 11464
2389 13390
2405 12366
2428 6708
2428 14012
2455 4765
2455 13965
2472 10268
2472 13504
2522 13941
2529 10789
2529 13083
2529 13945
2529 14006
2543 7391
2640 8566
2645 4333
2645 7855
2650 9993
2650 12992
2669 12716
2694 7699
2694 8298
2728 12366
2730 5946
2730 13434
2730 13932
2739 5616
2739 7281
2756 4366
2756 12366
2762 6373
2762 7391
2762 12366
2762 13589
2762 13804
2762 13950
2762 13997
2762 14013
2767 3161
2767 3415
2767 11533
2767 13965
2767 13969
2767 14038
2821 4677
2821 7391
2885 4382
2885 10520
2885 13595
2956 13947
2970 4216
3023 13937
3030 9158
3030 12992
3030 13956
3041 13707
3041 14009
3088 8197
3093 4216
3093 7855
3093 10387
3093 12883
3104 4746
3107 4589
3122 11565
3166 3648
3166 8688
3166 9109
3166 9444
3171 13978
3180 12686
3224 14041
3278 3707
3329 12434
3368 11751
3368 12434
3377 14014
3381 14040
3405 13944
3405 13986
3447 9534
3458 11103
3458 13926
3487 4031
3515 4271
3528 14006
3608 9045
3616 12388
3636 8197
3636 14032
3680 9698
3843 4047
3856 4948
3882 11340
3882 14005
3887 6429
3887 13355
3935 6373
3935 6624
3935 6867
3935 9469
3935 12023
3984 4831
3984 11548
3984 12434
4031 13960
4038 13531
4059 9285
4059 12366
4092 9158
4092 13492
4092 13958
4092 14000
4092 14032
4116 5141
4116 10268
4117 4904
4117 6708
4117 7281
4117 7534
4117 7674
4117 8433
4117 8596
4117 10203
4117 10789
4117 10846
4117 11326
4117 11533
4117 12358
4117 13960
4117 14022
4187 10868
4187 12022
4187 13948
4201 8097
4216 4536
4216 4731
4216 8124
4216 8197
4216 10071
4216 12366
4216 13184
4216 13914
4216 13921
4216 13926
4216 13956
4216 13973
4216 14037
4232 7391
4271 9312
4271 13912
4271 14012
4349 11779
4349 12366
4357 11340
4357 11548
4370 9458
4419 9458
4419 9698
4419 12090
4419 13390
4419 13976
4488 13715
4507 14026
4536 6596
4536 13033
4536 13514
4536 13933
4536 13956
4546 13922
4652 6885
4677 7391
4731 6017
4731 12366
4731 12465
4731 13973
4731 14003
4746 10268
4746 10846
4765 9285
4765 9961
4771 12148
4771 13390
4771 13955
4771 14006
4783 8688
4783 12340
4831 10520
4855 14018
4888 10789
4895 12366
4895 13184
4904 6017
4948 5720
4948 6800
4948 8566
4948 12366
4949 9168
4968 12366
4968 13934
5029 8197
5029 13390
5049 12962
5100 12434
5119 9175
5119 11340
5119 12366
5119 13184
5119 13965
5119 14039
5119 14040
5125 8197
5141 6498
5141 8175
5141 8626
5141 8688
5141 9109
5141 9449
5141 13993
5181 9698
5270 6498
5270 13991
5362 13947
5430 12434
5432 13976
5468 5558
5468 8175
5468 11489
5468 14010
5468 14021
5471 12366
5494 10042
5501 7290
5501 8494
5550 14030
5558 6498
5558 9109
5605 13938
5616 5720
5672 7000
5720 6800
5720 8208
5720 8566
5720 9158
5720 10203
5720 13674
5720 14002
5828 14006
5857 13983
5911 13686
5938 14027
5946 7464
6373 7274
6373 9458
6373 12366
6373 12644
6373 13930
6373 13940
6373 13988
6373 14008
6429 11269
6467 14030
6498 8175
6498 13960
6498 14010
6596 13033
6596 13933
6596 14023
6618 12760
6619 13990
6644 13531
6708 12525
6746 13946
6779 13820
6779 13947
6800 8566
6800 13996
6816 13347
6817 13991
6817 13996
6867 10846
6867 11925
6867 13741
6867 13851
6867 13940
6867 14020
6940 11340
7000 9446
7000 9897
7000 10846
7000 11269
7000 13533
7000 13961
7007 11103
7007 11134
7034 8197
7034 13958
7119 10878
7120 14027
7234 13968
7290 13956
7290 13970
7290 14006
7290 14039
7335 13531
7335 14014
7391 9458
7391 9469
7391 12366
7391 12760
7391 13589
7391 13972
7391 13974
7392 14021
7428 13735
7491 14012
7534 13236
7647 14007
7699 8197
7718 8281
7760 14034
7855 9698
7855 13972
7855 13984
7855 13985
7991 9993
8067 9312
8067 12716
8093 12434
8093 12525
8093 13937
8093 13991
8151 10846
8151 11269
8151 12866
8175 9444
8197 9698
8197 11103
8197 12716
8197 12878
8197 13936
8197 13995
8272 11464
8272 13978
8272 13979
8298 12434
8433 9789
8433 13793
8515 13033
8567 13722
8613 13531
8630 12205
9124 13978
9152 9175
9152 10724
9152 12366
9152 13548
9168 13976
9257 9536
9257 13226
9285 9961
9323 12760
9323 13589
9323 13974
9394 9469
9394 12366
9444 13970
9444 13981
9449 13986
9449 13994
9449 14041
9565 12366
9775 14002
9789 12208
9789 13990
9789 14025
9841 12709
9841 14015
9958 13940
10027 13955
10068 14005
10068 14006
10321 14029
10387 12883
10492 13548
10520 11779
10520 13595
10520 14033
10690 14013
10730 12716
10730 13226
10734 12648
10789 11533
10789 13943
10846 11269
10999 13920
11051 13964
11127 12366
11251 12366
11269 11779
11299 14008
11340 12760
11340 13548
11340 13895
11340 13960
11340 13976
11340 14031
11383 11742
11410 12434
11531 13088
11548 12366
11548 12434
11582 11779
11582 13942
11723 13981
11728 14005
11779 13981
11779 13991
11943 13963
11943 14026
12070 14034
12128 13914
12161 13987
12253 13958
12253 13960
12355 13965
12358 13033
12366 13184
12366 13889
12366 13978
12366 14032
12425 12876
12425 13332
12434 12713
12434 12885
12434 13590
12434 13674
12434 13971
12525 13565
12579 14001
12655 13992
12655 14042
12719 13995
12727 13735
12883 13676
12883 13995
12883 14023
12885 13943
12962 13978
12992 13563
13017 13953
13017 13969
13083 14030
13168 13589
13184 13978
13492 14000
13555 13957
13563 13944
13590 14008
13680 14006
13812 14017
13844 13883
13854 13992
13888 13986
13958 13959
13965 13967
13965 13999
13978 13982
14010 14034
14018 14019
