2 204
2 2522
2 11204
3 14649
7 2958
19 659
19 1388
29 76
29 382
29 1232
29 1742
29 2786
29 2816
29 3624
29 5141
29 5270
29 6498
29 11066
29 11779
29 14636
36 2027
41 7541
42 110
42 1057
42 1106
42 1333
42 2406
42 2490
42 3409
42 3442
42 5616
42 5744
42 7034
42 9536
42 12723
42 14573
43 2490
43 4860
43 6435
43 9204
43 11464
43 14586
43 14625
43 14639
43 14641
43 14652
59 10068
59 11548
73 1206
73 1256
75 3165
75 14348
75 14405
76 1106
76 1177
76 3785
76 8272
76 8363
76 12388
76 13681
76 14309
76 14394
88 5100
95 659
95 2057
95 2158
95 2762
95 3158
95 6817
95 14577
95 14597
97 3166
97 14588
110 247
110 14625
113 5744
113 14509
117 461
138 240
138 1255
138 1285
138 1604
138 4632
138 7290
138 12366
138 14338
138 14636
151 166
153 4585
153 4746
153 8272
153 14546
154 3107
157 2816
158 14594
158 14637
184 659
184 852
184 2650
184 12358
204 7541
206 4419
240 14617
247 14605
258 613
258 14563
287 13366
304 659
304 3107
304 11504
318 544
318 773
318 1612
318 4031
345 1198
351 3113
374 9469
383 10040
405 6945
405 10387
412 14394
412 14509
423 14579
444 2529
444 4309
444 5305
444 13595
455 659
455 1365
455 2762
455 3882
455 4117
455 4746
455 4771
455 5720
455 8298
455 9474
455 10293
455 10555
455 12672
455 14303
455 14574
455 14582
455 14621
455 14622
455 14627
455 14634
455 14635
455 14648
524 2845
524 5100
532 686
532 1106
532 14453
539 10071
546 1413
546 10747
546 14590
556 14596
570 2816
570 5468
570 7290
573 8197
573 8260
577 621
577 6945
608 11326
610 1973
613 14509
613 14607
618 621
618 1583
618 3107
618 5468
621 1972
621 2057
621 2762
621 7391
621 8298
621 14581
621 14585
621 14588
621 14590
621 14631
647 14504
659 839
659 2650
659 10461
682 2428
686 5493
686 14303
686 14453
712 3226
712 6506
712 10990
712 13373
712 14564
712 14631
726 2428
729 2529
729 2682
729 3329
729 6373
729 7000
729 14453
729 14583
762 852
762 2522
803 4839
821 14394
834 3107
839 1786
839 2319
839 5021
839 6708
839 10801
839 13366
839 13781
839 14509
839 14586
839 14650
839 14652
846 6435
852 3707
852 4771
852 6223
852 8367
852 10990
881 13681
897 6643
897 10231
897 14142
904 2762
907 8367
963 4232
1002 4157
1002 10472
1041 14583
1057 3442
1060 12885
1106 3442
1106 4117
1106 7000
1106 8067
1106 13959
1106 14513
1106 14590
1115 9147
1115 12672
1115 13178
1144 4577
1144 11523
1177 11943
1206 2102
1206 2816
1206 5233
1206 5720
1206 9829
1206 14338
1206 14573
1206 14585
1232 7391
1232 14187
1255 4632
1255 14598
1256 1604
1256 2529
1256 2868
1256 3107
1256 9829
1256 14202
1256 14606
1268 14453
1268 14612
1304 12434
1333 9536
1359 5616
1359 14595
1361 1604
1361 2762
1361 7034
1361 13361
1361 14577
1365 2102
1365 14581
1365 14597
1369 2111
1369 3377
1369 12090
1369 12388
1369 14641
1395 10890
1400 2490
1413 2428
1413 5849
1510 2943
1539 14585
1539 14615
1552 2868
1552 4507
1552 4904
1552 10801
1552 12723
1552 14578
1552 14618
1563 12672
1593 9829
1593 14338
1614 9323
1636 3984
1636 6779
1636 7000
1636 14513
1636 14597
1667 10846
1709 1818
1709 2111
1709 2406
1774 14631
1794 7181
1818 2111
1818 7391
1818 11053
1824 11779
1854 2027
1854 5468
1854 14036
1877 13781
1885 2027
1917 6596
1917 10705
1917 11326
1917 12358
1917 13676
1917 14377
1917 14650
2019 6779
2019 14649
2057 2756
2057 5233
2062 3166
2062 9122
2062 11779
2062 14616
2081 14611
2102 3573
2102 7000
2102 9323
2111 2324
2122 4157
2124 14577
2124 14596
2128 3505
2158 2762
2158 5366
2158 7391
2158 8272
2158 14610
2177 14303
2223 4746
2223 5089
2223 10068
2234 14655
2255 2406
2255 14654
2256 13361
2256 14509
2256 14587
2286 14655
2287 7000
2313 10801
2313 14030
2319 3865
2324 12723
2389 13366
2406 3405
2428 14062
2437 4216
2437 6498
2437 13781
2437 14453
2437 14612
2472 8260
2488 2529
2488 14606
2490 2956
2490 6005
2490 13681
2529 4632
2529 5233
2529 9829
2529 10801
2529 13366
2529 14371
2529 14509
2592 14637
2598 11053
2598 11326
2600 10472
2619 11326
2619 14453
2650 14563
2674 14649
2682 7000
2694 13781
2756 5089
2762 10273
2762 11803
2762 14303
2762 14574
2762 14577
2762 14611
2762 14648
2767 5119
2767 11803
2816 3648
2816 4031
2816 8298
2816 9543
2820 6435
2821 14564
2868 4731
2868 14498
2934 14523
2943 4157
2943 6708
2954 3171
2956 5849
2956 6435
2956 14563
2956 14604
2974 8824
3023 5233
3023 14626
3030 13095
3064 12434
3104 12136
3113 12434
3123 14493
3166 4031
3166 4465
3166 5468
3166 8260
3166 9543
3166 13095
3171 4771
3195 10352
3226 14563
3239 7000
3239 9446
3253 9536
3254 14589
3329 3405
3329 6373
3329 6867
3329 9469
3377 3614
3380 5616
3381 6708
3381 14394
3405 4532
3405 14453
3405 14599
3442 9536
3515 5233
3613 7000
3613 14513
3613 14546
3624 10789
3636 14563
3646 5179
3646 6817
3707 5089
3707 12461
3707 14581
3707 14606
3787 7290
3806 11947
3816 14576
3828 11053
3828 14628
3882 14577
3917 14303
3950 14619
3975 12795
3975 14647
3984 12940
3984 13965
4031 4632
4031 5141
4031 7391
4031 13429
4092 5616
4092 14627
4117 6189
4117 7034
4117 9204
4117 14303
4117 14505
4117 14609
4135 5938
4135 13361
4157 4632
4157 10071
4171 6596
4187 14561
4216 6189
4216 8272
4216 12090
4216 14405
4216 14603
4239 14576
4309 4402
4309 5305
4339 11779
4339 14607
4402 8197
4402 14338
4507 8197
4536 6202
4536 7181
4536 13676
4577 11803
4585 9789
4615 11779
4632 5143
4632 10801
4632 13429
4632 13447
4670 14589
4731 14180
4731 14653
4746 4771
4746 5308
4746 9292
4746 12881
4746 14418
4765 7034
4771 4924
4771 5179
4771 7000
4771 7034
4771 10352
4771 10860
4771 14619
4831 13088
4839 7541
4839 14030
4839 14620
4866 14394
4904 5362
4904 9446
4904 13914
4904 14638
4904 14645
4924 14410
4981 14603
5007 8272
5007 10492
5012 14583
5021 5992
5089 5233
5100 5468
5100 8688
5119 8272
5119 11523
5119 14469
5119 14516
5202 14597
5233 5430
5233 8225
5233 14255
5233 14323
5270 14583
5270 14590
5270 14615
5305 5366
5305 7738
5305 8197
5305 13595
5305 14535
5362 6448
5362 6990
5362 9446
5362 13859
5362 14609
5362 14642
5366 6779
5366 14597
5468 8298
5468 10801
5468 13075
5468 14563
5468 14584
5493 13017
5550 13361
5560 13959
5616 6779
5616 7034
5616 10846
5681 14210
5699 14180
5720 13674
5720 14581
5720 14606
5720 14617
5816 14180
5849 6779
5849 7000
5849 12885
5849 14180
5849 14619
5849 14639
5849 14646
5859 12672
5859 14581
6373 6867
6373 11803
6373 14631
6429 10801
6435 7000
6448 13859
6498 14585
6596 9848
6596 13676
6643 9152
6643 14633
6708 10042
6779 14453
6779 14569
6779 14578
6779 14595
6779 14619
6779 14649
6804 13595
6817 14571
7000 7122
7000 14180
7000 14303
7000 14453
7000 14504
7000 14513
7000 14597
7000 14603
7000 14619
7034 14180
7034 14303
7034 14415
7034 14597
7205 13515
7261 12795
7290 14338
7391 11053
7391 13074
7391 13373
7464 13210
7589 11326
7647 8238
7647 11696
7647 13088
7839 9882
7885 14640
8067 10027
8093 8945
8119 14580
8165 14338
8197 8260
8197 9683
8197 10130
8197 12543
8197 12672
8197 14335
8225 14626
8298 9444
8298 13844
8298 14562
8382 14509
8387 14631
8515 14130
8515 14581
8596 14575
8654 9570
9010 10860
9168 14593
9292 14606
9299 9800
9323 14580
9323 14631
9444 14469
9446 12723
9446 14591
9469 11803
9469 14631
9483 12672
9483 14064
9829 9888
10027 10860
10040 14509
10068 11548
10068 12434
10068 14338
10068 14580
10071 13959
10168 10293
10273 11447
10273 14573
10273 14621
10293 13578
10347 14632
10409 14609
10558 11053
10636 14602
10789 14587
10808 14453
10846 14613
10850 12672
10990 14338
11101 14605
11299 14036
11299 14644
11305 13095
11326 11779
11340 14608
11504 12253
11504 14130
11523 14338
11566 14629
11696 14340
11779 14590
11803 14631
11844 14600
12054 14649
12071 12723
12253 14624
12355 14135
12388 14592
12388 14612
12432 14187
12434 13674
12434 14303
12442 14612
12461 14338
12550 12672
12550 14523
12672 14576
12795 14651
12885 14651
13773 14025
13844 14303
13844 14630
13959 14062
14042 14614
14062 14453
14180 14597
14338 14615
14338 14623
14410 14614
14563 14578
14563 14604
14597 14601
14606 14617
14643 14644
