0 3088
0 4585
2 13813
13 1517
19 5550
26 946
28 8363
29 76
29 414
29 3166
29 14978
41 298
42 1359
42 1413
42 4589
42 6779
42 14130
43 76
43 608
43 809
43 3166
43 3528
43 10706
43 14976
48 318
48 4783
48 9444
59 2223
59 9425
61 14946
76 461
76 608
76 729
76 1413
76 1604
76 2334
76 5270
76 9865
76 10706
76 13061
83 8298
83 14905
84 133
84 948
89 2816
96 110
96 573
96 762
96 3405
96 6784
97 3458
97 14908
100 158
100 1877
100 14971
108 7371
108 14928
110 809
110 903
110 1640
110 14910
110 14915
133 2149
133 6429
134 2816
138 258
138 524
138 6124
138 7749
138 9829
138 14062
138 14735
138 14885
138 14905
140 446
140 3458
140 3690
140 5682
140 8298
140 11340
140 13061
140 14906
145 14876
153 3592
153 5692
153 14973
158 1115
158 1198
158 1321
158 2459
158 3456
158 4216
158 4731
158 5451
158 6917
158 8666
158 12075
158 12620
158 13807
158 14030
158 14204
158 14895
158 14905
158 14923
158 14924
158 14945
158 14956
158 14978
158 14987
190 14928
196 14923
201 10706
201 14917
226 1697
226 4615
236 3243
258 1413
258 1792
258 14906
280 2756
280 2816
280 13631
287 2612
287 4771
287 13363
297 14904
298 11392
315 621
315 1198
315 8298
318 839
318 1514
318 4783
318 14866
318 14980
335 3458
336 5065
354 14971
370 3107
370 14958
374 4798
374 14903
383 14130
383 14335
399 1140
434 14753
461 2674
461 2868
461 6429
461 7372
461 8197
461 9081
467 14204
475 11392
510 904
510 3648
510 4031
510 5706
510 6498
510 6779
510 7290
510 7947
510 14916
524 5270
524 14966
528 14930
546 14957
570 3166
570 14905
573 762
573 1877
573 14985
577 762
577 10706
577 12341
602 8281
610 897
610 3592
610 11531
610 14062
613 2437
618 1198
618 14928
621 1198
621 14978
659 14688
682 2756
700 839
700 1917
729 809
729 1198
729 1402
729 1563
729 1604
729 2529
729 2607
729 3177
729 3979
729 11779
729 14030
729 14751
729 14943
762 5550
762 10483
762 14891
762 14943
774 14921
781 2674
781 5468
781 10706
789 14899
794 903
809 2437
809 3856
809 14892
839 6945
839 11269
852 1563
852 2529
852 2670
852 2756
852 3313
852 6223
852 8225
852 13061
852 14514
852 14905
852 14931
859 13707
881 1604
881 4589
881 10409
881 14062
881 14496
881 14967
892 7391
897 1691
897 3243
897 11340
897 14866
903 1413
903 1636
903 6779
903 14964
904 2095
904 4231
946 1742
946 2027
948 13447
996 6429
996 14886
1002 14906
1002 14964
1057 14906
1057 14962
1057 14968
1060 6429
1115 1256
1115 3592
1115 4798
1115 4809
1115 5451
1115 8298
1115 13807
1115 14062
1135 14342
1140 1763
1140 14907
1141 14983
1144 1278
1144 1763
1144 2730
1144 2930
1144 6867
1144 10846
1144 11779
1144 12784
1185 14911
1198 7391
1198 9323
1198 11779
1206 2816
1256 2148
1256 2529
1256 11158
1256 14905
1256 14917
1264 2334
1268 6505
1268 8868
1268 14950
1298 10930
1321 8712
1321 12434
1321 14973
1335 4783
1359 2762
1359 13061
1359 14928
1361 4746
1361 14130
1365 14905
1365 14955
1369 14989
1381 2411
1381 14898
1402 7924
1402 9195
1402 10268
1413 2149
1413 2762
1413 4589
1413 7000
1413 8596
1413 10575
1413 14978
1514 5550
1517 3841
1517 14848
1539 8298
1539 14955
1551 2529
1562 6505
1563 2762
1563 5560
1563 11340
1593 3458
1604 2095
1604 4924
1604 6779
1604 13061
1636 4589
1636 5560
1636 9168
1636 9312
1636 12358
1636 13061
1636 14062
1636 14130
1636 14304
1636 14906
1636 14921
1640 14824
1640 14929
1657 14748
1732 9809
1742 14980
1763 14685
1763 14896
1763 14914
1763 14923
1763 14986
1787 2529
1787 3458
1787 10347
1788 2095
1788 11392
1818 4783
1818 14980
1845 5720
1845 10068
1845 14338
1877 2437
1877 14915
1877 14951
1877 14963
1917 4216
1917 13981
1917 14920
1917 14957
1977 14969
1985 8119
1985 10040
1985 14610
2019 4216
2019 9920
2027 14963
2063 14441
2095 3313
2095 3636
2095 3856
2095 4090
2095 6498
2095 10939
2124 4460
2124 14978
2131 2762
2148 2756
2148 3313
2149 4783
2156 14062
2156 14927
2158 14418
2223 3545
2223 5831
2223 13061
2256 5550
2256 11531
2284 14748
2297 13288
2313 13061
2313 14991
2319 3592
2319 13696
2319 14971
2334 2930
2334 8197
2381 6505
2389 2888
2389 14675
2406 4532
2412 4171
2437 2816
2437 14062
2451 5468
2451 8472
2451 12985
2488 9124
2522 4589
2529 5831
2529 6223
2529 11340
2529 14062
2529 14617
2529 14965
2534 13061
2592 6280
2603 14688
2603 14727
2607 13061
2607 14338
2612 4771
2650 4117
2670 3458
2674 9865
2692 2950
2729 10409
2756 11392
2756 14870
2756 14905
2756 14931
2762 3088
2762 3636
2762 4746
2762 5849
2762 6576
2762 7034
2762 7391
2762 11340
2762 13061
2762 14062
2762 14912
2762 14974
2762 14975
2767 9722
2868 14919
2902 3646
2902 5831
2930 5550
2930 12784
2952 4924
2952 5119
2957 7391
2957 14916
2970 8272
3023 14964
3030 14944
3039 14879
3053 8281
3076 11696
3076 14921
3088 6498
3088 13061
3107 4117
3161 5100
3171 6429
3171 13226
3171 14204
3171 14978
3177 5468
3177 11779
3177 12358
3253 11103
3253 14967
3313 5270
3313 9956
3313 14338
3313 14931
3313 14944
3336 14740
3368 14937
3377 3592
3405 3592
3405 6629
3405 9683
3405 11383
3415 12614
3439 12501
3501 8197
3528 14939
3545 7190
3545 8119
3545 11696
3578 11334
3592 4783
3592 5065
3592 8197
3592 11779
3592 14948
3623 14947
3627 9472
3627 10461
3636 4924
3636 13061
3636 14338
3636 14940
3648 4031
3707 6435
3737 11016
3737 14938
3787 6746
3841 4731
3856 13061
3887 14935
3943 14956
3948 5141
3979 5468
4011 14973
4031 8688
4031 9444
4057 14806
4090 8364
4090 9168
4090 14879
4117 14304
4117 14885
4117 14967
4117 14990
4201 14952
4216 7372
4216 9285
4409 5652
4536 14204
4589 8124
4589 14906
4615 5468
4615 11779
4731 6280
4731 9865
4731 10409
4731 13230
4731 14653
4731 14892
4731 14924
4746 4949
4746 6779
4771 9337
4771 11468
4783 6429
4783 9444
4783 11808
4783 14891
4783 14990
4798 14903
4828 14977
4839 5493
4839 14936
4866 14967
4904 10440
4904 14906
4924 6867
5065 11383
5065 14304
5119 6280
5119 13696
5119 14760
5119 14927
5119 14978
5265 14909
5270 14944
5362 5720
5362 9920
5468 6498
5468 8298
5468 8472
5468 9633
5468 11340
5468 14751
5468 14891
5468 14899
5468 14944
5468 14980
5550 5692
5550 7749
5550 11779
5550 12784
5550 12985
5550 13448
5550 14928
5616 6189
5655 9073
5692 11779
5692 12784
5720 10347
5720 13061
5720 14930
5831 12477
5831 13088
5831 14911
5831 14917
5849 14915
5922 7839
6062 13624
6124 9829
6124 14932
6169 7674
6223 8225
6223 9956
6280 6429
6280 13061
6373 9322
6373 14866
6429 12341
6429 13226
6429 14204
6429 14902
6474 14979
6498 14891
6498 14988
6576 6779
6576 8682
6576 10440
6576 13061
6576 14922
6596 11195
6618 12434
6618 14943
6640 8119
6640 14894
6640 14934
6779 7034
6779 13061
6779 14030
6779 14777
6784 14929
6784 14941
6867 14928
6942 11779
7000 8515
7000 8596
7000 11340
7000 11344
7000 11568
7000 11808
7000 12114
7000 13033
7000 14906
7000 14913
7000 14953
7000 14964
7000 14968
7034 14345
7034 14978
7190 11531
7290 7534
7290 14901
7292 14901
7371 14988
7372 8197
7391 11383
7391 12341
7391 14885
7391 14911
7391 14916
7391 14928
7398 7586
7398 8170
7398 8216
7398 12783
7398 14734
7398 14765
7454 14916
7534 14901
7674 8363
7674 13707
7674 14265
7840 8666
7944 11269
8093 12341
8119 8293
8119 11779
8119 14948
8197 11498
8197 13033
8197 13061
8197 14892
8197 14964
8221 10040
8225 14931
8272 12434
8272 14953
8298 11340
8298 13061
8298 14965
8364 14841
8378 12940
8666 14976
8712 8868
8712 9809
8712 14062
8712 14204
8712 14957
8868 14915
8870 14130
8974 14948
9124 10283
9124 13978
9124 14606
9168 12358
9168 13061
9285 10040
9285 14982
9323 9633
9337 12550
9444 11531
9444 14924
9444 14944
9469 11214
9469 14978
9703 14804
9714 14949
9789 14956
10040 14765
10040 14913
10040 14921
10068 14024
10068 14905
10068 14917
10068 14931
10231 14760
10273 14062
10283 11947
10347 14617
10347 14862
10409 14653
10472 14130
10472 14926
10520 14919
10558 13061
10604 14987
10734 14948
10869 14970
11016 14938
11101 14928
11184 11344
11203 12928
11286 12366
11340 13061
11340 14062
11340 14956
11340 14981
11344 12996
11383 11531
11514 14899
11514 14942
11568 14949
11779 13807
11779 14062
11779 14923
11779 14972
11947 14148
12070 14876
12090 14892
12114 14918
12358 13061
12358 14204
12531 14948
12550 14062
12719 14915
12719 14990
12876 14921
12881 14976
13033 14959
13061 14418
13061 14906
13061 14911
13061 14964
13061 14978
13514 14204
13981 14937
13981 14972
14062 14716
14130 14906
14304 14753
14338 14895
14338 14940
14418 14804
14418 14961
14606 14943
14740 14933
14755 14918
14887 14900
14892 14910
14892 14915
14893 14894
14896 14897
14906 14961
14922 14925
14949 14984
14953 14960
14954 14955
