0 4117
0 14949
2 1604
7 2592
7 2650
12 14461
14 2919
14 4216
19 6945
19 14338
25 5831
28 3648
28 7714
29 76
29 1694
42 412
42 3592
42 14978
42 14997
43 140
43 946
43 1255
43 8930
43 15028
46 110
46 1242
46 3405
46 6569
56 158
56 14418
56 15058
59 76
59 158
59 5831
59 9425
59 14989
61 3680
73 9888
76 577
76 1694
76 1917
83 6945
96 97
96 573
96 3505
96 4783
97 2215
100 172
100 1268
103 14677
108 762
108 1198
108 2730
108 4746
108 10846
108 15050
108 15053
109 15028
110 1268
110 6569
110 15065
115 14794
134 10941
138 730
138 904
138 5831
138 8298
138 13838
140 10273
140 11340
140 15040
141 5065
153 8119
158 960
158 1255
158 2256
158 2762
158 4663
158 4731
158 7326
158 8197
158 8567
158 9294
158 11108
158 13061
158 13184
158 13676
158 13838
158 14337
158 14978
158 14987
158 15023
158 15040
172 2319
172 6453
172 15055
195 2313
195 7855
195 15073
196 8119
196 8969
196 9789
196 14927
196 15051
201 3281
204 659
226 3505
226 6498
253 8119
253 8567
258 15012
258 15070
280 1002
280 8298
280 13061
280 15076
297 3636
297 9168
315 3030
315 7738
315 15027
318 983
318 6945
348 6373
351 1321
370 456
370 15032
374 15054
382 8969
408 4731
412 4589
412 13889
412 15015
414 8119
433 2215
453 546
453 9536
456 9789
456 11523
467 7208
467 11853
467 14204
478 621
478 2149
478 6867
478 7190
478 8119
478 11531
499 1824
499 9649
510 1206
528 5065
532 11255
546 568
546 9536
546 10846
565 837
565 1276
565 10347
568 729
573 2825
573 13477
573 14985
577 618
577 6429
577 6912
577 7326
577 7391
577 10409
577 11853
577 15031
577 15036
613 8298
618 6429
618 12164
618 12341
621 13889
641 11376
659 4117
659 15064
670 10273
729 1604
729 1694
729 4019
729 10846
729 11255
729 13061
729 13477
729 13889
729 14142
729 14748
729 14892
729 15001
729 15019
729 15047
729 15048
730 1256
730 2529
730 12550
753 5494
762 4845
762 15050
781 3505
781 5468
781 8197
781 10706
781 10918
837 15040
839 11269
852 3313
852 4231
852 5720
852 8225
852 14748
852 15002
852 15057
897 5468
903 6779
904 6867
904 8298
904 8567
904 8969
904 13889
938 15070
946 4746
960 2223
963 1198
963 14994
983 1694
996 15047
1002 3950
1002 7444
1002 10311
1002 14794
1002 14997
1002 15006
1005 4092
1006 2019
1006 2599
1006 2674
1006 2762
1006 15040
1041 6779
1041 11401
1097 1242
1097 2599
1097 14892
1115 13807
1144 5065
1144 5119
1144 7801
1144 8119
1144 14927
1144 15017
1198 4117
1198 5720
1198 6618
1198 11779
1198 13817
1206 2816
1206 5141
1206 5658
1242 10941
1242 14997
1255 2762
1255 3368
1255 5831
1255 6005
1255 7190
1255 13881
1255 15012
1256 2057
1256 5065
1256 15077
1264 1792
1264 2787
1264 4771
1312 4746
1312 8119
1321 8712
1321 15030
1359 1422
1359 15007
1361 4746
1369 1664
1369 2645
1511 14547
1521 10846
1551 12193
1576 11340
1604 3636
1604 4117
1604 4924
1604 5560
1604 11947
1604 13061
1604 14338
1604 15004
1604 15009
1636 4589
1636 13298
1636 14794
1636 15003
1636 15008
1640 1824
1640 5966
1640 12124
1643 15060
1658 2762
1694 5468
1709 15016
1737 7034
1737 11286
1737 14978
1763 7252
1763 10311
1763 15042
1763 15067
1788 12488
1792 4771
1794 5065
1794 7181
1794 11421
1794 11853
1812 2762
1812 15036
1818 8298
1818 14993
1854 15056
1877 10311
1877 14994
1877 15029
1877 15051
1908 9446
1917 10311
1917 11269
1917 11853
1917 14469
1917 15001
1917 15074
1972 11286
1972 12372
2019 15014
2023 8197
2056 15054
2057 2529
2057 2756
2057 3313
2057 3707
2057 6548
2095 3856
2124 3380
2124 8119
2124 13184
2124 14930
2149 8969
2149 15040
2149 15041
2149 15047
2156 13061
2215 2816
2215 3166
2215 3648
2215 5468
2215 6498
2255 10998
2256 2767
2256 3307
2256 8119
2313 5616
2313 7326
2319 15051
2389 13477
2389 15041
2428 15007
2437 2762
2437 2816
2437 15023
2529 5720
2529 5857
2529 6817
2529 10273
2529 14748
2592 14677
2599 15038
2603 11340
2603 14724
2650 10846
2650 14677
2650 15023
2674 8298
2676 2730
2756 3313
2756 6817
2756 15040
2762 4216
2762 6779
2762 7034
2762 8363
2762 12040
2762 13889
2762 14992
2762 15026
2762 15044
2767 11562
2786 5468
2787 3484
2787 14892
2816 5468
2816 13889
2845 13061
2868 11340
2950 6576
3030 14944
3041 6315
3158 15021
3166 5468
3166 6945
3307 14995
3313 6817
3313 8225
3313 10273
3313 15040
3368 15033
3380 13838
3380 14930
3405 4882
3405 9683
3412 15040
3458 15057
3503 14547
3528 15051
3545 15017
3573 15070
3592 6867
3592 8197
3592 12719
3608 4065
3634 15056
3636 4589
3648 6978
3816 15040
3950 5849
3950 6779
3950 15015
3976 15049
4011 4731
4031 15045
4059 5479
4059 9789
4090 10938
4092 15019
4092 15020
4106 11055
4116 8363
4117 5065
4117 6817
4117 8712
4117 13298
4117 14024
4117 14949
4117 14992
4171 7480
4171 11421
4231 9536
4231 14748
4231 15061
4248 14927
4310 15030
4382 14987
4465 14342
4523 6945
4536 5065
4536 15074
4546 9649
4589 7034
4615 7392
4615 8298
4663 8281
4731 12366
4731 15011
4746 7749
4746 10846
4746 15056
4771 5119
4771 7326
4771 8298
4771 15030
4783 8298
4783 15048
4783 15051
4845 6640
4866 5065
4924 15046
4981 15011
5065 5824
5065 7326
5065 8197
5065 10938
5065 12358
5065 13676
5065 14906
5065 14949
5065 15022
5065 15031
5065 15036
5065 15038
5065 15039
5065 15044
5065 15059
5065 15066
5105 15072
5119 8816
5119 9158
5119 15030
5119 15040
5141 5658
5267 8363
5306 13298
5334 15048
5362 14998
5366 14999
5366 15023
5366 15077
5428 14724
5468 6945
5468 7714
5468 8969
5468 10918
5468 15040
5616 13298
5652 10846
5658 8298
5692 5831
5720 15002
5824 6779
5831 12183
5831 14338
5831 15071
5849 15065
5900 14064
5900 14965
6062 11286
6315 8121
6332 11779
6338 8197
6373 15027
6429 10409
6429 10604
6429 11779
6429 12164
6429 12341
6429 14204
6448 11286
6448 15038
6448 15039
6498 8969
6498 15000
6498 15075
6569 8197
6640 15046
6692 10722
6779 7326
6779 7585
6779 8383
6779 9446
6779 13838
6779 15020
6779 15024
6779 15038
6817 12878
6817 15057
6867 8567
6867 10311
6867 12124
6867 12662
6867 13889
6867 15025
7000 8298
7000 14469
7000 15068
7034 14978
7290 8298
7290 13881
7290 14993
7290 15035
7326 10273
7336 12716
7336 14892
7371 14988
7391 15031
7585 12924
7585 13817
7749 10846
7839 11286
7855 15023
8119 8567
8119 14948
8197 13676
8197 14999
8272 14997
8293 15026
8298 8912
8298 8969
8298 14677
8298 14993
8364 13838
8383 14949
8484 15003
8550 13061
8567 9958
8712 14062
8712 15032
8912 14993
8969 10604
8969 14501
8969 15022
8981 14748
9122 15000
9168 15031
9245 10040
9245 15019
9285 10040
9285 12662
9285 15066
9309 9829
9446 15022
9469 12366
9536 15019
9789 11562
9791 13515
10040 14204
10040 14965
10231 13298
10231 15004
10311 10409
10347 11562
10409 10941
10409 14653
10409 15063
10409 15066
10604 11779
10713 12090
10789 15073
10846 15053
11141 15027
11184 14688
11286 12372
11340 14373
11340 14948
11340 15031
11340 15039
11340 15040
11475 14928
11565 12550
11568 15007
11568 15037
11568 15038
11779 15027
11853 13515
12070 14969
12070 15062
12366 12372
12488 14309
12550 14338
12716 15005
13061 14418
13061 14996
13061 15003
13184 14748
13368 14871
13676 14906
13838 14930
13893 14688
14017 15057
14064 14965
14338 15027
14738 15010
14748 15043
14781 15018
14892 14949
14892 15006
14892 15023
14892 15065
14922 14925
14930 15069
14949 15064
15011 15013
15033 15034
15033 15041
15037 15038
15051 15052
