2 467
2 1636
14 4216
14 15150
19 108
19 729
28 2650
28 15124
29 138
29 510
29 573
29 724
29 781
29 1604
29 7290
29 8298
29 13889
29 15141
41 11340
42 195
42 837
42 4117
42 4589
42 5362
42 8969
42 15087
42 15131
43 158
48 1255
48 2650
56 2762
56 8364
56 10040
59 1256
59 2756
59 3313
73 570
73 1206
73 15118
75 11340
76 138
76 153
76 253
76 1206
76 1256
76 1413
76 1818
76 2114
76 2650
76 2762
76 8298
76 14469
76 15120
76 15157
76 15164
83 724
83 904
83 4523
83 10342
88 2256
93 168
93 196
93 929
93 2156
93 5560
93 11340
93 14338
97 5141
103 2650
103 2930
103 14677
108 1206
108 15050
109 9483
110 258
110 1002
110 1709
110 1854
110 2149
110 5267
110 11269
110 11718
110 14469
110 15051
110 15065
110 15081
110 15086
117 311
117 374
117 5831
117 8712
117 14418
126 5831
128 15010
128 15107
138 1200
138 8093
138 9285
138 10347
138 14419
138 15105
138 15124
138 15151
138 15158
153 407
153 3717
153 5007
153 5308
153 15089
158 407
158 408
158 2057
158 2820
158 8363
158 8674
158 9444
158 10068
158 10347
158 14755
158 15133
158 15159
158 15160
172 6453
172 15065
184 14621
195 4117
196 444
196 917
196 11779
196 15106
201 852
226 1256
239 13889
253 2650
255 14338
258 3171
258 11851
258 15081
280 1002
298 15161
304 10273
315 7749
315 13889
318 10342
338 1298
370 15120
374 2081
374 3329
374 9168
383 3088
390 5468
390 15075
391 13489
407 545
407 1256
407 1413
407 1517
407 1658
407 2319
407 6618
407 14062
407 14338
408 6867
424 11340
435 8688
444 10068
444 15106
456 9789
456 15140
461 15022
467 4092
467 6429
467 12885
467 15074
467 15099
477 837
499 2930
502 1140
502 3636
506 15077
510 8298
524 837
524 2437
528 6619
528 15138
556 1604
568 14677
568 15135
573 875
573 15109
577 621
577 3329
577 5550
577 7190
577 7391
577 7708
577 8379
592 917
613 1972
613 5065
613 7000
613 15105
621 724
621 904
621 5065
621 8969
621 13889
621 15095
621 15128
636 13889
712 14621
729 1198
729 1255
729 3313
729 4652
729 7290
729 8567
729 10293
729 15103
729 15148
762 15050
781 1319
781 1917
781 2845
781 5468
781 5615
781 11779
781 13508
781 14981
781 15132
817 14738
823 9323
823 15039
836 8363
836 15128
836 15160
837 1106
837 4187
837 15085
837 15169
839 4746
851 1657
852 2756
852 7290
852 13881
852 14906
852 15103
852 15162
891 2307
891 7444
891 13298
892 5084
904 5550
904 15114
917 11779
921 2307
921 4731
1002 2102
1002 2437
1002 2600
1002 2762
1002 4589
1002 14949
1002 15131
1002 15149
1097 1242
1097 2599
1106 1255
1106 1786
1106 13259
1106 15115
1115 10347
1115 11779
1140 2762
1144 5065
1177 15134
1198 2131
1198 2762
1198 3717
1198 4746
1198 5720
1198 5849
1198 6779
1198 8969
1198 9598
1198 15039
1198 15081
1198 15089
1206 1256
1206 2627
1206 3313
1206 4783
1206 5859
1206 12015
1206 15121
1232 15098
1242 2762
1242 3086
1255 1521
1255 3158
1255 3368
1255 15120
1255 15121
1256 2488
1256 2756
1256 2816
1256 3313
1256 4783
1256 5720
1256 5859
1256 6498
1256 15077
1256 15158
1298 10930
1298 13981
1312 10491
1321 5308
1321 15133
1335 5468
1359 2762
1359 15077
1359 15079
1359 15111
1361 15100
1361 15131
1365 11340
1407 4140
1407 5859
1413 3224
1413 8015
1413 10231
1422 1563
1466 5859
1514 13889
1604 5308
1604 7574
1625 5362
1625 5616
1636 3224
1636 5551
1636 6203
1636 8484
1636 14906
1636 15085
1636 15114
1636 15133
1636 15164
1640 9649
1640 12463
1657 15089
1661 4536
1709 15051
1763 2762
1763 3313
1763 6373
1763 15115
1787 9483
1818 3158
1824 5065
1824 13981
1831 15110
1831 15123
1844 3368
1854 6784
1877 4652
1908 2600
1917 2102
1917 8642
1917 8659
1972 5065
2019 15167
2023 6771
2044 14906
2044 15104
2057 9309
2102 7897
2114 3030
2118 3158
2118 3505
2118 15022
2122 15170
2124 2945
2156 9762
2202 5270
2223 3313
2223 11531
2223 15133
2225 9649
2225 10766
2225 11779
2256 2762
2256 7749
2256 13889
2256 14948
2256 15146
2313 5493
2340 3158
2340 6618
2389 15062
2389 15096
2389 15119
2389 15127
2389 15165
2389 15166
2389 15170
2472 5125
2488 3458
2488 5859
2488 13318
2592 14677
2627 3233
2627 5859
2627 7000
2640 12694
2650 4731
2650 5550
2650 14677
2650 15115
2674 15139
2692 12022
2692 15126
2756 2902
2756 7391
2756 10347
2756 15133
2756 15136
2756 15160
2756 15162
2762 4059
2762 5065
2762 5615
2762 5849
2762 7147
2762 10690
2762 13280
2762 14597
2762 14621
2762 14948
2762 14992
2762 15083
2762 15090
2762 15095
2762 15115
2767 5308
2786 15022
2816 13075
2816 14142
2825 15148
2845 4565
2845 15151
2902 11947
2902 15136
2930 7391
2930 14677
2930 15155
2945 15153
2950 6576
2958 10164
2958 14677
3023 15123
3030 4523
3041 10249
3065 3224
3065 14949
3072 15116
3086 5065
3088 14621
3158 13298
3166 5141
3171 4536
3171 5065
3171 6429
3171 7290
3171 7391
3171 14747
3171 15094
3171 15137
3224 4117
3224 7290
3313 10347
3313 15133
3313 15151
3329 3816
3329 7839
3329 8298
3329 8364
3329 15122
3368 15119
3405 7855
3405 15086
3456 14064
3456 15113
3458 14992
3458 15077
3505 15033
3545 7190
3592 11340
3636 7290
3636 15077
3636 15089
3636 15104
3707 5119
3717 8272
3717 15089
4000 7714
4031 8969
4031 11269
4059 7749
4059 11779
4059 14934
4090 13280
4092 8071
4116 15089
4116 15105
4117 14469
4117 15073
4117 15077
4117 15115
4138 5308
4138 14948
4140 5859
4157 7000
4187 5900
4187 14987
4216 14469
4248 11531
4523 5065
4523 5550
4523 9285
4523 9323
4523 15022
4536 6429
4536 7290
4536 11808
4536 14747
4536 15099
4577 7867
4577 9985
4589 4771
4589 5065
4652 8097
4731 8659
4731 13489
4731 15103
4746 7391
4746 15114
4746 15115
4771 7290
4771 14597
4771 14965
4771 15147
4771 15160
4771 15165
4771 15170
4783 11808
4783 13889
4783 15084
4783 15105
4845 8824
4845 11340
4866 15171
4962 12463
5007 9598
5007 15089
5065 5551
5065 5615
5065 6389
5065 7000
5065 7391
5065 8071
5065 8298
5065 8379
5065 10040
5065 11565
5065 15022
5065 15039
5065 15105
5065 15140
5065 15144
5100 8298
5119 8816
5119 12341
5119 14978
5125 7000
5141 8298
5265 10347
5267 15022
5270 10918
5270 15121
5306 9598
5306 15089
5308 15116
5362 5616
5362 12685
5362 14419
5362 15168
5468 14142
5472 11531
5550 7391
5550 14417
5551 15102
5560 12670
5560 15115
5560 15147
5560 15160
5652 11779
5658 15075
5720 9598
5720 15122
5720 15131
5720 15151
5747 13280
5824 8969
5831 5900
5831 15071
5859 9775
5859 10068
5859 13061
5859 13318
5948 12643
6087 11340
6203 13280
6315 8121
6373 13280
6429 6448
6429 7391
6429 8682
6448 6569
6448 8659
6448 14747
6448 15039
6498 8969
6498 12550
6498 12784
6498 15112
6498 15133
6569 15022
6576 11851
6640 15152
6779 15084
6779 15095
7000 8363
7000 12125
7000 13280
7000 15098
7000 15105
7000 15154
7000 15172
7034 15115
7147 9168
7147 10690
7190 8712
7208 12125
7290 7391
7290 8298
7290 13881
7290 15091
7290 15137
7326 11203
7335 10249
7335 15127
7371 14142
7391 8298
7391 8379
7391 8642
7391 8682
7391 11360
7391 15065
7391 15114
7391 15163
7647 11531
7659 15167
7738 9444
7749 11779
7855 14972
7855 15065
8119 8567
8119 11531
8197 15084
8298 8712
8298 14621
8298 15114
8494 15092
8567 15013
8659 8712
8659 10409
8681 9323
8712 15129
8824 9540
8824 10491
8969 13017
9168 15115
9245 13259
9285 10850
9444 14597
9444 15087
9444 15109
9444 15152
9565 12366
9598 15089
9649 12463
10040 15085
10068 15103
10068 15106
10068 15162
10231 15115
10347 14064
10347 14338
10347 15156
10347 15159
10558 15154
10930 13981
11037 15092
11184 15026
11273 15095
11340 14904
11340 14948
11340 15039
11340 15080
11340 15115
11340 15152
11440 15093
11549 14906
11568 15022
11779 13807
11779 14965
11779 14972
11779 15078
11779 15101
11779 15117
11779 15129
11779 15132
12125 15098
12372 12556
12643 15120
12672 14771
12672 14965
12672 15144
12672 15154
13017 15077
13017 15101
13061 15104
13061 15114
13061 15160
13280 15144
13889 14981
14062 15115
14064 14755
14338 15156
14340 14934
14418 14992
14747 15120
14771 14965
14771 15105
14794 15108
14892 15065
14906 15104
14949 15079
14949 15082
14981 15138
15022 15149
15036 15097
15039 15088
15084 15087
15099 15107
15105 15130
15120 15121
15120 15125
15120 15148
15120 15149
15142 15143
15144 15145
15156 15159
