0 108
0 15114
0 15212
2 8981
3 897
19 7714
25 4731
26 461
26 5614
28 8567
29 1169
29 4234
29 6373
29 13930
29 15165
41 5308
42 456
42 3673
42 4248
42 5065
42 8625
42 9543
42 9649
42 12134
42 12672
42 13253
42 14958
42 15131
42 15197
42 15203
42 15244
43 946
43 15065
48 15184
56 1972
59 730
59 1256
59 5859
59 15191
73 253
73 510
73 1256
73 3166
73 5270
73 6498
73 7290
73 9888
75 2599
76 2730
76 8567
80 15183
83 15211
88 138
93 15184
94 6498
94 13017
94 15184
94 15211
96 510
96 897
108 1256
108 6062
108 9888
108 15214
110 573
110 897
110 1854
110 3405
110 10203
110 12643
110 14958
110 15065
110 15194
110 15210
117 158
117 4731
117 8712
120 15191
134 10203
135 15240
138 2350
138 2845
138 3624
138 5144
138 5270
138 6435
138 8298
138 15203
138 15211
138 15238
140 6498
147 15184
153 5308
157 12341
158 8666
158 10347
158 13871
158 14677
158 14956
158 15174
158 15211
158 15216
172 2149
172 6453
196 12022
196 14340
196 14904
198 253
206 15189
226 1539
226 3505
239 599
253 781
253 2169
253 6373
258 2995
258 5493
258 12672
258 15211
287 10249
298 599
315 15087
315 15214
318 14856
318 15184
318 15203
390 15075
407 6373
407 9152
407 15242
408 6867
408 15196
433 1788
435 2650
444 5065
456 14958
461 2756
461 7000
510 2816
510 3030
510 3528
524 1255
531 15243
545 15175
565 11779
565 14469
568 1854
568 2730
568 11141
568 14338
568 15229
572 1540
573 4031
573 15065
577 3738
577 4702
577 6797
577 7290
577 7391
577 12358
599 1198
599 8099
610 15213
611 15211
613 15183
621 1256
621 6797
621 15190
621 15231
636 6435
659 881
659 2428
682 15190
708 1824
712 8379
729 1636
729 3030
729 3177
729 6435
729 6650
729 7989
729 8140
729 8567
729 9444
729 12341
729 14958
729 15148
730 15191
736 13653
736 15241
751 15211
781 1144
781 4332
781 5166
781 12655
789 1256
794 5366
801 7000
801 10409
837 4187
837 10040
837 15169
839 2149
839 8197
852 2169
852 2529
852 2756
852 3707
852 5089
852 6947
852 7290
852 8208
852 11103
852 12770
852 13942
852 14931
886 4187
892 5084
904 3737
904 4246
904 4949
904 6797
904 13724
904 14131
904 15114
904 15184
921 4731
946 4746
968 15180
1002 5596
1002 10203
1002 11203
1002 15149
1002 15182
1002 15202
1002 15215
1036 2086
1036 9649
1036 14937
1057 3093
1057 9782
1106 9543
1106 15178
1115 9427
1122 1365
1144 8567
1144 9782
1144 11340
1144 13088
1144 15195
1144 15226
1144 15234
1206 2816
1232 4232
1232 8565
1242 2395
1255 2123
1255 5100
1255 10068
1255 15120
1255 15170
1255 15174
1256 1742
1256 2169
1256 2943
1256 7290
1256 9649
1256 10203
1256 12770
1256 14514
1256 15120
1268 14937
1312 5308
1312 15173
1321 5308
1321 15206
1359 5065
1359 5616
1359 15211
1361 4589
1361 12672
1474 15114
1539 15108
1540 12873
1540 14344
1611 15227
1625 5616
1633 1917
1633 10409
1633 15120
1636 2529
1636 2762
1636 6435
1636 9948
1636 11340
1636 12672
1636 13253
1636 14848
1636 15215
1687 15240
1709 15185
1755 2428
1755 3707
1763 14956
1763 15234
1792 12643
1792 15120
1794 15205
1804 15201
1807 2692
1818 8298
1824 3405
1824 3969
1824 14014
1824 15211
1854 15185
1877 15228
1917 4536
1917 6429
1917 7897
1917 10409
1959 15114
1985 2762
1985 14597
1985 15231
1994 15236
2019 15202
2027 15185
2044 5493
2051 3975
2051 15120
2051 15221
2062 8473
2086 9649
2122 15149
2126 8868
2149 5366
2149 7855
2149 8197
2149 12716
2149 15022
2158 5065
2169 15228
2223 11531
2236 2319
2256 2840
2256 5308
2256 9469
2313 5065
2342 3882
2395 15172
2529 2756
2529 8567
2529 14514
2529 14931
2529 14983
2529 15208
2534 6800
2598 5615
2640 3707
2640 4157
2650 12556
2650 14338
2650 15211
2674 2825
2674 15149
2674 15186
2692 12022
2704 3254
2756 3707
2756 5089
2756 6947
2756 10347
2762 6203
2762 6275
2762 6373
2762 8298
2762 8831
2762 9948
2762 11184
2762 12372
2762 13253
2762 14597
2762 14621
2762 14906
2762 15114
2762 15198
2762 15211
2767 5308
2816 5270
2816 8298
2816 15203
2820 7000
2822 7391
2840 7391
2845 3624
2845 4565
2845 5270
2845 5720
2845 6124
2868 5065
2902 15211
3023 6947
3030 4031
3030 15203
3065 5616
3107 15211
3122 7749
3122 9469
3158 15228
3166 15184
3171 4536
3171 12341
3254 4000
3254 4731
3254 4746
3254 12372
3313 3707
3313 10203
3313 14514
3313 14931
3405 5596
3405 15127
3415 3975
3415 12614
3417 10068
3458 13280
3458 15176
3484 15194
3501 14956
3528 5270
3592 5065
3592 10592
3592 11340
3636 14906
3636 15182
3636 15187
3690 15087
3690 15184
3707 5089
3707 8831
3727 7391
3799 13826
3843 15184
3975 12614
3975 15185
4001 15211
4011 15229
4011 15234
4031 12134
4031 15184
4031 15203
4059 15226
4092 10018
4092 15183
4110 5574
4116 15217
4117 14150
4117 15211
4117 15223
4187 8119
4187 12022
4187 15169
4248 11340
4248 15140
4370 5596
4523 12341
4523 15184
4523 15203
4536 6429
4536 7290
4536 15120
4536 15205
4589 7034
4589 11943
4731 10409
4731 15151
4731 15180
4731 15191
4731 15193
4731 15203
4746 9469
4771 13280
4839 15211
4924 13088
4924 14340
4924 15207
5065 6435
5065 8379
5065 8625
5065 10203
5065 10477
5065 11340
5065 13253
5065 14755
5065 15079
5065 15114
5065 15187
5065 15205
5065 15237
5065 15244
5084 15181
5119 7522
5119 8816
5119 13280
5119 15191
5215 6779
5215 7000
5265 7391
5265 8119
5308 6947
5308 8298
5308 15206
5362 5616
5362 15245
5394 9469
5394 15200
5550 15245
5560 6435
5692 12655
5692 15175
5720 10409
5750 15230
5831 12770
5831 15207
5831 15208
5831 15220
5849 13253
5859 10203
5906 7391
5926 15201
6062 15180
6108 6373
6108 8712
6203 8140
6203 10569
6203 11184
6203 13280
6373 6650
6373 9469
6373 11779
6373 14871
6429 6436
6436 12358
6448 6569
6448 11463
6448 14338
6448 15120
6448 15234
6498 15075
6498 15120
6498 15192
6619 12358
6619 15229
6640 15152
6650 8093
6650 11779
6708 15179
6779 14597
6779 15114
6817 15191
6917 15243
6942 8918
6945 10203
6947 8225
6947 14308
6947 14931
7000 10040
7000 15154
7000 15177
7034 15220
7290 7391
7290 8298
7290 10068
7290 12358
7290 14906
7290 15178
7290 15219
7391 8379
7391 14337
7391 15065
7391 15193
7391 15201
7391 15204
7391 15231
7989 12643
7989 15189
8119 14767
8119 15203
8119 15211
8119 15216
8197 12672
8272 15149
8298 12672
8298 15184
8298 15203
8298 15232
8363 15120
8363 15211
8494 15218
8494 15236
8567 10409
8567 11779
8625 11203
8625 14906
8682 14337
8712 9322
8712 9649
8712 12550
8712 15188
8918 14337
8918 15120
8941 14972
8981 15211
9122 14589
9152 14972
9285 15184
9444 12341
9444 14856
9444 15211
9444 15231
9483 14718
9543 11779
9649 11141
9649 15120
9782 15226
9789 15196
10040 15138
10068 15241
10203 15022
10203 15120
10347 14677
10409 15120
10409 15170
10409 15193
10558 12643
10558 15120
10558 15154
10569 15123
11037 15092
11164 15199
11184 15182
11779 12643
11779 14621
11779 14871
11779 15175
11943 15123
12253 12672
12262 15204
12341 12525
12342 15202
12358 13253
12358 15236
12358 15240
12385 14338
12412 15184
12421 15211
12614 15120
12643 15120
12662 15184
12672 14906
12885 15211
12902 15184
12940 14904
13017 15211
13061 15231
13088 15239
13280 14906
13280 15233
13543 15209
13681 13735
14064 14677
14150 15209
14309 15180
14338 15176
14338 15211
14338 15229
14340 14934
14870 15235
14906 15174
14906 15182
14906 15187
14906 15211
14958 15121
14965 15222
15022 15172
15033 15185
15087 15205
15087 15214
15108 15211
15120 15148
15120 15149
15120 15164
15120 15221
15120 15224
15205 15208
15211 15216
15223 15225
