0 3
0 4
0 7
0 8
0 25
0 26
0 28
0 29
0 31
0 37
0 43
0 44
0 48
0 49
0 56
0 61
0 64
0 67
0 68
0 76
0 80
0 83
0 90
0 91
0 92
0 96
0 97
0 100
0 106
0 109
0 110
0 111
0 112
0 114
0 116
0 120
0 121
0 124
0 128
0 129
0 135
0 136
0 140
0 148
0 150
0 153
0 160
0 163
0 172
0 176
0 198
0 199
0 205
0 233
0 246
2 3
2 30
2 63
2 70
2 80
2 83
2 93
2 94
2 99
2 108
2 128
2 140
2 165
2 168
2 180
2 192
2 200
3 17
3 25
3 26
3 30
3 31
3 42
3 43
3 61
3 64
3 72
3 76
3 80
3 89
3 91
3 92
3 93
3 98
3 100
3 109
3 117
3 128
3 129
3 134
3 140
3 142
3 148
3 161
3 172
3 176
3 223
3 225
3 236
3 253
4 25
4 30
4 42
4 64
4 68
4 74
4 76
4 78
4 80
4 89
4 92
4 109
4 115
4 121
4 128
4 146
4 166
4 183
6 42
6 51
6 52
6 80
6 81
6 93
6 189
7 25
7 26
7 30
7 42
7 43
7 48
7 70
7 76
7 80
7 84
7 95
7 99
7 109
7 118
7 184
8 43
8 49
8 64
8 76
8 128
8 138
8 139
8 146
8 207
9 107
13 43
13 102
13 111
16 80
16 128
16 151
17 129
18 98
19 26
19 71
19 74
19 80
19 83
19 89
19 93
19 97
19 225
20 80
20 83
25 26
25 28
25 29
25 30
25 43
25 54
25 58
25 63
25 68
25 69
25 77
25 79
25 80
25 94
25 97
25 98
25 100
25 108
25 109
25 121
25 134
25 140
25 146
25 153
25 164
25 177
25 187
25 195
25 199
25 212
25 217
25 232
26 30
26 37
26 40
26 43
26 49
26 68
26 69
26 70
26 71
26 76
26 83
26 84
26 91
26 93
26 96
26 97
26 98
26 100
26 109
26 121
26 134
26 157
26 160
26 162
26 167
26 188
26 221
28 29
28 30
28 37
28 43
28 48
28 64
28 68
28 69
28 74
28 76
28 89
28 91
28 92
28 95
28 96
28 109
28 114
28 121
28 124
28 129
28 146
28 166
28 175
28 196
28 223
28 226
29 43
29 48
29 76
29 109
29 121
29 134
29 141
29 154
29 163
29 181
29 202
29 237
30 40
30 43
30 48
30 56
30 61
30 63
30 68
30 70
30 73
30 74
30 76
30 79
30 80
30 82
30 83
30 84
30 93
30 97
30 100
30 103
30 104
30 105
30 108
30 109
30 114
30 120
30 127
30 128
30 131
30 142
30 159
30 175
31 76
31 128
32 74
32 206
33 79
33 80
33 95
33 100
33 167
33 220
36 43
37 48
37 76
37 84
37 96
37 128
38 39
39 75
39 100
42 43
42 64
42 76
42 77
42 80
42 97
42 101
42 109
42 114
42 117
42 121
42 128
42 134
42 135
42 145
42 148
42 165
42 168
42 170
42 171
43 48
43 49
43 61
43 69
43 76
43 77
43 89
43 93
43 96
43 97
43 100
43 103
43 121
43 140
46 83
46 149
47 180
48 70
48 145
48 223
54 178
54 188
56 180
56 211
56 214
59 79
59 87
61 64
61 93
61 100
62 69
63 68
63 70
63 108
63 120
63 143
64 66
64 69
64 76
64 79
64 83
64 89
64 109
64 114
64 117
64 123
64 132
64 139
64 146
64 161
64 166
64 219
64 233
68 76
68 103
68 128
68 133
68 148
68 165
68 173
68 180
68 196
68 198
69 113
69 128
69 140
69 146
69 153
69 166
69 202
70 73
70 88
70 89
70 97
70 108
70 121
70 129
70 190
71 97
73 96
74 76
74 83
74 147
74 177
74 206
74 239
76 80
76 83
76 91
76 100
76 109
76 113
76 114
76 119
76 121
76 122
76 123
76 124
76 128
76 130
76 148
76 157
76 162
76 165
76 166
76 167
76 171
76 176
76 183
76 185
76 188
76 214
76 223
76 225
76 256
77 83
77 100
77 123
77 134
78 80
78 122
79 80
79 95
79 109
79 161
79 185
80 94
80 109
80 128
80 148
80 168
80 176
80 188
80 189
80 199
80 200
80 215
80 216
80 218
83 89
83 100
83 116
83 134
83 135
83 140
83 158
83 205
83 206
83 216
83 227
83 238
83 248
83 250
84 85
84 86
84 125
84 129
88 103
88 148
89 97
89 206
89 225
91 92
91 191
91 256
93 105
93 121
93 130
93 148
93 151
93 167
93 194
93 208
93 210
95 97
95 121
95 131
95 133
95 141
95 191
95 192
95 254
96 108
96 121
96 129
96 132
96 133
96 135
96 149
96 196
96 201
96 225
96 235
97 98
97 101
97 114
97 121
97 134
97 135
97 140
97 165
97 172
97 245
99 103
100 134
100 170
101 114
101 135
103 121
103 158
105 148
108 129
108 152
109 122
109 128
109 132
109 142
109 146
109 148
109 157
109 171
109 184
109 225
109 234
109 240
114 121
114 149
114 163
114 172
114 206
116 122
117 134
117 151
117 166
119 211
120 128
120 132
121 129
121 144
121 149
121 165
121 166
121 178
121 180
121 181
121 192
121 201
121 203
121 205
121 214
121 222
121 223
121 225
121 233
122 148
123 128
124 135
125 126
125 129
128 129
128 130
128 132
128 135
128 137
128 140
128 148
128 153
128 196
128 199
128 224
128 228
128 229
128 240
128 241
128 242
128 243
128 244
128 249
128 251
128 252
128 255
129 140
129 163
130 148
130 209
131 165
133 161
134 135
134 149
134 178
134 218
137 148
137 192
139 146
140 166
141 144
141 145
143 209
146 207
146 244
148 153
148 155
148 168
148 173
148 174
148 186
149 166
151 242
153 246
156 157
157 223
157 233
158 225
161 196
166 201
167 225
168 169
170 191
178 184
178 193
179 180
179 181
181 182
184 197
184 203
184 218
188 210
188 225
198 247
199 214
201 202
201 204
202 229
206 222
206 225
213 214
230 231
233 235
233 236
233 240
