0 1177
0 1753
0 1826
0 1882
2 539
2 570
2 801
2 903
2 1786
2 1841
3 135
3 1265
3 1404
3 1753
3 1859
4 412
4 1051
4 1636
7 65
7 154
7 156
7 158
7 461
7 729
7 904
7 1319
7 1636
7 1812
7 1832
14 1779
14 1786
17 100
19 29
19 42
19 48
19 311
19 368
19 370
19 446
19 608
19 691
19 729
19 1115
19 1244
19 1446
19 1539
19 1818
19 1826
19 1831
25 79
26 65
26 801
26 1179
26 1786
26 1793
26 1812
29 48
29 73
29 121
29 226
29 289
29 383
29 565
29 613
29 1521
29 1539
29 1606
29 1724
29 1786
29 1831
29 1883
30 206
30 302
30 315
30 348
30 514
30 570
30 771
30 836
30 968
30 1036
30 1058
30 1869
30 1877
31 729
31 1822
37 1834
41 253
41 570
42 48
42 61
42 75
42 455
42 461
42 539
42 729
42 1002
42 1214
42 1661
42 1730
42 1812
42 1845
42 1851
42 1882
43 101
43 570
43 1779
43 1818
46 461
46 963
48 108
48 729
48 910
48 1164
48 1404
48 1622
48 1724
48 1755
48 1841
48 1843
59 189
59 249
59 461
59 892
59 1733
59 1785
59 1853
59 1866
61 461
61 779
61 1268
61 1527
65 1148
68 514
68 1807
68 1826
72 514
73 852
73 1083
73 1691
73 1786
74 570
74 1539
75 539
75 1214
76 79
76 80
76 153
76 249
76 412
76 461
76 505
76 823
76 852
76 959
76 1002
76 1051
76 1112
76 1205
76 1290
76 1333
76 1361
76 1768
76 1786
76 1787
76 1793
76 1831
76 1835
76 1841
76 1847
76 1855
76 1857
76 1862
76 1876
76 1886
79 1832
80 289
80 455
80 1148
80 1177
80 1214
80 1304
80 1335
80 1787
80 1795
80 1812
83 729
83 1214
88 1826
90 156
90 196
90 368
90 1787
90 1883
96 408
96 461
96 963
97 226
97 236
97 436
97 461
97 1510
97 1773
97 1827
98 121
98 129
101 123
101 302
108 190
108 1338
108 1797
109 565
109 1057
109 1141
109 1361
109 1422
109 1617
109 1831
109 1850
109 1851
109 1852
117 258
118 539
118 613
118 1268
119 1880
121 174
121 839
121 1051
121 1636
121 1840
121 1880
122 1054
122 1552
123 302
123 823
123 948
124 156
129 302
129 330
129 570
129 810
129 1298
132 1636
133 570
133 852
134 156
134 852
134 903
134 1880
135 330
135 978
137 1361
140 1540
141 1177
146 1634
146 1661
146 1806
153 289
153 434
153 446
153 461
153 505
153 539
153 852
153 1007
153 1054
153 1057
153 1058
153 1112
153 1177
153 1256
153 1413
153 1552
153 1606
153 1691
153 1774
153 1787
153 1832
153 1841
153 1845
154 1002
156 570
156 954
156 1552
156 1832
156 1848
158 201
158 410
158 461
158 514
158 1115
158 1164
158 1177
158 1785
158 1795
158 1842
158 1867
158 1882
159 240
159 570
159 810
159 1797
162 570
162 1768
170 307
170 712
174 1177
179 1787
184 939
184 1812
186 315
186 423
186 461
186 729
186 1036
186 1348
186 1724
186 1733
186 1884
189 446
189 1422
190 1268
190 1797
191 1787
196 253
196 423
196 461
196 514
196 610
196 729
196 841
196 1774
201 311
201 610
201 1832
201 1873
201 1878
203 1869
203 1870
204 446
205 442
205 621
205 694
205 1058
205 1232
205 1691
205 1863
206 801
206 810
206 852
206 1177
206 1205
206 1256
206 1563
206 1798
206 1857
218 1422
226 436
226 1745
226 1797
240 290
240 367
240 514
240 1338
247 839
249 442
253 461
258 1787
268 810
280 959
280 1335
280 1861
282 1451
287 461
287 729
289 399
289 613
289 729
289 1265
289 1588
289 1795
289 1832
289 1855
295 1058
295 1404
302 307
302 348
302 505
302 613
302 771
302 910
302 948
302 1002
302 1413
302 1646
302 1691
302 1713
302 1854
302 1868
307 1035
307 1058
311 1636
315 610
315 1002
315 1733
315 1751
315 1848
315 1881
330 539
330 570
330 1753
330 1755
339 729
339 789
339 948
339 1606
348 446
348 1002
348 1448
348 1572
348 1702
348 1786
348 1802
367 514
368 1446
370 410
370 700
370 745
370 1131
370 1179
370 1622
370 1819
370 1826
370 1886
374 461
374 1335
374 1787
374 1795
374 1812
374 1881
376 1820
383 570
383 1214
383 1478
383 1691
383 1812
384 1825
385 1570
388 1404
388 1753
391 1006
391 1864
394 461
394 891
394 1540
403 431
405 1753
408 613
408 1814
410 519
410 613
410 1361
410 1570
411 570
414 447
423 461
431 968
432 565
432 659
436 1020
442 461
442 546
442 1256
442 1787
443 1880
446 1007
446 1256
446 1332
446 1334
446 1855
446 1873
447 613
449 461
449 1527
449 1768
449 1836
455 610
455 1177
455 1334
455 1552
455 1577
455 1588
455 1663
455 1730
455 1768
455 1808
455 1821
455 1828
455 1832
461 618
461 729
461 852
461 903
461 1002
461 1128
461 1140
461 1177
461 1205
461 1256
461 1290
461 1300
461 1361
461 1413
461 1540
461 1545
461 1617
461 1636
461 1691
461 1724
461 1733
461 1753
461 1774
461 1794
461 1797
461 1801
461 1807
461 1812
461 1822
461 1825
461 1831
461 1832
461 1836
461 1838
461 1839
461 1844
461 1855
461 1857
461 1858
461 1881
505 1002
505 1268
505 1359
505 1768
506 852
506 1351
506 1787
511 954
514 519
514 903
514 1321
514 1361
514 1847
514 1848
514 1865
519 939
519 1779
539 546
539 570
539 691
539 1002
539 1256
539 1268
539 1359
539 1422
539 1540
539 1545
539 1636
539 1753
539 1800
539 1807
539 1823
539 1847
539 1848
539 1864
539 1876
546 728
546 1057
546 1540
546 1774
546 1812
556 1051
565 780
565 1112
565 1855
565 1856
570 729
570 810
570 839
570 859
570 963
570 1177
570 1205
570 1268
570 1290
570 1539
570 1636
570 1735
570 1797
570 1800
570 1820
589 1787
589 1826
610 729
610 1115
610 1256
610 1446
610 1478
610 1751
610 1774
610 1833
613 1179
613 1201
613 1606
613 1808
613 1812
613 1832
618 1634
618 1805
618 1815
621 1804
662 1422
682 836
682 852
682 1831
687 1361
687 1636
690 1422
690 1831
691 1177
691 1381
691 1570
691 1691
691 1787
693 1793
694 1332
700 729
700 1007
712 1051
712 1214
728 1606
729 948
729 1164
729 1384
729 1510
729 1550
729 1606
729 1622
729 1691
729 1807
729 1822
729 1839
729 1880
729 1882
745 1265
760 1874
771 823
771 1404
773 1335
801 1753
801 1879
810 1290
810 1732
824 1451
836 968
836 1083
836 1198
836 1422
836 1446
839 1753
839 1786
845 1540
852 950
852 959
852 1039
852 1177
852 1205
852 1256
852 1361
852 1691
852 1774
852 1787
852 1820
852 1845
878 1606
881 1811
881 1862
883 1779
883 1804
883 1805
885 1570
890 1753
891 1540
892 1808
910 1083
910 1753
931 1691
938 1361
938 1866
948 1253
948 1268
948 1422
948 1811
950 1115
954 1268
954 1787
959 1717
1002 1540
1002 1733
1002 1847
1002 1848
1007 1348
1035 1823
1036 1265
1039 1787
1041 1803
1041 1861
1054 1853
1057 1177
1057 1540
1057 1768
1057 1812
1057 1883
1057 1885
1058 1115
1058 1247
1058 1256
1058 1588
1083 1818
1115 1126
1115 1785
1115 1832
1128 1797
1137 1849
1140 1177
1140 1214
1140 1256
1144 1814
1148 1588
1149 1878
1171 1570
1177 1256
1177 1268
1177 1361
1177 1393
1177 1617
1177 1691
1177 1831
1177 1844
1179 1617
1179 1774
1191 1808
1197 1242
1197 1540
1197 1691
1198 1724
1198 1812
1198 1873
1201 1415
1201 1832
1205 1256
1205 1268
1205 1753
1205 1796
1206 1858
1214 1290
1214 1335
1214 1540
1214 1581
1214 1636
1214 1753
1214 1768
1214 1779
1214 1799
1231 1786
1242 1268
1242 1540
1244 1446
1256 1554
1256 1733
1256 1745
1256 1774
1256 1831
1256 1832
1256 1841
1256 1845
1256 1858
1256 1872
1268 1290
1268 1540
1268 1558
1268 1753
1268 1800
1268 1807
1268 1824
1268 1848
1278 1617
1285 1878
1290 1540
1318 1810
1319 1842
1321 1361
1321 1691
1321 1787
1321 1845
1321 1853
1331 1800
1332 1334
1332 1831
1332 1832
1334 1821
1334 1832
1334 1855
1334 1858
1334 1873
1335 1817
1348 1393
1359 1768
1359 1796
1361 1393
1361 1730
1361 1733
1361 1795
1361 1809
1361 1813
1361 1821
1361 1849
1361 1867
1369 1527
1377 1858
1384 1732
1390 1691
1393 1871
1395 1525
1404 1622
1404 1724
1413 1773
1422 1812
1422 1816
1422 1832
1422 1842
1422 1859
1422 1876
1422 1880
1432 1871
1436 1570
1446 1834
1448 1702
1451 1787
1455 1753
1463 1500
1478 1606
1478 1825
1507 1831
1517 1832
1527 1581
1527 1847
1539 1774
1539 1834
1540 1636
1540 1848
1545 1753
1552 1606
1552 1828
1552 1831
1552 1845
1554 1872
1563 1786
1570 1691
1570 1844
1588 1787
1606 1622
1606 1636
1606 1763
1606 1832
1617 1858
1622 1825
1636 1768
1636 1787
1636 1832
1636 1861
1642 1786
1661 1825
1661 1843
1663 1832
1672 1840
1691 1831
1724 1733
1724 1805
1724 1819
1729 1837
1730 1733
1730 1768
1733 1848
1733 1881
1745 1857
1753 1864
1753 1879
1755 1797
1755 1878
1768 1794
1768 1830
1773 1827
1774 1779
1774 1828
1787 1826
1787 1832
1787 1835
1787 1840
1793 1857
1797 1818
1804 1860
1812 1846
1812 1858
1821 1832
1823 1824
1826 1829
1832 1858
1844 1855
1859 1875
1866 1867
