2 4589
19 12550
26 1551
28 573
28 1255
28 8298
28 11376
28 15512
29 9809
29 15031
29 15305
29 15476
42 1002
42 1402
42 4140
42 4589
42 9775
42 14677
42 15299
42 15422
42 15540
43 1298
43 6453
43 10203
43 13061
43 15513
43 15529
56 8298
73 2845
73 15450
73 15462
76 2307
76 4140
76 6047
76 6062
76 6810
76 10293
76 14677
83 133
83 1917
83 2326
93 15495
96 3166
108 9809
108 15470
110 1804
110 3158
110 11489
110 12719
110 15496
110 15509
124 610
124 13061
133 134
138 1255
138 15031
141 15450
151 162
151 15349
153 1787
153 10684
158 455
158 682
158 762
158 1365
158 2592
158 2919
158 3707
158 4144
158 5125
158 6779
158 6917
158 7290
158 9431
158 11605
158 12760
158 15031
158 15120
158 15246
158 15299
158 15305
158 15471
158 15508
158 15513
158 15540
172 2389
172 7782
172 11489
172 15533
184 3245
201 1255
201 15296
204 15428
204 15505
226 7444
258 1255
258 5179
280 3072
280 9152
297 5173
304 852
315 6062
315 15527
370 736
370 15500
412 2762
434 8688
455 602
455 610
455 682
455 2534
455 2663
455 2762
455 4971
455 5493
455 10347
455 10440
455 11505
455 12022
455 12421
455 14267
455 15031
455 15514
455 15518
455 15519
456 6650
461 762
465 15341
510 1255
510 1612
510 1636
510 15476
546 573
546 14142
573 1369
573 1917
573 2307
573 4523
573 7855
573 8363
573 9071
573 12090
573 14142
573 14677
573 15491
577 5094
577 15460
577 15500
577 15527
592 621
602 4092
602 14948
610 682
610 1774
610 2762
610 7034
610 7391
610 7428
610 7903
610 8379
610 9143
610 9168
610 12366
610 13653
610 15476
610 15502
613 15031
613 15508
613 15521
618 1255
621 4059
621 5065
621 5294
621 6047
621 15527
636 1223
659 4187
682 1106
682 1359
682 1365
682 2762
682 3286
682 3707
682 4031
682 7290
682 8298
682 9152
682 9444
682 13017
682 15450
682 15515
712 8379
729 836
729 1787
729 3313
729 7782
729 12719
729 15493
729 15541
736 6867
736 10817
762 3107
762 4031
762 6062
762 6619
762 6945
762 7147
762 7190
762 8197
762 15120
762 15518
774 4589
781 15470
791 2816
837 2919
837 10040
837 15299
837 15520
839 8298
852 1321
852 1361
852 2529
852 3313
852 3707
852 5089
852 5757
852 6548
852 6817
852 7364
852 8197
852 9565
852 10068
852 14338
852 15478
852 15510
852 15536
891 15494
892 2687
892 5018
904 1255
946 11326
948 15096
1002 1422
1002 1636
1002 2627
1002 3330
1002 9444
1002 9460
1002 10203
1002 15485
1002 15533
1005 12253
1106 1333
1106 4866
1106 15450
1106 15490
1115 2057
1115 2223
1115 15114
1144 15469
1198 1604
1198 2762
1198 6047
1198 9071
1206 15468
1233 1255
1242 1255
1242 1787
1242 6810
1242 13061
1255 1622
1255 2307
1255 2437
1255 3313
1255 3707
1255 4117
1255 5468
1255 5658
1255 7000
1255 7290
1255 10293
1255 15440
1255 15450
1256 2529
1256 5720
1256 14906
1256 15478
1264 15466
1298 15022
1359 9822
1359 11683
1361 9565
1361 14906
1365 7961
1375 15507
1375 15537
1395 15519
1402 1636
1402 6779
1418 3687
1418 7391
1418 8298
1418 9285
1422 6779
1510 2816
1604 5366
1604 11340
1612 9444
1612 15512
1622 4232
1622 15471
1625 15494
1636 4589
1636 5366
1636 14906
1636 15501
1636 15503
1636 15504
1636 15505
1709 15466
1717 3707
1763 3592
1763 12022
1763 15413
1774 2307
1787 13061
1794 15543
1804 10558
1845 5720
1845 15517
1917 9071
1917 10817
1917 15303
1917 15477
1917 15500
2057 2223
2057 5692
2111 4481
2124 15040
2191 3646
2231 15472
2240 15534
2258 5558
2268 4339
2278 3653
2307 2816
2307 2845
2307 4031
2307 10293
2307 11376
2307 15483
2319 11779
2324 12719
2355 15505
2389 11489
2389 12409
2389 15096
2389 15466
2411 15482
2428 4501
2437 9994
2437 11751
2522 4092
2522 6619
2529 5757
2529 14338
2529 15536
2565 2582
2582 3412
2663 4577
2663 6916
2663 14748
2663 15530
2687 5018
2692 5215
2692 15473
2694 3330
2694 12719
2694 15302
2730 6867
2756 3707
2756 5089
2756 5757
2756 6947
2762 5065
2762 6779
2762 9152
2762 9168
2762 9312
2762 9444
2762 10492
2762 11340
2762 11683
2762 13017
2762 14906
2767 10684
2775 15488
2816 12022
2821 15495
2845 15296
2845 15462
2919 4187
2919 6160
2919 11340
2919 13017
2930 10846
2930 12719
2930 14784
2930 15484
2934 4232
3023 13061
3086 9152
3107 9071
3123 14493
3155 6548
3158 4577
3166 7559
3166 15450
3183 5831
3183 15511
3226 3313
3226 4140
3286 4382
3286 8586
3313 3707
3313 5089
3313 5757
3313 15478
3313 15510
3313 15536
3322 5493
3330 5065
3330 6453
3330 8712
3330 11340
3412 6779
3412 9444
3456 6917
3484 5720
3484 11751
3501 15473
3509 5366
3624 15400
3636 15487
3687 8298
3692 15492
3693 8298
3707 5757
3707 6223
3707 14272
3707 15542
3816 15341
4031 7714
4057 15472
4057 15524
4059 15413
4092 15031
4113 5065
4117 6817
4117 13696
4117 15494
4117 15506
4138 15529
4140 15422
4187 5493
4187 10040
4193 15505
4302 7326
4339 14272
4382 5308
4419 5876
4523 14677
4536 15498
4536 15513
4536 15525
4546 9649
4589 11568
4727 14906
4731 13298
4731 15039
4771 15538
4832 14142
4839 9152
4882 11489
4882 12719
4905 15444
4908 15444
4924 7953
4924 15497
5006 15505
5018 15353
5065 8379
5065 11683
5065 12358
5065 13280
5065 15479
5065 15484
5065 15487
5065 15492
5065 15534
5089 6947
5102 11489
5102 15096
5141 14281
5173 6624
5215 11340
5270 15450
5270 15499
5272 15305
5272 15480
5272 15498
5308 14017
5366 13298
5366 15507
5366 15534
5468 14751
5468 15539
5550 6062
5551 15505
5616 5649
5616 8197
5616 10789
5616 11203
5616 15505
5616 15507
5658 15450
5692 10684
5720 5757
5720 11924
5720 13318
5831 10684
5831 14904
5831 15528
6009 15490
6134 15184
6162 6779
6197 15513
6223 6947
6373 14784
6453 12090
6498 7953
6498 15476
6498 15478
6548 7944
6593 7413
6605 8604
6779 15299
6779 15506
6817 8567
6817 12022
6817 14272
6817 14323
6817 15468
6867 12760
6945 15526
6947 15536
6964 15526
7000 9822
7000 15541
7097 8197
7097 14535
7186 13318
7230 15450
7290 15398
7290 15501
7364 10068
7391 9323
7699 7872
7701 12253
7839 10347
7839 15544
7991 10347
7991 15269
8119 8298
8197 10203
8363 14142
8379 9444
8567 12022
8586 9565
8659 8712
8790 10347
8887 15502
9071 15303
9143 14569
9143 15518
9152 10323
9152 15534
9444 15470
9444 15471
9444 15483
9444 15508
9444 15512
9460 15120
9460 15261
9483 10172
9529 11951
9565 14906
9596 12022
9994 15491
10027 15096
10027 15509
10040 15486
10347 10440
10347 15246
10347 15269
10520 12760
10684 15510
10747 15489
11016 14938
11141 11383
11299 13017
11344 15518
11376 15498
11514 15499
11696 12380
11751 15537
12090 13981
12125 15249
12254 15502
12287 13355
12358 15240
12358 15471
12358 15519
12358 15525
12366 13653
12550 15246
12719 15261
12719 15453
13014 15249
13280 14017
13280 15479
13280 15508
13318 15450
13325 13361
13515 15471
13654 15022
13735 15534
14017 15502
14062 14338
14267 15535
14337 15516
14418 15538
14572 15532
14606 14943
14906 15501
14906 15502
14930 15114
14992 15305
15022 15457
15031 15114
15052 15493
15120 15261
15127 15493
15144 15145
15149 15481
15341 15524
15404 15474
15444 15446
15474 15475
15487 15505
15504 15505
15505 15534
15522 15523
15531 15532
