1 948
2 15651
7 6448
7 11568
26 946
26 3676
26 6009
26 7290
26 8494
28 3624
28 6429
28 15317
29 9487
29 10040
29 15674
41 5308
41 15511
42 6779
42 8197
42 11203
42 11751
43 1298
43 10203
59 15642
70 1370
70 15668
72 5948
76 96
76 6448
76 7290
76 8961
76 10604
76 15634
80 15636
82 897
83 10342
84 15695
93 239
95 15668
96 239
108 15269
108 15657
110 2771
110 4080
110 4704
110 4783
110 6162
110 12760
110 15638
110 15647
117 5720
117 7290
138 762
138 1255
138 1636
138 3023
138 5247
138 10925
138 14981
138 15560
138 15657
153 15684
153 15691
158 455
158 904
158 1115
158 8281
158 10314
158 10604
158 14948
158 15525
158 15567
158 15621
158 15633
158 15640
158 15641
158 15657
158 15665
158 15676
184 15668
195 3572
196 1763
196 6434
196 7991
201 5468
201 6434
201 10730
201 14142
201 15640
204 1667
206 897
240 2845
258 14657
280 15505
287 7290
287 9722
297 7985
297 15652
303 4216
315 6448
383 455
383 8197
383 10730
411 15686
455 3509
455 5179
455 5616
455 6246
455 6373
455 9312
455 10314
455 10477
455 11340
455 12178
455 13163
455 14906
455 14992
455 15575
455 15625
455 15657
455 15671
455 15680
461 1255
461 1256
461 2915
461 3023
461 3388
461 4565
461 5720
461 10604
502 15693
524 1792
528 8979
528 15634
571 15644
573 3528
573 6108
573 6247
573 7760
573 11718
573 13016
573 14142
577 15038
577 15672
592 4130
592 12579
592 15670
610 11531
610 15657
618 15687
634 8816
659 1636
682 11340
729 1792
729 6867
729 15664
729 15665
729 15678
729 15680
736 5237
774 14906
774 15592
774 15616
774 15666
781 9487
794 3415
794 6640
796 6108
824 10558
837 15667
839 15649
839 15664
852 4339
852 10068
852 12366
852 14748
852 15206
852 15525
852 15694
875 1106
875 2149
875 3676
875 5049
875 8363
881 15637
883 14713
904 2592
904 2650
904 2919
904 6867
904 10203
917 10198
946 1917
946 8494
948 4080
948 8272
968 3158
968 6714
1002 10941
1002 14213
1002 15657
1005 6448
1017 6448
1036 10766
1057 4092
1057 10730
1057 15592
1057 15673
1106 5049
1106 8630
1106 11214
1106 15667
1106 15671
1115 12550
1115 15641
1144 8688
1144 11340
1198 6779
1198 11184
1198 12643
1198 13163
1206 7230
1232 6945
1242 7000
1242 10203
1242 14311
1255 2255
1255 10203
1256 2762
1256 3707
1256 4565
1256 5720
1256 14981
1256 15593
1256 15657
1256 15685
1256 15694
1264 3670
1341 15672
1379 12643
1392 12643
1392 15691
1413 11568
1436 2705
1514 10717
1540 4171
1630 2730
1636 4536
1636 6246
1636 8494
1636 10203
1636 10730
1636 14417
1636 14631
1636 15626
1636 15665
1640 10766
1675 15678
1763 6434
1773 15669
1792 4113
1792 6945
1792 10203
1792 13578
1804 3479
1804 5012
1804 6162
1804 9683
1804 15653
1836 15537
1845 5720
1972 10314
1990 15635
2019 4731
2019 5267
2019 14213
2057 2762
2057 8067
2124 8264
2169 4731
2169 7391
2272 14062
2313 15671
2428 15634
2428 15666
2529 10068
2529 10314
2529 14142
2529 15206
2562 15607
2583 3023
2599 15350
2599 15643
2619 4232
2669 15457
2705 7230
2705 14264
2705 15685
2756 2762
2756 10273
2762 3152
2762 3442
2762 4377
2762 4577
2762 4771
2762 11184
2762 13280
2762 15592
2762 15616
2762 15694
2767 3509
2767 12643
2767 15690
2771 11299
2771 15647
2816 10314
2822 14677
2822 15672
2845 14142
2845 15440
2868 15630
2919 12643
2919 15567
2930 11340
2995 15585
3026 6448
3041 4080
3041 9722
3046 14417
3086 4171
3155 15536
3158 4632
3158 14915
3171 11851
3171 12643
3171 15681
3254 11340
3313 5089
3313 6947
3313 12718
3313 14323
3313 15661
3456 15641
3484 4783
3484 6779
3484 12090
3509 5900
3509 6618
3509 14906
3545 7190
3545 15688
3592 4135
3624 5270
3707 6435
3707 9985
3865 10558
3882 15642
4011 6246
4011 12643
4011 15659
4011 15693
4080 11751
4092 10869
4092 15627
4092 15666
4116 8961
4117 14342
4117 15680
4130 14001
4135 7326
4140 15618
4171 10203
4187 15676
4187 15677
4216 5119
4216 10730
4216 15505
4232 4731
4232 5468
4271 15616
4339 11184
4339 14507
4370 6062
4377 15668
4382 15690
4419 5876
4419 15638
4419 15654
4536 7976
4536 12358
4536 13676
4536 15525
4536 15592
4545 14253
4546 6867
4565 5720
4577 6810
4582 7000
4702 10789
4702 13017
4749 6779
4749 14597
4771 15039
4771 15640
4771 15648
4783 15664
4783 15682
4783 15696
4798 5546
4839 5900
4839 12672
4839 15640
4839 15671
4839 15693
4860 10347
4860 15269
4893 15444
4924 9920
4924 15662
5021 14142
5049 8363
5065 14992
5065 15664
5100 15680
5119 10203
5119 10314
5119 15645
5119 15660
5119 15675
5119 15691
5141 6062
5141 14142
5159 13676
5224 6203
5267 14213
5270 5759
5305 7855
5308 14948
5329 12022
5373 10941
5468 14142
5546 9323
5560 10177
5560 12104
5615 6189
5616 5822
5616 6498
5616 6640
5616 6862
5616 11184
5720 15658
5720 15694
5787 14906
5822 6779
5822 15363
5900 15474
5900 15663
5929 15316
6009 7290
6062 15453
6108 13981
6189 14597
6203 15645
6328 15398
6373 6867
6373 9958
6373 15614
6429 8515
6429 10604
6429 11360
6429 15627
6448 15039
6453 11751
6516 9323
6548 15206
6593 12844
6618 15693
6619 15627
6623 14767
6624 6867
6624 15678
6640 6810
6779 7281
6779 11184
6779 11751
6779 15689
6810 13280
6867 10604
6867 15646
6867 15657
6867 15674
6867 15678
6867 15679
6867 15684
6917 15641
7000 15039
7034 10314
7190 15619
7190 15688
7230 14264
7290 8961
7290 12643
7290 15092
7290 15680
7326 9469
7391 11360
7391 15302
7464 15599
7532 15634
7738 14677
7782 9952
7944 12643
8093 15567
8093 15615
8119 15672
8147 15039
8147 15651
8197 10730
8197 12090
8197 12672
8225 15615
8515 10730
8515 15680
8604 15625
8630 15675
8816 9789
8816 15474
8870 12358
9323 14677
9323 15681
9385 14001
9431 15694
9444 10604
9444 15611
9510 15693
9711 15676
9789 15691
9985 10068
10068 15206
10068 15615
10198 15645
10203 10314
10203 13578
10203 15639
10314 11340
10477 13017
10558 11340
10558 15550
10558 15654
10730 15592
10869 11184
10869 14948
10869 15505
11299 13060
11340 13803
11340 14930
11340 15299
11340 15602
11340 15628
11340 15645
11340 15664
11360 12178
11504 15108
11514 15643
11696 15474
11751 15638
12358 14631
12358 15525
12358 15627
12358 15633
12525 15615
13026 15592
13163 15631
13280 14597
13280 15634
13843 15631
14062 15657
14221 15629
14222 15616
14417 15657
14596 14948
14596 15632
14657 15505
14677 15570
14771 15675
14906 15592
14906 15616
14906 15640
14906 15648
14948 15692
15011 15565
15120 15638
15257 15672
15316 15679
15398 15650
15474 15662
15505 15640
15511 15652
15593 15634
15640 15648
15641 15683
15655 15656
15669 15672
