7 2650
26 9928
26 15899
28 453
28 1206
28 2959
28 4615
28 5658
28 5692
29 5173
29 11066
42 162
42 6429
42 9722
42 10869
42 14597
42 15708
42 15914
43 2057
43 4749
43 6940
43 7779
43 12760
43 15553
43 15891
43 15898
43 15915
61 2169
70 621
70 11750
70 15050
76 621
76 1106
76 2057
76 9462
76 15892
95 2762
95 5912
95 11750
95 15044
95 15893
96 226
96 1664
96 3158
96 7290
96 11751
96 15708
97 8363
103 9462
110 2406
110 6708
110 11751
110 15902
110 15921
122 1126
122 5616
122 11809
134 11751
138 490
138 5616
138 13061
138 14597
153 5616
156 9446
172 15185
179 8473
184 15886
190 11066
195 577
195 7274
201 455
204 15764
238 13735
240 8363
247 4135
258 297
258 490
258 5065
258 11568
258 12760
258 13981
258 14904
267 8515
286 8119
286 15714
297 4924
297 6448
307 3307
315 5692
315 8512
315 14461
356 3307
370 12668
370 15909
374 5065
374 5119
383 7143
407 1563
407 2406
407 4465
407 7311
407 13097
407 14906
408 15714
412 4589
444 15031
453 6498
453 10203
453 13061
455 490
455 1365
455 4117
455 6867
455 9762
455 15505
467 960
490 1206
490 1365
490 2868
490 3086
490 3313
490 4031
490 4187
490 4577
490 5102
490 5119
490 5362
490 9762
490 9948
490 15271
510 14856
524 9462
531 4283
546 9421
568 1232
573 1369
573 14210
573 15156
577 1483
577 3945
577 7274
577 13981
577 15027
610 11340
613 4589
618 3355
618 9323
618 15896
621 11750
621 15192
647 12760
659 729
659 1422
659 1604
659 2762
659 4187
659 5119
659 5173
659 8298
659 11103
694 4465
729 5012
729 9462
729 9628
729 12668
729 14906
775 1527
789 8961
837 5119
837 6708
837 15955
839 1854
839 15887
852 1206
852 2756
852 2868
852 3458
852 5692
852 14748
852 15599
879 15912
881 2767
881 15905
881 15933
897 1804
897 14856
897 15923
920 2767
920 15714
946 2027
948 2406
948 15887
948 15903
948 15908
960 6429
960 13653
1002 5119
1002 8961
1002 11751
1002 11972
1012 4092
1012 4615
1012 15951
1036 15904
1106 9529
1115 2057
1115 5065
1115 8682
1115 15932
1177 1436
1198 13735
1206 1436
1206 3349
1206 4615
1206 5757
1206 14002
1242 11751
1242 13903
1255 4615
1255 5100
1255 5345
1255 5468
1255 9462
1255 15902
1256 2057
1256 7290
1256 15887
1298 1917
1298 3484
1321 5757
1325 1622
1325 5009
1359 5065
1359 7000
1359 15945
1361 2762
1361 10273
1361 15861
1361 15890
1361 15915
1365 5102
1369 2027
1369 3405
1369 12643
1395 15930
1413 14210
1422 10068
1422 11340
1422 13061
1426 5119
1466 2529
1466 5757
1483 2313
1483 11808
1514 15527
1540 12126
1604 13061
1612 4465
1622 15918
1636 5125
1636 7290
1636 8961
1636 10273
1636 11751
1636 13061
1636 14597
1636 15698
1636 15891
1640 2197
1640 4882
1640 8197
1640 11972
1709 15946
1717 13284
1763 14904
1763 15039
1792 2650
1792 5141
1794 15525
1794 15931
1804 15922
1804 15923
1831 10040
1845 1990
1854 3405
1894 9948
1917 2995
1917 14210
1917 15909
1917 15914
1917 15940
2006 2805
2057 2529
2057 2670
2057 6810
2057 7290
2064 2620
2070 6708
2070 15880
2102 15918
2118 14867
2158 14902
2197 3329
2223 4924
2223 5692
2223 15916
2254 4187
2256 2762
2256 15883
2256 15910
2284 2428
2286 14213
2313 5119
2324 11751
2324 15708
2324 15914
2355 11568
2355 14902
2389 11972
2389 15763
2389 15887
2406 15908
2428 7000
2448 12253
2529 3313
2529 3349
2529 9888
2620 15941
2627 10068
2627 15798
2650 2767
2650 8567
2650 11750
2650 15885
2665 4731
2718 2756
2756 5720
2756 15599
2762 4187
2762 5065
2762 5173
2762 6175
2762 7290
2762 9483
2762 10040
2762 10273
2762 13981
2762 14748
2762 15593
2762 15893
2767 4280
2767 5065
2767 5125
2767 5692
2767 14597
2771 9444
2816 13903
2822 15527
2868 15156
2930 5119
2930 7274
2934 15896
2956 10378
2956 15525
2959 9444
3107 5616
3107 6708
3107 9787
3125 4000
3171 15918
3195 15714
3307 5299
3313 8197
3322 10555
3322 15679
3322 15784
3355 6429
3405 6940
3405 11751
3405 14902
3405 15854
3405 15963
3456 15934
3458 14748
3484 5049
3515 8601
3636 4092
3636 7290
3636 14983
3636 15525
3636 15883
3690 15050
3693 11568
3707 7290
3707 14514
3843 15839
3882 14677
3882 15916
3963 4615
3963 5270
3992 15964
4011 14983
4011 15953
4031 10850
4057 13735
4092 7290
4092 15240
4092 15505
4092 15883
4117 5366
4135 7391
4135 13903
4135 15527
4140 5430
4187 5119
4187 10040
4187 10273
4187 10925
4187 11127
4187 11340
4187 12557
4187 13166
4187 15593
4187 15636
4187 15943
4187 15952
4201 15958
4242 10273
4370 15185
4382 10925
4382 14904
4390 10604
4419 15129
4431 4731
4437 9469
4481 15959
4507 15886
4536 9323
4536 10850
4536 15918
4546 10706
4589 15505
4615 6124
4652 7391
4652 15887
4731 5471
4731 10604
4731 11855
4731 15956
4731 15960
4739 5616
4749 15891
4771 15500
4855 10323
4866 5065
4882 11972
4924 5692
4924 15260
4924 15714
4924 15839
4924 15942
4928 13981
5007 11851
5012 14966
5018 15798
5065 5119
5065 5616
5065 6779
5065 13061
5065 14597
5065 15708
5065 15893
5119 5912
5119 9469
5119 11340
5119 13166
5119 15332
5119 15500
5119 15714
5119 15764
5119 15900
5119 15919
5119 15928
5119 15943
5125 15453
5166 5550
5173 8197
5173 13017
5265 8604
5270 9888
5270 14856
5270 15902
5362 14597
5362 15156
5430 8831
5430 14323
5468 8626
5468 13281
5468 14856
5468 15302
5468 15892
5479 15929
5550 15050
5550 15892
5616 6576
5616 6990
5616 8630
5616 10040
5616 10789
5621 15886
5672 14597
5681 7290
5692 8093
5692 10068
5699 15959
5720 5757
5720 11158
5720 11928
5720 14906
5757 9292
5757 10347
5782 10117
5822 8961
5831 15714
5831 15897
5831 15955
5912 7290
5949 8093
6108 7391
6108 15887
6109 14677
6189 8197
6203 11808
6203 13166
6373 15027
6373 15906
6429 10604
6708 7290
6708 14771
6779 8961
6779 15593
6810 13061
6867 10789
6867 11718
6867 15854
7000 15854
7000 15927
7274 10789
7290 8298
7290 11203
7290 14572
7290 15240
7335 9722
7371 9122
7391 10850
7391 15302
7516 14597
7534 11751
7545 15839
7961 15820
8093 15260
8093 15453
8099 15928
8110 14948
8119 15714
8144 8147
8197 15505
8197 15525
8197 15883
8197 15936
8281 15957
8298 15905
8347 15923
8472 11066
8515 15924
8608 15918
8635 15929
8654 14948
8654 15897
8682 11051
8682 15184
8816 15714
8824 13735
8961 11203
8981 11565
9071 15039
9140 15887
9147 10068
9257 15156
9323 10850
9444 9977
9444 14856
9444 15567
9596 15714
9928 11269
9948 12699
9948 15839
9985 10068
9994 12760
9994 15129
9994 15211
9994 15961
10040 14418
10040 15322
10040 15592
10117 10372
10203 12126
10203 13276
10273 11947
10273 12358
10273 14418
10273 14529
10273 15913
10277 15939
10311 11568
10345 15714
10409 15909
10558 15211
10585 15929
10604 10850
10604 13653
10604 15896
10789 13107
10850 15887
11023 11568
11066 14461
11103 15880
11241 15906
11340 13061
11340 15156
11340 15332
11340 15910
11344 15518
11489 15946
11514 12090
11568 11808
11568 14902
11568 15885
11568 15918
11587 12982
11718 15949
11751 13462
11751 14597
11808 15505
11943 15593
12040 15708
12090 15708
12126 15920
12174 15917
12253 15886
12253 15950
12349 15714
12358 15891
12358 15918
12358 15931
12557 13017
12643 15885
13061 15698
13061 15883
13166 15169
13281 14856
13298 15887
13298 15911
13323 15926
13515 15918
13651 15907
14017 15911
14017 15939
14017 15953
14418 15944
14597 14906
14597 15962
14904 15839
14948 15788
14948 15925
15022 15914
15025 15050
15263 15826
15299 15934
15474 15900
15505 15927
15505 15947
15525 15709
15525 15883
15708 15909
15708 15914
15708 15935
15708 15940
15708 15946
15714 15942
15764 15934
15887 15903
15887 15948
15900 15901
15937 15938
15953 15954
