2 16121
8 12810
13 1255
41 1395
42 1232
42 4536
42 6708
42 16171
43 507
43 1359
43 3093
43 4837
43 6629
43 6708
43 10846
43 14469
46 280
59 153
59 455
59 1144
59 2223
59 2627
59 2767
59 4242
59 5265
59 5859
59 6429
59 8281
59 8370
59 14338
59 16121
61 837
73 16102
75 4216
76 1644
76 2756
76 3856
76 4305
76 4589
76 5119
76 14420
76 16153
76 16176
76 16182
83 16083
83 16118
83 16128
83 16186
95 659
95 12760
95 16120
95 16157
97 14946
108 959
108 1012
110 573
110 5946
110 6629
110 6708
110 8941
110 11269
110 13707
110 15558
110 15804
110 16120
110 16180
138 837
138 4339
138 4589
138 7398
138 7415
138 10304
138 12885
138 16042
138 16113
138 16121
138 16123
138 16129
138 16163
138 16173
138 16186
140 4117
151 14469
153 5265
153 9156
153 15420
153 16127
162 3930
162 15708
196 16090
225 16132
258 5493
258 9948
280 4117
286 5265
298 374
298 455
298 2762
298 3764
298 6618
298 13735
315 3648
315 16090
318 3690
368 4090
370 15039
374 8682
374 9156
374 11127
374 14596
374 14755
385 959
385 6685
408 7647
412 14714
432 16121
455 2762
455 2767
455 4113
455 4242
455 4839
455 9352
455 16176
467 9156
467 16117
499 1012
499 9122
499 9444
577 12760
577 16083
610 16147
613 8370
618 10068
618 15672
621 4242
633 897
641 11549
641 12760
659 1321
659 2762
659 9285
659 11340
659 16121
686 12760
729 1413
729 2762
729 7999
729 9156
729 14972
729 16155
762 11779
762 12760
762 16078
762 16102
762 16127
762 16132
789 1788
789 9444
803 16132
805 11779
837 3764
837 4117
837 15196
837 16122
839 2408
839 5946
839 6940
839 11269
839 14972
839 16120
852 2627
852 2756
852 3313
852 5089
852 5912
852 15311
852 15388
852 15398
852 16121
852 16136
897 12760
904 3381
904 16127
938 11565
959 1012
959 5270
963 16123
1012 1877
1012 14966
1012 16152
1013 3811
1013 15299
1048 12090
1115 5265
1115 11127
1144 5652
1185 5089
1185 16096
1206 4339
1206 6124
1206 10347
1206 14966
1206 16186
1242 8586
1255 4216
1255 5373
1255 15771
1255 16102
1256 16096
1264 16104
1312 16121
1321 16138
1321 16143
1359 1636
1359 3313
1359 5065
1359 10157
1359 10273
1361 12253
1365 5757
1365 11203
1365 16113
1369 1658
1369 1877
1369 4216
1369 4771
1369 5119
1369 6594
1369 8119
1369 9280
1369 11568
1369 12885
1369 15022
1375 5822
1392 2627
1393 16113
1393 16115
1413 5865
1483 16116
1514 1788
1517 10718
1525 5308
1540 8961
1540 10718
1604 11184
1604 16126
1636 2762
1636 4113
1636 4397
1636 8961
1636 14596
1636 14597
1636 15196
1636 15886
1636 16110
1644 4465
1644 14981
1657 5386
1657 15235
1657 16131
1732 14596
1763 12760
1774 13095
1788 1818
1788 9444
1794 16117
1818 5468
1831 15886
1877 2437
1877 4746
1877 12760
1877 13707
1917 3107
1917 3930
1917 4216
1917 5946
1917 15708
1917 16164
1973 4092
1973 16135
2019 8272
2019 9836
2019 12760
2044 16181
2057 2529
2057 10347
2064 5065
2102 4397
2102 4536
2158 9156
2223 3313
2223 16154
2240 3501
2256 2762
2256 14469
2268 3458
2313 14714
2313 16160
2313 16181
2324 16185
2389 16012
2389 16173
2406 3950
2408 11269
2582 14597
2621 16121
2627 5652
2627 9299
2627 10789
2627 15388
2627 16145
2650 7839
2650 8068
2670 4339
2756 6817
2756 16121
2762 4419
2762 4589
2762 8298
2762 11340
2762 12358
2762 14714
2762 14906
2762 15592
2762 16159
2767 5265
2783 8586
2786 5352
2816 4116
2868 4242
2868 10273
2868 16121
2868 16159
3023 16161
3030 3648
3030 16171
3041 16182
3107 14207
3107 16102
3155 16161
3158 16120
3186 14946
3221 4187
3221 5119
3221 16120
3313 3707
3313 6800
3313 12760
3313 15196
3322 16101
3381 6817
3381 12760
3381 14417
3381 16120
3401 6779
3405 6629
3405 14469
3405 16127
3405 16156
3458 5089
3458 5859
3528 3676
3545 5306
3545 16168
3636 4232
3636 9446
3648 16086
3707 6124
3707 15388
3707 16096
3707 16134
3764 15196
3811 10718
3856 16176
3882 9156
3882 11343
3930 6429
3930 15708
3990 16179
4044 16187
4090 16138
4092 4536
4092 6137
4092 14597
4092 15886
4092 16083
4113 14596
4117 14596
4117 16137
4126 12253
4135 8914
4187 6779
4187 9156
4187 12760
4187 13210
4187 15729
4187 16165
4216 6429
4216 10203
4216 14596
4216 15708
4339 9292
4382 11127
4382 16138
4382 16157
4390 9156
4390 16117
4397 16023
4419 6629
4419 16044
4448 12358
4536 5681
4536 5912
4536 12358
4536 16023
4536 16125
4536 16171
4589 6124
4589 12253
4652 5141
4652 5270
4652 5468
4652 7290
4702 8093
4731 11343
4731 15494
4731 16109
4746 5119
4746 6817
4771 9469
4771 9472
4771 16070
4771 16121
4771 16144
4771 16155
4783 8363
4839 9587
4839 16132
4839 16175
4866 16113
4949 5560
4964 6569
4964 16111
5012 16169
5034 15793
5065 5554
5065 11343
5065 13210
5065 14469
5065 16083
5065 16090
5065 16098
5065 16132
5083 15494
5089 12718
5119 8370
5119 8961
5119 9905
5119 12885
5119 16106
5119 16107
5119 16174
5119 16176
5125 5493
5141 8119
5265 12940
5267 7000
5270 12885
5306 16168
5362 15382
5362 16181
5471 16099
5550 16158
5554 5912
5606 7391
5616 5849
5616 12358
5652 16145
5672 16163
5692 16168
5720 10347
5720 16120
5822 6779
5849 11203
5849 11568
5859 6429
5859 16114
5911 6429
5911 7290
5911 7391
5911 11234
5912 15398
5912 16183
5943 14677
5946 6160
5946 11779
5948 6629
5966 16173
6124 16115
6137 11146
6203 11127
6429 6867
6429 7391
6429 10304
6429 11234
6429 14469
6429 16163
6429 16164
6498 8666
6576 12358
6692 16001
6708 11269
6708 15887
6769 11549
6779 14731
6779 15729
6779 16122
6779 16152
6779 16162
6800 16096
6817 12718
6817 16136
6867 10846
6947 8936
6947 9956
6947 12718
6947 16136
7000 10718
7000 16062
7000 16141
7000 16164
7230 16063
7274 11779
7290 7616
7290 15398
7290 16121
7290 16129
7364 7738
7364 8093
7391 14207
7391 14469
7391 16112
7391 16168
7647 16077
7738 8093
7820 16178
7855 9836
7942 15389
7961 12126
8093 16114
8119 11001
8197 10273
8197 15494
8197 16077
8197 16119
8197 16169
8272 14596
8298 11343
8298 13903
8298 16083
8370 10789
8370 14143
8370 14948
8466 9390
8666 16121
8688 14881
8824 16110
8824 16157
8961 15505
9122 14420
9156 11203
9156 15987
9156 16148
9156 16155
9285 10846
9444 14597
9444 16166
9469 16121
9529 12760
9905 16130
9958 10846
9979 12760
10040 16165
10068 16129
10068 16163
10284 13903
10284 16124
10293 15771
10347 12488
10409 16184
10589 11568
10789 16078
10789 16137
10789 16155
10846 11269
10850 15592
11127 14303
11161 15941
11184 16110
11203 16070
11203 16113
11203 16125
11340 12760
11340 15196
11340 16186
11344 16122
11348 15472
11409 13851
11549 14900
11641 11779
11779 14142
11779 16155
11835 16181
11863 16127
11993 16090
12022 15252
12076 16170
12090 15708
12126 15539
12253 16113
12253 16121
12253 16139
12253 16172
12345 15184
12358 14714
12358 16127
12810 16167
13017 14596
13061 15028
13061 16113
13494 16173
13779 16150
13838 15420
13965 15589
14303 16166
14337 15592
14338 15311
14357 15525
14418 16115
14597 15502
14948 16108
14948 16120
14948 16166
14966 15400
15096 16012
15196 16149
15261 16044
15299 16121
15302 16177
15317 15887
15382 16181
15388 16096
15428 15494
15505 16117
15505 16160
15589 16146
15593 15729
15593 15886
15672 16118
15708 16164
15720 16132
15757 16174
15764 15839
15804 15875
15854 15875
15887 16151
15987 16112
15987 16116
16042 16058
16115 16120
16118 16128
16132 16133
16138 16140
16140 16142
