7 16308
26 2762
26 6978
26 10930
26 11269
29 12309
42 1917
42 5616
42 15102
42 16106
42 16284
42 16355
43 1854
43 3405
43 4283
43 5049
43 5294
43 7839
43 8604
43 10846
43 13922
43 15826
43 16254
43 16262
59 1115
73 959
73 5270
73 16294
76 729
76 1177
76 1235
76 1365
76 2919
76 5141
76 5270
76 5294
76 6867
76 7190
76 8197
76 8604
76 10203
76 10846
76 15914
76 15949
76 15960
76 16346
76 16351
80 4117
80 6779
80 15010
83 9323
83 16308
83 16350
88 2256
95 4216
95 10293
95 14597
96 897
96 3166
97 4876
97 16099
108 196
108 959
108 1144
108 1235
108 10846
108 13276
109 2581
110 15568
110 15875
110 16180
110 16280
113 2256
138 444
138 1235
138 3415
138 3624
138 5065
138 5125
138 8515
138 8604
138 11862
138 12358
138 16280
138 16293
138 16328
138 16336
138 16345
138 16357
140 5479
153 2762
155 6708
156 839
156 1917
156 3107
156 9421
156 11269
156 16051
156 16341
157 13533
158 286
162 6708
172 1664
172 1854
172 16026
172 16280
172 16323
196 315
196 563
196 1413
196 2762
196 4187
196 5065
196 7391
196 8604
196 10846
196 15839
226 3624
258 5125
258 16189
267 730
267 4930
280 15252
286 12287
286 16250
297 2767
297 16298
298 1200
315 9323
318 1514
318 8363
318 14717
318 16274
338 8642
374 16302
383 15518
383 15593
383 15886
387 8604
410 3415
412 14611
444 16328
447 1426
455 2762
455 3356
455 4092
455 5362
455 7487
455 8515
455 14621
455 15299
455 15750
455 16189
455 16297
455 16328
455 16331
460 10273
461 1242
461 5849
461 15914
477 2256
483 4946
502 9425
502 16216
506 12358
546 11863
546 15949
563 16290
573 1664
573 1854
573 2472
573 4419
573 6629
573 15708
573 15875
577 1773
577 2959
577 5911
577 9323
577 13325
577 16314
610 1990
613 2156
618 1773
618 5065
618 15299
618 16254
618 16312
618 16350
621 2762
621 6867
621 16290
641 16355
659 2762
659 5089
729 2762
729 8604
729 9421
729 16042
729 16254
729 16317
729 16337
729 16343
730 4930
760 14717
762 1831
762 16276
781 2730
801 12885
837 11136
837 16209
837 16307
839 9613
852 1177
852 1717
852 2377
852 2756
852 2762
852 3707
852 5089
852 5720
852 6817
852 8197
852 8208
852 15388
852 15474
852 16285
852 16320
852 16336
891 16332
897 1854
904 15299
907 16273
914 16278
959 1012
968 2582
968 4216
968 5270
968 5468
968 9122
968 13281
1006 2019
1012 4187
1036 2627
1115 3456
1115 15683
1115 16212
1115 16347
1144 10846
1148 8197
1148 13653
1148 16332
1148 16334
1177 1256
1177 5720
1200 4391
1200 4544
1200 5270
1200 6124
1200 8515
1200 14062
1200 16294
1200 16326
1200 16336
1232 1375
1235 4855
1235 5270
1235 13694
1242 3368
1255 5270
1255 7096
1256 2756
1256 3313
1256 6817
1256 12366
1256 16336
1359 2762
1359 5065
1359 14930
1361 15114
1361 16325
1365 5616
1365 5757
1365 8604
1365 11947
1365 16313
1369 13609
1375 11559
1388 3313
1388 5089
1392 2810
1392 4924
1393 12358
1413 5822
1422 2767
1426 1515
1426 4187
1426 5065
1426 16358
1483 16331
1514 16354
1551 16342
1599 3368
1636 2582
1636 2762
1636 5125
1636 6189
1636 7534
1636 9742
1636 14995
1636 15875
1636 16099
1636 16281
1636 16289
1636 16297
1636 16345
1640 6108
1640 9649
1640 10846
1640 15619
1640 16044
1644 8515
1644 16304
1657 9285
1658 11489
1664 16286
1664 16287
1717 8208
1763 2650
1763 5362
1786 5682
1788 10347
1807 2582
1812 16099
1818 14251
1854 4216
1854 10820
1877 16275
1917 2102
1917 6708
1917 16106
1917 16266
1973 12358
1985 2762
1985 5162
1990 9122
2019 15016
2019 16288
2027 8144
2027 9698
2027 13707
2027 16042
2030 7749
2057 13566
2086 7274
2102 15886
2102 16099
2124 5565
2149 16276
2156 6817
2156 11103
2156 12358
2156 15299
2158 12885
2158 16046
2158 16349
2197 16340
2197 16342
2197 16357
2223 4634
2223 15589
2256 2627
2256 9323
2256 10491
2286 2582
2286 5616
2333 15875
2377 6576
2377 6817
2389 16308
2406 3405
2406 7699
2406 10558
2406 11299
2424 5912
2424 7290
2529 4391
2529 6817
2529 10068
2582 5267
2582 11835
2598 14251
2627 7391
2627 8197
2627 16046
2650 16276
2669 6708
2674 10718
2691 14251
2692 15299
2730 5682
2739 15505
2756 3313
2756 8119
2756 12366
2762 2767
2762 3107
2762 3388
2762 5049
2762 5065
2762 5162
2762 5849
2762 6203
2762 6779
2762 7391
2762 8197
2762 9323
2762 9742
2762 11203
2762 12844
2762 13061
2762 13653
2762 14597
2762 15114
2762 15505
2762 15553
2762 16279
2762 16318
2767 5125
2767 10265
2767 13771
2767 14611
2767 15839
2767 16298
2767 16342
2767 16347
2767 16352
2767 16357
2782 6978
2810 3322
2810 7647
2810 11340
2845 6498
2845 13533
2868 4242
2868 8604
2919 4232
2931 14995
2948 5036
3023 16319
3030 16348
3107 5849
3177 5682
3313 5089
3313 8208
3313 12366
3313 15388
3356 5362
3401 8119
3401 13061
3405 7122
3405 16345
3415 11779
3456 4187
3456 10347
3484 16267
3501 14597
3545 16206
3545 16318
3545 16340
3636 5616
3636 11203
3636 16281
3636 16297
3707 10203
3740 16314
3745 16309
3816 16283
3882 9299
3947 16249
3967 15839
3973 16349
4000 16099
4092 16099
4092 16297
4092 16324
4092 16336
4117 16308
4135 16288
4135 16290
4187 4283
4187 5162
4187 6189
4187 8763
4187 11136
4187 16321
4187 16333
4216 8642
4216 15505
4216 16275
4232 11250
4242 16307
4283 16321
4305 15114
4382 16307
4419 8144
4536 16312
4544 5270
4585 8453
4589 12253
4632 10164
4634 16289
4727 5125
4727 14767
4771 11835
4771 12358
4771 16264
4771 16337
4839 16328
4866 16099
4924 13088
4924 16330
5012 12309
5023 8608
5023 16282
5049 15885
5065 5822
5065 9323
5065 10265
5065 10730
5065 11383
5065 11568
5065 12358
5065 13653
5065 15299
5065 16277
5065 16344
5065 16350
5083 16099
5100 9444
5100 16250
5119 10846
5119 14983
5119 16209
5119 16271
5119 16307
5125 6203
5125 7534
5125 15505
5141 16343
5162 16356
5230 16284
5270 14142
5270 16326
5348 8435
5362 6498
5362 8197
5362 9742
5362 13653
5362 15960
5362 16308
5362 16317
5468 13922
5468 14142
5468 14262
5471 16099
5487 11565
5487 16339
5560 8515
5560 11383
5560 16336
5565 5637
5616 11203
5616 15886
5637 14948
5692 16298
5720 10203
5720 16312
5720 16336
5757 16313
5785 7290
5822 8197
5822 11568
5822 14930
5831 16311
5831 16357
5849 15914
5911 6429
5911 10730
5912 7290
6108 15875
6124 15444
6124 16326
6175 16276
6203 14524
6429 7534
6429 8608
6429 9421
6429 11037
6429 12885
6429 13061
6448 6817
6448 16308
6498 16294
6498 16308
6498 16326
6596 16023
6619 16345
6624 9469
6624 16327
6629 15875
6779 7534
6779 11568
6779 14930
6784 16295
6789 9444
6789 14017
6789 14418
6800 10068
6810 16336
6817 10068
6817 12358
6817 14418
6867 8061
6867 10846
6867 14717
6867 16318
7122 10293
7122 11241
7128 15474
7190 8119
7190 10399
7190 16046
7274 8061
7274 9152
7290 16312
7290 16336
7290 16345
7335 13922
7371 8363
7391 16184
7464 15518
7487 16353
7749 10846
7839 8604
8061 16288
8093 10730
8119 16318
8144 15875
8147 15039
8197 16264
8197 16332
8197 16334
8208 11943
8231 15875
8281 16302
8298 8604
8515 15593
8515 15886
8515 16292
8515 16336
8608 12358
8654 14948
8661 11565
8763 12021
8763 14948
8912 13970
8915 11851
9168 15299
9245 12358
9292 16313
9323 16313
9394 14955
9421 12070
9421 13922
9444 15714
9444 16274
9463 16314
9469 16327
9536 12451
9683 12424
9698 15875
9742 11203
9789 16344
9956 10068
10027 12070
10027 13922
10203 16326
10273 14628
10293 14262
10293 14597
10381 16298
10409 16359
10491 15474
10520 15971
10730 16345
10789 12358
10846 11141
10846 11269
10918 16326
11103 12451
11184 14611
11203 12253
11203 15886
11203 16359
11269 14709
11340 16046
11340 16318
11340 16328
11340 16335
11340 16340
11340 16344
11344 16307
11495 16292
11544 16261
11565 13854
11565 15839
11565 16298
11565 16299
11568 14930
11568 15553
11568 16359
11863 14948
11863 15971
11863 16277
11863 16317
12114 15525
12353 16099
12355 15839
12358 12451
12358 13566
12358 15299
12358 16300
12358 16301
12358 16308
12358 16328
12358 16345
12358 16350
12885 16345
13061 16297
13080 16291
13088 15839
13322 16288
13325 16314
13653 15505
13653 16000
13653 16132
13653 16293
13854 16298
13922 16322
14717 16184
14766 16298
14767 16315
14906 16316
14928 16276
14930 15839
14930 16268
14948 16271
14948 16296
15022 16329
15113 16272
15121 16042
15121 16288
15135 15875
15239 15839
15240 16284
15474 15916
15505 15553
15505 16329
15553 16284
15553 16297
15675 15875
15708 16266
15839 16157
15839 16268
15875 16026
15875 16196
15875 16288
15875 16305
15875 16310
15875 16323
15875 16329
15875 16337
15885 16258
15885 16267
15886 16042
15987 16112
15987 16359
16042 16306
16099 16294
16099 16297
16209 16303
16250 16360
16272 16338
16328 16335
16332 16334
