2 4117
2 7391
2 16394
3 10472
7 15299
13 172
13 1854
25 3856
26 1364
26 2762
26 3333
28 96
28 8363
29 6945
30 138
30 4216
37 76
37 157
37 5270
37 5468
37 10918
42 4157
46 6328
48 2816
48 4358
56 1422
56 5119
56 11340
59 16249
70 6945
73 108
73 1235
75 904
75 11565
76 151
76 444
76 461
76 805
76 1636
76 3414
76 3636
76 4187
76 5125
76 6945
76 7852
76 8272
76 9421
76 10718
76 11514
76 11568
76 12957
76 14442
76 14469
76 15299
76 16385
76 16398
83 4585
83 16218
83 16362
88 1572
88 3505
88 6498
88 9573
95 2762
95 4157
96 3166
108 1235
110 1854
110 2324
110 3405
110 8244
110 13707
110 15708
110 16378
110 16424
110 16430
120 15010
124 1990
138 442
138 2762
138 2845
138 4615
138 4656
138 5065
138 10706
138 14337
138 14677
138 15955
138 16370
138 16384
138 16434
151 1365
151 2156
151 5263
151 8208
153 647
153 2730
156 15708
156 16120
156 16363
157 762
157 5270
166 14321
172 1854
172 4964
172 6629
172 15453
174 3856
196 1144
196 9469
196 10492
196 10846
196 16364
196 16407
199 4113
201 659
201 4187
280 4226
286 16250
287 1636
297 16298
302 3856
302 16434
303 1818
304 2762
304 6189
304 16236
315 4059
315 16394
351 15299
359 11641
374 16392
383 659
383 1393
383 4187
383 4507
383 13061
383 14621
383 15593
383 15698
383 15886
385 1206
385 1235
385 3707
408 10273
412 10492
423 2062
423 13061
442 1636
442 2767
442 4187
444 11340
444 15031
447 11565
455 3414
461 5267
461 15708
467 8608
490 9948
506 15299
510 3030
510 3624
510 4358
528 4656
528 16083
531 11103
531 16036
572 4585
573 6629
573 11023
573 15453
573 15804
573 16036
573 16424
573 16448
577 618
577 1773
577 7391
577 7924
577 9323
577 14382
577 16083
577 16381
577 16382
602 14948
608 1369
608 15299
610 1374
618 1773
618 4216
618 16423
621 14382
621 15299
621 16083
641 16431
659 7924
659 9444
659 16071
659 16358
686 2767
729 10502
729 16368
729 16398
729 16427
729 16434
762 1235
762 6498
762 10918
762 15299
762 16001
762 16433
805 8197
805 10068
836 16410
837 1413
837 3816
837 4187
837 5162
837 8666
837 11103
837 11184
837 14418
837 15299
837 15698
837 16059
837 16060
839 1854
839 9948
839 12662
852 3313
852 5089
852 11851
852 14382
852 15388
852 16261
852 16443
891 8981
897 8363
897 9152
897 11565
897 15299
904 2762
904 8604
904 14382
904 15299
963 4031
963 5204
968 5468
968 16453
1006 9896
1057 9317
1057 9809
1091 8238
1091 11340
1115 1361
1115 11078
1115 11862
1115 12075
1141 16371
1144 1364
1144 16364
1144 16437
1144 16451
1206 1235
1206 3313
1242 16421
1255 16286
1256 2756
1256 3313
1256 8688
1256 10939
1256 11928
1256 16447
1264 15708
1298 3528
1298 15763
1300 8473
1321 3158
1321 16392
1335 14902
1359 2762
1359 5065
1359 7104
1359 16369
1361 2762
1361 8110
1361 11862
1364 1972
1364 4746
1364 5353
1364 7749
1365 4589
1365 7924
1365 9185
1365 10492
1369 16351
1374 2767
1375 5703
1392 1661
1392 6438
1392 14469
1393 2762
1393 14621
1413 16367
1422 6189
1426 6429
1508 2756
1510 1540
1517 16034
1540 5822
1540 7749
1540 14062
1540 16441
1540 16442
1563 15453
1636 1777
1636 3573
1636 5125
1636 6189
1636 7491
1636 11184
1636 12358
1636 14597
1636 16007
1636 16236
1636 16405
1636 16415
1636 16426
1636 16438
1717 3313
1763 6640
1792 16370
1804 6945
1804 15453
1824 6250
1854 1917
1854 2333
1854 3381
1854 3405
1854 5468
1854 6629
1854 9896
1854 13707
1877 5065
1877 5294
1896 16422
1917 8981
1917 14442
1917 16001
1917 16417
1917 16441
1972 4640
1973 2762
1977 16399
1985 7274
1995 15299
2044 16413
2062 5270
2062 8688
2062 16433
2062 16448
2124 9152
2156 6448
2156 12620
2156 14597
2197 16362
2223 16042
2223 16452
2274 16450
2286 5366
2286 14213
2313 2762
2313 16369
2313 16435
2333 3377
2432 16439
2488 10939
2489 5703
2529 3313
2529 16366
2582 8067
2582 9559
2583 3075
2668 2984
2668 5125
2668 5362
2674 16399
2694 15299
2747 12358
2756 3313
2756 5089
2756 7350
2756 8208
2756 15388
2756 16398
2762 3137
2762 4656
2762 5162
2762 8298
2762 10273
2762 14621
2762 15505
2762 15560
2762 16236
2762 16426
2767 11340
2767 14611
2767 15031
2767 15971
2767 16357
2771 15010
2775 13061
2787 3484
2860 15010
3000 6629
3030 4358
3078 4377
3158 16379
3166 4358
3166 8363
3171 16418
3177 5119
3177 5468
3177 8515
3177 12245
3195 11066
3226 3707
3313 11023
3313 16261
3326 11568
3333 5353
3377 15121
3377 15558
3377 16295
3377 16399
3388 3414
3405 16389
3405 16423
3414 4382
3414 4866
3414 5065
3414 11184
3414 12620
3414 16395
3505 3624
3505 5270
3573 6189
3579 12579
3624 5270
3624 16232
3624 16454
3636 4585
3636 5125
3636 8208
3636 15709
3648 3882
3648 9444
3707 10939
3707 16396
3856 4316
3882 8298
3882 8666
3882 16388
4011 10247
4031 7290
4031 15299
4031 16423
4092 8298
4117 16413
4126 16311
4187 5162
4187 8763
4187 9469
4187 11862
4187 14948
4187 16357
4187 16369
4187 16414
4187 16435
4216 8981
4216 10492
4216 16367
4242 6494
4242 12579
4355 6189
4358 5468
4358 9444
4370 6629
4382 11078
4382 16283
4382 16400
4384 5703
4397 6596
4507 14597
4507 15505
4518 16402
4523 7852
4536 8298
4536 8608
4585 5119
4585 16420
4615 5270
4615 6124
4640 9323
4656 9326
4656 11943
4702 11587
4765 5822
4771 15955
4771 16399
4839 8110
4866 12620
4866 16385
4882 6779
5065 5119
5065 5162
5065 7391
5065 9469
5065 10492
5065 14076
5065 16083
5065 16382
5089 5233
5089 11679
5119 7487
5119 16386
5119 16445
5125 5616
5125 6189
5125 7516
5125 11184
5125 11203
5125 15240
5125 15505
5125 15553
5141 6945
5141 7852
5141 14442
5162 7391
5162 9469
5162 9905
5162 14948
5267 15708
5270 7122
5270 8688
5353 11641
5362 10247
5362 10492
5362 16369
5362 16413
5366 5822
5366 7480
5366 14213
5468 6945
5468 9421
5468 16368
5468 16384
5487 16427
5560 16236
5616 11184
5616 15886
5621 15593
5621 16436
5637 16217
5720 9948
5720 16312
5757 16313
5785 7290
5822 8197
5859 6429
5859 8370
5911 10730
6175 12358
6175 16351
6189 10247
6189 12358
6189 15709
6277 16412
6373 10846
6429 11851
6429 16266
6429 16417
6438 11340
6438 11605
6448 10247
6448 11605
6448 16260
6498 16392
6498 16426
6523 16298
6576 10492
6594 15854
6596 14451
6640 11565
6678 16383
6692 16001
6708 10502
6779 16397
6945 7666
7000 7104
7000 10718
7000 11851
7000 14442
7104 10409
7104 12856
7104 15708
7213 15196
7230 16448
7290 9444
7290 15299
7290 16427
7387 16411
7391 15826
7391 16361
7391 16381
7391 16423
7487 14948
7491 8515
7589 15263
7673 15030
7689 15010
7749 9469
7924 12760
7991 16365
8067 14597
8110 16302
8110 16425
8119 15589
8119 16362
8147 10636
8147 13889
8179 14597
8197 16399
8208 12358
8208 15453
8272 16442
8409 15388
8472 14677
8515 16292
8608 8981
8666 14976
8666 16388
8688 9888
8688 16448
8763 14948
8767 16419
8887 16403
8912 16440
8981 16446
9152 14076
9152 16268
9152 16375
9152 16438
9421 12070
9421 13922
9421 15875
9427 15615
9431 16388
9444 14442
9444 15306
9444 16351
9469 15127
9698 15875
9896 16351
9905 16374
9905 16400
9948 14767
9948 15196
9970 16401
10027 12070
10027 13922
10247 15505
10273 16369
10293 16373
10293 16377
10491 15474
10492 14418
10939 16447
11103 12451
11115 16404
11119 16217
11184 16420
11203 16367
11299 15169
11299 16415
11299 16441
11340 11605
11340 15031
11340 16036
11340 16192
11509 15922
11514 15121
11531 16387
11565 12434
11565 15589
11565 15971
11565 16298
11568 11835
11568 14906
11568 16359
11568 16369
11835 12075
11835 16192
11835 16416
11943 14382
11943 16380
11943 16388
12245 14281
12358 16252
12358 16351
12358 16365
12358 16388
12451 16440
13017 15299
13280 14627
13280 15698
13479 16209
13653 16406
13707 15708
13707 15875
13965 15589
14062 14906
14337 16345
14382 16083
14418 16396
14597 15593
14906 16436
14948 16392
15010 15039
15010 15306
15010 16218
15121 16295
15169 15453
15188 15922
15252 16376
15453 16407
15505 15987
15505 16405
15589 16387
15593 15698
15593 16431
15593 16438
15698 16431
15708 16266
15708 16378
15708 16417
15708 16448
15826 16361
15839 15971
15839 16405
15839 16435
15854 15885
15875 16393
15875 16408
15875 16424
15875 16444
15885 16378
15987 16359
16025 16217
16042 16373
16130 16432
16249 16391
16250 16360
16283 16409
16286 16449
16368 16372
16378 16379
16382 16390
16428 16429
