13 16623
28 315
28 5049
28 5270
28 8918
28 9444
28 10293
28 12341
28 15113
28 15121
28 15311
28 16608
29 16647
40 16622
41 9587
42 383
42 729
42 8067
42 15127
42 16608
43 467
43 2313
43 12149
43 14213
43 16441
43 16509
43 16648
43 16654
59 76
59 16656
76 315
76 2762
76 5353
76 5362
76 7559
76 11565
76 13590
76 15113
76 15121
76 15299
76 15311
76 15553
76 16589
76 16590
76 16608
76 16626
76 16663
83 12341
83 16588
94 904
95 6373
96 6945
103 2650
108 7044
108 16608
110 647
110 2027
110 2406
110 2669
110 3405
110 4419
110 5065
110 7699
110 15044
110 16599
110 16619
110 16629
110 16649
110 16664
117 4382
122 4507
122 6203
131 5353
131 8712
131 15113
138 204
138 490
138 1206
138 1359
138 2762
138 16647
140 9444
153 2223
153 15286
153 16114
153 16662
184 9321
184 10600
184 16621
196 4059
196 6867
196 7326
196 8836
204 1413
204 16624
204 16625
247 2406
258 9948
258 15553
278 1058
315 729
315 4280
315 7391
315 10293
315 15113
315 16070
315 16648
318 16610
347 7851
351 4860
351 16623
370 16655
383 15553
414 5353
414 7399
447 4126
448 1058
467 1917
467 4536
467 8424
467 16564
467 16617
506 1787
506 16620
524 10918
524 16605
528 10600
546 12126
573 3692
573 13590
573 16599
573 16600
577 647
577 2762
577 10633
577 10866
577 16254
577 16633
608 2529
610 1985
610 5408
610 11565
618 15299
618 15664
618 16254
618 16588
621 15664
637 16639
647 3377
647 11340
656 11269
669 6429
713 15121
729 774
729 5125
729 12716
729 15050
731 2529
774 2767
774 11943
774 16649
801 1242
823 2062
837 15761
839 11269
839 16631
852 1200
852 1206
852 2529
852 2756
852 2762
852 3313
852 5012
852 7230
852 10068
852 14264
852 16447
852 16589
852 16592
881 16652
885 5757
897 15121
904 1359
904 3024
904 3030
904 13014
968 1539
969 9143
1006 1375
1006 1917
1006 6429
1036 8712
1039 8478
1057 2762
1057 5125
1057 10600
1057 11751
1125 4187
1125 11344
1144 15286
1148 5699
1198 11103
1200 1206
1206 15852
1242 2122
1242 5703
1255 8363
1256 2767
1256 5270
1256 16070
1256 16607
1264 1793
1264 2962
1265 5682
1268 2694
1291 5353
1291 15852
1302 3166
1321 2223
1321 2529
1322 6867
1359 3110
1359 4106
1359 5408
1359 12716
1359 15050
1361 3893
1361 16650
1365 16309
1366 9366
1392 1554
1392 4536
1392 10383
1413 3065
1413 4507
1413 12341
1413 15956
1413 16304
1445 4915
1540 12873
1551 4652
1563 5353
1576 16653
1604 5912
1604 7290
1604 8515
1604 11103
1636 2355
1636 2762
1636 3984
1636 5366
1636 6124
1636 15553
1636 16593
1636 16626
1653 5089
1653 6947
1664 9610
1687 15757
1742 2668
1749 5353
1763 4507
1763 5487
1763 16090
1763 16558
1774 9326
1794 13514
1804 8712
1818 3177
1831 3980
1831 10600
1836 16491
1854 16490
1854 16580
1861 2223
1861 16660
1875 7516
1875 16624
1877 11241
1914 16640
1917 2051
1917 2995
1917 10293
1917 15498
1917 16564
1917 16638
1971 2406
1985 5408
1985 7237
1985 7391
2027 13590
2027 16490
2051 16633
2062 5270
2062 6124
2062 8688
2062 16564
2095 16642
2102 11565
2102 16446
2122 2668
2166 11565
2223 12102
2223 16033
2223 16604
2223 16605
2223 16656
2256 15664
2256 16570
2256 16648
2313 3224
2313 5125
2313 5493
2313 6189
2313 15064
2355 3636
2355 10273
2355 14906
2389 15885
2389 16629
2406 3405
2406 16090
2437 16594
2488 16607
2529 2762
2529 3313
2529 16114
2529 16630
2529 16649
2534 7516
2534 11103
2599 16594
2603 2694
2603 9326
2650 14677
2668 4731
2668 8272
2668 8567
2668 16250
2669 7699
2756 16607
2762 5366
2762 6124
2762 6373
2762 6448
2762 7391
2762 9948
2762 10273
2762 11103
2762 11340
2762 14535
2762 15027
2762 15664
2762 16612
2767 8604
2767 16597
2787 3484
2816 2845
2816 16618
3024 12662
3026 12760
3039 14955
3065 8604
3107 11922
3110 15720
3110 16564
3155 14264
3158 16608
3177 5550
3177 11779
3224 4589
3224 7741
3224 15761
3239 15553
3313 3707
3313 5089
3313 6817
3313 6947
3313 9956
3313 11103
3313 11190
3313 16261
3313 16447
3313 16607
3336 15311
3377 9610
3405 5065
3405 11203
3405 16044
3405 16619
3414 9241
3501 4187
3515 16615
3528 8363
3545 8836
3545 15453
3545 15664
3554 5720
3554 10068
3624 6124
3636 4589
3636 16624
3636 16652
3639 16621
3764 15311
3893 8067
3893 15593
3963 12287
4031 15050
4059 6624
4059 16601
4092 4187
4092 8119
4092 10600
4092 16657
4106 11340
4106 12716
4126 8364
4187 4242
4187 5616
4187 9469
4187 10273
4187 15852
4187 16318
4187 16641
4187 16658
4231 7491
4242 11184
4242 15901
4339 16592
4382 16598
4419 16490
4419 16580
4507 11052
4507 16593
4536 8424
4536 10383
4536 16446
4536 16617
4536 16647
4707 15757
4731 13825
4771 16599
4839 5125
4839 11683
4860 14677
4866 5672
4866 16616
4964 15121
5018 11340
5021 15127
5049 16619
5065 5408
5065 8596
5065 8712
5065 12873
5065 15286
5089 6947
5089 9956
5089 15615
5119 5353
5119 12102
5119 12149
5119 14597
5119 14930
5119 16144
5125 5362
5125 7516
5125 11340
5173 5659
5270 7044
5270 8363
5270 15615
5272 15286
5306 16630
5353 7399
5353 8604
5353 8712
5353 16608
5353 16654
5362 8433
5363 16614
5373 16564
5386 9299
5408 6867
5468 7559
5468 14213
5468 16477
5468 16622
5471 11963
5550 16090
5616 6640
5616 16616
5672 8981
5672 16616
5699 12873
5720 6800
5720 7170
5720 13280
5720 15447
5720 16587
5720 16605
5720 16619
5720 16665
5757 5912
5912 8515
5912 10293
5912 16666
6002 11101
6062 8061
6189 6228
6203 15584
6203 16033
6228 10157
6228 16602
6373 7851
6373 8836
6373 13533
6373 15664
6373 16555
6429 10383
6429 10911
6429 15299
6429 15498
6429 16634
6448 11228
6448 16260
6453 15875
6453 16633
6498 16613
6596 13514
6596 16647
6624 9948
6624 16601
6624 16609
6746 8197
6746 16621
6779 8712
6810 11052
6817 16589
6867 12662
6885 9152
6947 8409
6947 16605
6947 16615
7000 16616
7000 16648
7155 9285
7170 11190
7190 16090
7230 16447
7237 16601
7273 16196
7290 11190
7290 12341
7290 15311
7290 16254
7391 11863
7391 12341
7391 16611
7391 16648
7399 15941
7741 16606
8008 14418
8067 14597
8067 15553
8067 16649
8197 11269
8197 16044
8197 16580
8197 16651
8409 16447
8424 8515
8424 12358
8433 16661
8604 11203
8604 16564
8604 16627
8613 16267
8613 16564
8654 14948
8712 15113
8712 15498
8712 16658
8739 15839
8981 16616
9122 16613
9152 15453
9152 16637
9321 14918
9323 10633
9323 15299
9323 15664
9352 10558
9425 16662
9444 10293
9444 10866
9444 13095
9444 15113
9446 15553
9610 15875
9896 16599
9905 16033
9952 15168
10068 11190
10068 12341
10068 15311
10068 16595
10273 14597
10293 12876
10347 12421
10347 15113
10409 15875
10600 16530
10600 16652
10918 16618
11164 15941
11203 16647
11203 16663
11228 14657
11241 16549
11269 16667
11340 15584
11340 15664
11340 16502
11340 16585
11340 16586
11340 16630
11340 16658
11751 15875
11779 13990
11779 16318
11943 16592
11943 16621
11993 16090
12126 14213
12149 14930
12253 16642
12341 15794
12342 16594
12358 15064
12358 15505
12358 16665
12620 16643
12662 14417
12716 15121
12716 15987
12873 16564
13017 16645
13017 16646
13166 16603
13512 16644
13889 16090
14049 16090
14213 15875
14323 16592
14906 15553
14906 16660
14930 15952
14976 16650
15010 16553
15027 16090
15050 15087
15113 16554
15113 16659
15240 16635
15372 16592
15453 16619
15505 16632
15553 16632
15593 16616
15719 16090
15761 16591
15761 16637
15761 16657
15839 16596
15875 16044
15875 16254
15956 16304
16090 16601
16232 16613
16530 16592
16549 16628
16564 16610
16564 16631
16564 16633
16592 16636
16592 16652
16624 16632
16645 16646
