0 16877
7 42
7 5049
7 16293
12 15875
26 16732
29 201
29 351
29 2111
29 3166
29 3195
29 5270
29 10918
29 15241
38 16877
42 1604
42 4231
42 6124
42 16888
43 5468
43 6638
43 11228
43 13045
43 13694
43 13707
43 16785
43 16890
56 2785
59 76
59 153
59 610
59 621
59 1407
59 2158
59 4771
59 8688
59 9859
59 11779
59 11947
65 2489
65 6785
65 8197
65 16564
70 5215
76 138
76 172
76 610
76 1106
76 2437
76 2529
76 2598
76 3415
76 5270
76 6781
76 6947
76 8197
76 8567
76 8688
76 10068
76 11103
76 13707
76 13881
76 16055
76 16624
76 16695
76 16875
83 621
83 13032
88 5270
93 532
95 16047
103 16861
110 839
110 2406
110 12719
110 15563
110 16846
110 16853
110 16896
133 8197
138 1709
138 1972
138 13694
138 14062
138 16695
138 16877
153 297
153 4924
153 6779
153 12734
153 16855
161 10706
172 3377
184 12019
184 16175
196 9285
196 16327
201 510
201 4536
201 8197
201 15113
204 5493
204 5616
204 6189
204 7281
204 14906
205 1744
205 4397
258 2355
258 3107
297 7109
297 11565
297 14015
297 15952
297 16807
302 4749
304 762
304 1896
304 2583
304 6779
304 16842
315 318
315 577
315 773
315 9444
315 15113
315 16841
338 2910
338 8197
370 3177
374 16695
383 15886
388 16877
434 1265
434 1407
436 577
451 14062
455 16695
467 2598
467 16821
477 16887
503 852
503 2607
532 7290
532 12341
573 610
573 6867
577 610
580 610
610 659
610 1972
610 2529
610 2598
610 2756
610 3313
610 3791
610 5065
610 6373
610 8363
610 9888
610 10273
610 11383
610 14062
610 15113
610 15839
610 16695
610 16764
610 16828
610 16863
618 5911
618 6429
621 13082
621 15113
659 839
659 846
659 904
659 1321
659 2095
659 2598
659 2756
659 3107
659 4113
659 4117
659 5125
659 7000
659 8567
659 11340
659 14142
659 15114
659 16695
659 16895
729 1413
729 2406
729 14573
736 4397
762 2598
762 4860
775 823
803 16834
805 10068
810 8099
837 2529
839 4011
839 12807
839 16884
852 9407
852 10347
859 16877
868 2406
881 9948
904 2650
904 3107
904 7924
904 11103
904 15757
904 16882
904 16895
920 11146
968 6498
968 10918
968 16351
1006 16819
1006 16837
1006 16838
1012 9985
1057 2156
1057 10273
1057 16852
1106 16667
1115 16695
1148 6779
1264 3158
1312 9168
1312 13838
1312 15538
1320 4503
1335 1917
1335 6596
1359 1393
1359 16888
1361 2762
1361 5125
1365 2095
1365 2868
1365 14062
1365 16695
1375 16837
1392 16667
1393 8257
1393 12341
1393 16293
1393 16695
1413 6373
1413 16852
1466 16894
1483 7924
1517 16837
1604 2256
1604 2567
1604 5831
1604 11103
1604 11340
1636 2598
1636 2762
1636 6638
1636 7281
1636 9948
1636 14062
1640 2406
1658 16853
1709 2406
1709 15875
1709 16877
1812 7740
1813 4839
1813 15113
1824 16876
1836 16877
1861 16660
1875 16848
1904 2816
1904 5468
1904 6124
1904 6498
1917 11642
1917 12712
1917 12807
1917 14226
1917 14469
1917 16667
1917 16687
1972 2598
1972 2786
1972 6947
1972 13881
1972 16695
2019 2599
2019 10203
2019 16785
2027 2786
2027 3377
2027 13045
2044 5493
2095 2256
2111 14311
2111 16293
2122 16838
2136 16867
2156 3034
2156 16852
2156 16895
2158 4031
2158 16829
2158 16877
2158 16890
2200 14631
2204 15079
2223 16816
2223 16873
2235 3979
2256 15113
2256 16844
2286 16758
2313 5493
2324 16026
2334 5119
2355 14906
2389 16854
2406 7699
2406 8712
2406 9228
2406 15875
2406 16026
2453 16629
2460 14064
2488 11836
2489 2603
2489 16884
2529 3161
2529 4171
2529 5757
2529 8567
2529 13881
2529 15113
2529 15388
2529 16055
2529 16695
2529 16868
2562 16856
2567 14948
2567 16893
2582 4117
2582 8099
2598 5125
2598 7924
2598 11642
2598 14062
2598 14767
2598 16564
2598 16695
2598 16850
2603 6779
2603 8197
2603 15022
2606 12421
2619 4964
2650 2821
2669 16776
2676 4031
2676 16830
2756 5233
2756 8197
2756 15388
2762 3313
2762 4577
2762 8298
2762 9143
2762 10690
2762 14631
2762 15538
2762 16843
2775 9215
2785 2906
2785 8508
2785 9851
2785 11228
2786 3166
2786 12643
2786 12716
2786 14677
2868 10273
2906 16839
2930 8387
2934 16871
2943 8972
2962 15563
2970 15875
3030 15875
3051 14059
3107 15305
3158 3676
3158 16564
3177 5119
3177 15010
3226 5672
3313 16894
3545 5929
3616 4916
3616 14142
3707 4140
3707 16783
4011 7000
4048 16847
4090 16858
4092 5065
4092 15305
4113 9326
4113 16895
4117 4771
4117 14469
4117 16695
4140 5757
4171 6781
4187 4382
4187 14387
4187 16695
4216 16564
4216 16695
4226 16732
4230 6596
4230 6779
4230 8515
4231 6124
4339 14142
4382 11863
4382 12421
4382 16847
4397 12712
4397 16446
4419 7699
4419 16874
4523 6498
4577 5560
4731 6619
4731 15079
4771 8688
4771 12358
4830 5720
4839 15113
4839 15114
4839 16729
4839 16871
4839 16889
4924 16695
4924 16851
4964 16842
5049 8494
5065 6596
5065 7740
5065 11835
5065 15113
5065 15987
5065 16829
5107 7616
5107 10690
5107 16890
5119 9152
5119 16831
5119 16862
5119 16872
5125 5366
5125 16850
5159 11642
5215 7491
5263 16695
5263 16836
5267 11340
5267 11568
5270 6498
5305 8197
5362 16624
5366 16758
5366 16837
5373 16877
5455 16624
5493 15505
5501 5912
5501 7290
5501 8515
5509 9245
5560 9948
5560 16695
5616 7147
5616 7491
5616 9245
5616 10600
5616 11103
5616 16835
5652 16730
5658 14142
5699 15079
5720 5757
5720 11155
5720 11836
5720 14906
5720 16814
5720 16844
5720 16845
5720 16894
5757 9775
5831 16677
5831 16807
6062 9285
6062 11779
6108 15087
6189 11146
6246 9789
6373 15113
6373 15299
6373 16832
6429 10730
6429 13032
6429 14046
6429 16875
6448 6708
6448 16807
6498 8363
6498 9444
6498 16854
6576 9431
6594 10068
6594 16877
6596 12358
6596 12712
6708 10724
6779 9245
6779 9948
6779 10698
6779 16624
6867 15241
6867 16695
6867 16856
6942 16827
6947 16695
6947 16866
7000 8972
7093 14382
7109 16695
7281 14906
7290 16695
7391 15044
7487 15199
7491 15886
7924 9326
7924 12713
8124 11568
8124 15875
8124 16842
8179 16695
8197 9683
8197 16628
8387 16874
8494 16293
8515 16858
8567 16695
8613 16877
9152 15113
9152 16695
9152 16759
9156 9245
9156 16756
9168 15538
9168 16843
9245 16293
9285 16327
9323 16880
9332 16829
9431 11851
9444 15113
9444 16830
9948 14062
9948 16695
9985 16695
10068 15388
10068 16808
10273 11863
10273 16695
10293 16785
10409 13032
10409 13653
10600 15593
10600 16514
10789 16855
10918 13694
11101 16826
11228 16729
11269 15299
11269 16327
11269 16885
11299 16853
11340 11383
11340 11863
11340 12421
11340 15602
11340 16175
11340 16695
11340 16827
11340 16831
11340 16870
11340 16883
11340 16893
11464 16877
11851 14906
11851 15610
11863 15602
11863 16807
11863 16827
11972 15875
12245 14281
12358 16877
12358 16879
12385 16879
12421 16850
12568 14948
12583 16695
12643 16891
12713 12760
12713 14042
13074 15073
13694 16720
13707 16877
13838 15474
14042 14879
14042 16696
14062 14767
14062 16695
14062 16864
14906 16810
14948 16793
15010 16892
15113 15875
15113 16695
15113 16885
15114 16695
15148 16877
15213 16833
15299 16695
15453 16860
15474 16859
15593 16852
15765 16840
15839 16763
15867 16695
15875 16026
15875 16801
15875 16842
15875 16846
15875 16896
16111 16877
16187 16836
16217 16869
16322 16564
16322 16776
16349 16849
16514 16783
16564 16884
16695 16807
16695 16865
16695 16883
16695 16893
16695 16898
16742 16877
16844 16850
16857 16858
16869 16886
16877 16878
16877 16881
16897 16898
