28 70
29 4585
29 14976
42 839
42 1392
42 5065
42 5616
42 17067
43 6189
43 7852
43 14906
43 17070
43 17074
43 17075
70 8272
76 3636
76 14958
76 15113
83 1763
83 5501
83 17051
83 17059
83 17075
88 14278
95 4530
95 4924
95 17017
95 17058
95 17060
96 713
96 5270
97 13016
97 17047
108 15124
108 16564
110 1854
110 14958
110 16463
134 11155
138 201
138 1278
138 3707
138 5065
138 7290
138 14976
138 17027
138 17057
138 17100
140 240
153 839
153 2650
153 4056
153 14278
179 1636
201 3707
201 6431
201 10492
204 5125
204 16989
216 5107
221 712
253 11340
258 839
258 15324
298 2627
383 7391
408 16989
434 15299
442 14767
455 2256
461 1454
461 1625
461 5065
467 1057
467 8608
467 17080
502 17076
506 3152
519 10911
528 677
528 5162
528 7041
528 11565
528 16984
528 17060
532 16928
573 682
573 6629
573 15875
577 712
577 2057
577 3460
577 8197
577 10383
577 11821
577 15887
577 16797
592 7041
602 3608
602 15636
610 7391
610 17093
618 970
618 3456
621 17033
621 17068
621 17083
634 13276
641 677
641 17073
644 11340
659 2762
659 14976
677 16984
686 13735
712 2816
712 11343
712 15299
713 5270
729 1361
729 2057
729 15050
729 16984
729 17033
773 16804
803 2105
803 2756
817 14278
837 2009
837 7041
837 17073
837 17078
837 17087
839 852
839 1256
839 5049
839 8632
839 14958
839 17061
852 1393
852 1432
852 3816
852 4585
852 5720
852 12523
852 14264
852 15398
852 17017
852 17043
852 17044
859 15299
881 2582
881 3636
881 4746
881 5065
881 17059
897 6619
897 14469
968 16351
969 17067
970 5912
970 6713
1006 17069
1012 2095
1057 2120
1057 3707
1057 8608
1057 8912
1106 2816
1115 2650
1115 9469
1115 10347
1115 10743
1115 13829
1115 17073
1140 17063
1144 4562
1170 5362
1170 15505
1170 17100
1206 4562
1206 17103
1242 7000
1242 15022
1256 16960
1256 17043
1256 17050
1268 14142
1278 17025
1281 7699
1300 3979
1359 2582
1359 5065
1359 9421
1359 15656
1359 17073
1361 1413
1361 2120
1361 2650
1361 4530
1361 5616
1361 10273
1361 11779
1361 17034
1361 17046
1361 17089
1361 17099
1365 14767
1365 16960
1393 6279
1393 7290
1393 10347
1393 12523
1393 17059
1413 13735
1413 17085
1436 16096
1449 17035
1466 5912
1476 5949
1514 7391
1514 17032
1514 17033
1539 1551
1539 5845
1563 14046
1636 2756
1636 3636
1636 5616
1636 8197
1636 12341
1636 16689
1644 17062
1763 14046
1794 3707
1794 7290
1794 12523
1804 15113
1804 15875
1824 10846
1831 17059
1854 6629
1875 16034
1879 5373
1904 2816
1914 17070
1917 7071
1917 10409
1917 17031
1917 17080
1943 17072
1971 16034
1972 4493
1972 6062
1972 12985
2009 17059
2019 17069
2027 15875
2057 3030
2057 11947
2089 4092
2095 4231
2095 4839
2095 7199
2095 11779
2095 15703
2095 15746
2095 16003
2095 16233
2095 16960
2095 17043
2102 4746
2102 5065
2105 4924
2107 4771
2107 5682
2107 16564
2120 2598
2120 9245
2136 8981
2149 13276
2192 2582
2223 17048
2256 14597
2256 16689
2256 17046
2256 17085
2313 2603
2355 3636
2389 6629
2406 9379
2406 15113
2406 15875
2428 9245
2437 3456
2489 16785
2489 17104
2527 17065
2529 5845
2529 12523
2529 16096
2581 4839
2582 5065
2582 7754
2598 3543
2598 3636
2598 4216
2598 5065
2598 8632
2598 10866
2650 8197
2650 10347
2650 12358
2650 15299
2650 17097
2674 13276
2674 17075
2720 11194
2739 7516
2756 14253
2756 16003
2756 17050
2756 17091
2762 3636
2762 5493
2762 8067
2762 8197
2762 9168
2762 13280
2762 14906
2762 15698
2767 5616
2767 9323
2767 16984
2767 17041
2767 17058
2785 16386
2825 3068
2868 16960
3023 6223
3026 4056
3076 17049
3097 5565
3107 6867
3107 9130
3155 14253
3195 17051
3226 3383
3293 6867
3313 5089
3313 14253
3313 16096
3313 17050
3322 9245
3355 17040
3356 4839
3356 11340
3383 5859
3405 9421
3405 17053
3415 5065
3456 4116
3456 6429
3505 17094
3545 17093
3624 5270
3624 6498
3624 15124
3636 4839
3636 5616
3636 5938
3636 9245
3636 10293
3707 5912
3707 7290
3707 9985
3707 10068
3707 12065
3707 16096
3707 16877
3707 17008
3707 17040
3707 17044
4031 15050
4031 16984
4031 17033
4031 17109
4048 15299
4116 17059
4117 17018
4187 5007
4187 9469
4193 16181
4212 14042
4216 5119
4216 5912
4216 17051
4216 17069
4397 4746
4397 17000
4523 6062
4536 6596
4536 17000
4536 17037
4536 17088
4562 11340
4591 16988
4615 5270
4615 5468
4746 9245
4746 10589
4746 10846
4746 17059
4746 17099
4839 9245
4839 16349
4924 13838
4924 17058
4924 17064
4924 17082
4924 17089
4964 17095
4981 17069
5007 5065
5065 8460
5065 11568
5065 12253
5065 13210
5065 16187
5065 16564
5065 17027
5065 17073
5065 17090
5089 14253
5100 6619
5100 16981
5107 17083
5119 5912
5119 17098
5119 17106
5125 7516
5173 5659
5230 6782
5352 15887
5366 6779
5366 16034
5468 15113
5468 17057
5468 17094
5493 8197
5493 14906
5493 15114
5501 6448
5501 6619
5501 7399
5522 8281
5560 15324
5560 17075
5616 8956
5652 14278
5720 12523
5757 6817
5757 11851
5801 16964
5831 17064
5864 17097
5912 16999
5912 17073
5929 15942
6062 12985
6062 16984
6160 17051
6373 6624
6373 9130
6429 7852
6429 10383
6429 16984
6429 17080
6498 17047
6505 17054
6596 17000
6618 10492
6618 11340
6619 16984
6640 11340
6640 11531
6709 17108
6779 17071
6867 14958
6867 17092
6945 15113
6947 10552
7000 13240
7000 17042
7041 15252
7071 10409
7071 11269
7194 8567
7199 9431
7199 12385
7290 10068
7290 10730
7290 12523
7290 16592
7391 10383
7391 12358
7391 15114
7391 15887
7391 17040
7391 17046
7516 17018
7516 17056
7516 17059
7516 17071
7534 9245
7647 11340
7647 11531
7852 11269
7852 11779
7855 17042
8099 11203
8124 14165
8137 10846
8197 8632
8197 9421
8197 11394
8197 11751
8197 13276
8197 14958
8197 15875
8197 16689
8197 17107
8281 9152
8281 16836
8281 17039
8363 15124
8363 17075
8460 10846
8515 13355
8515 16960
8567 17097
8630 16689
8632 16984
8712 16928
8712 17106
8914 17089
8956 11340
8981 14597
8981 16984
9152 17077
9245 11103
9245 17008
9245 17099
9245 17110
9323 17008
9323 17059
9421 15875
9421 15887
9425 15561
9425 17048
9425 17092
9444 17075
9444 17084
9469 15113
9469 16960
9536 17038
9633 16671
9789 16596
9888 12421
9905 10600
9905 17036
9905 17039
9952 15168
9952 17092
10040 17054
10040 17059
10040 17074
10068 14278
10273 11340
10273 14062
10293 13276
10293 13355
10321 16695
10321 17086
10347 17015
10472 15875
10472 16580
10541 11344
10589 11360
10589 11797
10589 14394
10730 12523
10789 17078
10850 14286
10918 17094
11203 17056
11269 16928
11340 11531
11340 12358
11340 17078
11344 17082
11565 16984
11587 13061
11779 17089
12126 14165
12126 15124
12253 17059
12253 17075
12341 13061
12358 17018
12358 17102
12523 13892
12523 14906
12643 15875
12885 14394
12885 16306
12885 16970
12885 16984
12928 14906
12928 16097
12940 17098
13017 17041
13276 16580
13298 16907
13707 15875
13707 15887
13735 14976
14264 17050
14418 17034
14597 15698
14906 17083
14916 16797
14958 15453
15022 17096
15113 15875
15121 16580
15299 16928
15299 17054
15311 15398
15324 15505
15398 17043
15453 17000
15505 17059
15593 17060
15636 17072
15761 17073
15761 17105
15839 16596
15839 17006
15839 17052
15875 15887
15875 16580
15875 17029
15875 17079
15875 17089
15875 17095
15887 16942
15895 15916
15916 17101
16302 17055
16306 16554
16564 17104
16689 16984
16730 17066
16877 17045
16907 17034
16970 16984
16984 17033
16984 17077
17008 17030
17008 17044
17008 17109
17081 17082
