0 10706
28 5100
29 17141
42 677
42 1256
42 2406
42 3456
42 10304
42 10645
42 12844
42 17160
43 2767
43 4746
43 5822
43 15875
43 17112
59 17163
76 5179
76 6984
76 15299
83 4382
83 15875
83 17186
84 2406
90 4731
95 6203
95 11580
95 13067
95 16974
95 17175
96 6942
108 7749
108 9573
110 2472
110 10293
110 14958
110 16026
110 16619
110 17137
131 15113
134 5471
138 201
138 434
138 2816
138 5179
138 12760
138 15113
138 17161
153 11340
153 11580
153 11779
153 16033
184 4092
184 16933
184 17169
196 12022
201 5179
201 6431
201 15709
201 15875
201 17103
201 17145
204 2582
204 10645
213 6984
213 9472
214 6984
226 1990
258 5616
258 15448
258 17149
287 1281
307 621
307 6984
307 15010
307 17165
315 17147
359 7428
374 11340
413 852
413 3313
434 13067
434 17112
455 3415
455 14621
461 5675
461 15241
461 17147
467 9905
467 15472
467 15875
528 774
573 2437
573 17174
577 1514
577 6429
577 10604
577 11343
577 14748
577 14751
577 15113
610 11340
610 11580
618 3456
621 15113
621 17142
634 6569
636 1514
641 774
641 6867
659 12844
662 2389
677 5021
682 12341
708 12126
712 2317
712 4167
722 17124
729 1381
729 4382
729 5179
729 11340
729 14046
729 14906
729 15113
729 17147
762 1432
762 4382
762 4615
762 15875
762 17097
771 6779
774 5621
803 15618
803 17076
837 8787
837 12022
837 17188
839 17141
839 17178
852 2756
852 3313
852 4858
852 10304
852 12718
852 14906
852 15311
881 14771
881 17160
881 17167
881 17185
897 1894
897 17182
968 7335
968 16877
970 12125
1006 15875
1057 1539
1060 17148
1106 3158
1106 5501
1106 7000
1106 11340
1115 8654
1115 11340
1115 11580
1115 11851
1137 17143
1144 7194
1144 8567
1144 9161
1144 9425
1144 17111
1206 15525
1206 17103
1232 13067
1256 3456
1256 3707
1256 7738
1256 10304
1256 11836
1278 8836
1278 13735
1281 3405
1281 7699
1298 17175
1321 5308
1335 6429
1359 1470
1359 13280
1359 17121
1359 17186
1361 5179
1361 11751
1361 13202
1361 14906
1361 15862
1361 17099
1361 17141
1361 17180
1365 3456
1365 11340
1369 17071
1374 10347
1392 7194
1392 9352
1392 15464
1393 1470
1393 6431
1393 10068
1393 12928
1393 15113
1393 16963
1413 5049
1413 6810
1413 12523
1413 15113
1413 15384
1470 3636
1470 4092
1470 5125
1470 12523
1514 11343
1540 17105
1622 16984
1622 17181
1625 2044
1636 5363
1636 17125
1658 9425
1658 17171
1792 12643
1812 4536
1812 16963
1824 8836
1877 15875
1877 17183
1917 4746
1917 5699
1917 8712
1917 10409
1917 12126
1917 12643
1917 15311
1917 17113
1917 17130
1971 6779
1971 16984
1977 12126
2019 13708
2019 17174
2027 17193
2095 4839
2095 5100
2095 15505
2095 16233
2095 17127
2102 14417
2124 17119
2128 15875
2149 7699
2158 7194
2158 15299
2223 4382
2223 5308
2256 11343
2256 11580
2256 11779
2256 17116
2283 3764
2309 16984
2313 9312
2317 12358
2324 15299
2389 6629
2389 17117
2406 9379
2406 15113
2406 15875
2437 2919
2437 4216
2529 3226
2529 5100
2529 17135
2582 7822
2598 12341
2598 17113
2627 11751
2650 5021
2650 17097
2664 9425
2669 2919
2669 12126
2674 13708
2692 4048
2692 11751
2692 12319
2692 17147
2739 17015
2756 11851
2756 17172
2762 6373
2762 14748
2762 14906
2762 15114
2767 3388
2767 5119
2767 9425
2767 10918
2767 11340
2767 17092
2767 17126
2767 17151
2775 3356
2816 3024
2816 5179
2816 7571
2825 3068
2868 16318
2868 17147
2907 6505
2919 12126
2930 8836
3013 17129
3030 15299
3030 17119
3065 5119
3065 5822
3065 9312
3113 17136
3313 12341
3313 16096
3322 11696
3322 12319
3355 16963
3356 4011
3356 4839
3388 3636
3388 11751
3388 16695
3456 6429
3515 8453
3515 12718
3516 17180
3624 5179
3624 6498
3636 11751
3636 15842
3636 17109
3707 15842
3707 16907
3882 5179
3882 16989
3882 17072
3967 17139
4031 16984
4031 17047
4031 17182
4092 5065
4092 5621
4092 17141
4092 17165
4092 17169
4113 5720
4113 12523
4116 17185
4117 8901
4117 9312
4117 15875
4117 17168
4135 10409
4179 15518
4187 8596
4187 17168
4216 4746
4216 7991
4216 15022
4333 14767
4382 12304
4382 17097
4382 17112
4382 17165
4397 10730
4523 17147
4536 8099
4536 9323
4536 10730
4536 11568
4536 12556
4536 16963
4536 17167
4615 5141
4615 5270
4615 9888
4731 9425
4731 17113
4731 17191
4746 7991
4746 11340
4746 15875
4839 13280
4839 17072
4858 12718
4924 14473
4924 16893
4924 17126
4924 17133
4924 17146
4924 17194
4964 17095
4964 17117
5065 17167
5065 17169
5100 17135
5119 8630
5119 9425
5119 10918
5119 15819
5119 17106
5119 17118
5125 5720
5125 8453
5125 12523
5125 15113
5125 16042
5159 17130
5179 7738
5179 8567
5179 15875
5179 16610
5270 6569
5272 17188
5308 5849
5363 5757
5363 15593
5363 17150
5366 10203
5366 15453
5415 5468
5615 16233
5616 6810
5616 8272
5616 16888
5704 17144
5720 6431
5720 6800
5720 10203
5720 10304
5720 11836
5720 12523
5816 17130
5822 6779
5831 17146
5900 6576
5912 17154
5912 17165
6133 17165
6189 17150
6203 17128
6203 17184
6289 13280
6373 6624
6373 11023
6373 12126
6429 7364
6429 10409
6429 10604
6429 12556
6429 14751
6431 10068
6448 12037
6576 6746
6576 14418
6576 17147
6596 7290
6596 9323
6596 10730
6596 16963
6619 15113
6640 17126
6640 17165
6709 15839
6779 15037
6810 14621
6810 15709
6817 17153
6867 8836
6867 17128
6867 17147
6916 8836
6947 17170
7194 9152
7194 17163
7290 10730
7290 12523
7290 15311
7487 17165
7647 11531
7699 16435
7749 9152
7749 15875
7852 11779
7852 12037
7855 17140
7991 9352
7991 11925
8061 17146
8067 17129
8099 15875
8197 11103
8197 15113
8197 16026
8197 16961
8197 17120
8197 17177
8197 17180
8281 16033
8298 13170
8379 16474
8409 16942
8494 10293
8567 17097
8567 17132
8596 17165
8635 17068
8712 17106
8712 17178
8901 9444
8974 17165
8982 15875
8982 17095
8992 17164
9060 16236
9098 11340
9098 11779
9098 17163
9152 17146
9214 17115
9285 16033
9285 17097
9299 17076
9312 15505
9323 10730
9323 11340
9323 12523
9323 17179
9352 9789
9425 9888
9425 11340
9425 11779
9425 14418
9425 17097
9425 17163
9444 17165
9469 11580
9540 17165
9888 17135
9952 17092
9994 12643
10061 17154
10068 12523
10203 11340
10203 15505
10273 16233
10273 17181
10293 15875
10293 16026
10347 15113
10347 17015
10409 11343
10592 17162
10592 17192
10730 12523
10789 17116
10818 16713
10995 16984
11001 17093
11023 11779
11023 15875
11023 16984
11203 17167
11269 12037
11269 12090
11269 15113
11269 15299
11269 17116
11340 11343
11340 11580
11340 12760
11340 15887
11340 15929
11340 17126
11340 17147
11340 17162
11565 12341
11565 16807
11565 17126
11568 16961
11751 13067
11751 14771
11751 15114
11779 15299
11779 17122
11779 17142
11925 14976
11943 16933
11943 16977
12022 16629
12037 15887
12090 13981
12149 17165
12233 15794
12253 14417
12319 17163
12341 15875
12358 17177
12523 13280
12523 13892
12523 14906
12523 15464
12523 16564
12525 17153
12556 17171
12563 17165
12643 15887
12672 17147
12760 15636
12784 17186
13017 14417
13057 17113
13170 17152
13202 17165
13298 16907
13466 17163
13694 16888
13707 15887
13773 17111
14042 16807
14059 14110
14148 17135
14417 16984
14418 17145
14444 17187
14621 15114
14771 17160
14906 17015
14906 17141
14906 17147
14976 17127
14976 17134
15022 15875
15022 17147
15113 15887
15241 16089
15252 16646
15311 15398
15384 15505
15406 17123
15464 15887
15474 16033
15505 16233
15505 17121
15505 17141
15839 16596
15839 16807
15842 16984
15842 17165
15875 16435
15875 16984
15875 17095
15875 17166
15875 17186
15875 17189
15887 16472
15887 17116
15887 17155
15916 17101
15987 17148
16033 16695
16033 17097
16161 17156
16428 16822
16482 17194
16549 17140
16564 16877
16564 17138
16658 17165
16695 16807
16877 17138
16961 17159
16984 17114
16984 17126
16984 17131
16984 17154
16984 17169
16984 17181
16984 17190
17097 17112
17157 17158
17171 17176
17172 17173
