1 6315
1 6619
26 15022
26 15151
42 1604
42 5305
42 5720
42 8272
42 9161
42 10203
42 15504
42 16826
43 14709
43 17205
59 1206
59 5100
69 3856
73 5468
76 141
76 839
76 1235
76 4746
76 4964
76 5616
76 8197
76 15372
76 15557
76 15875
83 3123
83 4059
83 5176
83 17203
83 17244
88 15299
95 12341
109 3856
110 1232
110 1854
110 2324
110 5305
110 7822
110 15875
110 16293
110 16610
110 16877
110 17095
110 17227
110 17263
110 17267
113 2437
118 1514
133 4059
134 5471
138 762
138 1256
138 2158
138 2437
138 2488
138 6431
138 9431
138 16589
138 17198
140 16639
141 12341
153 2254
153 3123
153 12844
153 13735
153 15151
153 16114
153 17112
153 17206
153 17209
156 15302
184 1604
184 5616
184 9245
201 2158
201 5119
239 1788
258 9257
258 17230
280 3760
311 6917
315 12523
330 9896
368 17258
374 1115
383 1604
383 17148
390 17227
407 17245
412 881
412 2488
412 5272
412 5551
412 17168
412 17221
412 17231
413 3313
455 3856
461 1392
467 4536
506 4092
510 1788
524 15400
528 7616
536 4187
546 13280
559 1917
559 2307
577 618
577 1361
577 2593
577 3456
577 11452
577 12434
577 15987
577 17208
610 2762
610 6373
610 6779
610 11340
610 16764
618 1097
618 2095
618 4117
618 12523
618 17200
621 17244
671 4048
682 17245
712 17222
713 1235
713 5468
713 8197
721 17224
729 5230
729 16992
729 17193
729 17206
736 7071
762 1242
762 7714
773 17182
773 17197
775 2437
803 17076
837 2783
837 4880
837 6698
837 15538
839 1917
839 4746
839 6362
839 11269
839 16580
852 1365
852 2705
852 2756
852 3313
852 3707
852 5089
852 5616
852 8208
852 10690
852 16573
852 16589
852 17168
852 17222
881 1057
881 2313
881 4092
881 6810
881 10243
881 13735
881 14771
881 17160
881 17185
897 4615
897 15151
897 15299
897 15875
968 3484
968 7855
968 16322
968 16564
968 17171
968 17240
1006 15302
1012 2158
1057 5672
1057 8197
1057 8912
1060 15372
1106 2070
1106 10589
1106 16732
1115 6917
1115 8281
1115 11580
1115 14473
1115 15113
1115 16033
1144 17237
1177 4187
1185 13083
1206 9431
1206 9888
1206 16764
1206 17168
1232 9644
1235 5100
1256 2488
1256 3707
1256 10939
1256 17253
1256 17266
1264 15875
1321 6712
1321 17218
1322 11184
1333 11103
1359 2437
1359 13280
1361 5938
1361 17220
1361 17235
1365 10347
1365 11340
1365 14002
1365 14767
1365 16589
1365 16695
1369 15302
1374 10347
1392 15372
1393 1604
1393 17213
1413 4117
1413 6246
1413 15453
1422 8912
1422 13061
1470 3636
1514 11343
1514 13533
1551 17234
1563 5270
1563 9888
1604 2762
1604 8067
1604 11103
1604 15709
1604 16984
1640 16664
1709 17202
1718 13061
1763 3177
1763 15448
1763 17238
1831 2957
1831 8912
1854 2027
1854 2389
1854 4419
1854 15875
1917 2307
1917 4157
1917 4536
1917 12126
1917 12643
1917 17193
1928 5089
1928 8225
1971 8197
1972 11565
1972 15151
1972 17218
2019 2309
2019 10472
2019 12685
2027 2158
2057 17242
2086 6373
2086 9130
2086 10766
2095 4924
2095 15151
2095 17222
2095 17233
2100 11378
2118 5141
2122 9896
2156 17222
2158 5119
2158 5141
2158 13280
2158 17206
2158 17229
2189 13061
2197 9299
2197 17076
2223 16033
2256 6200
2256 10347
2283 16592
2284 13054
2286 2324
2286 6189
2286 14213
2292 15557
2309 16564
2313 6246
2324 8197
2324 15022
2324 16026
2324 16564
2361 9168
2428 9245
2437 4216
2437 8124
2437 10472
2437 16382
2437 16907
2488 9775
2488 16589
2488 17168
2488 17253
2489 8868
2489 17171
2527 5021
2529 10068
2529 10925
2529 13020
2529 16129
2534 4092
2562 17211
2589 6189
2593 7391
2599 3123
2603 5366
2612 12126
2669 10730
2676 6429
2676 9809
2676 15113
2692 13280
2705 3707
2705 8208
2756 4140
2756 5089
2756 15985
2756 16589
2756 17223
2762 6373
2762 9158
2762 13280
2762 17251
2783 5294
2786 5468
2786 17240
2816 2957
2816 4615
2868 16302
2868 16986
2919 4860
2919 8580
3107 4135
3107 5119
3123 6189
3123 6692
3123 7000
3123 14417
3123 16322
3123 17210
3158 17263
3177 5468
3177 10918
3239 5616
3239 5832
3239 14906
3313 3707
3313 5089
3313 10925
3313 17199
3313 17218
3330 10589
3388 17168
3456 14657
3456 15372
3484 15875
3484 16564
3505 9888
3528 13477
3545 11001
3578 10925
3616 5501
3616 17240
3627 13017
3636 5616
3636 15842
3636 17109
3707 4880
3707 10925
3707 17222
3707 17253
3816 12126
3816 15114
3900 11269
4011 5065
4048 17220
4059 4702
4059 7391
4059 17245
4090 17109
4092 5621
4092 11103
4092 17205
4092 17215
4092 17226
4113 17248
4117 12126
4117 12523
4117 13280
4117 14418
4117 15151
4117 16695
4117 17262
4135 17197
4140 5720
4140 15985
4157 8197
4187 10243
4187 13280
4187 15151
4187 17254
4187 17265
4216 4746
4216 6246
4216 15557
4283 17180
4317 4839
4317 17260
4397 17232
4419 15875
4419 17095
4467 14621
4523 15113
4570 12643
4615 5270
4615 5468
4615 12912
4615 15022
4731 17191
4746 5159
4746 15557
4746 17256
4771 17214
4771 17263
4839 16033
4839 17260
4860 14677
4880 10558
4880 11340
4924 6200
4924 7364
4924 17092
4924 17257
4964 5305
4964 16026
4964 17095
5012 11360
5065 15987
5065 17264
5089 6947
5119 15151
5119 16986
5119 17245
5141 7714
5215 7000
5270 5468
5270 15400
5270 17198
5270 17240
5272 15538
5272 17188
5305 15875
5362 17231
5362 17241
5362 17242
5362 17247
5362 17265
5366 6779
5366 8305
5366 17199
5366 17252
5373 16026
5373 17174
5468 17198
5469 11155
5471 12366
5550 12341
5560 17218
5616 5649
5616 10472
5616 11751
5616 13735
5616 15553
5616 16573
5616 17237
5720 9431
5720 10203
5720 10730
5720 11360
5720 12523
5720 14418
5720 16114
5720 16129
5720 17199
5720 17218
5720 17222
5831 11696
5832 12434
5857 13280
5938 15151
5938 17203
6246 15505
6360 15875
6362 15875
6373 9469
6373 16327
6373 17197
6373 17236
6429 15557
6429 17200
6448 12685
6498 8363
6596 11452
6596 12523
6596 12984
6596 16243
6596 17185
6596 17232
6596 17249
6618 15635
6619 15151
6623 16660
6640 17126
6640 17237
6779 10366
6779 10589
6779 15504
6779 17234
6810 9143
6852 17234
6867 12760
6867 15606
6867 15909
6867 17206
6867 17239
6942 7760
6947 16589
7000 10846
7000 15113
7000 17207
7071 7290
7071 9896
7071 10730
7071 14976
7071 16984
7097 10054
7194 9152
7213 13280
7290 9431
7290 12523
7290 17200
7290 17208
7364 10520
7822 11360
7822 15875
7822 17199
7855 16026
7855 17095
7855 17252
7944 9143
7991 11925
8119 17167
8124 15151
8159 17261
8197 9143
8197 10592
8197 11378
8197 16026
8197 16580
8197 17167
8197 17222
8197 17243
8197 17246
8281 16033
8298 15875
8347 15504
8363 17171
8364 16986
8472 17201
8494 17193
8515 12523
8596 13735
8596 15453
8596 15729
8613 12126
8688 9888
8868 16564
9130 10766
9143 12059
9285 12885
9431 12523
9431 14906
9444 17066
9446 17228
9469 17245
9518 17219
9722 17221
9809 11779
9888 17161
9905 14596
9905 15474
10018 17215
10068 16129
10293 12523
10293 17193
10347 16589
10347 17253
10366 17234
10409 15504
10409 17193
10472 15875
10589 17148
10592 14596
10592 15944
10690 14621
10730 12523
10730 17154
10889 17245
10935 17187
11061 14657
11103 15151
11184 12945
11360 12126
11378 13318
11464 17171
11545 11828
11565 16807
11751 15151
11828 17216
11836 16573
11925 17195
12126 15151
12126 17199
12253 15022
12341 14976
12341 17163
12358 17168
12434 12523
12434 13061
12480 17072
12523 14906
12523 15505
12523 15824
12523 16592
12523 17222
12523 17232
12643 15022
12760 15079
12949 15875
13318 17168
13318 17222
13735 15729
14002 16589
14017 17222
14042 16807
14418 17218
14418 17226
14473 17163
14596 16428
14771 17160
14906 17247
14948 15538
14948 17220
14976 16836
15022 15151
15022 15875
15022 16026
15022 17248
15113 15875
15113 17066
15151 15887
15151 16843
15151 17210
15293 17228
15505 17204
15505 17231
15505 17232
15505 17241
15538 16984
15593 17216
15839 17092
15875 16026
15875 16033
15875 17095
15875 17217
15875 17225
15875 17236
15875 17248
15875 17259
15883 17254
15885 17095
16042 16243
16057 17066
16057 17188
16060 16242
16302 17250
16439 17228
16564 17227
16564 17252
16610 17199
16695 17206
16907 17220
16984 17190
16984 17213
16984 17234
17059 17180
17183 17212
17185 17196
17218 17262
17242 17247
17247 17255
