0 90
0 830
0 1413
0 1510
0 1616
0 1636
2 4
2 29
2 235
2 1170
2 1616
2 1882
2 2041
2 2043
3 1242
4 134
4 140
4 461
4 539
4 570
4 1149
4 1413
4 1636
4 1787
4 1831
7 26
7 29
7 42
7 76
7 80
7 109
7 402
7 461
7 546
7 709
7 1024
7 1140
7 1161
7 1361
7 1901
7 2072
14 42
14 247
14 434
14 820
15 1745
15 1958
19 29
19 153
19 434
19 762
19 1521
19 1539
19 1581
19 1818
19 1928
19 2059
19 2066
25 410
25 565
25 1510
25 1905
25 2062
26 29
26 37
26 42
26 570
26 621
26 656
26 839
26 1186
26 1268
26 1600
26 1691
26 1793
26 2099
26 2100
29 43
29 76
29 97
29 153
29 196
29 201
29 253
29 539
29 570
29 621
29 703
29 708
29 729
29 810
29 859
29 1036
29 1205
29 1539
29 1763
29 1786
29 1882
29 1894
29 1985
29 2051
29 2067
29 2072
29 2088
30 42
30 43
30 48
30 88
30 318
30 539
30 570
30 662
30 836
30 859
30 910
30 1268
30 1540
30 1600
30 1753
30 1877
30 1904
30 2072
30 2094
37 729
37 1561
41 2098
42 76
42 153
42 158
42 511
42 801
42 836
42 904
42 1060
42 1106
42 1361
42 1786
42 1882
42 1965
42 1980
42 1995
42 2041
42 2072
42 2075
42 2085
43 48
43 76
43 124
43 190
43 289
43 570
43 621
43 708
43 963
43 968
43 1024
43 1051
43 1335
43 1370
43 1453
43 1561
43 1600
43 1616
43 1753
43 1831
43 1942
43 1985
43 2040
43 2041
43 2051
43 2093
43 2110
43 2111
45 1551
46 124
46 374
46 570
46 621
46 1265
46 1361
46 1882
46 2110
46 2119
47 539
48 93
48 510
48 570
48 696
48 729
48 1600
48 1786
48 2084
56 881
59 196
59 565
59 1972
68 881
68 1992
68 2066
69 153
72 903
72 1753
73 852
73 1797
73 2114
74 1763
75 539
75 1268
76 109
76 140
76 153
76 201
76 275
76 280
76 434
76 447
76 461
76 539
76 565
76 613
76 618
76 708
76 729
76 881
76 903
76 1024
76 1057
76 1214
76 1361
76 1413
76 1453
76 1604
76 1606
76 1635
76 1636
76 1674
76 1786
76 1787
76 1793
76 1882
76 1901
76 1917
76 1928
76 2004
76 2052
76 2068
76 2071
76 2086
76 2102
76 2112
76 2121
76 2122
77 1753
77 1882
79 2009
80 109
80 423
80 852
80 1051
80 1393
80 1691
80 1831
80 1852
80 1939
80 2044
80 2052
83 88
83 238
83 247
83 302
83 570
83 621
83 1058
83 1426
83 1561
83 1766
83 1814
84 570
84 1170
88 120
88 461
88 570
88 682
88 810
88 1413
90 156
90 275
93 570
94 708
95 1947
95 1965
96 403
96 875
96 1234
97 570
97 1186
97 1753
109 613
109 729
109 1024
109 1361
109 1539
109 1622
109 1753
109 2009
115 539
121 124
121 461
121 570
121 1177
121 2009
121 2121
122 2009
123 134
123 685
123 948
123 1691
124 158
124 442
124 479
124 570
124 714
124 800
124 810
124 1561
124 1882
124 2110
129 810
130 1812
130 2038
135 226
135 539
135 691
135 729
135 852
135 1214
135 1268
135 1691
135 2117
136 461
136 878
136 2053
140 682
140 891
140 1510
140 1517
153 280
153 370
153 461
153 539
153 599
153 729
153 1106
153 1255
153 1604
153 1691
153 1742
153 1774
153 1787
153 1794
153 1831
153 1904
153 1939
153 1957
153 2004
153 2009
153 2040
153 2048
153 2049
153 2074
158 289
158 477
158 565
158 736
158 801
158 997
158 1051
158 1271
158 1361
158 1543
158 1561
158 1616
158 1882
158 2004
158 2043
158 2051
158 2055
158 2071
158 2075
158 2085
158 2100
162 461
162 2118
174 289
174 570
174 1002
174 1413
174 1551
174 1882
174 2009
174 2058
174 2112
184 519
184 2058
186 1170
186 1271
186 2009
188 1479
190 1017
190 1732
190 2099
191 1036
191 1265
195 682
196 570
196 736
196 1091
196 1644
196 1763
196 2068
197 682
197 1140
197 2009
199 1539
201 226
201 289
201 410
201 461
201 1361
201 1426
201 1644
201 1664
201 1691
201 2084
201 2085
202 1691
206 510
206 656
206 682
206 1539
206 2011
218 259
226 539
226 570
226 1491
226 1539
226 1561
226 2117
235 539
235 1510
235 1664
235 1753
235 1917
236 910
236 2009
238 302
238 1268
238 1543
238 1581
240 434
240 1561
240 1797
247 570
247 621
247 2052
249 656
258 1543
258 1763
258 2052
259 461
259 539
259 736
259 1606
259 2047
259 2084
275 1616
275 1753
280 302
280 383
280 1057
280 1361
280 1786
280 1992
280 2047
283 1335
289 446
289 511
289 613
289 736
289 801
289 938
289 2058
289 2088
289 2096
289 2103
289 2112
289 2121
302 370
302 505
302 570
302 875
302 878
302 903
302 1106
302 1413
302 1921
302 2009
302 2010
303 1540
307 2115
315 318
315 1265
315 1426
315 2110
318 662
318 1265
318 1797
330 570
330 1674
330 1753
334 2040
338 656
338 824
338 1917
338 2079
339 1268
349 2046
354 1539
367 1024
370 414
370 656
370 881
370 1691
370 1763
370 2067
370 2107
374 950
374 1664
375 1788
383 736
385 2101
388 2051
390 570
390 2035
394 1753
397 1831
397 2089
404 511
406 872
408 1561
408 1674
410 1361
410 2038
410 2084
414 1179
414 2073
414 2107
434 570
434 950
434 1298
434 1604
434 1664
434 1787
434 2040
435 1831
442 510
442 852
446 511
446 610
446 841
446 2055
446 2088
446 2089
447 528
447 729
448 610
449 1503
449 1664
451 785
451 2083
455 2073
459 1561
461 539
461 570
461 868
461 891
461 1002
461 1140
461 1242
461 1265
461 1361
461 1413
461 1527
461 1674
461 1691
461 1710
461 1753
461 1786
461 1787
461 1812
461 1882
461 1977
461 1992
461 2009
461 2040
461 2059
461 2060
461 2068
461 2070
461 2075
461 2091
461 2092
461 2103
461 2104
477 565
478 1543
506 1256
506 1361
506 1787
508 573
508 1664
510 729
510 1062
510 1947
511 691
511 852
511 1608
518 1268
519 939
519 1987
519 2089
521 570
521 2062
528 641
528 2084
531 1106
536 1510
536 1540
539 570
539 593
539 613
539 682
539 801
539 836
539 852
539 873
539 904
539 950
539 1002
539 1031
539 1058
539 1177
539 1214
539 1232
539 1268
539 1385
539 1563
539 1616
539 1636
539 1674
539 1691
539 1753
539 1812
539 1882
539 1905
539 1977
539 1985
539 2003
539 2009
539 2019
539 2047
539 2052
539 2082
539 2084
539 2097
539 2102
544 570
544 1561
548 938
548 1361
563 1958
565 570
565 881
565 1051
565 1214
565 1265
565 1664
565 1882
565 1972
565 2083
568 2014
570 621
570 762
570 836
570 859
570 878
570 948
570 950
570 1057
570 1058
570 1106
570 1214
570 1244
570 1265
570 1268
570 1298
570 1404
570 1413
570 1503
570 1561
570 1616
570 1732
570 1753
570 1797
570 1818
570 1882
570 1917
570 2009
570 2040
570 2043
570 2058
570 2059
570 2060
570 2092
570 2094
570 2114
577 618
577 659
577 712
577 1763
577 2090
599 881
599 1265
599 1361
610 1265
610 1816
610 1980
610 1985
613 618
613 801
613 852
613 1691
613 1819
613 2090
617 1561
617 2065
618 1766
618 2090
619 1539
620 1763
621 682
621 712
621 729
621 1062
621 1370
621 1413
621 1453
621 2009
621 2043
634 1877
641 1831
656 1977
659 1265
659 2009
660 1334
662 836
682 696
682 712
682 714
682 810
682 839
682 852
682 881
682 903
682 1106
682 1265
682 1331
682 1361
682 1413
682 1561
682 1622
682 1674
682 1744
682 1917
682 2070
691 852
691 1787
691 1928
692 1393
692 2089
694 1394
694 1608
694 1774
694 1863
694 2112
703 1024
703 1521
708 729
708 1234
709 1636
709 1691
712 1361
712 1966
712 2090
714 1300
714 1578
714 1616
714 1691
714 1863
714 1908
714 2087
725 2095
728 2059
728 2089
729 950
729 1186
729 1265
729 1361
729 1543
729 1600
729 1644
729 1763
729 1939
729 1957
729 2009
729 2067
729 2097
729 2110
729 2114
729 2116
736 1298
736 1644
736 1905
736 1985
736 2043
736 2072
745 760
762 1521
762 1753
779 1062
779 1232
788 801
801 1268
801 1563
801 2045
809 1992
810 1561
810 1641
810 1753
810 2099
824 1563
824 1917
824 2079
824 2099
836 910
836 1905
836 1985
836 2105
839 881
839 1298
839 1793
839 1812
852 881
852 1255
852 1256
852 1361
852 1691
852 1779
852 1880
852 2024
852 2048
852 2095
852 2097
859 1232
859 1369
859 1413
859 1905
868 1361
868 2052
872 1385
873 1002
873 1985
878 1268
878 1309
878 1413
878 1794
881 919
881 1214
881 1265
881 1361
881 1377
881 1672
881 1674
881 1812
881 1818
881 2004
881 2039
883 1002
883 1812
892 1002
903 1540
903 1985
903 2102
904 1957
904 2106
907 1774
910 1753
919 1106
919 1901
923 2066
936 1959
938 2096
948 1361
948 1413
948 1527
948 1563
948 1921
948 2077
950 1674
950 1992
950 2043
950 2068
953 2116
963 2052
968 1369
970 1106
970 1561
992 1002
992 1268
997 1753
1002 1636
1002 1710
1002 1904
1002 2019
1002 2026
1002 2052
1002 2064
1002 2086
1005 1882
1024 1361
1028 1561
1028 1674
1028 1908
1031 1268
1036 1186
1036 1539
1036 1561
1036 2052
1039 2101
1040 1106
1041 1057
1051 1057
1051 1214
1051 1361
1051 1636
1051 1786
1051 1985
1051 2052
1051 2061
1054 1361
1054 2084
1057 1361
1057 1539
1057 1635
1057 1636
1057 1691
1057 1812
1057 1904
1057 1992
1057 2068
1057 2072
1057 2084
1057 2102
1058 2009
1058 2040
1060 1980
1060 1995
1062 1724
1062 1877
1070 2057
1106 1231
1106 1265
1106 1361
1106 1786
1106 1793
1106 1917
1106 1997
1106 2109
1106 2113
1115 1426
1115 2050
1115 2059
1115 2069
1131 1243
1140 1882
1140 2009
1140 2072
1177 2063
1177 2064
1179 1786
1186 1268
1186 1561
1205 2114
1206 1787
1206 2052
1206 2095
1214 1905
1214 2102
1231 1786
1242 1268
1242 2019
1256 1636
1256 1774
1256 1787
1256 2047
1256 2052
1256 2057
1256 2095
1265 1392
1265 1774
1265 1947
1265 1965
1265 1985
1265 2009
1265 2059
1265 2114
1265 2116
1265 2121
1268 1298
1268 1369
1268 1385
1268 1510
1268 1648
1268 1917
1268 2019
1268 2051
1268 2060
1268 2079
1331 1691
1333 1786
1334 2066
1359 1923
1359 1972
1359 2102
1361 1413
1361 1635
1361 1691
1361 1831
1361 1992
1361 2009
1361 2052
1361 2064
1361 2066
1361 2071
1361 2075
1361 2084
1361 2088
1361 2102
1361 2112
1361 2120
1361 2121
1369 1527
1369 1561
1369 1921
1370 1985
1384 1732
1385 1413
1392 1985
1393 1787
1393 1939
1394 2089
1413 1812
1413 1836
1413 1908
1413 2047
1413 2053
1413 2091
1426 1766
1510 1540
1510 1664
1510 2009
1510 2052
1527 1616
1527 1921
1540 1674
1540 1904
1540 2052
1543 1644
1543 1661
1543 1763
1543 2076
1543 2107
1561 1674
1561 1818
1561 1905
1563 1636
1563 1905
1600 1737
1604 1786
1604 2004
1606 1917
1606 2084
1608 2009
1608 2038
1616 1947
1636 1831
1636 1904
1636 2019
1636 2048
1636 2059
1646 1882
1655 1752
1655 2108
1661 2100
1664 1992
1664 2122
1674 2048
1674 2054
1674 2072
1691 1730
1691 1831
1691 1910
1691 2009
1691 2071
1691 2075
1710 2052
1724 1980
1727 1793
1735 1921
1737 1958
1744 1797
1753 1917
1763 1972
1763 2028
1763 2043
1763 2055
1763 2068
1774 1947
1774 1985
1774 2048
1774 2052
1786 2040
1786 2100
1787 1959
1787 1965
1794 2103
1797 1941
1812 2114
1818 1917
1831 1896
1831 1939
1852 2098
1882 1992
1905 2019
1917 2079
1917 2100
1926 2080
1929 2009
1939 2114
1972 1985
1977 2060
1980 1995
1980 2047
1985 2048
1985 2059
1985 2116
1985 2121
1992 2042
1992 2056
1992 2074
1992 2078
1995 2081
2004 2041
2019 2050
2048 2049
2052 2095
2110 2119
