7 13533
26 2158
26 6984
26 10268
28 5270
28 16184
28 17853
29 195
29 9809
40 12287
41 13771
43 3614
43 17893
74 12287
109 1636
110 1854
110 3158
110 6629
110 8712
110 8993
110 16877
110 17854
115 13061
138 240
138 1200
138 6124
138 13061
138 16877
138 17718
153 17832
156 729
156 6867
156 16984
156 17896
158 15113
158 16695
195 15113
196 15700
196 16893
206 1732
240 10040
267 11990
275 5270
315 17830
345 4092
345 9586
370 16743
390 968
412 8423
412 16099
412 17831
412 17880
412 17886
442 1281
442 2776
446 17846
447 4507
447 4536
447 16984
455 17877
455 17881
467 1917
467 4536
467 8197
467 10268
467 15909
511 17851
531 536
531 4390
531 14221
536 14221
536 17540
536 17843
572 17831
573 5172
577 2169
610 3545
610 5550
610 15589
618 17832
621 15050
641 16243
659 5616
665 6629
712 7942
729 15113
729 15875
729 16001
729 16843
729 17900
730 4783
774 5272
801 4731
837 1663
837 4507
837 9245
837 14221
837 17880
837 17882
839 1521
839 1917
839 5119
839 6175
839 6708
839 16564
852 2095
852 5720
852 10918
852 16003
852 17902
921 17420
947 15087
1002 2669
1035 6629
1115 16695
1115 17827
1144 3627
1144 15700
1198 8887
1206 12770
1232 7942
1255 17433
1256 3707
1256 17853
1359 2313
1359 2762
1359 4680
1359 16514
1359 17856
1361 1663
1361 2762
1361 6798
1361 8423
1361 9896
1361 10255
1361 11184
1361 12358
1361 13771
1361 14221
1361 16057
1361 16510
1361 17831
1361 17853
1361 17858
1361 17897
1369 16564
1392 2122
1392 2674
1392 4138
1392 12287
1393 17858
1393 17876
1413 4216
1484 16988
1514 3125
1514 17822
1514 17881
1521 17811
1550 4031
1550 16984
1551 17832
1563 4731
1563 16549
1604 2095
1604 8197
1604 17433
1636 5501
1636 10203
1636 17816
1636 17828
1636 17832
1636 17843
1665 14755
1709 8613
1745 17433
1755 10966
1763 17855
1763 17878
1788 17811
1794 5065
1831 17876
1854 4370
1877 5172
1877 10268
1877 17854
1917 2493
1917 7071
1917 15909
1917 17379
1917 17865
1922 5362
1931 12686
1931 16212
1990 3484
1990 5270
1990 5720
1990 7290
1990 17433
2057 13422
2086 16743
2095 3707
2095 10690
2095 12385
2095 16984
2095 17222
2095 17842
2095 17844
2102 16549
2128 5340
2156 5125
2156 9789
2169 7391
2197 15113
2223 4248
2256 3545
2256 7391
2256 9158
2256 9469
2256 17903
2286 10268
2313 4488
2313 5083
2313 16514
2333 17882
2437 11340
2488 12385
2489 16049
2493 11103
2529 5935
2529 17902
2581 2745
2598 9469
2640 17648
2674 9896
2674 17718
2692 8654
2692 10592
2692 17901
2705 2756
2705 17902
2756 4680
2756 5935
2756 16003
2756 17902
2762 8228
2762 9469
2762 11184
2762 16243
2762 17840
2762 17841
2762 17858
2767 11587
2767 17905
2816 12287
2954 3456
3030 8298
3030 12126
3125 16984
3158 17875
3166 12287
3221 4187
3221 16165
3313 16003
3313 17863
3313 17900
3405 11257
3415 17834
3458 4216
3545 17895
3614 7855
3636 17820
3639 17820
3707 4680
3707 5935
3707 6429
3707 6947
3707 17648
3707 17853
3855 17433
3882 17072
4011 4507
4031 13451
4037 10678
4048 4092
4048 14221
4092 9245
4092 9586
4092 14221
4092 17059
4092 17637
4113 10918
4113 17512
4126 17882
4138 15729
4140 5935
4187 10592
4187 13771
4187 17882
4187 17894
4216 5440
4216 15505
4216 17821
4216 17893
4248 17829
4339 5344
4370 13276
4382 10268
4382 12126
4382 14221
4456 6624
4488 5720
4507 5362
4507 15757
4507 16510
4507 16956
4507 17891
4536 17808
4545 4680
4615 16099
4680 6947
4731 8197
4731 16549
4731 16695
4731 17865
4783 10558
4783 12287
4783 17832
4839 5018
4839 8915
4839 17903
4924 5065
4924 15305
4924 17850
4924 17907
5009 11990
5009 17600
5018 8915
5065 8423
5065 14677
5065 15039
5065 15545
5065 17852
5065 17854
5083 17828
5107 12022
5119 6373
5119 8197
5119 16515
5119 17883
5119 17891
5125 6629
5125 11347
5127 17433
5143 16322
5144 7000
5179 8298
5220 17879
5224 17898
5230 12421
5261 5308
5270 8298
5270 12287
5270 13061
5270 17512
5362 16510
5362 16514
5362 16984
5362 17871
5366 10268
5366 12126
5366 17884
5432 7855
5468 13981
5471 8900
5471 17688
5473 17613
5501 14930
5692 16893
5720 5935
5720 6429
5720 6431
5720 11990
5816 13061
5816 17874
5831 17855
5831 17869
5859 12770
6180 17829
6373 11347
6373 17835
6429 17656
6429 17830
6429 17836
6429 17859
6431 7290
6453 15875
6576 14221
6588 17816
6596 7976
6596 9446
6596 15405
6596 16843
6624 9469
6629 6708
6629 10558
6629 11489
6629 12643
6629 17818
6708 13533
6779 17816
6867 17895
6947 12770
6947 17902
7000 10268
7000 16001
7097 7391
7213 17766
7274 9152
7290 8712
7290 12523
7290 14906
7290 17830
7391 7942
7391 15039
7391 16743
7532 9985
7647 17006
7855 17875
7897 15909
7976 16984
8119 17814
8124 15875
8175 8688
8197 11990
8197 15875
8197 17865
8197 17884
8272 17860
8298 12287
8298 17587
8423 17059
8435 13061
8484 17831
8484 17843
8484 17906
8494 17638
8577 17847
8659 17904
8666 14976
8712 17379
8712 17853
8712 17854
8768 17751
8900 10268
9158 16830
9245 16099
9266 17892
9341 12287
9379 15700
9425 15113
9444 17822
9444 17867
9469 15113
9586 17637
9616 13735
9896 10268
9896 17718
10018 16243
10040 14906
10040 15955
10040 17890
10068 17899
10180 17816
10268 11990
10268 12126
10268 16984
10268 17849
10268 17896
10273 17858
10347 17452
10347 17872
10347 17894
10416 15718
10558 17730
10558 17832
10604 17827
10678 14948
10789 15305
10840 17889
11101 15453
11127 17774
11184 17766
11184 17858
11299 15453
11340 15039
11347 16984
11347 17835
11568 17856
11587 17904
11744 17433
11779 16033
11808 17845
11943 17846
11943 17848
11943 17876
11943 17890
11990 12126
11990 16549
11990 16629
12092 17059
12122 17864
12287 16099
12287 16610
12358 14677
12385 17222
12385 17548
13017 17829
13422 15615
13451 15039
13735 17879
13760 17433
13771 17299
13771 17722
13981 17839
14221 14906
14221 16099
14221 17853
14677 16099
14727 17904
14906 17843
14948 17887
14976 16540
15039 16099
15039 16830
15050 16984
15113 15305
15113 17853
15148 15875
15148 17885
15448 17855
15474 16809
15505 16514
15505 17300
15505 17727
15505 17736
15505 17890
15593 17832
15618 17540
15683 17557
15698 17853
15700 17855
15729 16099
15839 16270
15839 17177
15839 17784
15875 16001
15875 16582
15875 17047
15875 17811
15875 17816
15875 17833
15875 17861
15875 17862
15875 17873
15909 16564
15991 17433
16099 17433
16148 17836
16184 17822
16184 17853
16793 17831
16836 17814
16907 17877
16984 17688
16984 17862
16984 17871
16984 17873
16984 17876
17059 17843
17059 17853
17066 17299
17066 17637
17154 17433
17216 17846
17379 17860
17414 17759
17433 17688
17433 17853
17433 17888
17682 17858
17688 17759
17759 17857
17761 17805
17837 17838
17853 17868
17861 17862
17866 17867
17869 17870
17872 17879
