8 10382
16 17923
28 88
28 240
28 13032
28 17913
29 1255
41 10678
42 110
42 3107
42 5119
42 8197
42 15646
42 17607
42 17904
43 3368
43 3614
43 9782
43 14677
43 16318
46 2122
48 83
48 762
48 4031
48 5270
48 12245
69 5100
76 1755
76 6435
79 17923
83 10941
87 3110
88 2650
95 17358
95 17942
108 3690
110 10409
110 15875
110 17623
110 17768
110 17956
110 17975
117 3693
117 4839
117 17620
138 7218
138 16099
138 16886
138 17940
153 659
156 17896
157 613
158 2592
158 2767
158 17604
158 17937
158 17972
190 4826
190 8197
190 8565
196 13067
196 15113
201 4615
240 5270
255 17923
280 11228
284 3690
284 5119
345 9586
385 2845
385 5270
390 968
412 5816
412 12114
432 6289
433 16830
444 3107
455 2762
455 17389
455 17505
455 17816
467 4536
467 5065
528 17486
528 17963
536 15823
536 17902
572 4585
572 4600
573 10941
577 5065
610 1551
610 3107
610 5119
610 13533
610 16886
610 17932
641 5616
641 13280
647 17920
659 8912
659 10040
659 17216
691 15617
712 17912
712 17929
729 3107
729 6373
729 6629
729 7399
729 12245
729 15113
730 1333
730 4866
762 2816
762 16318
837 1854
837 4153
837 15746
839 7290
839 15166
852 1185
852 2705
852 3313
852 3707
852 4140
852 5089
852 6435
852 6947
852 10068
852 10918
852 11587
852 12876
852 15324
852 17902
852 17913
852 17929
881 5272
881 8912
881 10040
891 2437
891 6779
968 14677
999 16099
1090 17923
1106 12555
1106 16732
1115 17433
1144 4138
1144 17850
1144 17923
1200 15698
1255 1755
1256 10203
1264 1836
1264 16877
1321 11228
1359 17908
1359 17971
1361 2762
1361 15043
1361 16236
1361 17358
1361 17488
1361 17912
1361 17940
1361 17971
1392 1400
1392 2741
1392 13990
1392 17960
1392 17961
1393 2256
1393 8333
1393 13280
1393 15618
1393 17935
1393 17938
1400 8067
1400 10268
1413 15646
1470 13566
1514 3107
1539 17358
1551 17940
1604 17433
1604 17964
1612 17766
1636 3838
1636 4589
1636 8096
1636 10268
1636 17906
1636 17957
1636 17963
1640 16920
1640 17975
1665 14755
1709 7290
1709 13981
1717 2756
1717 3707
1717 12694
1763 5724
1763 17878
1792 13461
1804 17635
1818 12287
1824 1877
1824 3673
1824 15113
1831 2223
1854 3816
1854 9444
1896 2366
1917 7399
1917 9782
1917 10558
1917 14751
1917 17379
1917 17761
1971 5065
1971 5125
1972 5119
1972 17904
1972 17910
1990 7290
2018 17953
2027 2418
2027 6899
2070 10040
2095 3707
2102 17761
2107 15875
2107 17923
2111 3030
2140 17966
2158 13533
2223 11228
2223 16033
2223 17759
2256 4011
2256 9245
2256 11228
2256 12525
2256 15114
2256 15618
2286 16785
2287 6596
2313 16356
2313 17925
2333 9922
2406 17975
2418 3528
2418 5468
2418 15127
2428 17876
2437 17956
2488 10203
2493 8911
2529 16236
2529 17937
2529 17945
2567 17869
2581 2745
2592 17972
2627 17928
2650 17923
2669 17956
2692 8654
2692 17947
2705 2756
2756 17902
2756 17929
2762 2775
2762 14906
2762 16236
2762 16318
2762 17935
2762 17948
2767 8630
2767 10789
2767 15113
2767 15114
2767 17177
2767 17766
2767 17920
2776 17766
2820 4783
2820 6389
2820 14418
2820 15839
2845 16099
2845 17587
2919 3835
2919 6289
2958 4031
2958 4216
2958 4536
3026 17759
3041 12555
3065 17925
3107 5119
3107 6373
3107 17910
3107 17920
3166 12287
3177 15127
3313 3707
3313 4140
3313 10068
3313 17913
3313 17915
3368 16564
3380 16099
3484 9782
3484 15148
3484 16564
3506 11587
3545 17895
3636 17820
3673 6623
3692 15618
3707 6800
3707 10068
3707 10203
3707 12770
3707 16099
3707 17913
3816 16236
3838 7516
3838 17930
3893 15618
4011 15618
4031 6867
4031 13981
4031 16099
4090 17974
4092 5616
4092 13280
4092 15746
4092 17772
4092 17908
4092 17928
4117 17886
4135 15589
4135 17910
4138 4924
4138 15505
4138 15729
4140 17911
4157 8197
4187 10040
4187 17389
4216 12114
4216 15324
4216 17925
4216 17969
4283 13771
4283 17897
4358 6623
4419 6899
4493 6429
4507 7534
4507 8096
4536 16830
4585 4600
4589 5616
4591 15127
4615 5270
4615 6124
4615 17587
4637 13533
4731 17969
4771 11533
4783 10040
4783 14304
4838 17886
4838 17922
4839 5125
4916 13533
4924 11533
4924 14417
5012 11587
5021 17358
5065 5119
5065 5125
5065 6373
5065 10312
5065 13032
5065 15114
5065 17177
5065 17910
5065 17918
5089 10068
5089 11587
5089 16261
5119 6373
5119 14417
5119 16085
5119 16998
5119 17910
5119 17923
5125 6189
5125 7000
5125 8197
5125 10558
5125 11203
5125 11751
5125 17433
5125 17930
5141 10966
5143 16322
5181 15731
5224 17898
5270 10918
5272 6596
5272 10040
5272 12928
5272 17909
5326 17979
5362 5366
5362 10312
5362 15618
5366 6435
5366 7480
5366 16785
5366 17761
5366 17950
5448 11184
5448 15324
5468 10040
5468 14417
5471 9323
5491 17940
5616 17927
5616 17930
5621 17930
5692 10068
5720 6984
5724 9444
5822 13735
5831 17978
5859 6435
5859 15324
6373 13067
6373 17850
6373 17910
6429 10409
6429 10558
6429 15991
6435 17548
6576 17976
6596 12928
6596 13648
6596 15324
6596 17960
6596 17961
6618 9245
6618 15618
6629 12643
6629 13230
6692 16001
6800 7071
6810 17949
6867 10268
6867 11605
6867 15113
6917 10347
6942 16318
6942 17940
6945 15113
6947 10068
6947 12876
7000 12114
7000 16085
7093 17759
7097 10941
7156 17938
7213 17766
7252 10347
7252 17869
7274 9152
7274 10766
7290 17958
7340 17917
7391 15044
7399 10918
7399 14751
7534 15553
7647 17971
7794 9158
7794 12770
7797 17904
7897 10409
7944 15044
8067 17945
8093 17853
8197 12126
8197 15113
8197 17177
8197 17216
8197 17969
8225 16096
8229 11587
8333 17433
8409 17959
8466 17484
8472 15875
8484 17886
8484 17906
8666 17929
8712 16318
8712 17853
8768 16242
8915 17297
9010 17644
9152 15679
9245 10068
9245 10268
9323 10040
9326 16236
9425 17904
9431 16956
9444 10040
9444 15400
9444 17923
9446 10273
9446 17923
9469 17177
9562 17973
9977 16830
10018 16243
10027 15148
10040 16956
10040 17059
10040 17358
10068 17899
10255 17926
10268 17766
10268 17910
10268 17954
10268 17957
10277 17886
10293 17379
10329 17939
10409 10558
10409 15987
10558 12643
10558 15875
10558 16085
10558 17954
10748 16798
10748 17414
10789 14930
10789 15305
10789 17816
10789 17950
10806 17869
10846 17975
11184 16099
11184 17297
11214 12126
11228 17853
11241 15016
11241 15453
11241 17980
11269 16984
11340 17768
11340 17904
11545 17358
11587 12126
11587 12876
11587 15875
11587 17433
11605 17975
11835 11943
11863 17920
11912 15518
12092 17059
12114 16287
12126 17433
12233 17951
12287 16099
12912 17886
12966 14906
13017 15305
13017 16236
13030 16956
13061 17853
13171 17853
13533 13981
14017 15746
14017 17919
14017 17946
14042 17784
14266 17975
14303 17177
14417 17923
14418 17919
14709 16984
14879 17814
14906 15324
14906 17059
14906 17177
14906 17919
14930 17866
14976 15746
14976 17803
15044 15720
15044 15987
15113 16564
15113 17433
15113 17761
15114 17912
15114 17933
15114 17935
15114 17945
15211 15875
15472 17916
15474 17973
15505 17297
15505 17736
15505 17941
15618 15798
15618 17297
15746 16233
15746 17299
15823 17955
15832 17975
15839 17932
15839 17943
15839 17981
15875 16785
15875 17607
15875 17623
15875 17768
15875 17926
15987 17856
15991 17433
15991 17853
16033 17944
16099 17904
16184 17486
16184 17920
16184 17933
16236 17419
16236 17962
16242 17748
16242 17965
16540 17297
16564 17914
16830 17923
16907 17957
16956 17967
16984 17768
16984 17811
16984 17937
16984 17945
16984 17950
16984 17977
17059 17177
17059 17853
17177 17814
17177 17855
17177 17931
17297 17432
17379 17761
17433 17952
17468 17591
17505 17904
17604 17972
17647 17853
17701 17853
17759 17952
17816 17968
17853 17933
17853 17971
17855 17866
17861 17862
17886 17924
17904 17952
17920 17921
17928 17934
17929 17955
17930 17936
17930 17945
17946 17947
17955 17971
17957 17970
