7 610
7 2628
7 7738
12 42
12 14709
28 48
28 1774
28 4536
28 7534
28 17811
37 412
41 2223
42 1256
42 10304
42 11120
42 14469
43 5254
43 6189
43 10312
43 15883
43 18156
46 2650
46 3313
46 18149
48 7534
56 4746
70 6735
73 1235
73 1255
73 2100
73 3624
76 729
76 2650
76 16826
76 17811
76 18141
76 18188
77 15763
83 16525
87 2208
87 2628
87 15668
87 18128
87 18169
87 18177
100 6629
110 1255
110 2324
110 8596
110 15185
115 14926
122 2762
128 17816
128 18078
132 5635
138 5173
138 18188
158 6596
158 6619
158 13990
158 15854
158 16017
158 17760
162 17556
166 14321
172 1854
184 1393
184 2762
190 6160
190 9809
196 4187
196 14903
196 18144
201 1255
201 4048
201 15746
258 3183
258 5173
267 14657
287 2669
297 15762
304 18077
315 610
315 18181
338 4390
367 18184
370 16956
383 1361
383 2223
383 2762
383 9245
383 17853
407 16564
407 17856
412 14165
434 1877
434 6373
434 18140
442 2776
444 16956
453 8630
461 11933
482 729
506 8098
528 18187
531 18157
532 729
573 10941
573 18192
577 1952
577 4536
577 7534
577 13128
610 2284
610 3030
610 7738
610 9407
610 13061
613 6641
613 18189
618 1952
618 4536
618 15204
618 15557
618 16469
621 14046
713 1255
729 1255
729 5981
729 10293
729 13735
729 15113
729 16242
729 16743
729 17558
729 18141
729 18156
762 3177
774 15299
774 15852
837 2046
837 6596
837 17760
837 17771
839 4092
839 6373
839 17397
839 17811
839 18181
852 1185
852 2705
852 2762
852 3707
852 3993
852 4140
852 4680
852 6947
852 9309
852 13061
852 16615
852 18190
881 16233
897 3405
897 8068
960 4582
964 2100
968 2786
1006 2019
1006 5699
1012 6362
1012 11587
1057 18171
1060 10268
1125 9661
1144 4138
1185 1256
1185 3707
1185 6947
1193 2086
1193 6389
1207 14903
1235 4771
1235 5270
1235 17299
1242 4117
1242 6641
1242 13061
1242 16049
1255 1709
1255 17587
1278 1972
1278 17245
1310 2095
1310 5270
1312 18146
1361 18204
1361 18206
1365 2762
1365 3882
1365 13061
1365 13280
1375 15282
1392 11961
1392 14955
1393 1794
1393 3707
1393 5610
1393 6641
1393 13061
1393 18202
1393 18206
1413 2243
1413 2767
1413 4171
1413 15041
1418 15505
1514 2284
1514 18166
1551 9233
1551 12434
1604 3501
1636 8604
1636 18195
1640 2111
1658 15282
1667 11017
1687 2313
1709 8197
1717 3707
1742 12760
1774 1896
1774 2628
1774 4562
1788 2208
1792 18201
1794 18139
1794 18168
1794 18183
1796 4092
1796 5119
1796 5265
1796 15729
1818 18165
1825 15557
1854 3405
1854 15875
1877 17397
1877 18192
1879 9421
1896 4562
1896 13061
1917 7391
1917 13735
1917 14747
1917 15668
1952 5065
1952 6429
1952 7071
1952 7391
1952 13805
1952 15557
1952 16469
1971 2406
1971 18192
1972 18154
2019 18164
2027 2324
2027 15875
2027 18174
2095 2158
2095 3636
2095 5173
2095 7541
2095 14907
2095 18151
2100 5270
2107 16743
2122 15643
2124 16242
2147 15204
2156 2650
2156 2762
2156 18177
2156 18201
2197 12434
2197 18152
2208 4731
2208 18188
2223 13990
2243 14303
2243 18194
2256 18202
2284 7708
2284 15762
2313 3882
2313 6189
2313 10265
2313 12715
2313 18122
2313 18153
2313 18195
2324 8102
2324 8124
2324 16017
2324 17856
2326 15960
2333 15854
2333 17397
2381 3947
2381 17963
2406 6629
2428 18161
2527 13735
2529 11587
2567 14903
2567 17624
2599 15643
2627 2628
2650 6160
2669 3992
2669 4117
2669 15558
2669 18186
2674 5254
2674 12350
2692 18137
2692 18142
2716 3226
2756 3707
2756 8409
2756 14677
2762 7708
2762 11155
2762 13280
2762 14906
2762 15761
2762 17955
2762 18193
2767 6619
3023 16636
3030 13061
3155 5089
3158 3177
3177 9444
3177 17420
3226 3882
3226 17960
3313 3707
3313 8409
3313 10293
3313 18177
3313 18188
3313 18199
3405 6373
3405 11475
3405 16469
3405 18167
3405 18192
3516 12233
3528 4964
3608 17887
3624 3785
3624 5270
3624 17587
3636 14907
3636 18072
3636 18173
3636 18202
3648 3979
3648 6225
3707 4680
3707 6800
3707 8409
3707 10304
3707 18139
3764 13355
3764 18007
3882 13061
3882 14906
3900 7391
3931 15762
3947 17963
4011 16242
4092 16517
4092 18170
4117 6203
4117 6641
4135 18154
4138 15505
4187 6641
4187 14755
4187 16242
4187 16956
4187 17771
4216 8604
4339 14272
4360 6373
4382 18205
4382 18206
4403 18178
4419 18147
4507 14907
4507 14926
4536 6596
4536 9323
4536 10268
4536 15204
4536 18168
4562 13061
4636 16907
4731 15960
4731 16132
4839 5119
4839 5125
4860 6735
4860 6945
5049 14400
5065 6429
5065 6596
5065 7391
5065 7708
5065 8068
5065 8604
5065 9152
5065 13061
5065 13280
5065 14948
5065 17808
5100 10571
5102 18139
5107 6373
5107 16417
5119 11184
5119 11343
5119 14948
5119 16242
5119 17797
5125 5610
5173 6362
5254 5366
5254 6779
5263 9326
5270 16826
5305 5348
5305 8363
5305 12909
5305 16554
5305 17420
5362 5616
5362 8197
5362 18093
5366 5610
5468 17811
5493 18173
5550 17960
5551 18038
5574 8281
5610 16907
5616 8608
5616 15505
5616 18195
5635 15505
5644 18144
5652 13701
5681 10268
5816 13280
5825 7391
5831 10684
5831 18177
5831 18182
6047 17345
6189 10312
6189 11644
6203 17299
6373 16417
6373 18115
6373 18180
6373 18181
6429 7071
6429 7391
6429 10268
6429 15139
6429 15557
6429 18168
6429 18179
6448 14747
6448 17069
6498 16826
6498 18141
6562 17955
6596 15518
6596 18183
6629 15211
6629 15875
6641 8099
6641 8604
6641 9559
6641 10268
6641 11273
6641 11568
6641 13061
6641 15505
6641 15720
6708 15875
6779 7708
6779 10265
6779 11203
6867 8604
6867 16417
6867 16743
6945 7097
6947 11587
6947 16615
7000 11529
7000 16469
7071 16564
7097 16554
7097 18188
7290 15557
7290 16242
7290 18078
7302 11250
7372 11933
7391 7944
7391 11383
7391 16564
7391 16905
7391 18181
7433 8119
7433 9152
7443 18163
7534 13061
7534 18172
7708 9469
7714 18141
8124 14321
8272 15282
8298 11565
8387 11565
8387 14955
8566 11587
8604 11565
8604 13061
8912 10018
8996 17955
9152 17742
9152 18160
9245 17761
9323 13280
9323 18137
9326 12358
9469 17808
9548 16242
9994 18115
10018 10293
10018 13515
10068 16099
10068 18072
10268 15041
10293 15875
10293 18165
10293 18199
10304 17420
10312 14906
10312 18143
10323 18207
10347 15079
10399 13061
10558 18147
10645 16956
10789 15113
10913 18146
11014 18200
11101 18159
11184 11343
11340 15854
11340 16743
11343 15618
11565 14903
11853 18072
11912 16242
11943 18162
11943 18169
11943 18173
11953 14959
12022 16242
12245 17808
12358 18149
12727 18158
12844 16836
12844 18204
12966 14907
13061 15762
13061 17808
13061 17811
13061 17829
13061 18169
13280 14017
13280 15762
13515 18168
13515 18183
13735 17322
13759 16242
13990 17955
14017 15762
14017 17955
14272 18203
14303 18082
14303 18194
14418 15636
14418 18145
14657 16349
14677 16907
14748 16907
14906 14926
14906 18139
14906 18195
14930 18204
14976 16743
14976 17797
15041 17994
15185 15453
15185 15875
15282 16564
15398 18139
15472 18038
15474 18185
15505 18188
15618 18173
15761 17682
15761 18205
15762 18093
15762 18124
15763 17379
15875 17397
15875 18141
15875 18149
15875 18167
15875 18174
16099 16826
16242 18089
16554 16830
16554 18137
16554 18141
16554 18188
16564 18149
16564 18155
16830 18195
16836 17759
16836 18148
16836 18150
16907 17887
16907 18204
16983 18176
16984 18195
17069 17761
17299 18196
17558 18156
17591 18007
17635 18159
17759 18177
17853 18175
17975 18191
18056 18181
18197 18198
