26 4532
26 13981
28 12287
29 73
29 6247
29 14976
29 18309
42 659
42 3107
42 4600
42 18347
43 1255
43 6028
43 11587
43 18077
43 18349
48 3785
59 1392
59 8712
59 18150
73 76
73 196
73 434
73 1787
73 2208
73 3030
73 4615
73 6124
73 10789
73 11267
73 18150
76 13533
76 18316
83 84
83 3030
83 10168
83 10766
83 18348
83 18349
84 162
84 3484
84 4113
84 6429
84 7391
87 18177
90 9156
110 3930
110 18324
115 18236
123 6817
134 5616
134 15921
135 8928
138 12770
138 18274
138 18336
138 18340
153 6817
158 2208
158 6917
158 8119
158 13990
158 18284
158 18301
158 18305
158 18349
162 736
162 1517
162 17171
172 1664
172 2051
172 2324
172 12643
184 659
184 16349
196 434
196 18150
196 18326
196 18330
204 16624
204 18301
258 1198
258 5065
258 13990
258 18313
280 2816
280 4585
286 4382
304 15709
315 10766
315 18343
335 1952
383 1361
383 5672
406 2599
412 5720
414 18311
434 3030
467 5615
467 6189
467 9312
467 13515
467 17402
505 621
505 6781
545 613
573 1664
613 18301
613 18319
618 1206
621 3764
621 6781
621 7391
621 18328
659 1106
659 3381
659 4117
659 4187
712 5065
712 13686
714 3072
729 2223
729 3707
729 7097
729 8712
736 3030
736 6429
762 1106
762 2223
789 18010
837 18322
839 1917
839 6629
839 10846
839 18291
852 2057
852 2488
852 6817
852 7801
852 11587
852 12252
852 15878
852 16615
852 17008
897 6629
904 1636
904 5362
907 8712
907 18336
1006 7097
1012 11340
1012 18303
1060 13033
1065 1561
1070 5949
1106 2223
1106 3381
1106 4370
1106 5159
1106 6596
1106 16732
1106 18348
1115 4377
1115 6917
1115 15750
1122 2095
1144 12319
1144 15195
1185 1256
1185 2057
1185 3313
1198 2762
1206 12252
1206 18336
1235 15771
1255 1787
1255 2669
1255 18336
1256 2057
1256 3313
1256 15195
1256 18336
1268 4216
1268 7710
1268 17969
1321 18297
1321 18302
1361 12252
1361 18122
1369 4216
1392 11587
1392 16108
1392 18010
1393 9312
1393 11344
1393 15709
1393 18173
1413 1787
1413 2319
1413 4080
1413 14493
1436 2057
1446 6429
1514 8068
1514 18328
1514 18331
1551 5065
1563 5825
1612 4783
1612 17587
1625 17591
1636 2095
1636 2589
1636 3326
1636 6435
1636 18317
1636 18322
1657 2461
1658 2051
1661 5681
1661 18123
1661 18289
1709 17095
1763 18343
1787 2319
1787 18303
1787 18339
1813 14948
1825 6189
1831 2450
1877 2324
1877 10304
1877 16156
1917 2324
1917 6362
1917 6429
1917 6596
1917 16349
1917 18291
1971 17199
1972 2223
1990 5176
2019 4216
2019 17591
2019 18320
2027 12643
2027 18298
2051 3680
2057 2529
2057 3313
2057 8409
2057 14002
2095 5720
2095 6435
2095 11943
2095 12252
2095 15709
2100 12287
2107 7190
2111 12252
2118 3030
2118 18308
2223 3764
2223 4117
2223 5616
2223 7000
2223 8712
2223 9326
2223 18250
2223 18297
2223 18301
2223 18325
2223 18327
2223 18341
2324 5825
2324 17969
2429 15113
2450 4092
2460 18336
2461 2650
2461 18056
2488 5859
2488 9757
2527 5065
2527 18334
2529 2583
2529 10429
2529 11587
2583 7290
2583 14906
2627 8712
2650 11568
2650 13033
2674 4216
2724 12844
2756 6947
2756 8225
2756 11587
2762 4536
2762 5083
2762 5938
2762 6596
2762 8423
2762 11568
2762 12358
2762 14526
2762 14906
2762 15709
2767 10168
2775 4058
2783 15714
2786 12643
2786 15771
2868 11164
2868 17923
2970 5173
3030 6429
3030 9573
3030 10766
3104 6596
3152 7213
3152 17955
3155 8225
3191 15898
3226 18319
3226 18322
3239 15064
3239 15505
3239 17761
3239 18309
3322 9789
3381 9421
3381 11344
3381 16836
3381 18300
3405 18298
3405 18347
3484 5825
3501 4600
3501 6779
3506 5949
3545 11057
3624 6498
3624 16099
3636 16236
3636 18319
3648 11066
3693 17718
3707 6429
3707 6817
3707 11587
3707 17591
3764 18297
3764 18336
3866 4507
3866 18323
3882 15618
3882 18332
3973 6562
3973 16349
4011 12059
4011 16624
4011 17226
4031 8068
4031 18331
4048 4097
4059 16876
4092 14906
4116 18303
4135 18331
4136 7274
4171 14213
4171 17029
4187 9469
4216 6189
4216 9896
4216 16624
4216 18309
4370 18230
4397 10293
4397 15557
4507 5125
4507 8197
4532 11269
4536 11203
4585 5912
4585 10789
4589 17072
4643 18282
4702 18310
4731 6189
4731 17969
4771 18307
4771 18342
4783 9977
4839 10596
4924 6203
4924 10273
5065 10273
5065 10323
5065 10347
5065 18010
5065 18276
5065 18307
5065 18312
5065 18321
5065 18322
5083 5125
5083 18312
5083 18322
5100 18303
5119 18330
5119 18332
5119 18335
5125 12341
5141 10420
5141 18277
5162 18344
5270 5857
5270 10429
5270 13240
5270 15771
5270 16907
5448 7041
5468 9573
5471 15698
5530 6062
5616 11568
5625 17761
5644 16876
5652 15698
5682 7293
5692 18150
5720 6431
5720 12770
5720 14906
5831 8712
5831 15195
5831 16695
5831 18295
5859 16907
5948 6629
6109 15113
6124 18303
6203 17329
6342 16371
6362 9896
6362 13735
6373 7190
6373 10040
6373 15113
6373 18326
6373 18332
6373 18338
6373 18343
6429 7399
6429 9469
6429 13578
6429 16876
6429 18350
6448 12319
6448 17226
6471 14018
6498 18340
6596 8912
6596 13033
6596 18274
6596 18289
6596 18341
6619 18293
6629 7699
6629 15783
6629 16156
6629 18298
6629 18324
6817 8225
6817 11587
6867 17873
6867 18326
6945 11340
6947 11587
6947 18340
7000 18309
7147 8423
7290 10293
7290 11203
7290 12287
7399 9425
7399 16876
7399 18150
7532 7616
7534 18312
8068 16830
8093 11835
8093 18297
8093 18314
8119 9425
8119 10690
8119 17163
8119 18150
8159 18307
8281 15474
8281 16809
8298 11717
8298 18307
8363 18336
8409 16261
8423 14906
8423 15453
8472 11066
8549 10068
8549 11587
8666 14976
8712 10846
8712 15195
8712 18340
8954 11103
8954 18318
9152 10168
9152 18304
9168 10040
9312 14906
9421 18300
9425 18150
9469 10040
9469 11779
9472 18307
9510 11835
9573 10293
9757 18345
10018 18317
10068 18336
10168 11340
10168 16984
10168 17955
10293 12287
10293 15557
10312 14832
10312 16624
10314 16094
10461 15618
10461 18097
10789 18150
11184 14526
11203 11568
11267 18348
11340 17973
11340 18319
11340 18348
11376 12252
11533 17761
11565 11863
11565 18301
11568 14906
11568 17591
11863 17955
12059 17955
12252 15709
12252 18316
12341 12366
12885 15041
12885 18333
13631 15087
13631 17994
13735 15472
14832 15921
14906 18290
14906 18309
14948 17878
14948 18122
15045 18243
15113 18336
15299 18319
15453 18298
15474 16398
15474 18250
15505 16624
15505 17761
15505 18301
15505 18309
15505 18323
15618 16349
15636 18301
15783 16564
15798 18299
15987 17029
16192 18324
16217 18315
16236 17008
16242 16927
16242 18010
16242 18306
16629 18179
16809 17955
17199 17761
17294 17870
17299 18282
17420 18342
17591 17843
17591 18295
17591 18307
17714 17955
17715 18294
17761 17969
17869 17870
18093 18309
18124 18348
18197 18198
18296 18297
18327 18329
18336 18337
18345 18346
