0 42
0 1232
0 6596
0 7289
7 8068
26 839
26 2027
26 2888
26 9366
26 15675
26 18423
28 6435
28 6629
42 43
42 1413
42 2324
42 4179
42 5272
42 7480
42 15675
42 16984
42 18367
43 730
43 5816
43 8939
43 12366
43 12662
43 17212
46 1369
48 70
48 3653
70 8068
73 434
73 1256
73 2692
73 2970
73 3030
73 6124
73 16564
76 730
76 8068
76 9323
76 12527
76 18374
83 10312
83 18348
83 18426
84 18432
90 3030
93 762
97 18367
108 7391
110 1971
110 2111
110 5021
110 9896
110 10293
110 11269
110 15675
110 18386
110 18392
115 17213
122 1813
133 3496
138 762
138 1206
138 1972
138 10347
138 12366
138 16099
138 16589
138 16907
138 18340
138 18428
158 10347
158 16306
158 16963
158 18349
184 5153
184 18368
196 3030
196 10168
196 11779
196 18407
221 9444
221 10846
221 12114
226 5270
249 15113
258 2762
258 9457
258 12366
258 17591
258 18322
303 16017
312 10706
315 577
315 712
315 7391
315 18357
315 18406
318 1737
318 5340
318 8068
370 18404
383 9312
385 4886
412 3364
412 10040
412 15800
414 18311
432 6596
453 4370
455 15345
505 6781
508 4092
508 4467
508 8712
508 12953
508 17923
528 11963
528 18416
531 5272
572 10068
573 16984
573 18409
577 18366
613 4179
613 15299
613 18354
618 1206
618 4749
618 12366
621 634
621 6781
621 8068
621 10036
621 18366
634 11779
659 4216
690 8630
712 5065
712 17336
714 9326
729 15113
736 16564
762 1904
762 4467
762 8712
762 10198
762 16589
762 18367
789 5021
796 15875
803 3973
803 6562
803 15618
837 18422
839 11269
839 15675
852 1122
852 1206
852 1256
852 1393
852 2488
852 3313
852 3707
852 5089
852 6947
852 7290
852 11376
852 11587
852 15388
852 17222
852 18396
881 18394
897 4465
955 16757
1011 8298
1060 17222
1065 2868
1065 6947
1065 13732
1106 3509
1106 18348
1115 7290
1122 4140
1122 5720
1135 13533
1144 1763
1144 3093
1144 3254
1144 6373
1144 10314
1144 12662
1167 2694
1198 4117
1198 11568
1200 1972
1200 16099
1206 1904
1206 2628
1206 3030
1206 9444
1255 18379
1256 2437
1256 17222
1312 2762
1322 11587
1359 2762
1359 18384
1361 5125
1361 12114
1365 2762
1369 2489
1369 18378
1369 18384
1370 4507
1370 6596
1392 2767
1392 4702
1392 17931
1393 18394
1393 18409
1413 1763
1413 2019
1413 2762
1413 11936
1422 14767
1426 6429
1514 8068
1514 10036
1514 18328
1625 17329
1636 2762
1636 5125
1636 10312
1636 12114
1636 14906
1636 15505
1636 18367
1657 18431
1661 6596
1661 18289
1663 18381
1709 18380
1737 8068
1763 12662
1763 17932
1763 18425
1773 18328
1773 18352
1794 13515
1813 14948
1872 14943
1877 16717
1877 18392
1917 8642
1917 18432
1971 6629
1971 15675
1971 16963
1972 2783
1972 16589
1972 18388
1990 5270
1990 12527
2019 2286
2019 4216
2019 12366
2019 14213
2019 18370
2019 18391
2019 18405
2027 3785
2027 8954
2027 18376
2051 2086
2062 11779
2111 2324
2111 5065
2111 18426
2118 4031
2118 6459
2118 15050
2122 17969
2128 18359
2140 17718
2208 5658
2208 17804
2223 7290
2223 10918
2223 15800
2223 17931
2255 11568
2284 4188
2286 14213
2324 2489
2324 3707
2324 5825
2389 7071
2389 12643
2437 2628
2437 16963
2437 18357
2488 5720
2489 5825
2529 18396
2583 2775
2583 10592
2583 17955
2598 4216
2627 10347
2628 18357
2650 4670
2650 8068
2650 16099
2691 3364
2691 3636
2718 8093
2756 6435
2756 13807
2756 16589
2762 7290
2762 8067
2762 8484
2762 11340
2762 11912
2762 11943
2762 14906
2762 15505
2762 18390
2767 12366
2767 12527
2767 17931
2771 14747
2783 4749
2783 6596
2783 12366
2816 5658
2816 11779
2816 18357
2821 18371
2821 18426
2822 18368
2839 3030
2868 13735
2888 4783
2888 18382
3024 5144
3030 4392
3030 18426
3093 3377
3093 9888
3093 17587
3093 18380
3107 9469
3155 8225
3158 6596
3158 9457
3166 4392
3166 5144
3307 4085
3307 18429
3313 5089
3313 16261
3364 3636
3364 4092
3364 18435
3405 15675
3484 7071
3487 8379
3496 18332
3545 11057
3636 18319
3648 5270
3707 5274
3707 13952
3707 17222
3707 18409
3861 7652
3948 6429
3948 7000
3975 16589
3984 11103
4001 12126
4011 6189
4011 8996
4011 13489
4011 18421
4031 4392
4085 4839
4090 11244
4090 15299
4090 17857
4092 4839
4092 15886
4092 17923
4092 18416
4092 18422
4113 14767
4117 12358
4117 12366
4117 18367
4117 18411
4135 18413
4179 6596
4179 7290
4179 8067
4179 14906
4216 12366
4216 17969
4216 18353
4382 4749
4382 16242
4392 16610
4419 5021
4465 5141
4465 9977
4465 15087
4467 8298
4467 17923
4507 16956
4589 18414
4591 10168
4723 5021
4723 18417
4771 14906
4771 18367
4783 9366
4866 12527
5018 18428
5065 18353
5065 18413
5089 5468
5089 11587
5089 16261
5119 12319
5119 12366
5119 18362
5119 18369
5119 18431
5144 6629
5144 16322
5144 16554
5144 16610
5179 8712
5181 15675
5181 16513
5270 9888
5270 14943
5270 16589
5340 15875
5362 6189
5468 17420
5471 11963
5616 8067
5616 17994
5616 18416
5644 11001
5649 6362
5720 6435
5720 7290
5720 8409
5720 8712
5720 8831
5720 10258
5720 11234
5720 12366
5720 15388
5720 16099
5720 17222
5801 17955
5816 7071
5816 8939
5816 16564
5831 13088
5831 18377
5831 18383
5831 18410
5849 14747
5849 18392
5859 17222
5938 18211
5949 8225
6189 15505
6362 18422
6373 9469
6373 12662
6373 16928
6373 18343
6373 18404
6389 10314
6389 17591
6413 10312
6429 6596
6429 11452
6429 17718
6429 18353
6429 18356
6429 18404
6429 18406
6431 7290
6435 7290
6435 11568
6435 16907
6498 18379
6596 8642
6596 11203
6596 11452
6596 11936
6596 13514
6596 13515
6596 18375
6629 6945
6629 8012
6629 15211
6629 15675
6629 15875
6629 16513
6629 17397
6629 18382
6629 18392
6692 16001
6779 8961
6779 11751
6795 18399
6867 12662
6947 14002
6947 16261
6984 11340
7000 15195
7000 18366
7000 18404
7041 16447
7071 18356
7071 18372
7093 9152
7097 8379
7097 16758
7109 18365
7147 8423
7147 10040
7274 12784
7290 9326
7290 11103
7290 11203
7391 8298
7391 8379
7391 9444
7391 16417
7391 18426
7399 8068
7399 9425
7480 17994
7647 18387
7961 18388
8068 16610
8068 16984
8197 12527
8197 16920
8379 16665
8409 12366
8409 16907
8409 18388
8409 18409
8409 18412
8423 15453
8549 10068
8712 11580
8712 12126
8712 15698
8712 17683
8712 17923
8831 10273
9152 13807
9299 18056
9425 18150
9425 18400
9427 17384
9469 10198
9483 13735
9888 16639
9896 15675
9985 10347
9985 16099
9985 18173
10018 18317
10168 10604
10168 11340
10293 13514
10293 18401
10312 13990
10312 16017
10312 18429
10314 17591
10347 16099
10347 16589
10789 13088
10789 18377
10789 18427
10816 18432
10846 12784
10846 18419
10918 16589
11001 17869
11017 11184
11103 18388
11203 11568
11214 18431
11234 17718
11267 18363
11340 16033
11340 18422
11533 17761
11565 13807
11565 17008
11580 11779
11587 16099
11751 18384
11779 18433
11936 18375
12059 17955
12114 15240
12114 18105
12358 12366
12358 18408
12366 18388
12396 18362
12462 18424
12885 18333
13017 16589
13280 18436
13318 17222
13489 18421
13515 16282
13515 17008
13735 16743
13952 18381
13990 15839
14002 15388
14017 15505
14165 18381
14303 18425
14747 16984
14747 17923
14906 18173
14906 18322
14906 18367
14976 16589
15025 18340
15108 15113
15113 16984
15113 17923
15113 18360
15113 18393
15113 18398
15127 18430
15211 15875
15240 16017
15252 17973
15299 15761
15345 16907
15472 18422
15505 18378
15636 17072
15675 15875
15675 16984
15761 18390
15798 18043
15798 18299
15875 17678
15875 18376
15875 18432
16033 17923
16094 18360
16099 16907
16193 17857
16236 18418
16306 18373
16513 18248
16554 18357
16589 16984
16589 17587
16790 18358
16907 18409
16928 17923
16984 18366
16984 18389
16984 18413
17001 18355
17029 17994
17299 18173
17299 18411
17322 18361
17548 18173
17587 18173
17601 18403
17627 17932
17733 18397
17761 17856
17761 17969
17866 17955
17887 18395
17923 18409
17932 18434
17955 18377
17969 18415
17994 18391
18007 18414
18021 18385
18093 18173
18173 18420
18273 18364
18348 18351
18377 18383
18394 18402
18401 18404
18436 18437
