3 16665
7 284
7 18895
26 29
26 151
26 1255
28 117
28 15151
30 16639
41 2970
42 5917
42 11340
42 18681
43 2704
43 3541
43 9896
43 10620
43 18509
43 18864
43 18877
48 284
73 11498
73 18895
76 568
76 1804
76 4390
76 5141
76 18912
76 18916
83 16083
84 948
95 18855
96 18912
110 1877
110 2309
110 3541
110 8721
110 9280
110 12620
110 18862
110 18869
110 18873
117 1002
117 4507
117 11835
133 9285
134 312
134 412
134 455
134 1636
138 158
138 789
138 1028
138 1200
138 1994
138 5308
138 6498
138 10061
138 10293
138 15050
138 18674
138 18873
138 18878
138 18887
138 18905
138 18915
151 857
151 1972
151 6431
151 18657
151 18863
151 18864
153 412
153 18873
158 1198
158 8484
158 11498
162 5501
184 3636
184 18681
187 15709
196 1144
196 18887
258 1122
258 18082
280 17558
286 9851
286 14657
312 1863
315 10333
329 18203
348 18872
370 6650
374 17878
412 1636
412 2762
412 6373
412 15235
412 15505
433 18912
444 18874
447 1361
447 3727
447 4839
447 17955
455 1361
455 18816
461 1359
467 15364
556 826
573 1369
573 9896
573 17437
573 18466
577 1804
577 18864
610 7399
618 15557
621 1612
634 3072
634 10061
647 5917
678 18912
686 18674
708 6945
762 18466
775 13137
803 4028
810 12760
834 18901
852 2762
852 3313
852 3707
852 5089
852 5720
852 10347
852 15151
852 17444
852 18396
857 7290
879 1972
881 2868
897 1561
938 12896
948 16156
1002 18873
1006 5917
1006 18516
1028 18720
1106 4280
1106 18900
1122 2692
1122 18889
1125 8703
1144 18056
1144 18556
1144 18794
1144 18892
1170 15382
1170 15505
1170 18770
1193 1742
1193 18715
1198 2650
1198 3381
1198 4860
1198 11340
1198 15125
1198 17955
1200 18336
1206 3856
1206 13157
1206 15151
1206 18547
1223 7399
1255 2437
1255 4771
1255 4783
1255 6362
1255 17587
1256 3313
1268 16639
1333 18905
1359 2704
1359 15720
1359 17761
1359 18879
1365 10293
1365 15299
1369 2324
1369 9280
1369 9896
1369 16049
1381 18885
1413 1687
1413 11560
1514 1804
1514 18897
1539 16293
1561 18715
1612 4092
1636 2762
1636 6779
1636 11184
1636 18674
1636 18889
1640 18231
1640 18723
1640 18869
1640 18871
1742 2357
1804 4523
1804 5938
1831 18610
1831 18736
1877 9896
1877 12245
1877 18918
1894 6429
1894 17311
1894 18627
1894 18912
1917 6779
1917 16563
1966 7391
1972 8119
2051 9896
2062 5270
2107 15802
2111 6362
2111 13061
2111 17311
2118 18627
2158 11078
2223 5308
2223 10461
2254 16549
2256 10766
2280 6373
2280 15113
2309 4419
2309 18723
2324 9280
2324 15875
2324 18723
2324 18831
2333 5616
2333 9742
2357 9444
2455 3727
2489 9280
2529 2762
2529 10347
2650 9469
2650 17638
2669 18723
2669 18899
2691 18855
2692 5308
2692 18867
2704 15720
2718 18893
2739 10061
2756 17444
2762 3313
2762 4771
2762 5938
2762 11340
2762 14002
2762 14621
2762 14906
2762 17955
2762 18736
2767 18902
2786 18875
2816 5345
2868 5127
2868 14767
2930 18865
3041 8721
3107 18869
3226 17487
3313 10273
3313 17444
3313 17641
3381 18556
3405 9896
3405 16639
3456 15113
3484 18871
3501 6576
3545 17569
3636 18861
3673 16639
3707 4832
3707 5720
3707 6435
3707 6917
3707 10068
3707 13157
3707 17444
3707 17641
3727 18915
3745 18745
3756 6897
3764 14846
3882 10333
4088 15474
4092 6596
4092 14223
4092 16530
4092 18870
4117 18674
4135 7391
4135 17152
4187 18915
4216 18516
4280 5021
4280 18900
4280 18916
4366 17814
4382 6332
4390 5471
4390 13735
4507 18882
4523 6945
4523 7157
4536 15557
4585 5119
4585 10061
4615 17804
4731 15079
4746 18864
4771 16156
4783 7559
4783 17638
4783 18357
4783 18915
4832 6435
4839 18811
4839 18898
4839 18915
5009 11203
5119 5720
5119 6332
5119 10061
5119 10620
5119 11078
5119 13082
5119 18674
5119 18884
5119 18915
5125 18913
5127 5471
5267 13137
5270 11498
5272 6596
5272 15364
5272 18713
5362 15553
5362 18674
5362 18771
5366 18674
5366 18913
5468 11498
5468 18873
5471 18344
5616 5720
5720 6435
5720 6448
5720 6596
5720 11340
5720 13280
5720 18889
5720 18902
5825 17437
5825 18466
5938 8565
5938 18878
6108 10273
6203 10061
6203 18876
6203 18915
6373 11344
6373 18056
6373 18865
6373 18866
6373 18914
6448 18873
6448 18917
6506 10068
6596 11203
6596 14223
6596 14906
6629 18896
6746 11340
6779 10347
6779 16984
6779 18760
6942 18869
6947 10061
6953 18908
6984 18080
7000 18516
7190 18869
7225 18903
7290 11340
7290 15041
7340 17036
7391 10333
7391 18056
7391 18887
7669 15839
7851 9299
7991 18056
8067 18681
8119 11779
8147 15113
8272 18873
8298 18855
8630 10293
9070 17814
9212 18908
9444 18056
9565 13082
9629 18881
9742 17465
9851 10347
9896 12245
9896 18881
9896 18886
10061 18891
10198 10766
10198 17814
10198 18865
10293 18905
10295 15720
10312 17761
10347 17444
10347 18878
10383 18868
10569 18887
10620 18908
10789 18866
10789 18892
11184 18736
11203 18674
11269 18906
11340 13280
11340 18794
11565 11943
11565 18736
11568 18913
11779 18801
11943 14184
11943 18173
11943 18736
12358 18674
12775 18218
12844 15472
13838 17814
14223 14906
14223 17955
14303 18082
14906 18674
14906 18889
14948 15618
15041 15875
15108 18911
15448 17955
15472 15986
15505 18674
15505 18898
15553 17761
15593 18736
15631 18810
15631 18855
15636 18907
15709 18894
15885 18910
16033 17814
16049 17761
16083 18890
16242 18713
16381 18872
16530 18863
16530 18889
16610 17311
16610 17638
16610 18154
16610 18627
16610 18875
16610 18877
16861 18827
16984 18869
17152 18869
17437 18466
17761 18906
17878 17955
17955 18479
17955 18819
17955 18827
17955 18866
17955 18878
17955 18879
17955 18887
17955 18917
18429 18839
18439 18466
18466 18681
18466 18909
18501 18889
18516 18723
18638 18827
18674 18681
18681 18723
18723 18831
18723 18862
18723 18871
18764 18915
18855 18883
18870 18880
18870 18888
18879 18887
18881 18886
18891 18904
