7 29
7 1255
7 18016
19 4280
28 4771
28 10068
28 18965
28 18975
29 76
30 1413
42 16813
42 18941
43 2149
43 16184
43 18771
43 18887
43 18956
43 18977
43 18986
71 76
73 5658
76 190
76 881
76 1198
76 1612
76 2767
76 4280
76 4746
76 7851
76 11587
76 15949
76 18005
76 18820
84 17885
97 1788
108 9573
110 1369
110 7399
110 8018
110 18460
110 18837
110 18943
117 3727
117 4798
117 6596
117 9257
117 16624
129 10293
129 18975
138 1606
138 2816
138 7749
138 18218
138 18921
138 18954
153 5065
153 8018
153 9245
153 9540
153 18963
158 286
158 552
158 5065
158 9156
158 9427
158 11103
158 16212
158 18925
158 18934
158 18946
158 18951
158 18954
158 18982
196 2868
196 9829
204 4011
204 16017
258 18082
286 3456
286 10347
286 18933
318 12245
318 18016
370 4813
374 1115
374 13280
374 16217
374 16484
383 4949
383 18929
390 2062
407 11452
444 6373
444 11340
447 803
447 6203
455 15345
455 17708
455 18908
455 18947
455 18957
455 18978
467 6596
490 5363
490 9472
514 18937
528 18962
531 5119
531 14948
531 17955
531 18637
570 16592
573 18370
577 5065
577 9156
708 18974
729 13967
836 1255
837 16327
837 18887
837 18940
852 4949
852 5720
852 11587
852 13485
852 13925
852 15709
852 16261
852 16813
852 18610
852 18889
852 18985
859 9896
881 2149
881 2316
881 18674
946 13486
1002 5125
1002 7802
1002 8197
1002 11010
1002 18674
1002 18831
1058 13967
1106 7353
1115 16212
1177 2984
1198 9245
1206 11587
1206 18825
1223 6945
1255 4783
1256 2057
1256 16212
1268 11587
1295 5720
1312 12896
1321 2223
1321 18932
1361 10268
1361 15204
1361 18887
1392 4746
1393 11587
1393 15709
1393 16184
1393 16770
1413 1636
1413 4216
1413 4771
1413 11103
1413 15515
1523 11078
1523 18962
1606 1636
1606 18509
1636 2868
1636 9156
1636 18674
1636 18775
1636 18935
1640 7245
1640 18943
1643 18927
1788 5468
1788 9573
1788 18986
1818 7749
1825 6429
1825 10604
1836 4157
1854 18896
1877 9896
1877 18918
1879 18723
1896 2750
1896 6448
1896 10995
1904 18981
1917 13486
1917 13967
1941 17831
1972 9156
1996 2309
2019 18987
2027 3541
2051 3975
2051 9896
2051 13227
2051 18919
2057 2650
2057 3707
2057 6947
2057 17955
2062 3166
2062 5270
2062 8298
2062 18723
2095 8409
2111 2149
2118 7749
2118 18475
2122 18012
2140 15875
2215 18949
2223 5725
2223 14165
2223 17708
2223 17814
2223 18917
2256 14766
2286 18831
2313 18674
2319 15875
2319 18723
2324 9280
2324 11010
2324 12245
2324 15557
2333 18959
2334 6373
2389 16956
2437 18837
2489 11751
2489 18771
2528 10347
2529 6917
2529 9156
2529 14253
2583 2767
2583 9257
2583 10068
2583 16610
2583 18847
2583 18967
2628 18949
2650 8298
2650 11340
2669 4135
2669 5681
2669 6779
2669 18837
2694 12245
2704 15875
2762 12125
2762 13280
2762 15299
2762 15453
2767 4390
2767 5065
2767 9156
2767 14165
2767 18858
2767 18954
2868 7674
2868 9156
2868 10304
2868 18971
2959 12125
3051 15147
3065 4691
3065 15505
3107 16327
3155 13485
3158 5125
3158 8197
3158 18918
3313 3707
3313 5720
3313 14253
3313 16099
3313 16592
3313 18190
3313 18921
3377 11587
3381 7399
3381 11010
3405 6362
3405 12245
3456 9427
3456 10347
3456 13134
3456 18925
3456 18933
3484 18965
3541 17955
3541 18466
3573 18965
3573 18987
3636 14906
3636 18509
3636 18935
3707 11587
3882 18966
3893 5065
3900 5119
4058 14903
4117 9156
4117 18982
4135 7749
4187 18218
4187 18887
4187 18908
4187 18983
4216 9156
4216 12114
4231 5720
4382 9156
4390 5471
4397 5681
4507 18674
4562 18952
4577 18745
4671 18986
4691 5720
4746 15044
4771 11587
4783 15709
4783 18920
4783 18926
4838 5720
4838 18977
4839 5065
4839 8110
4839 12114
4839 16242
4839 18939
5065 5560
5065 9156
5065 12358
5065 15113
5065 16184
5065 16242
5065 18939
5065 18983
5089 11100
5119 7892
5119 9156
5119 16327
5119 18038
5119 18475
5119 18681
5119 18920
5119 18932
5119 18963
5125 5616
5125 11010
5270 8298
5270 18016
5331 18960
5348 18969
5363 13074
5363 18930
5366 11010
5373 18959
5468 18926
5479 18952
5551 18344
5560 9156
5616 18038
5658 18975
5681 6596
5681 9257
5681 10268
5720 9540
5720 10203
5720 13925
5720 14493
5720 18674
5720 18723
5720 18820
5720 18935
5720 18968
5720 18977
5720 18985
5935 18825
5938 11751
5938 18820
6199 15557
6203 9346
6203 14903
6203 16770
6203 18674
6332 18637
6362 15875
6373 7851
6373 10198
6373 18005
6373 18920
6429 18854
6429 18988
6522 18938
6548 7041
6596 8912
6596 11452
6596 12114
6596 12299
6596 12358
6596 16624
6596 18956
6779 11010
6779 12358
6779 14983
6779 16770
6779 18509
6779 18968
6784 18920
6842 17831
6867 18005
6917 7073
6917 9156
6917 18931
7000 9156
7119 18976
7186 8018
7186 11267
7290 7398
7302 7399
7340 17036
7391 11340
7391 18854
7391 18887
7391 18923
7391 18924
7391 18944
7516 18674
7600 18944
7616 17955
7669 15839
7802 11010
7855 11010
8018 15729
8018 18038
8110 17315
8119 18978
8197 12114
8298 9346
8298 17587
8298 18887
8364 18971
8409 13485
8494 18938
8996 17955
9156 9510
9156 10347
9156 11103
9156 11340
9156 12341
9156 15452
9156 15515
9156 16184
9156 16410
9156 17814
9156 18774
9156 18951
9156 18958
9156 18971
9156 18982
9156 18984
9257 13280
9257 14906
9257 18674
9346 14903
9346 17955
9375 16184
9444 18475
9742 17465
9896 18820
10068 14906
10068 16665
10068 18921
10196 11587
10198 18865
10203 18976
10203 18985
10268 12114
10268 15453
10273 11100
10347 18887
10558 11452
10995 18920
11010 12358
11010 15949
11184 18917
11340 18939
11340 18970
11340 18973
11340 18979
11452 12358
11568 18674
11751 18820
11751 18964
11751 18965
11779 18939
11783 18892
11783 18950
11943 18945
12074 18926
12114 12358
12114 15235
12125 18949
12245 15087
12245 18961
12358 15709
12358 18674
12358 18968
12358 18969
13014 18944
13082 18928
13086 18962
13252 18610
13280 17955
13280 18968
13280 18979
13735 18917
13788 18637
13925 16349
13925 16813
14165 17955
14303 18946
14493 18723
14903 17955
14906 18509
14906 18854
14906 18954
14906 18960
14983 16242
15113 15912
15204 18890
15474 17708
15505 18509
15505 18674
15648 18038
15709 18960
15729 18038
15729 18954
15839 17955
15875 16682
15875 18920
15875 18922
15875 18942
15875 18955
15885 18910
16212 18936
16242 18713
16322 18942
16327 16813
16327 17955
16624 18674
16665 18921
16813 18854
16830 18926
17761 18923
17955 18917
17955 18921
17955 18925
17955 18953
17955 18972
17955 18973
17985 18987
18010 18764
18010 18908
18038 18513
18038 18637
18081 18947
18260 18912
18466 18687
18466 18909
18713 18887
18723 18965
18731 18936
18770 18831
18794 18948
18887 18940
18923 18924
18960 18980
