26 155
28 412
28 5270
28 6124
28 6429
28 11751
28 17558
28 18681
28 19186
29 2650
42 412
42 839
42 1413
42 2534
42 5720
42 11751
42 16665
42 17300
42 18681
42 18831
43 490
43 7097
43 12366
43 13061
43 19265
48 11267
73 19272
83 2256
84 412
84 1792
88 16861
95 3177
95 4110
103 14677
109 226
110 7097
110 18230
110 18920
122 1057
138 2062
138 19231
138 19254
151 370
151 5536
151 15474
155 2027
157 8567
158 9168
158 9427
158 16861
158 18585
158 18969
158 19300
195 15113
196 19313
226 1792
258 412
258 531
258 19299
271 2771
297 837
315 4232
315 10206
370 6373
370 19301
383 412
412 434
412 531
412 573
412 613
412 1011
412 1563
412 1604
412 1636
412 2450
412 2762
412 3409
412 3707
412 4187
412 4708
412 4949
412 5616
412 5857
412 6947
412 7674
412 8712
412 9168
412 9245
412 10273
412 11103
412 11116
412 11751
412 12358
412 13280
412 13768
412 17300
412 17955
412 18617
412 18681
412 19037
412 19261
412 19280
412 19287
412 19304
412 19305
412 19307
434 1206
434 2650
434 2762
434 12366
455 3177
455 13088
455 14529
455 19289
506 18490
546 1206
573 15453
573 19261
577 1825
610 7647
618 3935
621 15415
621 17856
641 9245
652 803
659 4117
712 17856
725 2529
762 2650
762 18466
802 6373
823 5362
823 19266
837 9905
837 19257
839 4080
839 18831
839 19271
839 19296
898 6429
898 11751
898 15557
1002 1041
1002 5065
1002 5305
1002 11568
1002 15453
1002 18681
1002 19266
1006 2019
1041 11751
1057 19276
1058 19289
1106 5616
1106 8567
1106 14062
1115 6917
1115 6945
1115 11078
1115 18585
1144 10347
1185 15206
1185 16261
1198 1636
1198 4011
1198 4117
1198 4216
1198 19288
1206 8688
1206 12366
1206 19231
1235 19254
1256 10068
1256 16261
1256 18187
1256 19272
1264 18969
1278 3107
1278 8460
1281 17885
1281 19069
1361 19105
1361 19289
1365 9565
1365 19273
1413 11751
1413 15557
1413 17761
1540 17468
1636 3177
1636 6189
1636 7674
1636 16017
1636 16665
1636 17765
1636 18490
1640 4069
1640 19197
1640 19309
1657 7593
1687 5065
1687 17300
1709 15557
1709 18831
1763 2111
1792 8688
1794 17718
1807 6429
1807 15875
1807 18723
1812 3409
1825 4216
1825 15557
1825 16770
1877 15875
1877 19293
1917 2650
1917 16734
1917 19283
1985 9649
2019 9236
2019 16549
2062 2650
2062 11267
2095 17955
2111 4232
2111 6429
2111 18723
2149 2762
2150 19279
2197 19268
2223 18454
2256 3893
2256 15474
2256 19284
2286 18619
2286 19265
2313 11751
2389 12643
2389 17300
2389 17749
2450 3692
2529 6328
2529 19291
2583 19310
2656 2919
2656 6429
2694 15415
2694 16525
2715 13942
2741 4783
2756 10273
2762 3177
2762 3226
2762 4188
2762 11751
2762 16099
2762 16732
2762 16843
2762 17765
2762 19273
2762 19275
2762 19309
2767 12876
2767 19289
2785 17542
2786 9366
2930 9469
2934 14677
3023 16096
3030 19289
3065 19259
3107 11821
3158 11568
3177 9152
3177 13280
3177 16218
3239 19271
3239 19276
3313 6947
3313 10068
3313 15206
3313 16096
3388 16017
3388 19280
3405 19267
3461 11751
3461 15299
3624 9366
3636 15918
3636 19290
3692 19281
3707 18187
3707 18190
3707 19221
3727 6005
3727 11228
3935 5432
3935 6429
3935 8097
3935 18723
3946 5468
4031 14980
4031 19277
4092 9245
4117 19265
4126 4971
4188 19298
4216 10293
4216 19283
4232 6429
4242 19240
4536 6328
4536 16734
4536 16770
4783 5102
4783 5272
4783 8993
4783 9742
4783 14980
4783 15698
4822 19271
4838 18681
4839 18454
5006 11751
5041 19269
5065 11568
5065 15415
5089 9309
5100 19023
5107 19300
5119 6434
5119 19290
5119 19297
5119 19312
5119 19313
5129 17885
5141 5658
5141 11269
5176 9122
5270 9366
5270 9573
5270 17618
5270 19255
5270 19306
5272 5616
5272 19271
5272 19286
5305 8197
5305 19279
5306 11863
5362 5720
5362 6189
5362 10569
5362 19259
5362 19260
5362 19266
5362 19268
5362 19271
5366 19279
5432 18723
5432 18831
5468 9366
5471 15729
5471 19302
5479 19268
5550 6434
5616 9245
5616 19304
5658 11269
5672 19261
5720 8596
5720 15206
5720 17300
5720 19028
5720 19231
5720 19259
5720 19260
5720 19271
5720 19281
5720 19297
5857 14062
6124 19254
6189 14906
6189 17300
6189 17761
6189 19258
6203 17602
6203 18454
6373 16327
6373 19268
6429 11751
6429 15557
6434 6916
6434 8712
6498 19255
6596 16770
6596 19271
6629 9568
6779 16017
6779 17602
6945 9147
6947 16534
7000 19288
7000 19309
7097 16099
7107 9425
7213 18454
7471 17158
7471 19183
7516 11751
8197 17749
8197 19265
8460 9469
8484 19259
8567 17587
8586 12316
8596 19282
8712 15113
8824 19292
8912 15918
8981 19280
8993 15698
9147 10068
9152 19263
9236 16549
9236 18723
9366 9573
9366 11066
9565 12366
9573 16232
9742 17671
9905 19248
9905 19257
10293 19283
10347 11078
10604 19080
10705 19225
11078 15309
11078 17741
11080 19300
11116 19280
11203 19290
11568 15038
11587 12366
11751 15282
11751 15553
11751 15557
11751 17761
11943 18681
11943 19281
11972 15875
12316 14017
12316 15108
12316 17955
12876 19289
13061 16017
13061 17671
13088 17955
13162 19262
13280 19256
13646 15589
13760 18490
13760 19285
13879 15415
13922 17885
14062 16099
14529 19307
14677 16729
14879 19270
14906 17300
14906 19271
14976 19277
15206 16261
15252 17158
15252 18454
15282 18723
15474 19303
15505 17300
15505 19259
15557 18723
15636 18116
15875 17465
15875 17635
15875 17749
15875 18230
15875 18969
15875 19197
15875 19253
15875 19265
15875 19309
16242 18713
16242 19270
16242 19273
16549 19311
16628 17885
16813 18490
16904 19028
17465 19253
17495 19274
17602 17955
17741 19273
17761 19231
17955 18585
17955 19264
17955 19294
17955 19299
17955 19308
18056 19309
18079 18723
18190 18681
18466 19186
18619 18770
18723 18724
18723 18831
18770 19265
18770 19271
18770 19286
19164 19171
19221 19278
19271 19286
19294 19295
