7 29
28 19513
29 1563
29 7366
29 19350
42 1413
42 5672
42 8197
42 19093
42 19538
43 2786
43 5049
43 11718
43 18831
43 19539
43 19540
76 2158
76 5119
76 5141
76 11718
76 13760
76 16349
76 16904
76 19540
76 19547
88 5141
88 15269
95 14597
95 19538
96 2357
97 16410
103 14677
108 2786
108 10352
110 8363
110 10846
110 19551
119 18199
131 2406
131 5550
138 1200
138 15382
138 19026
138 19501
138 19538
153 2767
153 4585
158 4157
158 7290
158 9789
158 15539
158 18357
158 19361
158 19553
184 4460
196 19537
201 1255
258 4589
258 17718
315 19535
330 3515
359 19506
370 11228
383 17496
391 4702
412 8298
412 10068
412 17886
434 3417
434 19537
461 9323
467 1563
467 1973
467 6596
467 15240
467 19522
531 5065
531 5469
549 19547
573 9896
573 19447
577 5157
577 10273
577 12097
577 15384
610 15384
613 1563
613 9565
613 15240
618 10198
621 8298
621 12878
621 16601
621 19447
641 19510
686 2762
712 9565
712 15384
762 11347
773 897
773 1612
773 13061
773 18466
803 4149
837 19488
852 1200
852 1206
852 3910
852 5089
852 5720
852 8093
852 14323
852 19432
852 19455
897 1896
897 2357
968 2357
968 18466
1002 1144
1002 2149
1002 3158
1002 4339
1002 6435
1002 10910
1002 18918
1002 19542
1057 16904
1058 4141
1115 11025
1115 11051
1125 19482
1200 1256
1200 5720
1200 6506
1200 15706
1200 16436
1255 1539
1255 6984
1255 16099
1256 5089
1256 8093
1278 17502
1359 1563
1359 5720
1359 17761
1359 18641
1359 19361
1359 19527
1361 3910
1361 8293
1361 13183
1365 4460
1365 5089
1365 7984
1392 1807
1402 19415
1413 1540
1514 5550
1514 16601
1539 19541
1551 6506
1551 15706
1563 4187
1563 7674
1604 4839
1604 6779
1604 15505
1604 19505
1612 2650
1612 16099
1636 2966
1636 3910
1636 13298
1636 19515
1657 2966
1687 5065
1709 2389
1763 3910
1763 6373
1763 19517
1792 2650
1807 6596
1807 12358
1807 13061
1807 19555
1818 2158
1824 13061
1825 6429
1854 15875
1917 8272
1917 9071
1917 11718
1917 13061
1917 18820
1917 19518
1972 10040
1972 19553
1973 10018
1985 14677
1990 4382
1990 10409
2019 5125
2027 3624
2027 19529
2095 13061
2095 16033
2095 19026
2102 19518
2111 2650
2111 8197
2111 13061
2124 19026
2158 2816
2158 8298
2158 16904
2197 13280
2223 5007
2234 19476
2287 5272
2313 5616
2324 4193
2324 8596
2324 15875
2324 18918
2350 3910
2357 5141
2357 7371
2450 6618
2450 13061
2519 5119
2519 19475
2529 3707
2529 5089
2529 8093
2529 13061
2529 19507
2582 19515
2599 18723
2599 18831
2650 3166
2650 5550
2650 14677
2650 18466
2650 19213
2656 19290
2669 5012
2676 11779
2694 17269
2704 19181
2715 13942
2724 14767
2762 2767
2762 4242
2762 10273
2762 11299
2762 13061
2767 16732
2767 18931
2767 19499
2785 12672
2786 9573
2786 10352
2786 17420
2845 7366
2966 4924
2970 6448
3030 15241
3041 8121
3041 19471
3107 6373
3107 9071
3107 19521
3158 17762
3158 18918
3158 19542
3313 5089
3313 14323
3326 5366
3381 13253
3405 4370
3405 16601
3417 17112
3484 5012
3509 13061
3515 16099
3545 19137
3613 18038
3624 17420
3636 3910
3636 10040
3636 14983
3636 19531
3692 17955
3707 5089
3707 8093
3856 4045
3910 6779
3910 8093
3910 13061
3910 14906
4011 5065
4031 15912
4031 16525
4031 19541
4031 19544
4092 4460
4097 19318
4110 19530
4135 13061
4149 13061
4149 15505
4157 5720
4171 19518
4187 5119
4187 13760
4187 19407
4216 13057
4216 19529
4242 8197
4248 18056
4370 10366
4370 15875
4370 16601
4419 8121
4460 5272
4460 5720
4460 19509
4519 19514
4523 19553
4536 5157
4536 6596
4536 19379
4544 6124
4585 5720
4585 15434
4702 9323
4731 18466
4771 5012
4860 14677
4924 5065
4924 13646
4924 15299
4924 19361
4924 19523
4924 19545
4949 5007
4949 19534
5031 6448
5031 13057
5065 6373
5065 9896
5065 11340
5065 15448
5065 15505
5065 17955
5065 18056
5065 19508
5065 19536
5065 19546
5089 15706
5119 9152
5119 13760
5119 16904
5119 19026
5119 19490
5119 19526
5119 19544
5125 5366
5125 5616
5141 5270
5157 6596
5157 12358
5267 5305
5272 13838
5305 8272
5348 17923
5362 8961
5362 15505
5362 19527
5366 6448
5366 19180
5366 19426
5468 19533
5521 13990
5550 19554
5551 12557
5672 13957
5681 6596
5690 5720
5690 14323
5720 8093
5720 11340
5720 14323
5720 19499
5816 19518
6002 19556
6015 17315
6109 9427
6203 12672
6203 17498
6203 19557
6373 8272
6373 11228
6373 11779
6373 16327
6373 16743
6373 19499
6373 19535
6429 15384
6429 17718
6448 6491
6448 19553
6459 16099
6570 19529
6596 19379
6596 19518
6596 19522
6619 9789
6624 16743
6629 17269
6629 19180
6629 19512
6867 7274
6867 11228
6917 15683
6917 18931
6917 19503
7000 11529
7107 19495
7290 8298
7290 19513
7290 19518
7302 18466
7399 19268
7839 19358
7984 19116
8067 18594
8093 17718
8121 10420
8197 11203
8197 16099
8197 19355
8197 19551
8266 13061
8298 13061
8298 17498
8298 18466
8413 19093
8712 16836
8887 19552
9057 16271
9071 11269
9323 9818
9444 19532
9444 19533
9444 19538
9536 19515
9789 13990
9789 18685
10018 14983
10040 12672
10068 15269
10235 17635
10305 14446
10347 16212
10366 16601
10409 18820
10589 15240
10589 19516
10846 19554
11203 15505
11203 15557
11228 15875
11340 16904
11340 17545
11340 19535
11347 19287
11418 14930
11418 18038
11779 14621
11779 19268
11779 19537
11953 12097
12022 15453
13017 19490
13061 16033
13061 16904
13061 17498
13061 17718
13061 18466
13061 19513
13154 18797
13253 15453
13280 19504
13646 17955
13653 15384
15252 19496
15309 18931
15453 17269
15474 16033
15474 19303
15505 15557
15505 17994
15557 17994
15664 16928
15683 19543
15698 15818
15875 17762
15875 18918
16033 19116
16281 17955
16281 18038
16423 16601
16601 17923
16639 18466
16639 19213
16792 19549
16861 18827
17420 19447
17420 19529
17465 17762
17708 19495
17955 19511
18038 19536
18132 19515
18197 19519
18466 19213
18723 18831
18723 19539
19116 19361
19116 19511
19116 19517
19116 19523
19116 19526
19116 19528
19116 19557
19395 19431
19518 19520
19524 19525
19531 19532
19541 19550
19547 19548
