3 6629
7 8666
13 19498
28 3910
28 15113
28 20124
29 97
29 138
29 1058
29 4390
29 15683
36 76
36 9818
42 509
42 8151
42 9649
42 16099
42 16801
42 18723
43 8151
43 12888
43 14017
43 19966
43 20129
70 76
70 904
70 8472
73 4452
73 5270
73 13240
73 15012
74 226
76 190
76 572
76 621
76 904
76 1057
76 1058
76 2027
76 2650
76 3727
76 8151
76 8688
76 9649
76 15299
76 18056
76 18887
76 19755
76 20138
76 20139
76 20158
83 1232
83 20138
88 9122
93 1243
93 1551
93 4011
93 5119
93 11234
93 12463
93 18466
93 19116
93 19560
95 11340
95 20133
97 4031
97 5658
97 20138
110 18831
110 19595
110 19668
110 20131
110 20154
138 158
138 4589
138 7290
138 9245
138 9985
138 10730
138 15113
138 15549
138 15683
138 18887
153 444
153 3984
153 5065
153 6203
158 186
158 1931
158 2946
158 15113
158 19560
158 20041
158 20124
158 20138
158 20164
158 20168
179 20141
184 2762
196 20175
201 9168
204 6503
218 5362
218 20151
281 20118
304 19796
304 19878
315 18073
338 8151
338 20144
345 20112
351 2406
370 20174
412 20178
412 20184
432 506
432 2957
444 2223
467 20129
503 8688
505 10409
505 19157
509 2027
509 16984
509 19174
528 10846
528 19966
531 4048
531 11103
546 1058
546 16801
546 20182
549 18831
563 621
563 11016
572 1563
572 2027
572 5141
572 8151
572 11241
572 16399
573 1232
573 1877
573 2111
573 5065
573 20137
577 2111
577 20184
610 16364
613 4839
613 20119
613 20142
618 15525
618 15557
621 2111
621 4031
621 15113
659 10911
682 1593
712 10730
712 20158
729 948
729 2762
729 4589
729 8151
729 15184
729 18466
729 19109
729 19755
736 12888
736 20144
762 2741
762 18466
762 19498
837 4126
837 15549
837 20126
839 1106
839 6708
839 20119
839 20144
839 20149
839 20173
852 1058
852 1361
852 2095
852 5720
852 14002
852 14017
852 18190
852 20155
852 20160
852 20179
881 1816
881 3239
904 20138
948 2333
948 6708
948 15852
948 20119
967 20187
1002 20119
1002 20151
1057 1991
1057 2767
1057 4707
1057 5616
1058 2158
1058 4390
1058 8151
1058 10730
1058 14771
1058 20153
1106 10461
1106 11340
1106 20145
1106 20173
1115 20041
1144 20159
1185 6947
1200 18887
1206 16639
1206 18190
1214 2057
1214 2064
1214 6708
1214 16099
1214 18723
1223 4188
1223 7399
1256 2095
1264 1755
1365 2762
1365 16592
1365 19720
1365 20182
1369 19614
1370 2669
1390 3636
1392 4390
1392 15113
1393 4707
1413 7356
1418 19294
1604 6779
1604 10911
1604 11103
1636 5362
1636 7356
1636 8067
1636 11751
1636 19849
1636 20166
1687 15947
1709 2158
1709 18918
1755 3405
1763 6373
1763 12319
1763 15239
1763 15683
1763 16033
1763 16743
1763 19863
1763 20148
1804 18961
1816 3239
1831 4056
1831 15549
1831 18729
1877 5065
1877 18466
1877 20137
1896 1971
1904 9888
1917 1996
1917 4216
1917 7399
1917 20064
1917 20134
1917 20144
1922 18429
1971 20154
1991 2286
1991 3158
1991 4117
1991 5362
1991 15505
1994 3896
1996 19614
2027 16463
2086 3614
2095 3910
2095 4048
2095 6435
2107 18466
2149 20137
2158 2389
2199 4216
2199 15113
2199 17856
2204 8151
2223 12698
2223 15113
2223 19109
2223 20102
2223 20112
2234 13124
2240 5616
2284 2821
2284 15045
2313 5107
2313 18093
2313 20159
2313 20189
2324 4171
2324 10409
2406 2720
2406 5119
2406 19974
2406 20169
2437 11644
2437 14062
2437 20119
2437 20137
2450 20035
2489 19614
2583 20112
2617 10492
2650 15196
2650 18961
2650 20172
2669 18723
2669 20131
2676 8068
2720 5119
2741 3415
2762 3088
2762 3636
2762 8151
2762 9168
2762 10068
2762 10273
2762 12523
2762 14906
2762 20117
2767 3984
2767 4707
2767 9245
2767 16099
2767 19299
2767 20183
2767 20188
2767 20190
2786 16099
2786 20137
2786 20138
2821 15299
2821 18794
2845 3910
3107 5490
3107 16463
3107 20174
3107 20188
3110 4006
3158 17259
3158 17545
3158 20137
3166 19755
3226 4382
3313 18190
3501 20188
3545 19109
3614 19755
3636 14906
3636 15593
3636 20151
3707 20179
3727 13595
3727 15113
3727 17718
3910 10018
3910 13061
3910 16592
3910 17853
3984 5065
3984 8197
4031 8068
4048 20136
4056 11943
4056 14906
4092 20132
4126 19115
4135 15113
4135 18466
4138 14596
4216 10409
4216 11203
4216 19498
4234 20115
4234 20130
4368 18729
4382 20114
4456 18887
4536 15525
4536 19886
4536 20129
4707 13312
4746 11779
4746 20184
4771 15113
4839 15282
4839 16033
4839 20171
4860 14677
4882 20165
4924 15239
4924 16033
4949 16993
5009 8151
5009 19849
5021 10531
5052 13312
5052 15505
5065 5305
5065 8298
5065 9649
5065 10592
5065 17955
5065 20107
5065 20117
5065 20147
5065 20157
5089 6947
5107 13760
5119 12698
5119 20161
5272 20182
5305 6373
5305 11340
5362 6332
5362 15079
5362 19849
5362 20151
5362 20159
5374 9994
5374 17239
5468 14677
5468 18961
5468 20139
5616 6779
5616 11644
5616 17761
5652 20174
5690 20179
5720 9985
5720 12523
5720 14017
5720 19720
5720 20058
5720 20133
5720 20187
5857 20138
5938 7942
5938 15113
5938 20169
5938 20176
6203 9168
6203 10492
6203 16145
6203 20050
6203 20140
6332 15252
6373 7851
6373 9958
6373 15041
6373 16743
6373 18723
6373 20144
6373 20177
6429 9985
6429 10409
6429 18073
6448 12319
6498 7548
6548 18190
6596 8151
6596 11936
6596 19849
6596 19886
6596 20129
6596 20134
6619 16145
6640 20121
6692 7208
6708 15875
6779 15525
6781 7851
6781 18466
6867 20175
6945 15549
6947 11679
6947 12718
6947 18190
7290 9985
7356 20069
7356 20166
7399 20185
7516 18093
8061 11340
8068 19213
8093 19720
8151 15453
8151 15875
8151 17545
8151 18887
8197 20137
8298 20138
8323 16099
8364 20161
8484 20115
8604 19550
8608 17059
8613 20186
8979 12136
8981 18887
9152 10592
9152 15113
9152 16500
9152 16986
9152 18887
9152 20174
9168 12358
9168 16500
9168 18770
9245 9649
9245 15453
9245 15505
9299 18073
9307 20170
9323 15557
9425 16986
9444 18961
9444 20156
9540 17955
9540 20181
9649 10409
9649 12372
9649 12463
9649 14417
9649 15549
9649 16639
9649 20120
9649 20169
9789 20162
9985 10730
10293 20186
10409 11203
10409 20144
10461 18887
10730 15557
10730 20179
10846 18180
10939 15703
11053 20119
11061 20123
11269 15113
11340 11418
11340 18887
11340 20114
11340 20147
11340 20174
11340 20175
11644 14062
11644 18831
11762 20080
11943 19796
12021 19550
12070 19849
12245 18961
12358 19849
12358 20132
12358 20133
12358 20147
12358 20152
12358 20190
12434 20188
12523 13703
12643 17545
12656 17635
12882 20175
13061 20035
13061 20153
13595 16349
13773 18082
14017 16349
14062 19377
14148 17955
14303 20150
14417 19968
14417 20119
14677 17587
14677 20138
14906 15823
14906 19983
14906 20148
14948 16500
15041 16984
15113 16099
15196 20184
15299 19911
15474 16429
15505 20143
15525 19886
15549 20133
15549 20178
15683 19770
15875 16801
15875 20154
15947 17015
15947 20167
16099 20163
16322 18887
16463 18056
16525 20153
16563 16984
16639 20119
16639 20137
16639 20175
16743 18466
16743 20122
16984 20117
16984 20175
16984 20176
16984 20178
16984 20180
17008 20136
17059 19290
17420 19498
17751 20148
17761 17856
17955 20147
17955 20163
18012 19498
18056 18466
18466 20137
18681 18887
18723 18831
18723 20131
18866 20135
18887 19560
18887 19681
18887 19911
18887 20145
18887 20146
18887 20184
19109 19911
19116 20035
19116 20157
19507 20163
19614 20125
19796 19878
19968 20149
20050 20126
20050 20148
20120 20174
20127 20128
20163 20172
20164 20168
