0 43
0 9245
25 11863
28 20250
29 1058
42 110
42 546
42 857
42 1214
42 1763
42 6708
42 20228
43 1390
43 5822
43 14621
43 19474
70 13533
76 97
76 108
76 318
76 1896
76 1995
76 2102
76 2406
76 3882
76 4188
76 6435
76 7852
76 8363
76 14906
76 16601
76 16905
76 19474
83 857
83 19301
93 1636
93 3024
93 3177
93 5706
93 11912
93 14017
93 16554
93 16706
93 20192
95 20178
97 2286
97 6945
97 15113
97 16554
97 18470
97 20197
108 762
108 19301
110 6453
110 8197
110 12005
133 7097
138 280
138 1223
138 2102
138 3195
138 7433
138 11912
138 15113
138 18555
138 20201
140 153
140 15372
145 17728
151 412
153 2885
153 20261
154 2313
158 1365
158 2102
158 11340
158 15113
158 20198
158 20250
158 20261
172 7855
180 20249
184 2762
184 3177
184 14017
184 19560
196 9649
196 20237
203 20214
204 18470
218 5616
240 15174
267 1390
280 11912
280 15113
304 20152
315 17635
318 1818
318 13578
318 20209
318 20264
374 10869
383 1361
383 8067
383 11103
383 15593
410 5545
410 5938
412 1636
412 2316
412 2650
412 2762
412 8969
412 16813
412 19076
412 20207
434 11340
442 3692
444 16695
451 19301
455 3501
467 10018
528 19966
528 20270
531 1365
531 20134
531 20230
546 857
546 1214
546 4783
546 9809
546 19550
570 10293
573 1223
573 4855
573 5550
573 8119
573 9809
573 19301
608 1917
610 852
610 6650
610 11340
610 11779
610 20268
613 16236
613 19301
613 20239
618 1622
618 7071
621 7433
621 18426
621 20021
621 20230
641 10018
660 9168
679 5119
679 17432
682 852
682 1256
682 2529
729 857
729 7433
762 2062
762 2786
762 3195
762 16601
803 11778
803 15798
803 16033
803 20206
803 20252
823 4771
823 20266
837 4153
837 7000
837 18304
837 20070
837 20188
839 857
839 1106
839 1917
839 2650
839 3107
839 7947
839 16463
839 20173
852 1223
852 1896
852 2762
852 4140
852 5720
852 6800
852 9309
852 14017
852 14326
852 16099
852 18190
852 18555
852 20155
857 1214
857 1413
857 3158
857 3405
857 4771
857 5366
857 5616
857 13061
881 3239
904 9152
904 14044
904 19560
967 5720
968 18687
1002 2286
1002 4589
1002 5065
1002 8197
1002 12672
1002 15557
1002 19157
1002 19747
1002 20197
1002 20234
1036 20246
1041 9422
1058 1790
1058 20205
1058 20243
1106 9809
1144 3177
1144 20191
1144 20202
1144 20237
1170 1687
1214 2158
1214 2437
1214 3158
1214 3484
1214 4216
1214 5366
1214 6708
1214 15557
1214 18723
1223 7433
1223 9444
1247 18466
1268 6435
1282 20212
1359 14906
1359 15022
1359 20228
1359 20250
1359 20251
1361 14930
1361 20222
1365 2102
1365 2316
1365 2529
1365 7290
1365 9619
1365 14930
1390 3636
1390 4917
1390 5720
1390 14906
1390 17761
1390 20256
1413 5616
1413 6448
1483 1908
1514 2406
1514 6797
1521 8119
1523 16592
1563 20259
1578 14017
1604 5706
1604 10911
1636 2316
1636 3195
1636 20193
1636 20254
1640 7245
1680 20244
1687 8433
1745 2767
1763 12319
1774 6429
1774 20258
1818 4855
1825 1896
1831 3195
1875 20248
1877 1917
1877 7855
1896 4216
1896 5373
1896 6429
1904 9888
1917 2149
1917 6708
1917 10409
1917 16463
1990 20243
2027 16099
2027 16463
2062 8119
2062 11779
2062 19301
2095 3910
2095 6435
2095 20201
2095 20215
2102 3727
2102 7290
2111 6945
2140 20070
2149 2158
2158 7947
2158 9444
2199 11863
2223 11418
2238 16526
2256 15113
2284 2762
2286 17772
2286 20197
2316 4368
2316 5616
2316 5706
2316 6779
2316 11103
2324 19747
2406 3405
2406 7120
2406 18466
2437 13871
2523 18293
2529 16984
2627 16188
2650 3566
2650 14621
2650 14677
2650 18961
2676 8068
2739 11644
2762 3195
2762 3636
2762 14621
2762 14975
2762 15113
2762 17853
2762 18190
2762 20204
2767 6435
2767 16813
2767 17955
2767 20199
2767 20242
2775 11778
2786 8055
2786 9888
2786 18687
2845 3910
2882 20232
2970 6448
3072 20222
3107 10846
3107 11779
3107 20174
3107 20188
3107 20218
3123 8363
3158 8197
3177 4117
3177 5119
3195 8068
3195 12358
3195 12882
3195 14906
3195 15299
3239 20203
3313 5089
3381 11779
3405 19668
3516 20172
3579 13290
3608 20239
3636 4783
3636 5616
3636 10988
3636 14906
3636 17853
3639 5616
3639 20262
3692 19507
3692 20252
3727 17718
3816 15113
3882 8682
3882 18535
3900 7947
3900 16463
3910 16033
3910 17853
3947 20275
3984 8067
3984 18770
4031 16905
4031 20213
4031 20231
4031 20265
4092 10018
4117 8119
4117 18555
4117 20211
4153 13316
4187 20207
4187 20245
4193 9347
4356 8207
4382 14930
4382 16236
4382 17931
4382 20267
4507 18173
4523 18358
4536 5305
4546 9649
4565 20267
4577 15299
4589 5065
4625 5822
4702 20218
4746 19741
4771 20275
4783 6779
4783 20138
4783 20239
4783 20250
4838 20216
4839 19026
4839 19865
4839 20239
4855 5270
4917 5362
4917 6203
4917 17853
4924 20191
5012 8969
5065 7855
5065 8197
5065 9619
5065 13735
5089 8225
5093 9649
5107 20239
5119 11228
5119 19076
5119 19911
5119 20207
5228 11779
5228 20194
5272 6435
5305 12358
5305 20260
5362 5616
5362 16695
5362 17772
5362 20245
5366 7097
5398 9649
5468 14784
5479 13061
5479 20138
5616 6203
5616 8596
5616 9422
5616 17671
5616 17761
5616 17772
5616 18855
5637 12698
5637 20273
5692 9425
5692 20217
5692 20237
5720 20224
5828 20223
5938 20240
5966 9649
5966 9958
6003 20208
6005 10347
6005 17955
6108 20039
6189 8197
6203 10492
6203 15113
6203 17772
6203 18173
6203 20190
6373 15113
6373 20202
6373 20237
6429 7208
6596 6708
6596 20205
6640 19700
6746 18855
6779 7097
6779 20239
6945 20255
7071 7290
7097 8151
7097 8347
7208 17286
7230 20274
7396 9444
7433 9444
7647 13088
7749 20217
7801 8093
7801 9245
7851 19668
7852 16610
7855 18723
7960 9649
8119 8151
8151 16188
8151 20195
8197 11751
8197 15113
8197 20234
8272 20230
8281 12698
8281 20208
8347 15875
8433 15505
8453 20238
8682 18535
8688 16601
8712 18731
8712 20230
8831 15174
9122 16099
9152 11340
9152 20246
9152 20261
9156 18887
9168 14930
9168 19560
9241 16500
9241 20191
9245 15505
9245 18093
9299 11778
9425 16145
9444 20199
9466 11751
9466 15557
9466 19189
9619 20070
9649 12463
9663 13316
9775 14017
9809 19550
9888 17931
10027 20195
10273 20257
10347 15147
10684 14539
10684 17955
10684 20229
10789 20198
10846 16463
10846 20230
10911 16252
10911 16526
10911 18855
10911 20225
11053 20222
11066 11779
11340 11863
11340 13825
11340 16695
11340 20199
11340 20230
11340 20261
11514 20227
11644 15557
11751 15557
11762 20080
11778 20206
11779 14017
11779 17955
11779 19859
11779 20218
11863 12760
11912 15113
12070 20220
12090 18723
12245 18961
12358 20260
12434 20206
12463 12793
12672 15240
12698 14948
12770 18190
12793 18466
12985 20202
12985 20233
12985 20235
13061 20257
13422 19720
13451 15875
13735 13871
13735 20228
14017 20155
14044 15184
14661 16076
14677 17931
14906 15918
14906 20250
14906 20257
14930 19116
14948 16500
15113 16099
15113 16984
15557 17761
15593 20239
15839 20196
15875 20226
15947 20167
15970 20221
16188 16984
16188 20134
16236 16242
16236 19911
16252 16984
16261 19739
16500 19588
16549 19747
16592 20236
16610 20138
16639 19301
16665 20219
16695 19116
16813 16984
16907 19301
16984 20200
16984 20213
16984 20231
16984 20250
16984 20261
16984 20276
17069 17761
17286 20200
17432 17955
17728 19945
17761 20228
17837 18190
17860 20272
17968 18198
18012 19498
18190 20247
18466 18470
18466 19668
18731 19157
19058 20178
19109 20233
19116 20199
19116 20216
19116 20267
19116 20271
19116 20276
19157 20238
19301 20263
19301 20269
19533 19945
19614 20125
19878 20210
19911 20222
19968 20253
20050 20148
20138 20241
20228 20270
20250 20251
