14 15130
28 17618
29 5471
42 434
42 573
42 4671
42 5362
42 6779
42 11860
43 20278
43 20279
43 20309
46 9444
46 17245
70 839
70 8151
76 839
76 1361
76 3158
76 4232
76 5471
76 12252
76 14621
76 17113
76 17618
76 18227
76 20293
76 20315
83 13686
83 18199
84 5468
88 1103
95 18199
108 2158
109 1255
110 12643
110 15875
110 18920
110 20293
133 1278
137 20328
138 3910
138 10293
151 8969
154 2313
158 1365
158 7960
158 9427
158 19966
158 20298
158 20327
184 3307
191 610
196 19703
218 8067
240 2307
258 15549
280 3984
284 16617
315 4232
318 4135
318 15720
335 20301
338 20343
383 2762
383 8484
383 10911
383 20330
412 1106
412 2762
412 11184
412 20299
434 11860
434 12985
434 15037
434 20333
442 5362
455 9789
455 17866
456 1824
456 3107
461 20339
467 1622
467 20298
467 20318
502 12435
504 2316
509 3528
528 839
528 1106
528 2081
531 1106
531 8067
531 11103
531 15354
546 1278
546 3592
546 14461
546 20289
549 16549
549 20320
573 16029
577 4232
577 18199
610 8197
610 12435
610 16364
610 20331
613 6435
618 8682
621 839
621 2650
621 2762
621 5415
621 13686
621 20313
621 20319
641 3636
641 4092
641 5621
712 20344
729 1197
729 4135
729 7000
729 14461
736 20288
762 2158
773 20021
839 2027
839 3910
839 7071
839 18199
852 1256
852 3707
852 8197
852 15133
852 19455
857 8197
857 15875
881 2081
897 1198
897 2762
904 18470
968 1797
1002 4589
1002 5616
1002 20310
1034 2286
1034 8272
1041 9422
1057 1106
1106 1996
1106 5021
1106 8067
1106 9245
1106 14906
1106 20306
1106 20321
1115 9427
1144 19703
1170 1687
1198 13017
1198 20293
1198 20326
1214 1755
1255 2650
1256 3707
1256 5089
1256 10918
1278 1792
1278 5021
1361 8067
1361 20293
1365 2762
1365 5681
1395 20300
1413 14642
1413 20330
1539 5348
1600 11860
1612 15130
1636 3636
1636 4589
1636 20281
1657 9153
1680 3950
1680 11921
1745 2767
1763 12319
1763 13990
1792 5021
1794 8099
1825 20322
1831 20317
1879 10409
1879 19434
1896 3592
1917 10409
1917 20295
1917 20306
1985 16364
1990 11037
1995 20324
1996 20321
2027 7399
2027 17095
2062 2816
2062 9122
2062 16610
2081 8298
2081 20120
2095 18190
2111 2406
2111 7120
2158 3158
2158 3592
2158 8688
2158 12672
2158 20264
2197 12672
2223 2919
2223 8093
2223 9789
2223 18731
2223 19157
2256 15113
2256 16364
2256 18227
2256 20313
2286 19893
2286 20310
2316 11912
2316 20312
2324 9896
2324 20338
2326 20287
2389 8613
2389 16270
2406 16560
2437 3484
2437 20320
2455 16623
2529 15113
2529 20317
2582 18173
2582 20325
2650 12435
2704 3910
2704 15720
2730 14677
2762 4031
2762 9168
2762 12435
2762 13017
2762 13280
2762 15299
2762 15505
2762 15720
2762 20293
2767 10347
2767 15037
2767 17866
2767 19843
2816 9122
2821 20344
2845 3910
2919 18731
2930 11343
3065 5386
3158 3616
3158 16127
3158 17468
3158 18723
3160 11860
3195 4771
3195 19753
3313 5089
3313 6800
3405 17468
3484 12070
3484 12090
3545 16364
3592 16984
3616 9896
3616 18687
3616 19736
3616 20137
3636 4092
3636 5616
3636 13061
3636 14906
3636 18173
3636 20281
3692 18731
3707 5089
3707 18190
3707 20293
3764 15337
3893 4839
3893 19692
3910 5049
3910 8067
3910 9425
3910 10293
3910 13061
3910 16592
3975 20284
3984 18585
3984 19703
4011 5007
4031 6503
4031 11269
4059 16364
4092 4397
4092 5621
4092 20281
4116 20295
4117 20293
4135 18227
4135 20288
4187 14642
4187 20286
4232 6429
4232 7391
4234 16232
4382 5007
4382 13990
4397 10018
4397 20045
4397 20205
4507 7000
4507 15505
4523 20264
4536 13892
4536 20277
4536 20295
4536 20306
4589 5366
4589 20334
4771 20293
4839 19692
4839 19865
4886 9257
4924 19703
4924 20323
4924 20329
4964 20311
5007 19109
5009 8969
5009 19966
5009 20298
5009 20322
5012 7961
5012 8969
5012 16399
5065 10382
5065 10911
5065 11340
5089 5362
5089 5720
5089 6800
5089 16099
5089 16592
5089 18190
5107 20239
5119 19101
5125 17761
5127 5471
5127 5681
5127 13735
5127 14461
5305 10730
5366 20310
5467 15720
5471 13735
5479 20308
5530 17112
5550 20285
5550 20304
5616 10988
5616 11751
5621 20281
5661 20341
5720 13061
5720 20337
5720 20342
5822 20283
6005 10347
6203 8974
6203 9789
6203 17271
6203 17772
6203 17866
6270 19843
6373 16364
6373 18056
6429 7215
6429 15750
6429 17718
6429 20322
6435 11568
6435 15130
6435 16907
6498 20327
6503 11269
6596 7071
6596 18780
6596 20309
6596 20322
6640 19700
6667 20290
6746 18855
6779 7097
6779 11751
6779 19865
6800 10203
6867 9958
6867 18056
6867 18920
6945 20340
7000 18687
7034 13280
7093 16658
7290 10918
7391 15750
7391 20302
7399 15875
7516 16017
7749 11921
8055 15875
8067 11751
8093 13422
8093 17853
8119 20143
8272 20320
8281 19625
8281 20332
8364 18304
8433 11644
8494 17558
8682 18535
9122 16099
9152 12672
9153 11340
9168 20329
9245 10178
9257 13892
9299 11343
9425 9888
9466 17468
9466 19189
9466 20284
9466 20336
9466 20337
9472 20307
9586 12672
9586 14948
9619 20070
9789 10347
9888 11762
10018 20281
10061 14906
10203 20293
10347 17112
10409 11340
10409 18920
10409 19157
10409 19434
10592 19157
10730 13892
10730 14461
10730 20305
10766 19618
10911 18199
10911 20330
10918 16984
11203 20280
11340 12435
11340 18199
11344 18585
11514 20227
11779 20316
11943 20281
12252 18928
12372 17542
12435 17746
12435 18576
12643 15875
12985 19703
13017 18731
13686 16984
13735 18470
13735 20282
13773 20303
13990 15448
14064 15372
14417 18731
14461 19618
14642 16907
14906 20281
14906 20292
14906 20337
14976 20335
15130 16236
15130 16965
15130 17980
15130 18602
15130 20218
15133 20294
15448 17855
15505 20342
15525 19886
15781 20293
15852 18199
15852 20297
15875 16270
15875 17468
15875 18466
15875 18920
15875 19668
16076 16275
16127 18723
16236 20109
16364 20314
16554 20327
16592 16984
16592 18736
16984 19843
16984 20280
16984 20296
16984 20309
16984 20311
17113 20280
17250 18304
17389 17685
17420 20343
17853 20302
17866 19116
17958 20278
17968 18198
18173 20167
18401 20322
18466 18920
18470 20338
18512 18980
18735 19116
19114 19618
19116 20317
19116 20329
19116 20342
19322 20276
19741 20293
19865 20291
20045 20305
20278 20284
20284 20336
