7 19380
12 43
12 8151
14 1122
28 3910
28 7822
28 8093
28 18607
29 2762
29 19309
42 5049
42 5107
42 5362
42 6435
42 7136
42 11203
42 13875
42 19197
42 20220
42 20351
43 153
43 4589
43 8151
43 11344
43 15315
43 19600
43 20376
46 621
46 18770
70 621
70 20008
76 96
76 1122
76 6945
76 7208
76 8197
76 8272
76 15039
76 15113
76 20264
76 20350
76 20369
83 2762
88 1904
88 2062
96 3505
96 6498
110 2762
110 6435
110 12070
110 15041
110 15315
110 15875
110 17772
110 20363
110 20380
115 412
115 2767
115 4092
115 19878
138 153
138 280
138 1106
138 4589
138 5127
138 6706
138 19600
138 20284
138 20395
153 158
153 2191
153 2762
158 1972
158 15113
158 18602
158 18768
158 19449
158 19508
162 1917
172 9896
184 9152
196 6373
196 18844
196 19508
196 20376
196 20378
201 434
201 3910
201 12876
201 19600
201 20382
218 2762
240 20351
258 2044
258 2287
259 3636
267 8093
267 8370
267 16387
280 2223
290 20395
298 20342
315 4443
315 16610
315 16743
315 18961
370 20376
383 11103
412 455
412 837
412 1365
412 1636
412 2240
412 4117
412 9152
412 12008
412 14017
412 17955
412 18770
412 20354
412 20371
432 20384
434 803
442 2767
442 12525
455 2095
455 2762
455 2767
455 4138
455 4585
455 5720
455 8364
455 9472
455 9789
455 11340
455 15113
455 15309
455 15345
455 15505
455 17772
455 18980
455 19116
455 19299
455 20224
455 20342
455 20353
455 20368
455 20377
461 1002
461 6706
461 20199
467 1917
467 6596
467 12836
467 16470
467 16617
467 20318
506 1206
506 6984
528 3910
528 10730
528 12876
528 15039
531 3707
531 3910
546 1917
546 19439
546 20199
573 15044
610 19600
611 20345
613 2762
613 20089
613 20353
618 7208
618 18768
620 1551
621 7208
621 13361
621 18602
621 20008
621 20331
634 2762
713 11037
730 5471
730 8068
762 8272
762 18466
762 20388
803 9152
823 2406
823 15453
837 19434
837 20394
839 15039
852 3313
852 3707
852 5089
852 7822
852 12385
852 16261
852 17222
852 20398
897 15753
897 20199
898 4589
1002 4589
1002 4707
1002 5125
1002 20390
1006 3910
1057 1709
1057 8197
1058 4783
1103 5141
1106 6596
1106 8197
1106 9245
1106 18607
1106 20321
1115 6917
1115 15683
1122 1709
1122 5049
1122 8197
1126 15472
1144 16743
1144 20376
1185 15255
1198 3125
1206 20398
1223 13851
1256 12770
1321 20370
1333 20358
1359 2762
1361 2762
1361 8087
1361 14492
1365 5049
1365 20398
1369 18470
1390 4707
1390 20284
1392 20388
1393 2762
1393 19547
1395 16033
1395 20360
1395 20370
1413 2767
1413 2959
1413 3947
1413 3984
1413 12525
1413 13170
1413 20384
1636 3195
1636 20373
1636 20393
1657 5386
1657 11340
1687 2413
1687 16073
1702 3125
1709 16713
1709 18922
1794 3910
1824 5107
1894 16743
1917 12836
1917 17860
1917 19439
1971 2324
1971 4171
1971 8124
1971 15557
1972 2762
1990 8197
1990 11037
2027 9280
2062 9888
2102 7208
2102 8682
2107 19156
2156 2762
2158 13288
2200 2284
2200 5938
2240 12527
2243 7093
2255 8197
2286 4384
2286 10304
2287 6203
2287 20284
2324 15557
2389 11388
2389 20380
2399 2619
2399 6917
2406 19156
2437 9466
2437 16713
2529 20199
2617 14492
2617 20360
2650 5119
2650 6596
2650 7839
2650 9425
2650 10592
2650 11164
2650 15113
2650 15683
2650 20316
2756 3707
2756 20351
2762 3636
2762 3727
2762 3984
2762 4839
2762 5215
2762 5720
2762 6706
2762 8197
2762 9168
2762 10280
2762 10409
2762 11184
2762 13280
2762 16099
2762 17761
2762 20284
2767 12525
2767 17772
2767 19299
2767 19449
2767 19843
2767 20378
2786 9888
2821 20344
2930 7071
2943 20369
2974 9472
3107 20351
3158 20363
3166 13694
3171 7208
3195 13061
3313 3707
3313 5089
3405 3624
3484 20355
3515 16592
3624 20382
3636 9152
3636 15039
3673 20376
3692 19380
3707 5089
3707 6947
3707 18190
3707 20199
3707 20398
3727 6917
3887 18607
3910 4117
3910 10730
3910 12876
3910 20399
3947 20384
3984 13170
3984 20384
3984 20389
4059 18844
4092 13061
4092 18105
4092 20385
4117 20199
4117 20398
4135 16083
4135 19449
4135 20008
4138 4507
4138 17955
4140 20398
4171 4589
4171 10304
4171 15557
4216 15505
4234 19309
4305 5468
4382 8370
4384 15557
4443 17853
4507 15130
4523 20264
4536 5125
4536 12299
4536 16470
4536 16617
4589 5720
4589 15875
4589 16332
4707 5720
4707 15505
4707 17761
4707 20284
4783 15113
4783 20316
4839 9152
4839 19380
4839 20383
4866 5720
4866 20358
4924 20381
4964 15875
5007 19109
5012 11394
5049 8197
5065 13361
5065 18055
5089 5362
5089 7822
5089 16261
5119 20352
5125 10273
5125 15505
5270 8272
5270 13694
5362 5649
5362 9152
5362 17300
5366 16034
5386 11340
5468 13694
5468 15113
5468 18961
5468 20349
5471 5652
5479 16743
5616 9466
5616 10988
5616 15557
5616 20351
5618 11863
5720 6435
5720 8093
5720 12876
5720 13061
5720 17772
5720 17853
5720 19600
5720 20179
5720 20372
5720 20373
5720 20388
5816 16617
5929 19600
6108 15875
6160 10409
6203 19434
6351 14492
6373 6706
6373 7071
6373 13646
6373 18844
6373 19434
6373 20376
6429 7208
6429 16984
6435 18190
6448 15044
6596 7071
6596 12299
6596 16617
6596 18768
6596 20392
6708 9888
6746 18855
6779 14529
6779 19520
6917 15113
6917 15683
6945 20363
6947 16261
7071 15875
7208 16984
7208 20375
7340 20347
7399 20361
7616 8067
7616 19116
7822 8197
7855 15557
7855 16713
7960 9649
8067 17772
8067 20358
8087 18271
8097 10409
8119 9152
8119 17814
8124 9466
8124 15557
8151 20199
8197 15309
8197 19520
8272 9888
8272 11037
8281 19625
8298 9152
8298 19380
8363 16554
8613 11394
8613 20220
9036 14417
9152 9466
9152 11340
9152 18055
9152 19116
9152 19380
9425 10347
9425 11912
9425 13990
9425 20348
9425 20370
9444 19449
9466 15557
9466 16034
9469 19268
9469 20169
9536 20358
9565 20398
9789 20362
9888 16099
9888 19720
10027 10420
10347 20396
10409 20369
10420 13856
10420 15875
10440 15729
10569 19157
10571 20379
10730 13892
11080 20384
11101 17635
11203 12299
11228 12372
11228 15113
11269 20379
11340 14418
11340 19115
11340 19600
11344 18632
11344 18908
11344 20221
11344 20359
11394 20220
11565 15039
11565 20374
11565 20387
11779 18602
11860 15113
11863 16905
11863 20357
11863 20389
12070 17692
12358 20363
12385 15549
12385 17222
12385 18190
12525 15698
12643 15875
13061 19600
13066 18632
13066 19874
13170 18953
13361 19079
13361 20246
13361 20356
13461 15875
13864 19508
13864 20378
13875 20351
14417 17923
14513 20394
14529 19520
14535 20364
14906 17300
15039 15549
15039 20133
15044 15875
15113 19116
15252 20384
15293 20199
15474 20348
15505 20342
15557 19607
15593 18855
15593 20199
15683 19720
15875 17873
15875 18922
15875 19439
16034 17761
16218 20376
16236 16242
16236 17499
16592 18190
16592 20372
16743 16984
16743 17420
16849 18865
16907 18980
16984 19046
16984 19449
16984 20351
16984 20356
17389 17685
17499 18484
17499 20196
17635 20356
17758 19593
17853 19600
17853 20358
17860 19439
17955 20368
18190 19607
18466 18961
18512 18980
18607 20372
18632 19116
18831 20284
18844 19116
18847 20331
18980 20346
19046 19520
19115 19814
19116 19600
19116 20362
19116 20389
19157 20284
19197 20380
19445 20367
19449 20169
19508 20378
20234 20391
20284 20355
20365 20366
20384 20386
20384 20397
