3 1152
7 730
28 13280
28 19273
29 284
29 2243
29 8472
43 15553
43 20588
43 20655
69 20653
73 138
73 1990
76 1788
76 5501
76 12396
76 20656
79 20646
95 18811
97 2118
108 17923
109 13061
110 2787
110 8224
110 10558
121 258
138 1012
138 5616
138 8175
138 11228
138 13061
138 16099
138 19614
138 20113
138 20653
138 20679
153 13082
154 5119
158 1115
158 1832
158 1996
158 3727
158 5912
158 6917
158 8567
158 8974
158 10456
158 11228
158 12396
158 14657
158 17558
158 18811
158 19109
158 19989
158 20653
158 20665
158 20668
163 1917
163 5501
184 852
184 14677
190 16971
196 15113
196 20664
204 10456
218 16309
218 20636
290 3030
315 16601
383 20469
412 16309
412 20679
455 13082
461 19989
502 19449
528 20374
528 20681
536 1604
577 1917
577 6429
577 7097
577 20681
610 20636
618 5065
618 15557
621 17724
621 20671
633 11583
729 9888
803 19989
823 839
823 11228
837 6431
837 11340
837 15553
839 6108
839 17545
839 20635
852 3672
852 3707
852 8712
852 9309
852 12396
852 19040
881 17958
898 1879
898 4536
928 2027
1002 5616
1005 6431
1012 1749
1012 3313
1012 5720
1012 7230
1012 8363
1012 8974
1012 18470
1039 18885
1041 2762
1057 2762
1057 16297
1057 16309
1057 20679
1058 11340
1058 15553
1058 19116
1058 19273
1106 13061
1106 19989
1115 9147
1115 16033
1144 15929
1144 19472
1144 20651
1256 19040
1281 2158
1281 7855
1298 20664
1302 8363
1359 1540
1359 20588
1359 20653
1361 19449
1361 20588
1361 20680
1365 7230
1365 12396
1365 19989
1365 20653
1375 2019
1375 9896
1375 11514
1390 1604
1390 4080
1392 2256
1413 8974
1461 16592
1514 12396
1540 19241
1570 19606
1636 3910
1636 4231
1636 5471
1636 13061
1636 15553
1636 20468
1636 20648
1657 20602
1691 15252
1742 20138
1749 16592
1763 12319
1819 20672
1832 20668
1845 16099
1877 11228
1879 3283
1879 3727
1879 6596
1917 3541
1917 4493
1917 5501
1917 14677
1917 18617
1917 20641
1922 4589
1972 3672
1990 2111
1990 19040
2027 4080
2095 4589
2095 19273
2095 19487
2109 20673
2111 8298
2118 4783
2156 4585
2223 20670
2243 17072
2256 5007
2256 19866
2256 20676
2319 2437
2324 5822
2333 20657
2437 10818
2488 20665
2489 20284
2489 20667
2529 5720
2529 14068
2583 5912
2583 14677
2583 16309
2650 9896
2650 20636
2692 20675
2756 17172
2762 5119
2762 5272
2762 5822
2762 6203
2762 10347
2762 17724
2762 20588
2762 20636
2762 20653
2762 20675
2767 7593
2767 15553
2767 20612
2767 20685
2820 20648
2845 13082
3024 20532
3072 18811
3107 11241
3313 8974
3313 19040
3313 20684
3380 20605
3381 18811
3405 4419
3405 10558
3405 20284
3405 20633
3405 20635
3458 18885
3541 7897
3545 4924
3545 20640
3611 5468
3611 12760
3616 6189
3636 16309
3657 19989
3707 5690
3707 19040
3785 9809
3882 4589
3910 5065
3910 9896
3910 16984
3910 17761
3960 5938
4001 19116
4080 8565
4092 6431
4092 8974
4092 18980
4092 20639
4113 20653
4113 20665
4187 8428
4216 5471
4231 11103
4236 19681
4382 17890
4382 20672
4384 10558
4390 9728
4419 17545
4419 20635
4456 20663
4507 15553
4523 13578
4536 6596
4536 14677
4536 15557
4536 19116
4536 19271
4536 20683
4585 5119
4585 18490
4589 14017
4589 15761
4589 17250
4589 20653
4783 20656
4839 6203
4839 9586
4855 8363
4860 5215
4860 14677
4924 20649
5007 20594
5009 20596
5065 6429
5065 13280
5065 15557
5065 17761
5065 20626
5065 20642
5065 20648
5065 20671
5065 20680
5065 20681
5084 20650
5089 7822
5089 9309
5089 20684
5119 13280
5119 19026
5119 19109
5119 19989
5119 20638
5119 20653
5119 20666
5215 16099
5265 19109
5272 11779
5272 12366
5272 13486
5272 20641
5386 20653
5455 6779
5468 8363
5468 9809
5468 17558
5471 13061
5616 6779
5616 9466
5616 11340
5616 15875
5616 16297
5616 16309
5616 17761
5616 20685
5652 9425
5690 9309
5706 10866
5706 12253
5720 9475
5720 19040
5822 9245
5822 9708
5822 10988
5822 13178
5912 8428
5912 15557
5912 19080
5912 19989
5912 20647
5938 5966
5938 6373
5938 17724
6189 16309
6250 15239
6373 20671
6429 15557
6431 6706
6448 11340
6448 16309
6448 16905
6498 8175
6498 20674
6594 11241
6596 19116
6596 20627
6596 20653
6596 20655
6596 20682
6596 20683
6619 11228
6619 20665
6629 20635
6779 16033
6779 19271
6867 20664
7097 19422
7097 20284
7230 11340
7290 15557
7589 20641
7674 20653
7690 16642
7690 18811
7749 16601
8175 20674
8208 16096
8272 9888
8298 17724
8363 14988
8363 17923
8494 20639
8494 20658
8567 11779
8613 17692
8712 10273
8712 19989
8974 11565
8974 18470
8974 19116
8974 20686
8979 12136
9010 9985
9158 20468
9245 17027
9359 19275
9444 20633
9475 20665
9586 14948
9596 19989
9728 16099
9809 19550
9896 15557
9896 20508
9896 20644
10018 20374
10273 20653
10311 20198
10347 11228
10347 15372
10399 20169
10456 19116
10558 10818
10558 15885
10558 17545
10558 20635
10818 11228
10866 12253
10866 13061
11103 19681
11103 20653
11163 15372
11228 12372
11228 12421
11228 16984
11228 17587
11241 19422
11269 15875
11269 16601
11339 15372
11340 12253
11340 19989
11340 20653
11340 20687
11418 17955
11565 20637
11779 20641
11786 18831
11863 20594
11943 12253
12136 20655
12253 16592
12253 18470
12319 20654
12358 15557
12358 20468
12396 20653
12643 17545
13061 13566
13061 14677
13061 15113
13061 17027
13061 17955
13061 20113
13061 20684
13280 17724
13280 19273
13312 16297
13566 14677
13566 19753
14677 19753
14903 20637
14906 15553
14930 20678
14948 16642
14948 20593
15252 20628
15299 20468
15444 19080
15505 20653
15557 17761
15593 17958
15748 16984
15875 19614
15875 20508
15875 20682
15982 20578
16192 20638
16243 20374
16349 20652
16610 20484
16639 20113
16830 20662
16904 20612
16907 20653
16984 17545
16984 20113
16984 20643
16984 20662
17027 17955
17545 20635
17558 20658
17685 20200
17772 20469
17923 20660
17955 20659
18038 20685
18109 20661
18831 20284
19080 20644
19116 19989
19116 20637
19116 20648
19116 20685
19422 19989
19422 20667
19629 20634
19753 19989
20241 20484
20284 20667
20376 20645
20584 20676
20604 20610
20653 20669
20653 20677
