0 3
0 2255
0 18831
7 97
7 6498
7 14677
26 2027
26 11066
26 15875
26 16801
28 76
28 10068
28 17718
28 20926
29 11762
37 42
42 370
42 509
42 839
42 898
42 3081
42 5362
42 11762
43 76
43 2158
43 3166
43 3388
43 10164
43 20927
43 20935
48 88
48 97
48 5468
48 7792
76 559
76 1036
76 2158
76 3030
76 5270
76 7792
76 10203
76 10268
76 10939
76 15113
76 15991
76 16099
76 20687
76 20938
76 20948
83 2762
83 8068
83 10304
83 19970
83 20983
97 897
97 6498
108 19989
117 122
117 4507
117 14017
138 1255
153 6203
153 20937
153 20965
158 1413
158 2223
158 5366
158 8567
158 11912
158 15168
158 16632
158 19989
158 20577
158 20923
158 20926
158 20928
158 20937
158 20972
158 20983
184 641
184 5621
184 13566
184 20687
191 16988
196 20946
236 762
236 1002
236 1006
236 1365
236 9896
236 12358
236 19422
236 20520
258 5533
258 10068
258 15504
258 16617
267 15113
290 19970
307 20964
315 20938
315 20963
315 20991
318 16099
330 20481
367 19930
370 3177
370 16654
372 837
372 1361
372 5119
372 11184
372 11340
372 13017
372 19116
372 20966
372 20978
383 18729
412 1390
433 2839
434 2158
455 16936
461 13082
467 4536
467 15525
519 10911
528 4092
528 15039
546 3509
556 2095
556 20931
559 8472
570 2786
573 9896
573 16099
577 6429
577 20924
610 5065
610 11587
611 16364
613 20960
618 621
618 20879
618 20940
618 20952
621 2821
641 11090
687 15108
712 2762
712 12182
712 20952
729 15113
760 20938
762 1200
773 20762
796 3030
796 8912
805 1792
805 2786
805 5270
805 5468
823 20481
839 1106
839 5031
839 5049
839 8632
839 8836
839 20953
852 1390
852 3010
852 3388
852 4113
852 5089
852 12718
852 16261
852 16615
852 20740
852 20800
859 2158
897 6629
897 7792
904 1413
907 8093
907 15113
920 5272
928 3177
968 5119
968 9896
968 18687
968 20944
1002 1413
1006 1413
1006 1917
1006 18470
1006 19476
1006 20508
1036 2118
1036 5550
1036 20938
1041 16617
1058 20953
1106 10409
1115 20766
1144 15970
1144 20960
1177 3010
1200 13061
1200 20972
1206 3388
1223 20334
1247 20936
1255 5468
1255 13240
1255 15025
1255 18811
1256 1390
1256 3388
1256 10347
1256 11587
1256 20976
1282 13061
1302 8363
1359 1390
1359 15970
1359 20435
1359 20983
1361 5119
1361 5900
1361 20501
1365 10203
1375 11751
1390 3313
1390 4839
1390 5720
1390 5859
1390 7266
1390 12358
1390 13061
1390 13653
1390 14002
1390 18681
1390 20939
1392 13810
1392 15113
1393 5616
1393 6779
1413 3166
1413 5822
1413 11762
1413 14165
1413 15970
1514 20961
1540 11751
1540 14165
1600 3984
1600 5065
1600 11344
1600 19411
1636 20115
1636 20929
1636 20972
1687 12090
1687 20935
1691 14606
1691 14943
1709 12643
1717 16615
1753 4493
1763 20921
1774 13061
1788 16349
1788 20926
1792 2095
1792 2534
1812 12358
1812 15505
1812 16099
1819 11617
1831 20933
1836 16076
1854 8752
1879 18865
1882 14062
1882 20577
1917 4536
1917 5031
1917 6199
1917 10164
1917 11103
1917 18401
1917 20942
2015 6429
2015 7290
2019 20338
2027 5031
2027 15875
2027 20635
2057 17955
2089 10911
2095 2534
2095 5859
2095 13280
2095 14677
2095 16936
2095 20680
2118 19970
2118 20938
2128 13590
2158 5498
2166 13282
2223 15113
2223 17112
2223 20751
2223 20937
2286 11762
2286 19476
2324 15494
2324 16984
2389 12070
2389 12643
2389 20934
2437 11269
2437 20958
2460 20985
2529 11762
2529 12770
2529 20983
2537 20987
2582 2767
2582 9152
2582 13312
2582 19051
2650 15045
2756 15255
2762 3636
2762 5560
2762 6779
2762 6882
2762 11340
2762 14535
2762 18729
2762 20972
2767 11228
2767 11762
2767 14165
2767 18729
2767 20435
2767 20501
2767 20691
2767 20949
2767 20984
2786 10243
2795 20859
2839 4783
2839 17923
2839 20241
2888 15875
2990 17427
3030 8912
3081 20957
3107 20873
3177 5119
3195 15075
3239 12835
3256 15970
3313 5089
3313 10347
3313 15255
3313 20940
3397 17671
3405 10304
3405 15875
3405 15970
3405 20950
3456 9427
3636 11340
3636 11762
3636 20933
3692 15991
3707 20989
3799 20338
3950 9896
3952 16099
3984 9789
3984 18383
4092 5621
4092 15039
4092 20687
4113 10068
4116 7290
4116 9245
4117 11762
4135 6503
4159 13735
4187 20969
4283 16836
4283 18173
4370 20940
4380 20565
4382 20970
4536 6779
4536 15525
4536 19317
4562 11779
4562 16984
4589 5616
4589 10040
4589 17867
4632 18466
4746 15252
4771 20951
4783 5267
4839 20956
4855 19041
4924 7533
4924 20984
4926 20940
5012 20954
5031 11269
5031 20284
5083 15494
5089 16261
5119 5334
5119 9158
5119 9896
5119 10304
5119 16236
5119 18038
5119 20427
5119 20940
5119 20977
5144 7391
5159 6596
5159 10268
5193 20971
5265 6429
5265 20923
5267 20508
5267 20911
5362 8124
5362 11762
5362 20935
5366 11751
5366 15991
5468 20762
5550 7391
5550 20948
5560 20983
5616 5720
5616 6779
5616 9466
5616 20977
5652 9425
5692 10068
5697 20959
5720 20922
5822 9245
5900 6203
5966 10846
5966 19720
6189 18470
6189 20338
6203 6503
6203 7156
6203 13810
6203 15168
6203 15557
6203 20973
6332 7399
6373 11921
6373 15168
6373 16099
6373 18795
6373 19838
6429 12385
6429 15525
6429 18750
6429 19317
6429 20879
6498 8363
6596 10164
6596 15991
6596 18401
6706 20974
6779 17867
6867 11921
6917 15113
6945 13590
7071 15041
7097 11751
7097 20950
7128 10164
7136 15875
7230 20760
7290 10061
7290 10068
7290 14677
7391 20963
7391 20975
7399 11340
7534 10061
7674 20972
7792 20947
7822 12070
7822 20950
8124 11762
8197 11340
8197 20988
8298 20983
8409 15255
8567 11912
8703 11344
8712 13735
8712 13810
8752 12643
8784 17635
8887 17477
9152 20435
9158 16099
9245 11912
9309 12770
9425 19874
9444 16099
9466 11751
9472 16936
9472 19495
9789 19109
9789 20780
9865 20872
9888 11762
9896 20940
10018 18750
10068 13061
10068 15113
10164 20945
10203 11751
10216 20981
10268 14165
10269 16770
10304 18470
10321 19109
10347 16099
10347 20976
10409 20975
10558 15875
10789 19720
10789 20983
10846 15875
11103 16801
11184 18501
11184 20965
11184 20969
11241 19892
11269 20932
11335 20980
11340 20977
11644 11751
11751 15921
11751 16049
11762 20977
11779 15252
11779 20959
11803 12341
11816 20943
11943 17477
11993 14240
12070 20958
12070 20967
12070 20968
12342 20938
12358 20879
12358 20983
12358 20990
12760 12882
12770 16461
12835 20979
13032 13061
13032 20931
13061 13280
13061 17718
13280 14906
13735 16617
13735 19439
13735 19989
13735 20940
13981 18466
14017 20972
14036 15875
14165 20220
14709 18617
14903 17772
15025 15970
15124 20962
15168 18795
15168 19116
15168 20955
15184 19970
15252 18887
15472 20965
15494 18470
15823 16717
15875 20912
15875 20932
15875 20968
15970 16099
16033 19495
16099 20951
16217 20766
16298 19109
16349 20115
16349 20926
16461 19252
16629 20577
16724 20986
16836 20766
16907 20982
16936 20940
16984 20427
16984 20691
16984 20794
16984 20932
17420 20947
17420 20988
17432 20718
17535 20926
17761 20975
17955 20359
17955 20789
18038 20427
18383 20949
18466 19970
18466 20598
18466 20951
18466 20972
18466 20975
18470 20872
18516 19596
18516 20284
18831 20284
18887 19258
18887 20972
19116 20789
19116 20940
19476 20872
19664 20284
19720 20334
19753 19989
20284 20492
20284 20508
20358 20925
20442 20930
20692 20946
20937 20941
