0 103
0 2472
2 26
2 1561
2 1972
2 2254
2 2256
2 2447
3 43
3 693
3 1917
7 29
7 96
7 170
7 402
7 1335
7 1958
7 1992
19 76
19 94
19 403
19 703
19 712
19 948
19 1392
19 1831
19 1894
19 1992
19 2064
19 2191
19 2215
19 2425
19 2457
26 42
26 77
26 641
26 810
26 821
26 839
26 948
26 1335
26 1583
26 1812
26 1917
26 1940
26 1958
26 2118
26 2307
26 2309
26 2421
26 2428
26 2436
26 2439
29 43
29 76
29 103
29 121
29 133
29 157
29 172
29 330
29 434
29 570
29 712
29 729
29 762
29 852
29 950
29 1793
29 1958
29 1992
29 2003
29 2064
29 2191
29 2350
29 2452
29 2456
30 76
30 90
30 172
30 201
30 336
30 570
30 580
30 694
30 1256
30 1561
30 2158
30 2255
30 2418
30 2423
30 2457
37 285
37 1561
37 1972
37 2064
37 2469
41 2158
42 172
42 385
42 618
42 1992
42 2355
43 76
43 90
43 239
43 712
43 810
43 852
43 859
43 1197
43 1198
43 1292
43 1333
43 1335
43 1615
43 1793
43 1992
43 2191
43 2319
43 2429
43 2440
43 2446
43 2457
48 76
48 100
48 524
56 76
56 506
56 1992
59 153
59 158
59 196
59 289
60 682
60 1831
68 1742
70 284
72 1793
73 121
73 2062
74 729
74 773
74 1894
76 80
76 103
76 133
76 142
76 158
76 259
76 295
76 403
76 432
76 434
76 461
76 546
76 565
76 570
76 644
76 682
76 691
76 852
76 1255
76 1256
76 1333
76 1335
76 1418
76 1470
76 1510
76 1554
76 1646
76 1763
76 1865
76 1929
76 1992
76 2052
76 2064
76 2100
76 2158
76 2303
76 2319
76 2355
76 2422
76 2423
76 2426
76 2434
76 2457
79 349
80 146
80 196
80 442
80 852
80 881
80 2466
83 94
83 196
83 2418
84 948
88 158
88 712
88 1255
90 267
90 810
90 1205
90 1561
90 1793
90 1917
90 2350
90 2408
90 2457
93 1561
94 103
94 196
94 621
94 712
95 291
95 836
95 1992
95 2406
96 133
96 446
96 852
96 1985
96 2462
97 188
97 2118
97 2445
97 2450
100 1404
100 1753
102 461
102 2052
102 2468
103 136
103 2460
109 506
109 570
109 1561
109 1877
118 1169
121 255
121 434
121 570
121 713
121 852
121 2215
121 2303
123 852
123 948
124 2456
128 451
128 1177
129 570
129 2389
132 1255
133 434
133 610
133 712
133 1256
133 1777
133 2118
140 190
140 432
140 2122
142 461
146 922
146 1992
153 336
153 370
153 434
153 461
153 803
153 1255
153 1392
153 1636
153 2122
153 2191
153 2380
153 2416
153 2423
157 1335
158 196
158 391
158 1036
158 1268
158 1806
158 2158
158 2191
158 2451
158 2456
158 2459
167 1268
170 370
172 836
172 948
172 1006
172 1268
172 1529
172 1879
172 2158
172 2255
175 846
175 2158
175 2389
175 2423
184 2272
187 2452
190 1818
196 336
196 461
196 682
196 821
196 1002
196 1561
196 1763
196 1831
196 1995
196 2086
196 2425
199 1972
201 455
206 1658
206 2423
206 2453
206 2472
218 2405
226 2158
236 410
236 570
236 1232
238 348
238 1793
239 2130
240 434
249 2449
253 1255
253 1268
255 713
255 1255
258 1256
259 1787
259 1992
259 2191
267 573
267 805
267 1255
271 1470
271 1636
271 1784
275 2158
275 2255
280 304
280 907
280 2428
285 691
286 2191
287 948
289 1256
289 2158
289 2234
295 408
295 948
295 1894
302 662
302 771
302 1256
302 2423
304 2428
315 370
315 621
315 703
315 1839
315 1985
318 836
325 1249
330 461
330 539
330 852
330 1002
330 1793
330 2191
334 2355
336 729
336 852
336 1198
336 1470
339 1768
339 2468
348 1572
348 1793
348 2471
351 1321
351 1381
351 1458
351 2470
354 432
370 621
370 729
370 1561
370 2122
370 2158
379 2428
385 410
385 2355
388 2319
391 736
391 852
391 1006
391 1256
391 2122
391 2459
401 826
403 948
408 532
408 960
408 1793
408 2307
410 506
410 1197
410 2355
411 1753
432 2431
434 1198
434 1561
434 1572
442 511
442 852
442 1256
446 1985
449 1940
449 1980
455 852
455 1140
455 1335
455 1359
455 1577
455 1663
455 1992
455 2096
455 2254
455 2429
455 2454
455 2475
461 821
461 1002
461 1148
461 1268
461 1413
461 1753
461 1831
461 2191
461 2234
461 2255
461 2319
461 2423
461 2434
461 2437
461 2444
461 2457
461 2467
486 570
486 1256
486 1807
486 2083
486 2158
486 2234
506 1787
508 570
508 2062
508 2425
524 570
524 1335
524 1894
532 1917
539 546
539 570
539 682
539 771
539 852
539 948
539 963
539 968
539 1097
539 1148
539 1268
539 1476
539 1563
539 1661
539 1753
539 1768
539 1992
539 2064
539 2176
539 2191
539 2234
539 2254
539 2355
539 2434
539 2446
539 2467
539 2468
546 712
546 881
546 1002
546 1057
546 1256
546 1333
546 1413
546 1768
546 2254
546 2307
546 2429
546 2434
563 881
563 2191
563 2256
565 1255
565 1561
568 2459
570 703
570 805
570 968
570 1057
570 1255
570 1268
570 1331
570 1456
570 1753
570 1865
570 1992
570 2062
570 2158
570 2199
570 2234
570 2419
570 2425
570 2448
570 2469
573 1255
573 2158
573 2452
577 610
577 711
577 1650
603 907
610 803
610 1650
610 1985
613 2420
618 712
618 1361
618 2425
621 836
621 1615
621 1724
621 2118
621 2191
621 2385
621 2393
621 2418
623 1753
633 1788
637 2256
659 2424
662 2423
668 1197
668 1413
670 703
670 789
670 2472
682 1256
682 1831
682 1992
682 2148
682 2191
682 2457
691 1812
693 948
703 1788
703 1831
703 2158
712 785
712 904
712 948
712 1422
712 1779
712 1894
712 2256
712 2385
712 2411
712 2441
728 1256
729 1393
729 1636
729 1787
729 1992
729 2102
729 2191
729 2234
729 2239
729 2277
729 2385
729 2393
729 2422
729 2457
735 2472
735 2474
760 1255
760 1615
760 1831
760 2393
763 2389
771 846
771 1980
771 2118
771 2423
781 1510
785 1359
785 1985
789 2158
801 1917
803 2380
809 2452
810 824
810 839
810 1917
810 2319
821 824
821 1561
824 839
824 1917
836 883
836 1724
836 1877
836 2272
839 928
839 1036
839 1366
839 1615
839 1724
839 1793
839 2416
846 2423
852 881
852 948
852 1164
852 1177
852 1206
852 1256
852 1381
852 1470
852 1561
852 1717
852 1753
852 1787
852 1992
852 2057
852 2132
852 2191
852 2256
852 2269
852 2283
852 2422
852 2434
852 2454
859 1197
859 2463
881 1742
881 2191
889 2428
891 1413
891 2440
892 1057
898 1980
898 2388
904 948
907 1831
907 2283
910 1818
910 1971
919 1561
922 1333
922 1992
928 1366
928 1793
948 968
948 1035
948 1658
948 1724
948 1788
948 1958
948 1980
948 2064
948 2389
948 2412
948 2423
948 2428
948 2445
950 2189
960 1917
963 1413
963 1753
963 2052
965 2428
968 1753
968 2158
968 2412
970 2425
988 1441
993 1256
1002 1753
1002 1929
1002 2122
1002 2254
1002 2355
1002 2423
1002 2434
1002 2467
1006 1311
1006 2234
1006 2413
1023 1147
1023 1255
1023 1753
1035 2366
1036 1255
1036 1572
1036 2445
1036 2471
1047 2406
1054 1818
1054 2158
1057 1255
1057 1292
1057 1753
1057 2191
1057 2307
1057 2313
1097 2453
1106 1140
1140 1992
1148 2191
1160 1249
1164 1529
1164 1831
1164 1980
1164 2256
1179 1787
1186 1894
1197 1510
1197 1658
1197 1753
1197 1812
1197 1972
1197 2204
1197 2255
1197 2388
1197 2416
1198 2254
1205 2215
1205 2350
1205 2452
1206 1456
1206 1831
1206 2191
1223 2471
1226 1742
1232 2303
1242 1787
1242 1980
1242 2319
1243 1561
1249 1606
1255 1413
1255 1437
1255 1753
1255 1812
1255 1831
1255 2052
1255 2158
1255 2166
1255 2191
1255 2239
1255 2255
1255 2279
1255 2307
1255 2416
1255 2419
1255 2422
1255 2425
1255 2438
1255 2440
1256 1359
1256 1636
1256 1717
1256 1787
1256 2158
1256 2191
1256 2234
1256 2269
1256 2283
1256 2340
1256 2355
1256 2422
1256 2428
1256 2434
1256 2452
1256 2469
1265 2406
1268 1753
1268 1831
1268 2122
1268 2158
1268 2191
1268 2414
1268 2453
1271 2191
1292 1359
1292 1980
1300 2459
1312 2057
1333 2254
1335 1661
1335 1793
1335 1818
1335 2307
1335 2421
1359 1422
1359 1992
1359 2254
1359 2434
1361 1562
1361 1831
1361 2414
1366 1917
1369 1540
1392 1985
1392 2191
1395 1604
1404 2319
1413 1470
1413 1561
1413 1646
1413 1753
1413 1763
1413 1940
1413 2191
1413 2234
1413 2430
1413 2457
1413 2459
1418 2284
1422 2432
1438 2124
1470 2422
1470 2447
1470 2448
1476 2303
1483 1992
1510 1742
1510 1992
1510 2176
1510 2451
1517 2122
1517 2453
1529 2255
1540 2122
1540 2234
1540 2430
1549 1561
1549 2223
1549 2404
1554 2191
1555 2446
1561 1763
1561 1787
1561 1882
1561 2223
1561 2408
1561 2416
1561 2447
1572 1724
1572 2191
1572 2418
1582 2158
1606 2076
1615 1774
1615 1958
1615 2412
1622 1661
1636 2064
1636 2422
1636 2423
1646 2239
1652 1742
1658 2423
1661 1917
1661 2052
1661 2102
1672 2451
1675 2052
1724 2418
1730 2423
1742 2158
1742 2191
1742 2272
1751 1788
1753 2122
1753 2158
1753 2419
1753 2444
1763 2064
1763 2388
1763 2420
1763 2447
1763 2457
1768 2279
1779 1917
1779 2256
1787 2064
1787 2158
1787 2191
1787 2303
1787 2423
1788 1985
1788 2100
1788 2443
1793 1917
1793 2319
1793 2427
1793 2442
1796 2465
1812 1831
1812 1962
1812 2245
1812 2291
1818 1971
1818 2158
1824 2158
1824 2443
1831 2191
1831 2422
1831 2434
1831 2448
1831 2457
1865 1992
1877 2158
1877 2445
1877 2457
1879 2435
1897 2019
1905 2453
1917 2102
1917 2451
1929 2479
1940 2052
1958 2307
1959 2393
1972 1985
1972 2191
1977 2419
1980 2158
1980 2255
1980 2256
1980 2355
1985 2158
1985 2393
1985 2425
1985 2443
1988 2122
1992 2042
1992 2223
1992 2254
1992 2277
1992 2279
1992 2422
1995 2052
2009 2476
2052 2215
2052 2426
2052 2464
2052 2468
2057 2422
2064 2355
2096 2124
2111 2427
2118 2272
2118 2297
2122 2340
2122 2430
2122 2453
2132 2404
2132 2440
2132 2454
2132 2466
2158 2229
2158 2256
2158 2442
2158 2443
2158 2445
2158 2446
2158 2452
2158 2456
2158 2473
2191 2408
2191 2430
2196 2455
2204 2234
2221 2431
2223 2256
2234 2355
2234 2434
2234 2446
2234 2457
2254 2374
2254 2380
2254 2423
2254 2429
2255 2445
2256 2416
2266 2422
2272 2277
2277 2425
2283 2422
2285 2364
2307 2427
2319 2458
2340 2428
2380 2429
2389 2423
2411 2454
2411 2457
2412 2478
2416 2443
2416 2447
2423 2437
2428 2466
2431 2433
2460 2461
2469 2477
2473 2480
