7 21051
14 618
14 21061
28 7792
28 17692
28 19211
29 19801
37 9896
42 93
42 11751
42 17420
42 20376
43 762
43 12090
43 17923
48 5193
48 19801
64 11587
69 15012
73 157
73 21019
74 390
74 1302
76 762
76 1818
76 5550
76 6102
76 7792
76 10068
76 19801
76 21049
88 1904
90 432
93 3158
97 5550
97 17923
108 852
108 2357
108 20824
110 3071
110 15783
110 21069
110 21095
138 7607
138 14677
138 20349
138 21085
138 21096
140 1636
140 18470
153 730
153 4930
153 21045
157 21059
158 16511
172 4370
184 14677
190 13240
196 19829
196 21091
226 5658
226 21115
236 4117
246 1636
246 16349
247 5948
258 7192
280 2767
280 16511
302 5471
304 21055
304 21112
315 12227
370 21050
383 1365
383 18888
410 2095
410 5471
410 21053
412 10117
432 8930
432 13240
434 6373
434 20376
448 1058
505 20596
519 3195
531 881
531 14017
536 2767
536 7097
536 10409
577 19168
600 21048
611 21089
611 21116
613 4589
613 10911
613 12253
613 12770
618 16083
621 15113
621 16083
621 21085
726 5471
729 1152
730 16592
762 21087
767 11214
773 20606
782 16984
796 2762
796 5065
837 3865
837 15113
839 1278
852 5089
852 16436
852 21073
881 1106
881 1604
881 7290
881 10866
881 14677
881 17692
881 21082
897 970
904 5471
904 17811
1006 8613
1028 6867
1028 20972
1057 2762
1057 3910
1057 4589
1057 10117
1057 10409
1106 1604
1106 7290
1106 19229
1106 21080
1144 3865
1185 21096
1185 21097
1200 2095
1206 3065
1206 4117
1206 6203
1206 7607
1206 11587
1206 21045
1247 19517
1255 9396
1255 13240
1268 8363
1322 2598
1361 2762
1388 13485
1393 21084
1413 16076
1413 20848
1539 5179
1563 21112
1604 3313
1604 7290
1604 10911
1604 21114
1636 2762
1636 10409
1636 13298
1636 14930
1636 21108
1709 12090
1742 10780
1763 11347
1763 13735
1763 16936
1763 19299
1763 19395
1763 21058
1792 9958
1792 11779
1812 4536
1812 6429
1831 14906
1831 15299
1831 16933
1836 16076
1875 9466
1875 14597
1877 3071
1877 18681
1879 4493
1879 20999
1904 6498
1917 7000
1917 21050
1922 4589
1922 19026
1971 3950
1990 4544
2027 18918
2062 3624
2062 16099
2095 3313
2095 12770
2095 16461
2095 17123
2095 19546
2095 21088
2158 21105
2169 10409
2204 2762
2204 3501
2204 12358
2204 13061
2204 15505
2223 19026
2223 21046
2223 21083
2324 3950
2333 3984
2389 4419
2389 17692
2389 19529
2412 21100
2424 18466
2424 21052
2437 15151
2437 15875
2437 20938
2488 20800
2529 3707
2582 13312
2583 3313
2583 3707
2583 5720
2583 6640
2583 21096
2669 4370
2669 19529
2762 3501
2762 6203
2762 6779
2762 11184
2762 12358
2762 12844
2762 14677
2762 14906
2762 14930
2762 19922
2762 21112
2767 3865
2767 17601
2767 17955
2767 21036
2767 21092
2767 21097
2775 21010
2786 19533
2786 20215
3004 5900
3107 6373
3158 17923
3160 14535
3245 13735
3313 5089
3313 6947
3313 13485
3313 21073
3380 13735
3405 9896
3405 11343
3405 16984
3405 21069
3505 9309
3592 9152
3592 15875
3614 21056
3707 5720
3707 7607
3707 9309
3707 13485
3707 21046
3707 21085
3707 21096
3727 9851
3727 11863
3727 13061
3727 15151
3865 4382
3865 6189
3865 15970
3910 9896
3910 14906
3910 15557
3910 16984
3910 17682
3910 21086
3950 21022
3984 4187
3984 4589
3984 14930
3984 15113
3984 21058
4031 16610
4031 18260
4059 11347
4092 5430
4092 17955
4092 20442
4113 21088
4135 16083
4135 21093
4135 21102
4187 14017
4187 20151
4187 21072
4187 21088
4382 21048
4419 18529
4419 19529
4452 12770
4523 13578
4546 18529
4589 10911
4589 19888
4783 5550
4783 16984
4783 20911
4783 20968
4839 18888
4839 21055
4860 14677
4866 19229
4908 15174
4908 21085
4924 13646
4924 16364
4924 16989
4924 19857
4924 21033
4924 21060
4924 21101
4926 16723
4926 17761
4930 16592
5012 17692
5012 21090
5018 13312
5065 8752
5065 12227
5065 14906
5065 21045
5084 8956
5089 6947
5089 16436
5089 21073
5100 6506
5119 20151
5193 7399
5193 15941
5193 19801
5265 15113
5267 12090
5270 20437
5270 21029
5272 6708
5272 13735
5272 21087
5430 14017
5471 14767
5550 7792
5550 15875
5550 19801
5616 8197
5616 9466
5616 15557
5658 5938
5658 20437
5720 6708
5720 6800
5720 7607
5720 14677
5720 21081
5720 21103
5831 18007
5938 17811
5938 21068
5966 10846
5966 20938
6102 10846
6189 11587
6203 14930
6203 15039
6203 21045
6203 21047
6280 13162
6306 12685
6373 9423
6373 10766
6373 13735
6373 16614
6373 21071
6429 15151
6596 21104
6629 9896
6640 20442
6640 21075
6708 21094
6768 12358
6779 21045
6779 21098
6779 21105
6842 11587
6917 12525
6942 15875
6947 21046
7000 20999
7000 21050
7097 7792
7097 15783
7391 20179
7433 16298
7607 14906
7674 14767
7681 8784
7792 17923
8061 11580
8093 17718
8179 21047
8281 17072
8298 20376
8363 20437
8472 20138
8613 17692
8688 11587
8688 21051
8912 10117
9004 16218
9122 20349
9168 21057
9423 19116
9425 16967
9425 21057
9466 10268
9466 14597
9466 21045
9466 21105
9562 20442
9573 19801
9836 11580
9851 14657
9896 10068
10068 16753
10068 21049
10117 19922
10268 18681
10268 20848
10268 21046
10293 15367
10366 20606
10409 11751
10592 20761
10789 13735
10789 20921
10846 15729
10846 20938
10911 12253
11214 11548
11228 19874
11335 11580
11340 13280
11340 19026
11529 13735
11580 13312
11580 13735
11580 19951
11912 15151
11943 16984
11943 20413
12090 21094
12227 15875
12253 21104
12358 21046
12358 21070
13061 15151
13061 21093
13240 15121
13240 16554
13312 17955
13312 21098
13341 21074
14017 18888
14017 20393
14017 21088
14677 14906
14906 15299
14906 21074
14906 21104
15113 16984
15113 19211
15113 19874
15151 16984
15168 21101
15252 19026
15282 15503
15282 21082
15472 20965
15557 21068
15875 16639
15875 17692
15875 19197
15875 19211
15875 20376
15875 21076
16057 21062
16083 16984
16099 20921
16099 20999
16099 21045
16364 21057
16364 21077
16554 17923
16592 16984
16592 21097
16596 19129
16907 21064
16933 20462
16984 18681
16984 19197
16984 21080
16984 21091
16984 21095
16984 21102
17196 21113
17302 21070
17867 21045
17923 20376
17955 18821
17955 21111
18190 21070
18429 21104
18466 21028
18466 21049
18496 20138
19026 21079
19116 21065
19116 21088
19116 21089
19197 21076
19211 21093
19380 21062
19829 21092
19945 19970
20138 21038
20413 21078
20442 21033
20786 20788
21030 21095
21038 21054
21051 21063
21066 21067
21097 21099
21106 21107
21108 21109
21108 21110
