0 1633
2 837
2 14688
12 19587
14 21442
26 17896
26 21432
28 2868
28 5430
28 20968
34 138
42 546
42 17692
42 21440
42 21456
46 7443
46 20912
70 21457
74 5141
74 5270
76 509
76 1917
76 2062
76 2762
76 2816
76 3693
76 8688
76 8901
76 13533
76 15168
76 17860
76 19859
76 20938
76 21417
76 21449
76 21462
88 1255
88 1742
95 12644
97 2062
97 19763
110 21464
123 17427
138 1413
138 1636
138 2062
138 2868
138 7335
138 12358
138 15709
138 17891
138 19379
138 21413
138 21419
138 21440
138 21452
138 21466
151 5581
153 6203
153 20927
153 21404
158 2762
158 4382
158 17172
158 17268
158 21330
158 21406
158 21437
172 2324
172 8197
196 1278
196 7749
196 20407
214 14610
218 19983
218 20910
226 19533
226 20988
253 2256
253 6867
253 7749
258 1255
258 12770
258 17891
258 17955
258 18473
280 16770
318 2062
348 2583
354 18466
354 18687
374 1255
382 21440
397 1365
412 6199
412 9245
432 10461
507 21421
510 21440
528 15039
531 21440
546 1144
546 4187
546 12770
570 2062
577 2543
577 20305
610 11580
610 20676
613 1255
613 2762
613 5119
613 6199
613 10724
613 21425
613 21445
618 712
618 21414
618 21422
621 5089
621 17172
621 18021
621 21439
641 1057
641 15039
659 21405
660 12770
712 21453
729 21440
736 13061
762 1255
762 5478
762 20938
762 21417
821 839
837 6199
837 10724
837 21406
839 8061
839 9742
839 14709
839 14937
839 20938
839 21440
852 1390
852 2762
852 3910
852 5616
852 6817
852 8093
852 9309
852 21459
866 1115
881 5065
881 15039
881 15823
881 16770
891 5159
897 2762
897 4783
897 5658
897 7335
897 20988
898 18470
1012 6041
1012 21413
1041 5366
1045 21378
1057 12070
1057 12358
1057 15698
1058 20481
1065 1185
1065 2529
1065 3313
1065 8093
1115 1636
1115 1990
1115 8281
1115 11048
1115 13061
1115 21330
1125 2095
1125 16428
1144 21382
1200 17891
1200 21413
1206 2529
1206 6041
1223 11066
1235 4187
1244 5159
1255 1321
1255 1392
1255 2062
1255 21428
1268 8272
1283 1413
1350 2062
1359 18641
1361 2762
1361 14373
1361 21470
1365 2868
1365 21437
1365 21440
1369 16127
1369 19715
1379 5720
1390 1393
1390 6817
1390 8093
1390 19983
1392 5215
1393 2762
1393 13157
1393 14906
1393 16075
1413 13990
1413 15168
1422 2062
1422 12760
1633 1917
1633 6429
1633 21086
1636 2868
1636 4117
1636 4727
1636 8067
1636 8453
1636 9245
1636 12358
1636 14597
1636 16099
1636 19568
1636 21397
1636 21447
1664 2324
1664 14937
1717 5089
1742 13016
1742 21382
1763 5366
1763 13990
1763 17891
1763 21472
1794 21414
1813 21368
1818 20938
1818 21382
1818 21462
1819 7898
1824 3545
1824 7749
1831 15039
1831 21437
1836 20481
1836 21419
1879 3484
1879 9896
1917 6596
1917 8061
1917 9071
1917 11269
1917 19595
1917 20230
1917 21086
1917 21449
1922 21460
1971 2158
1971 21412
1973 5366
1990 2786
1990 21424
2019 21475
2027 2583
2027 3484
2027 5948
2027 8061
2027 9896
2027 13276
2027 21448
2031 10040
2062 6945
2062 19587
2062 21382
2095 10869
2095 16907
2095 21461
2095 21463
2111 12245
2122 19595
2158 3484
2158 8197
2158 17891
2223 7107
2223 17302
2223 17891
2223 21364
2256 2541
2256 5065
2256 5720
2256 19827
2256 21382
2256 21447
2256 21471
2324 4752
2324 13990
2326 21434
2333 21452
2389 9896
2389 11514
2389 14937
2406 18115
2437 21452
2489 2787
2529 18190
2541 2762
2541 20376
2543 18847
2582 3520
2582 4752
2582 4949
2583 3910
2583 3984
2583 4390
2583 5816
2583 6596
2583 17196
2583 21141
2583 21479
2589 21467
2627 6203
2627 18473
2669 2787
2692 17811
2692 21429
2694 21440
2762 3515
2762 5065
2762 6203
2762 8197
2762 13061
2762 14373
2762 14906
2762 15709
2762 17302
2762 20437
2762 21429
2762 21447
2767 2868
2767 4634
2767 21430
2786 5373
2786 16554
2786 17159
2786 20437
2787 3484
2787 19422
2787 20284
2839 10966
2839 13016
2868 3313
2868 3799
2868 5100
2868 5366
2868 7290
2868 13735
2868 18190
2868 19251
2868 21177
2868 21407
2912 8272
2958 18508
3023 6817
3023 17891
3154 21441
3183 10372
3226 19258
3226 20750
3313 3910
3313 5089
3313 13425
3322 21427
3336 16099
3361 4895
3380 13735
3405 16472
3405 21448
3484 9896
3484 17095
3501 19229
3515 6817
3648 21462
3799 19157
3799 21406
3910 5089
3910 6817
3910 8093
3910 10068
3910 10347
3910 12525
3910 13061
3910 18190
3910 20481
3910 21451
3910 21477
3935 20798
3973 7107
3984 4187
3984 18038
4011 21418
4031 19763
4092 15039
4113 13990
4113 17640
4113 21416
4117 21426
4135 12125
4187 17196
4187 21406
4216 5965
4216 20575
4234 11863
4234 20750
4234 21444
4248 21389
4382 17891
4382 18105
4382 20150
4382 21438
4390 6596
4390 17196
4397 14677
4419 21440
4585 5935
4589 17761
4589 21397
4589 21440
4634 17891
4727 5616
4727 7516
4783 20988
4949 16770
4968 6945
5007 17891
5012 6429
5012 15875
5065 5929
5065 14948
5065 15472
5065 21445
5065 21452
5065 21453
5065 21454
5089 5119
5089 5270
5089 5430
5089 5935
5089 20938
5089 21467
5107 21454
5119 10869
5119 17268
5119 20938
5119 21420
5119 21425
5119 21455
5159 15503
5270 21419
5270 21424
5272 5616
5272 6199
5272 21413
5272 21429
5306 19116
5362 17761
5362 18274
5362 20938
5362 21418
5366 7674
5366 13990
5366 15299
5366 18190
5366 18319
5366 20442
5373 17159
5373 20284
5373 21468
5430 6947
5479 18821
5501 7290
5550 21445
5550 21450
5616 5720
5616 11751
5616 21466
5672 16254
5720 12358
5720 15388
5720 16075
5720 18190
5720 21413
5720 21414
5720 21466
5859 18190
5935 21391
5938 17542
6041 12358
6160 17542
6199 21423
6203 17866
6203 18637
6203 19983
6373 6945
6373 14610
6373 16472
6373 16971
6373 20376
6373 20938
6373 21465
6429 9896
6429 20968
6429 21338
6429 21400
6429 21414
6429 21422
6429 21449
6448 17414
6596 14677
6596 21086
6624 21122
6767 20938
6779 21177
6810 14373
6817 10068
6817 16075
6817 16230
6817 20481
6867 11580
6867 20376
6867 21340
6945 11580
6984 13889
7000 8061
7000 18961
7000 19268
7097 16984
7290 16099
7290 17891
7378 20328
7398 8472
7516 14597
7522 11340
7547 17427
7652 10304
7749 19116
7749 20284
7749 21122
7991 21340
8061 10235
8061 21415
8067 21447
8197 14906
8197 21473
8297 11383
8333 21429
8363 16554
8484 17891
8484 21429
8494 17640
8565 17542
8798 21411
8835 21431
8953 18885
9071 10235
9152 10869
9152 21450
9245 13735
9245 14906
9323 21453
9422 15823
9529 21440
9829 21443
9888 15113
9896 10068
9896 12358
9896 17095
9896 17545
9896 19587
9896 20284
9896 20912
9896 21406
9994 20934
10018 19189
10068 13061
10191 21294
10268 15038
10273 21452
10293 14677
10513 21435
10724 11340
10766 21382
10860 17692
10869 14017
10869 15067
10869 16907
11066 16554
11066 17420
11066 17896
11066 20284
11103 21440
11269 21086
11335 21445
11340 17891
11340 21445
11580 18473
11592 15174
11779 17414
11779 20938
11779 21282
11836 12770
11943 20399
12358 16907
12358 19983
12435 16206
12435 21340
12885 17891
13061 21330
13061 21477
13463 21478
13566 19753
13653 16254
13686 21086
13735 21177
13990 15823
13990 17891
13990 18774
13990 19157
14017 21402
14158 16750
14272 15709
14767 15875
14906 19568
15012 17891
15067 17811
15240 21300
15293 21444
15474 21227
15474 21364
15557 20442
15683 21330
15709 19983
15764 21411
15875 17095
15875 17545
15875 21417
15875 21449
16099 21086
16554 21462
16554 21474
16603 21436
16639 19213
16813 18466
16888 20523
16904 21086
16933 20430
16984 21456
16984 21466
17041 21431
17047 21038
17151 21413
17172 21425
17661 18319
17661 21411
17710 21446
17728 21280
17891 17955
17891 20481
17923 21280
17955 18473
17955 21394
17955 21409
17955 21446
17958 21473
18007 20442
18038 20927
18466 19763
18466 20333
18466 21038
18466 21417
18473 21425
18593 21469
18681 19983
19189 21086
19258 21391
19268 21086
19382 21429
19422 19595
19715 21408
19723 21330
20150 20676
20220 20968
20284 21419
20284 21426
20284 21433
20284 21468
20305 21422
20370 21476
20573 21343
20968 21086
21086 21414
21177 21440
21227 21364
21337 21429
21343 21403
21364 21410
21441 21458
21479 21480
