7 76
7 5550
8 15709
14 108
14 21482
25 2284
26 338
26 2582
28 1390
28 1990
28 3910
28 5270
28 17853
28 17958
42 2582
42 21542
46 662
46 1365
46 4187
76 108
76 221
76 881
76 968
76 1612
76 2111
76 2156
76 2256
76 4679
76 9257
76 9407
76 16813
76 17958
76 20442
76 20926
76 21474
76 21508
83 5550
83 7186
83 16813
88 20437
108 762
108 1144
108 2786
108 17420
110 3049
110 3484
110 20508
110 21527
128 2582
128 10068
138 1413
138 1990
138 3749
138 3836
138 4949
138 5362
138 11587
138 14062
138 16184
138 19157
138 20058
138 21484
138 21506
151 7398
151 16327
151 17640
151 21497
153 3226
153 4589
153 5366
153 6203
153 10258
153 14017
153 20130
158 4585
158 7290
158 11228
158 11779
158 14767
158 14879
158 21187
158 21538
172 8197
196 21537
201 2582
204 5362
206 3049
218 258
221 1214
226 20988
253 14062
258 18038
315 610
315 2111
315 9152
315 21382
318 3648
318 21502
338 21527
354 18687
370 13590
370 16664
385 3749
410 2582
410 21531
412 7186
412 9653
412 17172
432 6623
446 1636
446 7873
503 14354
528 15039
532 21432
546 2582
546 17891
550 1872
573 4822
577 5065
577 11248
577 19950
610 5065
610 19189
618 15557
618 19720
621 12074
621 16327
621 21486
621 21502
659 2762
682 14062
712 11340
712 15163
712 16373
712 21486
762 1413
762 1990
762 5215
762 11340
762 21462
773 2111
773 21382
773 21486
823 17635
837 21498
839 12643
839 15113
839 17545
839 19627
839 20912
839 21538
852 1206
852 1390
852 3910
852 5362
852 9309
852 10068
852 15709
852 21512
857 21527
879 7399
881 2095
881 2582
881 3910
881 6728
881 21516
881 21523
881 21541
897 20988
904 1390
904 7186
904 11340
968 1012
968 1990
1002 4727
1002 6189
1006 3093
1012 1390
1012 2762
1012 17172
1012 19157
1106 1390
1106 3381
1106 5215
1106 9653
1106 11214
1106 11340
1115 2767
1115 10040
1115 16242
1115 21483
1143 4397
1144 2762
1144 7399
1144 11340
1144 21481
1200 21544
1223 11066
1256 7230
1256 14002
1361 9245
1361 14906
1361 21485
1361 21521
1390 5362
1390 5720
1390 7186
1390 14906
1390 19983
1392 5530
1392 6203
1392 13032
1393 6728
1393 14062
1393 20130
1393 21505
1393 21516
1413 2437
1413 5215
1413 13844
1413 14062
1413 15505
1413 17891
1413 21086
1413 21522
1413 21530
1510 21510
1604 17955
1636 4589
1636 4679
1636 14062
1636 21486
1661 20800
1763 13990
1763 17853
1763 17955
1763 21472
1804 11066
1807 15709
1818 13578
1819 21513
1825 7186
1877 17420
1877 21177
1879 3405
1879 3727
1879 19422
1879 21514
1917 4822
1917 21504
1922 15973
1922 18038
1972 21086
1972 21294
1973 20800
1990 2062
1990 5270
1990 5935
2027 11066
2027 20912
2095 2762
2095 3065
2095 3910
2095 4187
2095 21488
2156 2582
2158 2582
2158 2669
2197 21495
2223 8654
2223 9653
2223 10636
2223 11340
2223 17302
2223 21174
2223 21496
2223 21520
2256 10040
2256 19189
2256 21498
2286 21187
2324 4589
2324 16281
2355 21512
2389 12643
2389 17545
2389 18918
2389 19627
2389 20958
2406 18115
2437 6810
2437 11351
2437 13844
2437 21180
2529 2810
2529 3313
2529 4585
2529 10068
2529 14062
2529 14677
2529 18811
2529 21528
2582 4707
2582 5127
2582 5363
2582 8067
2582 8099
2582 13913
2582 19983
2582 21489
2583 11529
2583 13838
2607 6189
2627 5272
2627 6203
2669 19627
2669 21291
2692 6203
2692 16327
2692 20557
2762 3515
2762 5119
2762 5550
2762 5560
2762 5616
2762 5720
2762 7699
2762 9536
2762 14865
2762 14906
2762 17172
2762 17891
2762 19983
2762 20130
2762 21493
2762 21503
2762 21505
2762 21516
2762 21540
2767 8298
2767 13061
2767 21493
2786 5270
2786 11066
2786 21474
2839 4783
2839 5468
2943 4585
2966 5119
3030 16184
3030 21501
3041 6107
3065 15505
3152 6548
3158 20508
3177 21013
3195 18918
3313 5089
3313 14062
3313 16261
3356 6810
3368 20284
3381 10596
3381 17414
3381 20938
3381 21445
3405 19720
3461 10966
3484 21508
3509 15039
3636 7186
3648 21502
3707 13485
3707 17891
3707 21378
3727 4536
3727 17718
3749 4486
3749 17837
3799 14062
3799 16017
3799 19157
3882 10596
3910 5089
3910 10068
3910 11943
3935 20798
3947 5362
3984 15127
4031 7000
4048 15973
4059 7399
4059 14906
4092 21498
4131 7398
4135 16469
4187 14879
4187 15973
4234 14062
4507 21141
4536 14407
4536 17008
4536 20590
4585 9323
4589 5366
4589 15987
4589 17671
4589 21542
4670 13844
4679 14906
4679 15823
4679 18617
4727 5366
4752 5362
4771 6623
4783 14281
4783 15113
4822 5272
4839 19983
4855 21511
4924 13032
4924 21529
5007 6203
5065 15163
5065 16327
5065 17891
5065 21485
5089 7230
5089 9309
5089 11587
5089 12876
5089 16261
5089 16436
5089 16907
5089 20740
5089 21457
5107 14879
5119 5362
5119 15234
5119 21481
5125 14903
5125 15168
5125 17671
5215 11080
5215 11340
5215 21484
5270 20058
5272 7186
5272 8197
5272 9653
5272 12358
5272 14281
5272 21490
5272 21492
5272 21530
5272 21534
5331 21505
5362 5366
5362 5720
5362 7186
5362 13061
5362 18173
5366 17635
5366 21519
5366 21526
5366 21530
5373 20284
5430 16798
5468 21544
5479 19720
5550 16813
5615 21540
5616 11751
5616 17172
5658 19533
5692 18821
5692 21491
5720 7170
5720 10808
5720 15709
5720 18118
5720 21512
5720 21534
5720 21542
5816 14191
5816 21497
5948 17420
6107 19627
6203 11340
6203 15067
6203 21463
6373 7399
6373 16560
6373 16664
6373 20938
6373 21532
6429 8272
6429 15557
6429 21291
6429 21509
6596 16327
6779 21526
6810 15709
6817 15709
7000 18961
7000 21504
7000 21509
7006 8061
7006 14709
7006 17420
7006 21538
7170 16592
7186 7290
7186 13061
7186 14906
7186 17955
7186 18547
7230 14062
7230 14338
7290 15557
7290 21545
7398 16027
7399 9152
7399 13965
7522 11340
7690 15636
7749 20938
7760 9470
7855 20912
8061 20135
8093 17853
8197 12643
8197 13844
8197 19627
8197 21474
8197 21527
8272 21291
8272 21530
8979 12136
9152 18811
9152 20619
9152 21494
9152 21525
9214 18038
9245 21104
9425 11779
9510 20206
9649 16601
10040 14903
10040 21441
10068 11078
10068 17853
10203 21086
10216 16246
10293 11214
10293 14354
10818 15875
10818 20284
10818 21419
10889 19292
11061 15557
11061 15683
11066 17420
11066 18617
11066 20284
11066 21474
11078 14906
11228 11779
11269 21504
11340 14062
11340 14767
11340 16373
11340 17955
11340 19157
11340 21485
11344 14771
11344 16327
11344 21536
11529 15472
11644 21519
11779 13279
11779 21491
11943 21104
12358 15709
12599 21089
12643 17545
12713 13032
12718 13425
12876 16261
12876 17853
13061 17302
13061 18821
13061 21500
13279 17955
13578 21462
13990 15108
14062 14767
14062 15067
14062 19157
14281 18466
14326 21294
14492 15398
14767 19157
14865 15067
14903 16515
14903 21536
14906 17955
14906 19983
14906 21498
14906 21512
15067 21487
15067 21493
15113 15875
15127 21294
15168 21519
15168 21539
15234 20618
15309 21518
15398 21545
15505 21530
15525 15823
15557 16984
15875 21546
16099 19294
16184 21501
16233 21402
16233 21521
16327 16349
16327 19116
16554 18137
16610 17316
16731 21524
16984 19395
16984 21382
16984 21505
16984 21532
16984 21546
17047 20241
17316 17692
17420 21177
17420 21474
17545 20958
17891 19422
17955 21520
18038 21535
18466 20333
18811 21533
19116 19189
19116 21530
19147 19292
19189 21543
19395 20442
19720 19945
20130 21503
20150 20442
20430 20557
20442 20619
20442 21174
20442 21503
20721 21510
20750 21499
21086 21515
21174 21507
21294 21517
21294 21529
21382 21495
21475 21506
21491 21495
