7 2902
14 13061
17 5373
19 762
28 3381
28 17414
28 17923
29 4234
29 15474
42 76
42 83
42 1365
42 1393
42 4117
42 4839
42 5362
42 6189
42 10068
42 11103
42 12358
42 14906
59 1235
76 372
76 1365
76 1726
76 6503
76 10040
76 12245
76 16099
76 17923
76 21502
76 21622
76 21979
83 2762
83 2816
83 5065
83 9444
88 97
88 3984
97 1742
97 4783
97 6503
97 19363
110 21268
110 21997
133 5430
133 21604
138 1972
138 3329
138 5935
138 16034
153 963
153 1185
153 1374
153 6203
153 7839
153 20388
153 21956
158 736
158 10513
158 14657
158 17866
158 21604
172 15804
190 21967
196 1972
196 3984
196 6203
196 11347
196 13465
196 15474
249 15315
253 15113
258 1763
284 2902
284 4860
295 16099
304 11751
304 20346
304 21604
304 21952
315 14903
372 3787
372 5816
383 10068
405 2600
412 531
432 1206
442 2739
444 1657
444 21389
461 839
519 2762
539 1359
539 3239
572 21993
577 21661
577 21983
602 3381
602 4242
610 11347
610 21966
613 5900
659 1972
669 19849
671 7133
729 16770
730 21938
736 17866
736 17955
762 5270
762 14903
762 20388
762 21992
837 5929
837 21953
839 5929
852 1256
852 2529
852 3910
852 4846
852 5935
852 13157
852 18190
852 21221
852 21642
852 21944
852 21965
881 10068
891 20159
968 6498
968 15804
1002 21968
1058 17867
1058 21262
1060 11575
1065 3910
1065 4858
1065 21642
1144 1365
1144 1745
1144 1972
1144 3381
1144 14610
1144 15241
1144 21980
1185 3313
1185 3910
1185 7839
1185 11544
1198 5362
1198 9299
1206 15483
1256 3707
1256 12379
1333 1365
1359 1636
1359 5430
1359 9888
1359 21986
1361 21521
1361 21990
1365 1972
1365 3253
1365 4771
1365 6779
1365 21948
1369 15783
1392 3910
1393 2762
1393 4117
1393 18637
1393 21943
1413 2582
1413 4188
1413 17867
1514 8119
1539 21808
1593 5935
1628 1922
1632 3764
1633 2845
1633 5270
1636 1923
1636 3239
1636 4193
1636 5179
1636 5430
1636 5846
1636 21959
1636 21971
1657 5065
1657 5362
1657 7851
1657 9323
1657 21389
1657 21946
1726 1917
1726 2204
1726 6596
1726 18865
1742 8363
1774 21996
1787 2128
1794 15557
1794 21964
1818 1972
1818 6503
1824 15474
1875 13514
1879 6596
1879 8567
1917 3405
1917 9152
1922 5720
1923 3239
1972 2762
1972 3799
1972 3984
1972 4187
1972 6594
1972 7290
1972 12009
1972 13280
1972 19116
1972 21979
2019 17969
2019 21981
2027 20994
2062 21961
2095 4141
2095 5430
2095 8197
2095 11214
2095 13280
2095 15472
2095 17955
2095 20159
2095 21221
2111 2118
2118 4135
2150 21968
2223 3882
2223 13990
2223 21654
2256 4839
2256 11335
2256 17955
2256 21972
2284 21389
2286 12836
2313 21968
2324 21473
2324 21951
2389 21464
2390 21987
2455 2620
2472 3405
2534 21941
2582 4188
2582 5362
2582 13943
2617 15632
2617 21939
2730 14610
2739 7534
2748 21868
2762 3636
2762 3882
2762 4839
2762 5065
2762 9256
2762 11103
2762 14906
2762 16770
2762 20411
2762 20932
2762 21642
2783 15302
2786 19533
2786 21967
2816 16132
2868 5119
2882 21964
2974 15474
3030 21389
3107 20938
3158 3405
3158 20508
3166 17923
3166 21979
3183 3984
3239 4589
3239 12836
3239 14906
3313 4846
3313 7839
3313 21943
3322 14076
3329 13061
3381 5119
3381 14677
3381 17414
3405 4761
3405 15675
3405 17545
3405 21473
3405 21989
3441 21622
3474 21960
3487 6503
3487 15557
3592 8124
3592 9444
3592 15453
3624 5270
3643 9168
3707 4179
3707 13157
3707 21604
3707 21797
3744 16969
3744 21937
3748 16560
3799 4188
3799 17199
3799 21604
3799 21995
3843 21986
3865 11340
3882 4188
3882 21255
3882 21813
3910 5065
3910 5720
3910 9888
3910 11544
3910 12513
3910 13061
3910 18779
3910 21965
3984 7991
3984 18085
3984 21962
4031 4234
4031 17728
4031 19970
4031 21121
4092 4460
4092 14906
4092 19967
4092 21956
4117 5362
4117 5430
4187 15852
4187 21953
4187 21988
4188 4536
4193 21838
4216 21221
4234 5468
4234 6650
4234 11779
4234 21963
4248 21370
4248 21986
4370 13276
4382 21445
4382 21614
4460 14906
4465 5373
4469 21947
4507 20427
4536 21934
4536 21964
4783 6503
4839 5929
4839 7534
4839 20151
4839 21977
4846 5089
4846 5430
4924 15156
4924 20509
4924 21954
4981 19445
5021 6189
5065 8068
5065 21661
5065 21950
5065 21953
5065 21975
5065 21999
5100 5430
5119 5550
5119 21956
5119 21984
5125 21951
5159 7006
5159 20576
5215 16729
5265 21973
5270 9888
5272 13686
5272 20576
5272 21604
5272 21943
5362 6189
5362 6596
5362 11203
5362 12836
5362 13943
5362 14753
5362 15505
5362 19271
5366 5929
5366 14753
5366 16034
5382 7302
5430 17955
5430 18038
5468 7290
5468 13061
5468 19533
5468 20058
5468 21963
5468 21967
5471 11963
5501 20338
5550 18498
5550 21895
5652 14610
5692 16327
5720 11214
5846 21951
5929 17955
5935 20058
5935 21945
5938 21915
5938 21983
6034 13686
6189 15016
6189 18470
6189 20151
6203 6434
6203 15039
6203 20151
6203 21942
6203 21949
6203 21950
6203 21953
6203 21959
6373 13361
6373 21992
6429 8567
6429 8712
6429 9152
6429 11343
6429 11575
6429 15557
6429 19292
6429 20724
6429 21086
6429 21936
6434 7947
6434 16843
6448 20697
6448 21962
6498 21963
6503 12245
6596 11575
6596 14753
6596 17867
6596 21970
6629 6779
6629 19595
6629 20994
6698 21953
6779 6950
6779 11751
6784 19627
6784 20994
6950 20411
6988 15875
7043 9475
7290 9985
7290 19292
7290 21221
7329 16770
7534 13514
7540 21952
7647 21916
7674 21970
8197 14653
8197 15875
8197 18190
8197 21522
8567 11779
8712 11078
8729 13578
9152 10040
9152 13061
9152 21086
9152 21958
9168 11751
9168 17955
9168 18888
9168 21614
9168 21978
9168 21986
9299 15910
9323 9444
9323 15557
9423 15474
9425 21255
9565 21661
9565 21955
9888 20388
10040 11214
10273 21996
10789 15113
11048 18643
11078 21926
11103 19850
11214 17955
11214 21221
11228 11779
11343 11779
11343 15720
11344 21959
11347 13735
11779 14955
11779 16327
11779 17112
11779 19622
11779 21502
12245 17923
12358 15557
12358 17671
12525 13422
12698 21939
12836 14753
12836 21262
12985 21994
13061 21604
13061 21968
13061 21990
13280 20776
13686 18681
13686 21622
13735 21917
14076 14303
14076 20442
14076 21924
14588 16354
14621 21622
14621 21856
14653 17353
14688 20653
14753 21262
14753 21937
14753 21950
14903 21445
14906 20151
14906 21604
15039 17955
15050 21969
15064 21970
15113 21949
15282 20576
15453 21473
15453 21997
15472 21877
15632 21939
15675 15875
15705 19116
15706 21944
15720 19292
15804 15875
15875 17353
15875 20994
15921 20220
15921 21945
16554 19533
16554 21967
16560 19622
16969 21937
16984 21979
17321 18888
17414 17955
17545 19595
17545 21997
17718 21940
17728 17923
17751 21925
17772 19505
17866 17955
17866 20848
17876 21941
17955 20848
17955 21221
17955 21445
17955 21950
17955 21958
17955 21962
17955 21972
17955 21990
17955 21998
17958 21940
18190 21945
18617 19595
18862 21904
19116 21797
19301 20750
19593 21473
19622 21661
19627 21876
19627 21957
20075 21967
20220 21982
20231 20793
20508 21666
20576 21666
20674 21985
21382 21495
21666 21808
21939 21991
21940 21976
21943 21944
21944 21974
