7 73
26 22035
28 73
28 201
28 6429
28 22081
37 47
41 15067
42 1359
42 3392
42 4187
42 6203
42 8955
42 9245
42 22075
42 22104
46 2528
47 22098
60 903
60 4135
60 22121
60 22131
73 1235
73 1540
73 1792
73 2529
73 2845
73 5658
73 6124
73 8298
73 11340
73 15875
73 17587
73 19116
74 76
74 3030
74 8363
76 3785
76 5141
76 6503
76 6596
76 9809
76 15302
83 5874
88 968
95 383
95 641
95 11943
97 17969
97 20988
110 172
110 1264
110 2324
110 3158
110 6503
110 13707
110 21473
110 21774
110 22085
110 22107
110 22108
118 16560
138 1256
138 3329
138 6124
138 18628
138 21726
141 22114
153 2111
153 11078
153 11587
158 14677
158 20357
162 6596
184 5478
196 13280
196 15067
196 20435
201 1794
201 3030
201 5690
201 6429
204 12358
218 11203
258 1198
258 3984
258 5119
258 6203
258 6429
258 9152
258 11051
258 14906
258 15067
258 22084
370 5394
383 2762
383 14906
383 21262
412 3910
442 22117
444 18135
455 1115
455 15067
455 22116
505 12358
505 17435
505 22122
524 16099
546 647
546 2762
546 5172
546 11214
546 13686
546 21745
577 3986
577 22127
610 7399
618 5065
618 10336
641 14677
647 881
647 1058
647 22108
712 9323
726 1125
730 7290
730 14906
730 20989
762 852
762 1256
762 3313
762 3984
762 5270
762 5720
762 5935
762 6947
762 14677
762 20058
762 21364
762 21726
762 22079
762 22103
774 3910
774 17216
781 18995
837 22125
837 22137
839 3541
839 18865
839 20376
852 1256
852 2670
852 21642
881 2762
881 11103
881 13686
881 18274
881 19518
881 22089
881 22119
904 12844
968 1742
968 10293
1023 16099
1041 5065
1041 12222
1057 1365
1057 5021
1057 18038
1058 22108
1060 22108
1106 4746
1106 22087
1115 15067
1115 21732
1115 22116
1141 22110
1144 11844
1144 20435
1185 2529
1185 5690
1198 1657
1198 2512
1198 12245
1206 22062
1256 1365
1256 3313
1256 6947
1264 2324
1278 2762
1359 22066
1359 22117
1361 12059
1361 17624
1365 2670
1370 8446
1370 11344
1392 15302
1392 20435
1392 22137
1393 2762
1393 7534
1393 12358
1393 14906
1393 16716
1393 22075
1407 9888
1413 5267
1413 10420
1413 22033
1413 22097
1451 16099
1540 14165
1540 15505
1540 22045
1540 22097
1540 22117
1604 5938
1604 17955
1625 12358
1636 17027
1636 20151
1657 2783
1657 5362
1657 11340
1709 14677
1742 4031
1742 9809
1749 16099
1763 3984
1763 21364
1763 22096
1774 5065
1788 16904
1792 22111
1818 21462
1825 6429
1825 6503
1831 15709
1877 22030
1877 22101
1917 3107
1917 3787
1917 5215
1917 16102
1922 4589
1928 6817
2019 7741
2057 22133
2095 13280
2111 2650
2122 10420
2199 21376
2199 22104
2223 11078
2223 22048
2223 22082
2223 22116
2256 13280
2268 15113
2284 2762
2284 6503
2437 10420
2488 21364
2529 3910
2583 12222
2650 5246
2650 11587
2650 14677
2650 20058
2650 22078
2670 6817
2670 17427
2692 22086
2730 17625
2762 6203
2762 6779
2762 8981
2762 9168
2762 11184
2762 12672
2762 13280
2762 21642
2762 21824
2767 20912
2783 5089
2816 4573
2816 21462
2930 15156
2957 4949
2957 12287
2957 14906
3030 21642
3072 22125
3107 6429
3107 17656
3107 20435
3158 16220
3158 22093
3166 5246
3166 22081
3166 22142
3183 17322
3239 5616
3239 21970
3239 22136
3253 5119
3313 5089
3313 5690
3313 6729
3313 9956
3329 13061
3456 4860
3692 6429
3692 18219
3707 12358
3764 3910
3787 5009
3787 22139
3799 4589
3867 14184
3882 21977
3910 4117
3910 4839
3910 9233
3910 9245
3910 12358
3910 12718
3910 12876
3910 21642
3984 4117
3984 4397
3984 10592
3984 13590
3984 14677
3984 16298
3984 20388
4117 14677
4135 6503
4135 16525
4157 10420
4187 15067
4231 8197
4339 22133
4368 5720
4368 18190
4384 22095
4397 4746
4397 14677
4448 10293
4499 6431
4507 16770
4536 8608
4536 15720
4589 6203
4589 11340
4729 13061
4731 17866
4741 6779
4749 18708
4765 17958
4783 20988
4949 5822
5007 10258
5009 14677
5009 17718
5009 18768
5049 14381
5065 7399
5065 8124
5065 9323
5065 22072
5065 22092
5089 6947
5089 21726
5089 22099
5089 22118
5100 9888
5107 13162
5119 5929
5119 9321
5119 11340
5119 14677
5119 17177
5119 17427
5125 15553
5125 16332
5172 11214
5267 22108
5270 21280
5308 21779
5362 6862
5362 11751
5362 15553
5362 20151
5366 17027
5366 22095
5373 22101
5394 16560
5468 9809
5468 22081
5479 11779
5501 20338
5550 18725
5550 22124
5616 6429
5616 17027
5616 22136
5637 22126
5672 21779
5690 12876
5720 18190
5773 16694
5816 22072
5822 15720
5935 22117
6034 8752
6203 6779
6203 11844
6203 15549
6203 20151
6203 21970
6203 22048
6203 22072
6203 22086
6203 22105
6373 20435
6373 22078
6373 22109
6429 7399
6429 12358
6429 13514
6429 15557
6429 18219
6429 20968
6429 22100
6429 22120
6429 22134
6429 22140
6448 11299
6448 11779
6448 13590
6448 15302
6448 15553
6448 16716
6448 17177
6448 22116
6503 10336
6503 16993
6596 13514
6596 19518
6729 8409
6779 14165
6779 15553
6779 17027
6779 20151
6779 22048
6779 22074
6779 22102
6779 22117
6945 20707
6947 10068
7000 22105
7109 13735
7147 21642
7266 8608
7266 19849
7290 14906
7399 20921
7399 21169
7516 22117
7534 12873
7784 17955
7991 17378
8093 22099
8124 17027
8446 22117
8608 10293
8608 12358
8608 16592
9122 20138
9152 22080
9168 14906
9241 22091
9291 15505
9291 22115
9425 22135
9444 14677
9466 17027
9775 21364
9809 12245
9888 14677
9958 22112
9994 21774
10273 11340
10293 22140
10293 22141
10440 11751
10592 20388
11061 21732
11203 12358
11214 15549
11214 21535
11242 21507
11299 15453
11340 14677
11340 18135
11340 22088
11383 12245
11641 13313
11751 15553
12136 15883
12245 19945
12319 17955
12358 13514
12358 17761
12358 19165
12358 19518
12358 20151
12718 21642
13061 16753
13061 22123
13280 16560
13686 15453
13735 22030
13838 15067
13844 15448
13887 14948
14017 15709
14017 22045
14165 17761
14272 22079
14631 15453
14903 22086
14906 22105
15067 20411
15067 22126
15108 15156
15113 17635
15113 17836
15505 17432
15505 19462
15505 21779
15753 17322
15824 15878
15875 20912
15875 22090
15875 22101
15987 22104
16103 21177
16223 21086
16298 18007
16332 18012
16354 21169
16525 22127
16592 20586
16694 17432
16753 19507
16753 22123
16904 22045
16984 17027
16984 18135
17027 22130
17322 21364
17322 22065
17427 22062
17435 22122
17511 19329
17545 21774
17671 22066
17761 20403
17761 22075
17891 22136
17955 18190
17955 20357
17955 22103
17955 22116
17965 22073
17980 22094
18764 22137
18865 20376
19109 20521
19116 22083
19457 22113
19627 20220
20388 21062
20565 20938
21086 21779
21086 22139
21238 22132
21550 22129
21642 22138
21666 22066
21726 22099
21967 22107
22030 22076
22035 22077
22070 22071
22105 22106
22106 22117
22128 22129
