26 3107
26 22248
28 318
28 968
28 1640
28 22300
29 73
29 22280
42 18551
46 88
46 903
70 12644
70 17730
76 20873
88 1302
88 16232
88 20437
100 3315
110 509
110 839
110 968
110 2324
110 9412
110 13922
110 16206
110 18918
110 19595
110 19962
110 20912
110 21876
110 22250
110 22320
110 22329
138 762
138 1300
138 1640
138 4838
138 22325
151 15549
153 2762
153 15311
154 1359
158 2650
158 8666
158 11214
158 18602
158 22292
162 2118
162 3799
162 7071
196 1640
196 22324
201 11587
226 17923
258 839
258 2583
258 3984
258 5362
258 17955
258 18908
258 19113
259 2762
290 17730
304 5616
304 8752
315 5652
315 22009
318 15113
370 11273
370 16327
370 22282
372 19116
383 11062
408 762
412 5366
412 20151
412 20807
412 22204
412 22237
412 22280
412 22288
434 8567
505 3030
509 8197
515 1185
531 881
531 5119
531 7093
531 9789
531 12531
531 14948
531 17196
531 21879
531 22303
546 17969
546 20873
549 7855
549 19422
573 839
573 968
573 22320
577 618
577 762
613 22274
618 22266
621 699
634 2839
641 3910
641 4092
641 22288
682 960
682 11214
682 16206
699 2583
729 20873
736 1917
736 22299
736 22305
762 1640
762 2111
762 4838
762 6596
762 7290
762 9309
762 17923
762 22297
801 19356
837 22283
837 22307
837 22309
839 968
839 1413
839 5021
839 8197
839 22320
852 3910
852 12962
881 2762
881 14906
881 22326
904 21895
904 22278
921 968
921 18539
960 2388
960 6429
960 10966
968 5270
968 8197
968 10293
1006 2019
1006 2956
1006 6779
1057 20807
1058 1365
1058 16364
1065 6429
1065 12876
1106 20807
1144 8472
1144 13735
1144 22298
1144 22322
1169 16511
1198 2313
1198 4234
1255 18539
1256 12672
1256 21889
1278 7391
1278 16586
1333 2770
1359 7516
1359 17027
1361 22280
1365 1917
1365 12962
1365 22280
1390 7290
1392 4382
1392 11214
1392 12620
1392 15311
1392 18602
1392 22280
1392 22292
1392 22325
1393 1640
1393 4589
1393 18908
1393 20151
1413 7290
1514 20921
1565 22302
1636 1640
1636 8451
1636 19307
1636 19860
1636 22268
1636 22279
1636 22280
1640 2102
1640 2650
1640 2762
1640 3405
1640 4117
1640 5966
1640 6373
1640 9152
1640 11184
1640 21967
1655 2598
1869 4092
1879 5009
1879 8411
1879 17629
1917 2102
1917 13128
1917 22273
1917 22291
1922 19915
1971 19962
1985 3910
1996 5009
2027 10206
2095 2762
2095 22051
2118 9412
2118 19962
2122 21666
2156 2762
2156 3947
2192 2770
2197 22335
2254 2770
2256 22331
2284 4248
2286 3910
2286 21672
2324 15547
2324 22329
2333 2694
2369 21451
2428 3453
2428 4605
2529 2762
2534 19944
2581 16471
2583 11062
2583 17891
2583 19676
2646 16984
2650 5831
2650 14030
2650 18602
2692 22310
2694 3405
2694 4419
2694 16206
2756 18190
2762 3910
2762 4048
2762 12672
2762 13280
2762 14906
2762 15505
2762 18736
2762 20676
2762 20807
2762 20921
2762 21614
2762 22311
2783 22332
2816 12444
2930 9948
2950 21879
3030 5270
3041 9010
3072 18551
3154 18908
3166 6498
3177 22286
3239 4589
3239 20151
3239 20807
3405 16206
3405 22250
3405 22325
3447 6429
3447 16665
3501 22304
3587 22318
3605 18038
3727 14677
3799 6189
3799 13280
3799 15547
3799 20338
3799 22048
3843 19685
3882 22295
3910 5616
3910 9233
3910 10068
3910 10293
3910 16830
3910 17671
3984 15067
4011 17527
4031 19609
4031 22242
4092 4589
4092 10258
4092 20807
4092 22280
4187 22283
4339 5615
4339 6203
4382 10869
4392 6503
4419 19595
4523 5652
4536 22227
4536 22296
4589 12672
4783 9412
4838 22280
4839 14303
4839 14948
4839 15240
4839 18551
4839 22280
4860 13967
4866 22288
4924 19968
4949 6189
4981 22289
5007 7107
5007 22051
5009 6429
5012 19962
5065 21614
5089 16615
5119 11529
5119 12644
5119 14030
5119 19229
5119 20971
5119 22280
5119 22298
5119 22313
5119 22325
5119 22330
5141 5270
5143 13922
5270 6124
5270 8298
5270 19533
5270 20437
5270 22300
5270 22301
5329 10347
5329 16349
5329 22284
5362 9789
5362 17015
5362 18551
5362 18908
5362 22280
5366 22204
5441 22321
5615 22312
5615 22328
5652 6373
5652 16586
5652 18539
5720 17007
5816 7071
5831 8974
5831 21933
5831 22036
5938 17244
5938 21906
5938 22325
6124 9122
6124 19116
6203 8974
6203 22204
6203 22309
6332 22285
6373 18484
6373 19685
6429 6680
6429 10966
6429 14677
6429 16327
6429 16665
6429 17629
6448 22271
6448 22276
6498 16511
6503 8197
6503 12125
6596 22227
6779 15067
6810 18551
6810 20151
6810 22204
6817 20229
6860 22211
7000 15547
7107 17955
7290 22305
7327 14030
8124 21666
8124 22319
8197 11912
8197 12125
8197 12319
8197 12953
8197 17955
8197 18551
8197 20151
8197 20988
8197 21666
8197 21672
8197 22237
8197 22280
8197 22281
8197 22291
8197 22319
8298 14699
8411 22308
8451 12358
8981 22267
8981 22309
9010 19849
9245 19676
9326 12136
9425 22276
9469 19685
9586 12672
9789 18470
9789 22204
9905 22287
9977 10420
10027 12075
10277 21879
10293 12157
10347 13425
10347 14244
10409 18551
10592 20388
10869 17955
11164 14948
11184 22280
11214 22292
11340 18551
11340 19258
11580 22285
11779 21502
11912 18551
11943 22288
12075 22273
12157 19962
12300 22316
12358 15709
12358 22292
12370 19962
12531 22294
12672 22334
12940 21614
12953 22280
13017 16586
13280 21642
13280 22311
13844 15448
14030 17955
14030 22144
14030 22261
14513 19229
14694 16770
14694 22277
14903 18219
14903 22283
14903 22311
14906 18551
14906 18908
14906 22288
14906 22325
14948 15067
14948 18038
14976 22292
15067 18038
15067 22270
15113 20565
15240 21489
15240 22304
15309 18551
15311 22285
15698 22168
15706 21099
15761 22274
15832 22285
15875 16206
15875 19962
15875 21876
15973 22270
15994 22281
16298 20435
16322 22325
16327 22285
16349 22274
16364 16984
16364 22150
16753 18546
16984 21867
16984 22293
17027 17761
17244 21906
17629 21666
17692 19962
17761 22306
17811 18551
17866 22325
17923 18539
17923 22275
17955 22271
17955 22276
17955 22298
17969 20338
17969 21086
18038 22204
18484 22317
18539 22275
18551 22315
18908 22323
19026 22290
19116 20435
19229 20747
19944 22280
19962 22250
20229 22285
20370 22315
20512 22237
20676 21169
20873 22298
20988 21666
21000 22333
21169 22009
21642 22311
21666 21846
21666 22327
21697 22285
21708 22285
21846 22327
21967 22297
22096 22293
22177 22285
22255 22324
22313 22314
