0 19
0 76
0 729
0 1451
0 1561
0 2158
0 2215
0 2416
0 2518
0 2572
0 2578
2 26
2 76
2 135
2 287
2 659
2 729
2 1251
2 1985
2 2597
3 2158
6 1256
6 2602
7 76
7 196
7 745
7 771
7 901
7 1742
7 1818
7 1917
7 2158
7 2501
9 302
15 2389
19 26
19 88
19 95
19 97
19 121
19 133
19 184
19 302
19 315
19 370
19 461
19 570
19 613
19 897
19 904
19 1036
19 1131
19 1458
19 1561
19 1742
19 1788
19 1818
19 1972
19 2128
19 2134
19 2297
21 691
25 810
25 2158
25 2243
25 2468
26 76
26 88
26 286
26 295
26 302
26 315
26 370
26 509
26 729
26 810
26 1048
26 1985
26 2243
26 2430
26 2468
26 2588
26 2598
26 2599
26 2618
29 73
29 157
29 434
29 570
29 729
29 817
29 950
29 1253
29 1256
29 1265
29 1561
29 1763
29 1972
29 2128
29 2158
29 2569
29 2579
29 2585
30 682
30 1763
30 1818
30 1824
41 153
41 1312
42 76
42 153
42 249
42 817
42 852
42 1002
42 1057
42 1256
42 1359
42 1390
42 2158
42 2255
42 2430
42 2455
42 2545
42 2564
43 76
43 133
43 153
43 172
43 221
43 236
43 536
43 712
43 810
43 928
43 1561
43 1604
43 1972
43 2589
43 2595
46 236
46 729
46 839
46 1255
46 1335
46 1824
46 1971
46 2255
46 2430
46 2569
46 2594
48 267
48 1255
48 1661
56 1763
59 659
59 1604
59 2589
61 771
61 779
61 1035
61 1971
69 817
69 1268
69 1390
73 157
73 302
73 506
73 682
73 852
73 1012
73 1972
75 134
75 204
75 539
75 1276
75 1563
76 96
76 97
76 285
76 302
76 434
76 455
76 461
76 509
76 536
76 539
76 682
76 817
76 852
76 895
76 963
76 1048
76 1057
76 1131
76 1205
76 1206
76 1235
76 1243
76 1255
76 1256
76 1390
76 1418
76 1458
76 1561
76 1818
76 1894
76 1973
76 1980
76 2254
76 2319
76 2490
76 2501
76 2522
76 2549
76 2551
76 2559
76 2564
76 2565
76 2579
76 2597
76 2601
80 312
80 434
80 1256
80 1276
80 1359
80 1636
80 2428
80 2455
80 2557
80 2571
80 2597
83 134
83 172
83 618
83 1622
83 2111
83 2297
83 2490
83 2569
83 2603
84 418
84 580
84 729
84 1335
84 1735
84 2132
88 158
88 281
88 729
88 999
90 2158
94 1561
95 610
95 671
95 1474
95 1972
95 2254
95 2589
96 158
96 434
96 1115
96 1198
97 461
97 897
97 1561
97 2139
97 2158
97 2412
97 2604
100 1268
102 461
102 539
102 1255
113 539
113 1753
113 2379
115 2549
120 570
121 573
121 729
121 1012
121 1205
121 1818
121 2306
121 2498
121 2564
121 2566
121 2579
123 506
123 519
123 539
123 729
123 2585
123 2612
124 2256
126 2574
129 771
129 2576
132 2254
133 221
133 461
133 771
133 817
133 1779
134 172
134 236
134 1002
134 1359
135 2513
137 2605
138 509
138 2613
138 2616
140 859
145 2309
146 153
146 460
153 286
153 410
153 434
153 852
153 1070
153 1256
153 1604
153 1691
153 1787
153 1818
153 1909
153 1972
153 2052
153 2107
153 2148
153 2189
153 2519
153 2607
154 2522
157 644
158 434
158 618
158 901
158 1106
158 1115
158 1255
158 1561
158 1788
158 1909
158 2306
158 2518
158 2554
158 2557
158 2592
158 2615
171 2396
172 461
172 771
172 1214
172 1256
172 1753
172 1793
172 1824
172 1839
172 2255
172 2366
172 2430
172 2478
172 2553
174 2304
184 285
184 506
184 729
184 1255
184 1256
184 2601
184 2609
196 315
196 370
196 1812
198 2255
206 662
206 812
206 1561
206 2243
206 2297
221 461
221 1793
223 948
226 1131
226 1491
226 1818
235 370
235 403
235 546
236 573
236 1171
236 1256
236 1268
236 1753
236 1793
236 1894
236 2158
238 2243
249 434
249 536
249 694
249 1057
249 1366
249 1812
249 2052
249 2169
249 2598
259 2545
259 2565
267 1661
268 2423
273 745
280 536
280 1390
280 1985
280 2158
280 2355
280 2428
280 2545
280 2547
280 2589
285 506
285 1831
286 729
286 950
286 2148
286 2554
289 1255
289 1657
289 1818
289 2340
289 2567
290 897
295 2158
295 2350
295 2559
302 570
302 691
302 771
302 1012
302 1256
302 1381
302 1691
302 2158
302 2416
302 2488
302 2585
302 2622
312 412
315 1036
315 1972
315 2501
318 348
318 1980
335 904
336 1787
336 2148
338 968
338 1268
339 1753
339 2412
351 817
351 2603
367 2559
370 410
370 414
370 446
370 904
370 1255
370 1818
370 1917
370 2134
370 2214
370 2256
370 2522
370 2585
370 2594
370 2620
374 410
374 641
374 1057
374 2563
374 2611
382 1243
382 2563
383 2128
385 817
388 2599
391 859
391 1255
391 1268
393 883
394 948
410 1312
410 1321
410 2522
412 536
412 1691
412 1863
418 2445
432 434
433 897
434 1255
434 1256
434 1379
434 2128
434 2319
434 2430
434 2579
434 2591
442 2254
442 2355
446 698
446 1312
446 2536
446 2547
446 2601
449 2307
455 1057
455 1604
455 1785
455 2171
455 2306
455 2374
455 2465
455 2549
460 1256
461 508
461 618
461 682
461 771
461 774
461 796
461 817
461 904
461 1097
461 1256
461 1276
461 1335
461 1338
461 1413
461 1622
461 1972
461 1985
461 2122
461 2158
461 2214
461 2255
461 2272
461 2306
461 2488
461 2553
461 2563
461 2579
461 2587
461 2589
461 2597
461 2612
486 2602
506 852
506 1201
506 1256
506 1972
506 2550
506 2551
506 2578
509 839
519 536
519 2214
519 2612
521 729
521 1818
536 610
536 659
536 729
536 891
536 1057
536 1510
536 1691
536 1980
536 2284
536 2304
539 641
539 801
539 891
539 904
539 1097
539 1255
539 1268
539 1335
539 1366
539 1413
539 1422
539 1510
539 1540
539 1563
539 1753
539 1971
539 2052
539 2158
539 2254
539 2307
539 2318
539 2319
539 2430
539 2468
539 2482
539 2574
544 1335
546 2501
559 968
562 694
562 1422
562 2586
565 1131
565 1747
565 2235
565 2469
570 691
570 729
570 817
570 904
570 1051
570 1256
570 1972
570 2319
573 1947
577 2603
580 2614
608 1818
613 1255
613 1335
613 1451
613 2465
613 2555
613 2568
613 2585
613 2609
618 729
618 901
641 852
641 1097
641 1422
644 659
644 2527
644 2567
644 2606
659 1177
659 1561
659 1604
659 2256
659 2518
662 1600
662 2562
671 1359
671 1985
679 1992
682 904
682 1205
682 1206
682 1691
682 1972
682 2472
691 1206
691 1253
691 1691
693 1097
694 1058
694 1561
694 2589
696 2556
698 2589
703 893
712 1359
712 1839
712 1972
712 2297
729 752
729 852
729 904
729 1458
729 1510
729 1661
729 1818
729 1972
729 2148
729 2255
729 2306
729 2468
729 2501
729 2579
729 2589
729 2597
729 2612
729 2622
731 1177
752 1206
752 1256
752 2177
752 2596
753 948
753 1214
753 2122
760 1179
771 1256
771 1763
771 1971
771 2412
773 2139
774 2582
796 2501
801 897
801 2598
809 2158
810 1917
812 2612
817 1012
817 1206
817 1256
817 1268
817 1390
817 2064
826 898
826 1540
836 1359
836 1972
839 2511
852 1235
852 1256
852 1268
852 1818
852 1844
852 1909
852 1947
852 1972
852 1985
852 2148
852 2355
852 2534
852 2549
852 2550
852 2564
852 2578
852 2609
859 1171
859 1753
873 2374
873 2519
881 963
881 1361
881 2540
883 2518
891 1268
891 1359
891 1540
891 1980
891 2254
891 2571
893 1243
895 1255
897 968
897 1561
897 1742
897 1793
897 2128
901 2592
904 1036
904 1359
904 1366
904 1379
904 1958
904 2272
904 2297
907 2455
907 2554
928 1818
948 1818
948 2122
948 2158
948 2423
948 2482
948 2602
950 1115
950 1561
950 1985
959 2430
963 1333
963 1812
963 2148
968 1255
968 1971
991 2255
991 2412
999 1377
1002 1255
1002 2148
1002 2355
1002 2396
1002 2549
1006 1379
1006 1948
1012 1255
1012 1362
1012 1818
1012 1972
1012 2319
1012 2579
1017 1561
1023 2572
1024 2602
1035 2027
1035 2358
1035 2389
1036 1247
1036 1561
1036 2406
1036 2579
1036 2603
1048 1917
1051 1831
1051 1980
1051 2256
1057 2306
1057 2498
1057 2545
1058 1458
1097 1268
1097 2358
1115 1985
1131 1763
1144 1550
1171 1268
1177 2535
1198 1996
1199 1359
1201 1787
1201 2568
1205 1973
1205 2579
1206 1256
1206 1787
1206 1844
1206 1947
1206 2269
1211 2324
1214 1971
1232 2544
1232 2563
1235 1256
1243 1561
1243 2563
1243 2620
1247 1724
1247 1818
1247 2284
1247 2593
1253 1256
1253 1972
1255 1256
1255 1561
1255 1793
1255 2254
1255 2255
1255 2319
1255 2468
1255 2522
1255 2534
1255 2563
1255 2607
1255 2622
1256 1268
1256 1793
1256 2148
1256 2214
1256 2284
1256 2488
1256 2518
1256 2534
1256 2554
1256 2565
1256 2578
1256 2607
1265 1763
1265 2057
1268 1753
1268 1948
1268 1971
1268 2019
1268 2307
1268 2430
1268 2482
1276 2254
1287 1517
1333 2254
1335 2052
1335 2148
1335 2422
1335 2598
1341 2587
1359 1361
1359 1422
1359 1474
1359 1510
1359 1636
1359 1753
1359 1787
1359 1812
1359 1831
1359 2254
1359 2374
1359 2465
1359 2571
1359 2582
1361 1818
1361 2564
1366 1753
1379 2599
1383 1561
1383 2563
1390 2158
1390 2564
1392 1788
1413 1561
1413 2563
1413 2582
1418 2284
1422 1812
1422 2465
1422 2565
1422 2609
1451 1985
1458 2589
1474 1972
1474 2582
1474 2606
1510 1561
1510 1563
1510 1661
1510 1971
1510 2340
1510 2355
1510 2490
1510 2563
1517 2416
1536 2158
1540 2355
1540 2522
1540 2571
1540 2600
1561 1658
1561 1958
1561 1972
1561 2272
1561 2297
1561 2340
1561 2563
1565 2331
1571 2482
1604 1785
1604 2482
1604 2582
1622 2219
1636 2148
1661 2219
1661 2472
1661 2501
1691 1787
1691 2472
1732 1794
1742 1972
1742 2272
1742 2412
1751 1985
1753 1971
1753 2111
1753 2122
1753 2255
1753 2553
1753 2563
1753 2580
1753 2610
1763 2561
1763 2620
1779 1807
1779 2052
1779 2148
1779 2219
1779 2255
1785 2128
1785 2581
1787 2148
1787 2254
1787 2304
1787 2411
1787 2472
1787 2579
1788 2158
1788 2584
1793 1917
1793 1972
1793 2366
1793 2580
1794 2607
1812 1917
1812 1985
1812 2522
1818 1909
1818 2158
1818 2284
1818 2603
1824 2158
1831 1980
1831 2284
1831 2575
1831 2577
1839 1972
1839 2540
1863 1972
1894 2603
1908 2254
1908 2600
1917 2214
1917 2522
1917 2598
1921 1971
1947 1972
1947 2148
1957 2573
1958 2585
1971 2255
1971 2389
1971 2430
1972 2148
1972 2268
1972 2428
1972 2527
1972 2578
1972 2621
1973 1985
1980 2158
1980 2255
1980 2594
1985 2324
1985 2589
1985 2594
1992 2455
1998 2501
2027 2358
2027 2445
2052 2214
2052 2468
2052 2582
2052 2598
2057 2552
2107 2589
2148 2306
2148 2355
2148 2428
2158 2318
2158 2488
2158 2559
2177 2596
2191 2408
2191 2611
2214 2358
2214 2594
2214 2598
2214 2612
2234 2591
2254 2465
2254 2527
2254 2557
2254 2563
2254 2565
2254 2582
2255 2430
2255 2501
2255 2603
2255 2604
2256 2501
2256 2597
2277 2559
2284 2518
2292 2522
2304 2428
2307 2318
2319 2408
2319 2570
2340 2563
2350 2559
2355 2522
2355 2611
2396 2549
2396 2600
2406 2590
2408 2559
2411 2579
2411 2607
2411 2609
2412 2490
2455 2557
2455 2598
2455 2611
2465 2565
2465 2582
2482 2619
2511 2558
2516 2518
2522 2549
2522 2594
2522 2623
2528 2549
2534 2607
2548 2561
2557 2560
2565 2566
2582 2583
2589 2606
2589 2608
2594 2595
2603 2604
2615 2617
