0 10068
25 8197
26 11066
28 2650
28 4589
28 9425
28 10999
28 11436
28 16511
28 19041
28 22495
28 22508
28 22521
28 22527
29 16511
30 1742
30 2111
30 16639
30 21967
42 1402
42 5362
42 5749
42 15557
42 22404
42 22478
42 22511
42 22512
43 22350
48 16511
75 10336
76 781
76 1106
76 1636
76 3368
76 3910
76 5065
76 6506
76 9309
76 12330
76 18383
76 20777
79 3636
88 805
88 16511
97 12330
110 5917
110 14165
110 15675
110 22412
110 22528
118 4860
133 12330
133 19116
133 22514
138 762
138 22478
153 852
153 5366
153 8119
153 11340
153 12319
153 19292
153 21545
158 2868
158 5652
158 11228
158 11779
158 19292
158 22457
158 22469
158 22494
158 22509
158 22517
172 2333
184 4589
196 9425
196 20435
258 3910
258 10321
258 15067
258 20167
258 22465
258 22485
267 9010
267 13063
304 3910
338 5917
338 7006
370 762
370 7293
370 7399
370 11214
370 16327
412 3910
531 12358
531 22513
539 21666
577 18056
610 16665
610 18821
610 22477
616 22507
618 712
618 8608
641 22492
712 16665
729 7607
729 22436
762 5065
762 8175
762 10999
781 9529
805 6498
821 21586
837 8981
837 22309
852 1185
852 1365
852 2529
852 2756
852 3023
852 3313
852 5690
852 6448
852 6817
852 6947
852 8119
852 9309
852 18190
852 22499
881 6885
881 18183
881 22404
897 1106
948 1281
968 1539
1057 3239
1057 20924
1057 22493
1060 22483
1106 7290
1106 7607
1115 9427
1115 15683
1115 16033
1129 22496
1177 22506
1185 5690
1198 2956
1206 22523
1242 1744
1264 18918
1300 20413
1359 2692
1359 5362
1359 22247
1365 6429
1365 8197
1392 22212
1392 22469
1392 22519
1393 1636
1393 2868
1393 3910
1393 5616
1393 10347
1393 17056
1393 22051
1393 22144
1413 5125
1413 20750
1436 2670
1510 20673
1514 5065
1514 19109
1514 21439
1539 16511
1540 11779
1636 12319
1657 2915
1657 5366
1779 8197
1794 2762
1813 5084
1819 2692
1819 15240
1879 8197
1879 22486
1917 4080
1917 5917
1917 10816
1917 11066
1917 22211
1959 19116
1990 8175
1996 11066
1996 17867
1996 22467
2019 22454
2111 3405
2158 12760
2158 13735
2197 22518
2223 21458
2223 22315
2223 22500
2326 22211
2333 2694
2399 5366
2529 2670
2529 9309
2529 12770
2583 5917
2583 14165
2583 22051
2650 11727
2670 5720
2670 22470
2692 22473
2692 22474
2692 22494
2694 3405
2694 22478
2756 8119
2762 18637
2762 18729
2762 22516
2767 5471
2767 16696
2785 11912
2868 9425
2868 11762
2868 11779
2882 22483
2956 8197
2956 18470
3030 9425
3030 18122
3030 19109
3030 21811
3030 22490
3062 22479
3166 4000
3166 6498
3166 8363
3313 6817
3313 11679
3313 22508
3368 16549
3368 21666
3368 22509
3405 22478
3485 21939
3501 15240
3636 17145
3707 9309
3855 15525
3910 4117
3910 5362
3910 5720
3910 5816
3910 8197
3910 11203
3910 16099
3910 22392
3910 22471
3973 8277
4011 22515
4031 5468
4031 19109
4048 11080
4059 22474
4092 22492
4110 20413
4135 5065
4135 19109
4187 9394
4187 21498
4187 22384
4187 22476
4190 19109
4234 22280
4382 20435
4397 15039
4397 22483
4493 22469
4518 19874
4536 5917
4536 8608
4536 22483
4536 22526
4589 5119
4589 5938
4589 6779
4589 8608
4589 15240
4774 9292
4783 22512
4839 5125
4839 6071
4839 7107
4839 15240
4839 20507
4839 22515
4895 9010
4924 6373
4924 11242
5049 15994
5065 18637
5065 20724
5065 22477
5089 11679
5089 13425
5089 14323
5089 16261
5089 19502
5107 19292
5119 12319
5119 18577
5119 19058
5119 20092
5119 22003
5119 22309
5125 5493
5125 8197
5125 17994
5125 22412
5270 6498
5270 10999
5270 21676
5362 5366
5362 22144
5362 22521
5366 11340
5366 17765
5366 19292
5366 22372
5366 22512
5373 15994
5468 10293
5468 18539
5468 19041
5506 16373
5652 11340
5652 22469
5690 6817
5720 17056
5857 12760
5917 6596
5917 10293
5938 9649
5938 11228
5938 13361
5938 13578
5938 22494
6071 6429
6203 6779
6203 16078
6203 17867
6203 18344
6373 6650
6373 11242
6373 22497
6373 22498
6373 22529
6429 16033
6429 18821
6429 22211
6429 22472
6429 22505
6448 8197
6448 12319
6448 18577
6448 22510
6498 16511
6498 22509
6576 8197
6576 15959
6576 22280
6596 18183
6779 22529
6817 10347
6817 22468
6867 18687
6947 9309
6988 7119
7000 16327
7290 7534
7290 13063
7290 22457
7293 22248
7327 9851
7399 11267
7399 12672
7399 22482
7534 10061
7534 21990
8061 16250
8068 12644
8119 9888
8175 22475
8197 13686
8197 15959
8197 21666
8197 22444
8197 22520
8390 22096
8494 22176
8608 22487
8688 21280
8796 10293
8887 16471
8912 19165
8981 10018
9010 22392
9122 11727
9122 16511
9122 22509
9394 18908
9425 9958
9529 14900
9649 21811
9649 22480
9737 21939
9888 16099
9888 21676
9888 22509
10027 13686
10068 15124
10068 22392
10068 22471
10068 22495
10068 22523
10186 16984
10293 19041
10293 22429
10321 21758
10347 22468
10347 22469
10461 22524
10690 22491
10816 22211
11214 21666
11228 16984
11242 13017
11340 17765
11340 18729
11340 22517
11340 22518
11344 16327
11727 16830
11779 22494
11943 22504
12125 13361
12253 19251
12358 16327
12358 22483
12720 14417
12760 21758
12770 16099
13017 17145
13276 21633
13280 22051
13773 20435
14044 17047
14067 22483
14205 18484
14303 19676
14948 18883
15067 22500
15113 21247
15113 22434
15875 21906
16099 22509
16242 21614
16306 22484
16327 19116
16373 20777
16417 22436
16511 21194
16610 22503
16658 21293
16665 22525
16984 22471
16984 22478
16984 22517
17056 17761
17713 22315
17765 19116
17867 18344
17923 18539
17955 18577
17955 22500
17968 18198
17968 22237
18056 20724
18056 22521
18536 22481
18539 19041
18908 22476
18918 21666
19116 19878
19116 21472
19116 22473
19116 22487
19116 22497
19116 22501
19116 22518
19292 22396
20510 22501
20673 21666
20777 21760
21062 22474
21614 22315
21622 22502
21666 22486
21666 22520
21666 22528
21836 22404
22051 22522
22212 22519
22315 22438
22350 22439
22364 22478
22392 22471
22488 22489
