26 42
26 3107
26 5501
28 19292
28 22423
28 22888
28 22912
29 5471
29 18417
42 5501
42 19962
42 22874
42 22911
42 22928
43 258
43 519
43 5616
43 10889
43 22907
48 5616
76 4031
76 20777
76 22952
88 16511
96 16639
96 20775
96 22952
103 7991
103 19695
110 3405
110 5181
110 8197
110 15113
110 15854
110 15875
110 17635
110 18617
110 20673
110 21666
110 21800
110 21876
110 22454
110 22794
110 22964
122 881
128 904
138 370
138 2340
138 2670
138 2762
138 2985
138 6682
138 14753
138 17718
138 19292
138 20673
138 22382
138 22798
140 22965
151 22923
153 20775
158 412
158 1365
158 20355
158 22952
162 20558
174 16099
174 22924
196 4159
196 13810
204 258
204 304
204 9245
218 852
218 3239
249 6779
258 304
258 1990
258 2694
258 3356
258 5616
267 22912
275 20775
280 2670
280 17718
304 12119
304 22939
338 15092
341 14621
349 22942
370 412
370 22886
383 1922
383 4234
383 22843
392 20775
408 20775
412 659
412 2762
412 8969
412 11340
412 22920
413 9888
434 20775
434 22607
461 9323
461 10293
461 16710
461 20673
502 2762
524 4860
528 5272
528 22925
531 22852
536 5471
573 1255
573 5065
610 2256
610 4059
610 4216
610 22886
618 7097
618 15557
621 2868
621 22947
641 5272
659 2762
659 3313
659 5065
659 6779
659 11214
659 15505
659 16843
659 20512
729 22932
730 5682
750 1002
750 5362
750 6189
750 18190
762 2762
762 5272
762 10273
762 12579
762 17923
762 20419
762 22938
773 20777
774 22798
803 22607
837 3953
837 5065
839 4523
839 5501
839 11241
839 21795
839 22952
852 2529
852 2767
852 8197
852 12479
852 20179
852 22872
852 22941
852 22959
881 2762
881 3984
881 6203
881 14621
884 22963
886 16103
897 2762
897 18627
904 3648
917 2762
917 5065
968 11241
1002 11592
1002 22951
1006 20700
1006 22962
1012 22931
1013 20775
1057 19600
1057 22838
1057 22900
1106 2670
1106 20512
1106 22911
1141 22926
1144 6332
1144 22903
1185 6947
1206 2057
1214 3727
1232 22911
1256 12119
1256 16099
1322 22545
1361 4382
1361 5065
1361 7801
1361 20775
1361 22902
1364 11501
1365 1972
1365 3388
1365 4216
1365 5471
1365 20775
1393 2762
1393 3239
1393 4117
1393 5493
1393 22827
1393 22838
1393 22872
1393 22901
1393 22923
1402 22937
1413 22392
1413 22798
1453 22904
1476 19507
1483 4530
1514 12784
1576 22838
1636 2762
1636 11214
1636 19292
1636 22798
1636 22949
1640 2583
1640 6779
1657 22679
1657 22780
1763 6332
1763 11580
1763 12940
1763 21472
1763 21758
1787 21617
1818 22947
1831 2583
1831 13875
1877 22607
1879 22813
1922 18105
1922 22905
1929 20775
1941 22910
1972 4187
1972 22886
1996 11214
1996 13533
1996 22890
1996 22911
2057 2095
2062 3030
2062 16099
2062 16513
2062 18539
2128 3157
2158 11340
2192 3756
2223 11580
2223 12698
2223 22524
2223 22953
2240 5471
2256 2762
2256 21682
2256 22919
2292 3727
2292 15113
2324 11241
2437 5127
2534 17718
2582 16099
2583 3158
2583 4216
2583 5065
2583 15709
2583 22946
2598 19507
2663 20775
2704 6225
2715 9565
2715 12287
2730 22886
2739 22909
2756 3155
2762 5065
2762 5267
2762 6203
2762 10704
2762 15505
2762 22798
2762 22917
2762 22933
2795 22906
2816 22911
2816 22947
2825 20775
2868 11340
2930 6945
2934 3356
3024 22886
3030 16327
3041 18617
3093 16099
3107 5672
3155 16615
3158 16119
3166 9122
3166 16639
3239 4187
3239 5065
3239 19600
3239 21321
3239 22933
3313 5089
3313 11214
3320 20775
3329 5471
3356 10461
3381 8567
3381 9888
3484 11568
3501 5471
3545 13810
3636 17015
3636 22838
3692 22607
3712 20775
3712 22950
3712 22957
3712 22958
3727 4216
3727 4536
3727 6429
3727 7290
3727 15557
3756 5501
3882 22950
3896 22918
3910 18539
3910 20179
3984 4187
3984 21687
3984 22832
4031 9573
4031 20437
4031 20777
4092 5272
4092 5720
4092 15102
4092 17255
4092 20430
4092 22925
4117 22794
4117 22921
4135 7391
4135 20419
4187 10889
4187 16525
4187 22928
4216 5065
4216 8197
4216 20849
4216 21169
4238 5551
4382 20775
4530 9168
4536 22935
4589 21630
4783 12119
4783 15045
4783 17916
4783 20777
4783 22798
4839 9562
4839 19292
4839 22905
4924 20775
4924 22956
4928 21169
5012 12070
5018 11778
5065 5119
5065 5362
5065 5493
5065 5616
5065 5935
5065 6779
5065 7391
5065 8197
5065 11343
5065 12119
5065 12579
5065 15102
5065 17255
5065 20419
5065 20673
5065 20777
5065 21321
5065 22639
5065 22790
5065 22798
5065 22900
5065 22919
5065 22921
5065 22928
5065 22940
5102 12070
5102 22939
5119 6102
5119 6801
5119 9565
5119 11340
5119 12287
5119 12579
5119 19890
5119 22903
5119 22938
5119 22943
5119 22948
5119 22955
5125 22798
5141 16639
5141 18627
5141 22911
5181 15875
5261 9309
5270 20058
5270 22910
5272 8969
5272 22925
5272 22935
5272 22936
5362 5616
5362 8197
5362 21630
5362 22510
5362 22790
5362 22798
5362 22900
5362 22949
5366 6225
5366 22584
5455 22798
5468 18627
5468 22911
5468 22952
5471 22913
5488 6498
5488 17240
5493 11316
5493 11343
5550 11228
5577 21819
5616 6801
5616 8981
5616 15505
5616 19890
5616 20430
5616 20648
5616 22790
5616 22798
5720 15102
5720 22872
5720 22931
5822 6203
5831 15952
5859 12119
5859 20604
5935 22938
5935 22939
5966 10846
6087 22927
6203 21321
6203 22584
6203 22961
6210 13533
6225 11751
6225 20430
6300 16182
6332 12940
6339 22873
6373 11228
6373 16327
6429 8712
6429 15557
6498 22910
6596 8067
6596 8608
6779 8067
6779 19409
6779 21630
6779 22832
6801 22790
6817 22931
6917 22350
6945 19556
6947 9309
6991 22922
7186 14002
7340 22953
7391 15705
7391 18749
7391 19873
7399 7647
7738 20179
7801 22933
7987 22915
7991 19695
8067 8608
8067 11203
8067 15557
8121 12070
8197 15505
8197 16099
8197 20179
8197 21630
8197 22790
8197 22798
8197 22888
8225 16261
8297 11241
8409 20775
8433 16099
8494 15092
8604 20775
8712 11228
8712 17635
8712 22907
8712 22948
8773 20775
8969 9536
8969 20558
9122 16639
9323 11830
9412 16610
9446 15064
9446 15505
9446 22798
9470 22864
9470 22872
9529 20558
9565 11335
9565 12287
9573 20437
9649 18617
9888 9924
9888 11340
9888 16261
9985 16770
9985 22886
10087 22794
10293 15557
10293 22888
10293 22912
10347 20355
10684 21294
10889 18470
10918 22607
11103 11214
11103 16843
11203 22937
11214 16099
11228 12372
11340 12844
11340 18484
11340 22961
11545 17255
11568 11751
11568 21666
11568 21718
11751 20673
11751 22798
12287 13981
12287 18152
12348 22908
12358 22942
12784 20777
14753 22607
14753 22798
14753 22924
15067 18484
15102 22852
15240 15557
15240 22798
15240 22909
15505 16099
15505 17015
15505 22798
15505 22916
15675 15875
15683 16677
15941 22948
15973 21939
15973 22315
16099 16610
16099 17923
16099 20058
16099 22392
16099 22915
16099 22924
16610 20777
16610 22911
16639 22607
16677 22315
16753 17718
16830 22911
16836 22315
17300 22798
17512 22607
17671 22798
17718 22931
17923 20656
17923 22952
18105 22905
18470 20419
18470 22790
18470 22798
18539 21382
18539 22854
18745 20775
18997 22607
19116 22905
19292 22396
19546 22953
19962 22795
19962 22874
20067 22886
20291 22905
20419 22960
20565 22914
20676 21169
20968 22964
21294 22954
21321 21939
21630 22798
21758 22624
21939 22315
22315 22898
22315 22957
22315 22958
22316 22874
22364 22906
22481 22946
22510 22790
22524 22852
22584 22624
22790 22798
22798 22966
22837 22934
22929 22930
22944 22945
