7 48
7 904
7 2650
14 5935
26 6596
26 12444
28 1255
28 8363
28 16753
28 22977
42 434
42 794
42 2158
42 6779
42 7290
42 22798
42 22962
42 22986
43 15832
48 968
48 2650
48 3166
48 4031
48 8197
48 8363
48 16099
48 19645
59 22764
76 968
76 8297
76 8363
76 18539
76 19394
83 23003
88 16196
95 11750
95 15906
95 17741
95 19645
97 4783
97 5468
110 7097
110 18347
110 21800
110 22964
110 22972
110 22976
110 23022
133 1255
138 2292
138 2762
138 14666
138 15823
138 15959
138 22798
138 22964
138 22967
153 2292
153 13844
153 20750
153 22852
158 7186
158 12075
158 21280
158 22350
158 22764
158 22975
158 22982
170 3653
172 22987
192 22967
196 2762
196 15671
196 15832
204 15108
258 10293
269 16549
280 5471
304 22793
304 22997
315 11580
318 18627
354 9977
370 22733
412 1393
412 4187
412 4839
412 6779
412 8067
412 9168
412 17718
412 21739
412 22852
413 6947
434 2816
434 15675
434 21739
461 1170
467 6332
505 18413
510 18539
524 1255
556 2762
556 14970
573 3592
573 21280
577 12182
577 15557
577 16665
577 18413
610 6448
613 8759
618 4280
618 7097
618 21687
621 15113
621 19394
634 22852
641 730
659 1831
659 2284
659 2292
659 2583
659 2762
659 3381
659 4187
659 5672
659 6982
659 13533
670 22314
682 19764
686 6596
730 22992
762 1640
762 2062
762 2756
762 21739
762 22966
794 23006
803 9562
837 4187
837 13280
839 15151
839 22981
852 2292
852 9309
852 10925
852 11436
852 16099
852 21642
881 1255
881 11214
881 15698
881 22852
897 18627
904 2284
904 11103
946 1917
960 1794
963 22723
968 2995
968 3030
968 5141
968 5468
968 9573
1002 5616
1002 8197
1002 10249
1002 11592
1002 16549
1002 20673
1002 21666
1002 22798
1002 22951
1002 23008
1002 23018
1002 23019
1006 2489
1006 9236
1006 22962
1012 4031
1041 5616
1057 5471
1057 19600
1057 22852
1058 6373
1058 22584
1065 4390
1106 3984
1115 2223
1115 7186
1115 23012
1144 4771
1144 23020
1177 5065
1177 22989
1206 18539
1232 21800
1255 1413
1255 1540
1255 2102
1255 2166
1255 5935
1255 6917
1255 10293
1256 2756
1256 3707
1256 3727
1359 5065
1359 5125
1359 5616
1359 6779
1359 15505
1361 9929
1361 17718
1361 22990
1361 23011
1365 1636
1365 2292
1365 2762
1365 13280
1365 22852
1393 5362
1393 17718
1393 21614
1393 22798
1393 22838
1393 22872
1393 22997
1413 23015
1458 20750
1540 22853
1633 15675
1633 21800
1633 22972
1636 4771
1636 22852
1636 22966
1640 6779
1657 5386
1657 11340
1664 2324
1763 6332
1763 22858
1788 22980
1792 16327
1794 18681
1794 20403
1794 22888
1809 3072
1831 2583
1831 11103
1877 2062
1877 22608
1917 12444
1917 17379
1917 23013
1922 4589
1922 22984
1971 23009
1972 18539
2019 2956
2019 22790
2052 5471
2062 3528
2062 16639
2062 20179
2062 20724
2062 22964
2122 22993
2124 16187
2158 21280
2192 3756
2197 15832
2223 7186
2223 10068
2223 11884
2223 13844
2223 19294
2223 22396
2223 23010
2284 6576
2286 11592
2292 6498
2292 7924
2292 8981
2292 14418
2324 23009
2326 15557
2411 20750
2437 20618
2437 22987
2489 18969
2583 3239
2583 5125
2583 6373
2583 15067
2583 15557
2583 15698
2583 16033
2583 16099
2583 18271
2583 18484
2583 18517
2583 19696
2583 20807
2583 22852
2583 22968
2583 22997
2598 15557
2608 17379
2627 6596
2627 22488
2714 6629
2730 22928
2739 2762
2762 4839
2762 5065
2762 6779
2762 13280
2762 15505
2762 16349
2775 16417
2816 21317
2915 22852
2995 8363
2995 9573
3024 12784
3024 18539
3024 19645
3030 22709
3041 7127
3065 18470
3065 22798
3072 3075
3107 5065
3107 6448
3107 18484
3107 22992
3158 22986
3161 3239
3161 22852
3239 6779
3239 12358
3239 15067
3239 15505
3239 17402
3239 18271
3239 18484
3239 22004
3239 22852
3313 6947
3313 22974
3380 17718
3380 19229
3381 5125
3381 6448
3381 7991
3381 8567
3381 9888
3417 23017
3496 20807
3578 22973
3592 8197
3613 22998
3648 5488
3707 9309
3712 14333
3712 22958
3727 22970
3756 5501
3756 17379
3799 22852
3838 15067
3910 8093
3950 6784
3950 22986
3984 7924
4031 4280
4031 8298
4031 15113
4031 21739
4059 6332
4092 15698
4092 17255
4092 18484
4092 22426
4187 6332
4187 10273
4187 13280
4187 19764
4187 20647
4187 21864
4187 22852
4216 5616
4216 15505
4216 18114
4234 17916
4234 19626
4339 5616
4339 6779
4339 22852
4390 15675
4536 7097
4536 21832
4589 5065
4708 6769
4771 6779
4771 22852
4783 5141
4783 5493
4783 16610
4783 18484
4783 20138
4783 23022
4839 8067
4839 17718
4839 22836
4839 22978
4839 22984
4839 22985
4839 23015
4930 20750
4964 22966
5065 5616
5065 5935
5065 13686
5065 15505
5065 15557
5065 16665
5065 19292
5065 20403
5065 23008
5065 23015
5065 23021
5089 6947
5119 17811
5119 22928
5119 22943
5119 22966
5119 22970
5119 23024
5141 17379
5270 6498
5270 9462
5270 18539
5270 19533
5270 20437
5270 21280
5270 22880
5362 5616
5362 5935
5362 7955
5362 15505
5362 15823
5362 17867
5362 22545
5362 22997
5366 5616
5366 22985
5386 11340
5468 9573
5468 19626
5468 20437
5471 11214
5493 11316
5550 22928
5616 6498
5616 13280
5616 16549
5616 18484
5616 21601
5616 22979
5616 23008
5621 21614
5672 13957
5699 22999
5720 18681
5929 13280
5935 22798
5938 6332
5938 12182
6124 9462
6250 22992
6332 11340
6339 11580
6373 16327
6373 18920
6373 23020
6429 6779
6429 8712
6429 16665
6429 21687
6498 7366
6498 10918
6505 23005
6596 12444
6596 14002
6624 22764
6779 11340
6779 15557
6779 15823
6779 22793
6779 22852
6784 22986
6852 22968
6867 22764
6917 7186
6917 12075
6917 12620
6917 22982
6947 9309
6947 12718
7097 10730
7107 10068
7127 11751
7186 22982
7186 22983
7290 21832
7366 23002
7391 13686
7391 22764
7614 21480
7801 22974
7924 15299
7955 15505
8067 22769
8093 20676
8093 22968
8151 15498
8197 11158
8197 11241
8197 11751
8197 12643
8197 16099
8197 20403
8197 21630
8197 22764
8197 22964
8197 23004
8197 23018
8297 16417
8297 22914
8363 9573
8363 13016
8363 16521
8433 16099
8472 16513
8567 16327
8688 19394
8712 9766
8712 11228
8712 23012
8712 23014
9241 13280
9241 21617
9573 18539
9766 17635
9789 9888
9789 12713
9789 22396
9888 9924
9888 17955
9888 18539
9888 20559
9888 22968
9977 20138
9985 13280
10006 11884
10068 22888
10206 17635
10347 22928
10409 22975
10409 22988
10520 17916
10534 11340
10822 20703
10918 18539
10999 22969
11228 22988
11241 17635
11340 18484
11340 22852
11340 22996
11436 21642
11545 17255
11751 15505
11751 22981
11779 16327
12075 22396
12287 13981
12358 17718
12358 22964
12358 22966
12358 22997
12552 16956
12643 19422
13017 21661
13061 20179
13061 22968
13061 23008
13240 22995
13280 17718
13515 16617
13533 22995
13735 22928
13735 23014
13735 23025
13844 17955
13844 22984
13929 18547
14621 17947
14930 22584
14946 22693
14970 18463
15067 18484
15067 23014
15113 15687
15151 17545
15309 23012
15505 22004
15505 23015
15553 22852
15557 15823
15557 21662
15557 22412
15671 22873
15675 16549
15675 16639
15823 17867
15823 18190
15823 23015
15832 22956
15959 20750
15959 22852
16084 22585
16099 20988
16099 21739
16099 22985
16099 23008
16182 22764
16182 23001
16327 23003
16525 19645
16549 22608
16610 19394
16610 20777
16639 18539
16639 21739
16639 22880
16753 22280
16753 22968
17095 22964
17300 22838
17374 22316
17655 21666
17692 19962
17916 20604
17916 22624
17923 18539
18005 22764
18028 23000
18274 21601
18539 19394
18539 21739
18539 22994
18713 21939
18883 23021
19422 22880
19626 19945
19962 21718
19962 21800
20120 20777
20403 22991
20558 22980
20565 22764
21086 23007
21666 21718
22278 23023
22315 22957
22315 22958
22386 23015
22396 22736
22494 22971
22608 23016
22798 22966
22798 22985
22798 23008
22984 22985
22987 23004
