26 133
26 5159
26 19261
26 22853
26 23515
28 23499
29 2149
42 280
42 338
42 546
42 891
42 1106
42 10198
42 23479
42 23570
43 12422
48 20279
69 23083
76 881
76 1636
76 2062
76 2149
76 4031
76 8363
76 16102
76 16182
76 18120
76 21280
76 22544
76 22858
76 23454
76 23528
76 23535
76 23536
76 23549
88 20437
95 5293
95 9168
95 12125
95 23506
97 23168
109 23505
110 1369
110 10558
110 10846
110 17969
110 18918
110 23515
122 1922
122 22946
122 23522
134 21546
138 1185
138 2650
138 4216
138 9985
138 14642
138 15947
138 18120
138 20080
138 21280
138 22544
138 23472
138 23544
138 23554
138 23572
153 204
153 1185
153 7534
158 267
158 280
158 762
158 4135
158 5478
158 9152
158 16526
158 19422
158 20494
158 22303
158 22381
158 23109
158 23518
158 23519
158 23572
174 11587
184 2762
184 5065
184 13698
184 20921
190 8565
204 280
204 304
204 1115
204 11943
226 1612
226 10818
226 17804
267 2767
280 304
280 613
280 659
280 762
280 1002
280 1115
280 1232
280 1636
280 1825
280 2223
280 2256
280 3195
280 3313
280 4117
280 4135
280 4187
280 4216
280 5065
280 5265
280 5478
280 5560
280 7290
280 9152
280 9466
280 9469
280 9985
280 11234
280 11340
280 14970
280 16526
280 16549
280 18124
280 22314
280 22852
304 9152
348 1193
370 23514
383 2284
412 881
412 1361
412 1470
412 5125
412 18546
412 21106
432 16632
455 546
455 4924
455 5649
455 11203
455 15168
455 23565
467 5065
505 4135
505 16843
510 546
510 23495
546 881
546 1057
556 23168
573 21546
589 21000
610 9245
610 21657
610 23531
613 23363
613 23564
618 2062
618 2149
618 4135
618 5065
641 18470
659 4117
659 22798
682 23083
712 22858
736 4536
736 7071
736 23559
773 18120
773 22594
803 23164
813 3158
813 23420
837 5119
837 23500
839 2223
839 5607
839 23420
839 23534
852 1185
852 3072
852 3313
852 3707
852 5089
852 13112
852 16436
852 21085
852 22872
881 1057
897 3648
897 18260
904 23083
917 9241
968 5267
968 23092
968 23538
1002 21546
1006 23497
1039 23498
1057 15592
1057 21099
1058 2166
1058 4949
1106 4135
1106 4761
1115 4117
1115 23537
1144 23271
1144 23276
1185 3313
1185 23552
1193 2762
1193 6596
1193 7851
1200 3856
1206 2650
1206 5270
1206 20080
1206 22526
1206 23521
1232 2149
1244 23516
1255 2166
1256 15658
1265 6882
1359 23134
1361 4048
1361 11234
1361 14642
1361 15168
1361 15472
1361 18546
1361 23543
1365 20750
1369 3484
1413 15168
1446 11103
1470 9168
1470 9245
1470 12358
1470 15592
1470 15658
1470 18153
1470 23506
1470 23572
1476 23532
1600 9152
1600 16560
1612 9245
1636 1922
1636 2019
1636 5822
1636 22412
1636 23493
1636 23528
1636 23566
1657 4117
1657 4135
1687 17969
1687 18153
1763 5065
1763 15764
1763 16869
1763 23175
1792 23539
1794 23563
1831 15592
1831 19804
1831 23524
1877 10558
1879 9573
1879 15865
1917 3107
1917 9573
1917 9903
1917 22209
1917 23420
1917 23559
1922 2582
1922 5362
1922 5455
1922 5493
1922 6203
1922 7516
1922 15593
1971 3484
1971 10818
1971 16569
1972 8082
1972 23420
2019 11751
2019 19320
2052 17867
2062 5468
2062 8688
2062 21127
2149 3158
2149 20673
2158 2795
2166 5479
2177 2756
2177 3313
2177 21309
2199 23283
2223 4135
2223 9152
2223 9245
2223 17382
2223 23560
2223 23567
2254 4339
2254 23015
2254 23500
2286 2324
2286 18663
2313 14970
2324 5366
2324 9466
2324 23571
2333 21546
2333 23420
2389 4787
2455 22841
2522 11943
2529 3515
2529 6223
2582 5125
2582 11340
2582 23554
2583 18546
2598 16632
2650 5270
2650 14642
2650 20080
2650 21967
2694 10558
2705 10068
2730 23541
2762 2956
2762 5065
2764 23190
2767 6203
2767 15067
2767 23517
2767 23560
2795 11514
2795 13686
2795 23527
2845 13240
2894 7391
2915 17866
2956 3636
2956 6779
2956 23510
3024 22866
3107 22853
3158 5065
3158 20673
3158 21546
3226 3380
3239 4589
3239 5125
3239 6203
3239 17867
3239 23411
3239 23449
3245 15168
3245 16668
3313 10068
3313 23525
3355 7071
3380 6203
3380 14017
3380 15658
3405 21546
3495 4216
3515 23345
3545 22365
3636 21106
3707 4873
3707 23563
3856 6576
3910 8067
3984 23290
3984 23454
4031 18165
4031 20120
4031 22866
4048 18546
4092 4536
4092 9985
4092 15592
4092 16182
4092 21451
4092 23471
4117 4216
4117 9483
4117 11751
4135 6503
4135 14642
4135 22303
4135 22594
4135 22858
4159 17378
4159 17558
4187 16632
4187 18908
4187 23545
4216 6429
4216 6596
4216 15505
4216 22768
4339 4949
4339 12358
4382 22622
4382 23572
4419 22537
4507 5065
4507 23540
4508 4771
4530 15067
4536 5065
4536 6429
4536 9985
4536 23563
4585 17581
4589 5616
4589 6596
4771 23504
4787 23283
4839 23164
4924 15067
5049 10558
5065 6203
5065 6503
5065 6596
5065 7071
5065 7290
5065 10382
5065 20656
5065 22003
5065 22412
5065 23175
5065 23563
5089 6223
5107 22622
5119 9309
5119 16461
5119 17558
5119 22003
5119 23271
5119 23520
5119 23542
5125 6779
5128 23524
5157 7071
5265 16632
5267 23538
5270 20437
5270 23549
5272 23500
5362 15947
5362 17969
5362 18153
5362 22398
5362 23493
5366 18663
5366 22671
5366 22932
5479 22594
5479 22671
5550 7666
5616 6203
5616 14677
5649 5831
5658 9573
5720 12770
5720 15947
5720 21085
5816 10409
5822 17671
5822 20765
5938 18847
5938 23548
6189 23571
6203 10273
6203 17382
6203 22003
6203 23520
6373 9245
6373 15865
6373 16327
6373 23501
6399 18466
6429 6503
6429 9903
6429 20959
6429 22853
6429 23499
6429 23563
6448 23553
6498 17692
6498 23261
6498 23502
6596 13514
6596 23514
6596 23559
6596 23563
6605 15947
6618 22671
6623 10157
6624 23175
6624 23447
6779 15592
6779 23510
7000 23414
7071 7391
7071 10409
7097 10818
7097 15168
7335 23539
7399 21169
7839 15113
8043 17692
8071 23522
8124 10558
8197 11203
8208 10068
8225 23345
8565 18260
8626 14044
8626 23502
8688 16830
9152 9423
9152 17382
9152 23551
9152 23570
9168 9245
9245 21642
9309 16461
9309 18581
9323 22858
9425 23276
9425 23533
9427 15372
9466 11203
9469 17558
9649 23551
9789 15168
9818 18470
9888 23495
9903 15720
9977 18260
9994 10846
10293 23524
10293 23536
10409 11340
10456 23511
10520 16182
10558 23283
10596 23363
10596 23557
10789 21774
10789 22916
10789 23574
10818 23283
10846 15875
11203 22412
11214 23276
11234 20750
11340 14642
11340 18551
11340 22916
11340 23508
11359 23574
11565 22315
11943 22946
12358 23573
12807 22600
13097 20673
13656 21106
13698 20921
13735 23514
13735 23526
13864 23562
14903 23524
14948 16809
14948 20673
14948 23550
14948 23556
15067 17072
15067 18484
15067 23471
15113 22303
15168 19607
15168 20509
15168 23504
15168 23561
15240 22584
15252 23542
15309 16212
15419 23348
15505 23509
15648 23514
15709 23524
16102 16349
16212 23276
16298 16560
16349 19261
16549 16569
16549 22544
16549 22932
16549 23559
16809 20323
17378 17558
17382 17955
17382 19576
17465 21546
17548 17955
17548 20740
17558 17814
17558 19911
17814 23530
17969 22398
18120 20220
18190 23571
18383 21033
18466 23503
18470 20374
18470 23190
18470 23411
18470 23526
18674 23566
18847 23548
19116 23568
19629 23523
19696 23175
20120 23551
20220 22412
20435 22315
20593 23507
20673 23489
20676 23512
20959 23168
21058 23276
21280 23529
21732 23462
21781 23511
22032 23535
22315 23276
22315 23570
22364 23420
22512 23489
22661 23489
22798 23558
22946 23522
23026 23489
23046 23565
23168 23512
23168 23559
23168 23572
23190 23513
23345 23552
23363 23530
23417 23489
23426 23489
23434 23472
23546 23547
23550 23556
23554 23555
23568 23569
