19 9649
28 22862
29 6498
42 839
42 1058
42 22315
42 23570
42 23586
42 23617
48 1990
48 20279
73 23639
76 2204
76 5272
76 6429
76 8298
76 10201
76 10293
76 21000
76 22591
76 23628
76 23629
80 2762
83 15302
97 1990
103 8068
103 17542
110 2158
110 3158
110 10558
110 17095
110 18918
110 21876
110 22703
110 23501
110 23643
122 2762
122 15505
128 280
133 19970
138 1675
138 2254
138 9985
138 14677
138 22862
138 23581
138 23592
138 23617
138 23624
138 23637
139 1235
158 280
158 762
158 6917
158 17866
158 20673
158 23596
158 23645
174 7281
184 22892
190 8565
196 5065
226 10818
236 1002
236 11751
267 7534
267 15242
280 686
280 762
280 1517
280 1636
280 1825
280 7290
280 11751
280 14621
280 19345
280 23344
304 5065
304 23601
315 3727
315 10399
315 22858
315 23592
335 23646
354 18687
383 2284
395 4946
412 1365
412 2583
412 2762
412 16869
412 18696
412 22866
413 3313
432 4783
434 15067
434 23630
505 11565
505 13489
505 16843
505 17866
505 18470
505 20656
506 19488
510 8363
528 23616
546 9130
573 968
573 23631
577 2254
577 15557
608 1675
610 2762
610 7399
610 14748
610 20435
610 23582
613 15067
613 21661
613 21737
613 23577
618 5065
618 7290
618 7391
618 15557
618 23581
618 23607
621 23575
641 2762
641 18208
712 23633
721 23616
725 23163
726 23634
729 23570
736 6429
736 19229
762 18681
781 23588
803 2254
837 4839
839 9536
839 22858
852 3458
881 2583
881 23576
891 2019
907 15706
948 2669
1002 14677
1002 23626
1012 5935
1041 23163
1057 9245
1065 2223
1065 23640
1106 23623
1115 16212
1144 9130
1144 23626
1164 23168
1170 18470
1185 3313
1206 3458
1264 17969
1361 3495
1361 14026
1361 22798
1365 1470
1365 4092
1365 4187
1365 6498
1365 11103
1365 18208
1392 23567
1392 23570
1393 1470
1470 2762
1470 3796
1470 6498
1470 9245
1470 12358
1470 15553
1470 18208
1470 23624
1539 23583
1604 1636
1604 1787
1604 2057
1604 2627
1604 14748
1604 18208
1633 19157
1636 2762
1636 4187
1636 8969
1636 14026
1636 15067
1636 15553
1636 23576
1636 23577
1657 4117
1657 7593
1675 23622
1737 21661
1742 21121
1742 23632
1763 11779
1763 16869
1763 22798
1787 22765
1807 2324
1807 15505
1831 23267
1836 22657
1917 18470
1917 19157
1917 20663
1917 22211
1972 23588
1990 21180
2012 4092
2019 20700
2095 3458
2095 5007
2102 18470
2118 23605
2158 2795
2204 23618
2223 2974
2223 4187
2223 4946
2223 20435
2223 23363
2223 23567
2254 2583
2254 4339
2254 5362
2254 6448
2254 8565
2254 10440
2254 10925
2254 15557
2254 18470
2254 18696
2254 23409
2254 23600
2254 23608
2254 23624
2272 23420
2284 2627
2295 3509
2313 22412
2324 14677
2324 18470
2324 21672
2389 19627
2399 5935
2527 8565
2529 15706
2582 15067
2583 2762
2583 2930
2583 5009
2583 23629
2608 23599
2619 16102
2619 23587
2627 23586
2729 22291
2748 23575
2756 22862
2762 4839
2762 5065
2762 6624
2762 14026
2762 18208
2762 20393
2762 20921
2762 22866
2762 23363
2762 23576
2762 23612
2767 3712
2767 15067
2767 16869
2775 5084
2795 3158
2795 10705
2795 21546
2795 21718
2795 23626
2816 23642
2839 4523
2868 3417
2930 8712
2943 23587
2974 14948
2974 23363
3003 23584
3030 4135
3030 4234
3030 16830
3030 19970
3030 23250
3158 6570
3166 22657
3171 15750
3226 3495
3307 22798
3313 9152
3313 22862
3381 5125
3381 5272
3381 15671
3458 3707
3458 6800
3458 10347
3636 19637
3707 15706
3707 22862
3727 3984
3727 5938
3727 16525
3727 23592
3739 7391
3787 23599
3796 4092
3811 11536
3910 20291
3984 19229
4031 23047
4031 23599
4031 23614
4048 16869
4059 7399
4080 8565
4092 6789
4092 9985
4092 11762
4092 12255
4092 15067
4092 18193
4092 22798
4092 22823
4092 23597
4116 5100
4117 4507
4117 14677
4117 23592
4135 5065
4135 7399
4135 18470
4135 22594
4135 23629
4187 5084
4187 8969
4187 15067
4187 16869
4187 18681
4187 20558
4187 23577
4187 23597
4234 23609
4339 14272
4382 23635
4419 15557
4419 21546
4488 10347
4507 23606
4518 23613
4532 23591
4536 10619
4536 12523
4536 21711
4536 23638
4546 23501
4727 6189
4765 23626
4839 23363
4839 23577
4907 23627
5007 17955
5009 23644
5021 5501
5065 6339
5065 6429
5065 7708
5065 9985
5065 10399
5065 10619
5065 14026
5065 15067
5065 15168
5065 18681
5065 18949
5065 20656
5065 22852
5065 22858
5065 23168
5065 23578
5065 23579
5065 23601
5089 6223
5089 16261
5100 17587
5119 8969
5119 9789
5119 23482
5119 23585
5119 23634
5125 23637
5193 16830
5193 23168
5193 23501
5270 10705
5270 19032
5272 15671
5362 15505
5362 15947
5362 19157
5362 23601
5366 6779
5366 11751
5366 20220
5366 20700
5366 22932
5366 23297
5455 23597
5471 16843
5478 8298
5493 14677
5616 14677
5616 17772
5658 15706
5720 12770
5720 22798
5816 23644
5822 20765
5935 23601
5935 23621
6142 10273
6203 9152
6339 18681
6339 23168
6373 15113
6429 9888
6429 12523
6429 15557
6429 21400
6429 22858
6429 23599
6448 22291
6498 8363
6498 11565
6498 15709
6498 17955
6498 22798
6506 9985
6596 23638
6629 21119
6779 23585
6789 14948
6817 23641
6917 12620
6917 16212
7000 20663
7290 15557
7335 23001
7340 22351
7391 10399
7391 15557
7391 20656
7391 21400
7534 16753
7708 11340
7708 23582
7718 10333
7792 9809
8055 20673
8067 19600
8071 23522
8093 15706
8119 19607
8197 16099
8208 10068
8225 9956
8298 23168
8478 23540
8688 18949
9158 9168
9245 23600
9323 10619
9472 22351
9472 23625
9565 22866
9789 15168
9789 15472
9789 20509
9888 10925
9888 22866
9977 23632
9985 16946
10268 23617
10409 10619
10409 22291
10520 16103
10520 23604
10592 23598
10596 17968
10619 12358
10759 23603
10789 15113
10789 15918
10789 23574
10789 23620
10846 22852
10925 16549
10988 22932
11340 23046
11340 23482
11340 23572
11340 23620
11565 22798
11565 23637
11751 21209
11779 23580
12126 23181
12358 14677
12358 23581
12358 23621
12358 23624
12421 23297
12620 15372
12620 16349
12804 23619
13014 22858
13097 22351
13653 20656
13653 23607
13735 16218
14272 15168
14417 23623
14481 23363
14677 15505
14677 18470
14677 23283
14903 23593
14948 22381
15067 18038
15113 23168
15168 16869
15168 20509
15168 21916
15168 23457
15168 23567
15168 23572
15240 15553
15252 21458
15472 19600
15505 23509
15505 23601
15505 23624
15557 16549
15557 20220
15557 21086
15618 22515
15706 16349
15706 16436
15706 17853
15706 23276
15709 23641
15823 18696
15875 21546
15875 22972
15875 23626
15875 23631
16033 22032
16033 22315
16099 16639
16102 16349
16128 23642
16138 17795
16182 18165
16182 23581
16322 23590
16327 23580
16349 23628
16549 20700
16549 21209
16549 23090
16554 19970
16554 20673
16554 23047
16554 23632
16592 22862
16610 23629
16629 23617
16666 20762
16830 23629
16869 22866
16963 21546
17095 22355
17379 23590
17427 21085
17545 21546
17545 23501
17548 17955
17548 21467
17692 21619
17692 23623
17955 23594
17955 23596
18190 20458
18208 19804
18208 23440
18466 18470
18470 23482
18470 23589
18866 22913
18866 23425
19197 21546
19197 22364
19301 23168
19345 19600
19970 21121
20120 23168
20349 23595
20435 23168
20435 23582
21121 23168
21546 22364
21619 23623
21967 23583
22032 23363
22315 23570
22425 23363
22790 23585
22866 23602
22972 23168
23083 23589
23168 23575
23168 23604
23168 23621
23168 23642
23297 23582
23471 23586
23495 23615
23578 23579
23582 23604
23610 23611
23614 23629
23635 23636
