26 2619
26 7290
26 23283
26 23733
26 23764
28 762
28 23769
29 4234
29 10191
29 17587
42 95
42 20673
46 14417
48 13533
73 21830
76 968
76 1255
76 4577
76 6362
76 13240
76 19292
76 20673
83 196
83 2762
83 23191
88 9573
95 8071
95 23191
97 23698
108 226
110 3935
110 7399
110 11718
110 15113
110 21546
110 22085
110 23283
110 23743
122 1365
122 23710
138 1065
138 11779
138 17866
138 22798
138 22946
138 23731
138 23755
152 13240
153 2583
153 2767
153 5616
153 6779
153 7801
153 10068
153 17866
153 19720
153 23770
158 1255
158 8119
158 17866
158 23780
184 881
184 4589
196 2762
196 15246
196 23175
196 23191
258 3984
258 5616
258 22303
258 23707
284 10596
297 5929
315 5065
315 20724
315 22858
315 23753
315 23762
318 354
318 6503
351 3935
370 839
408 7522
444 5065
444 11340
467 5065
467 9317
505 23765
510 21830
546 23719
546 23742
556 22425
568 23727
573 7399
573 8472
577 15557
589 18077
610 1365
610 5119
610 7391
610 11340
610 14062
610 15553
610 16461
610 23083
610 23191
611 17498
613 730
617 17866
618 15557
621 2762
621 20724
621 21280
621 23191
641 10600
642 2488
678 1990
678 2062
729 2756
729 22906
730 1922
730 3579
762 852
762 1256
762 3313
839 18920
839 23420
839 23719
852 3313
852 21304
852 22872
881 14677
881 23719
881 23758
891 18470
911 23739
921 16569
968 2619
968 10409
968 20494
1002 20673
1005 15168
1057 1922
1058 22340
1060 18335
1106 6084
1115 8682
1115 16212
1198 2529
1198 3501
1198 12065
1198 15085
1198 22852
1200 5141
1200 23672
1206 4563
1206 9309
1206 22872
1206 23672
1206 23731
1206 23742
1223 8147
1255 1390
1255 1836
1256 9985
1256 18592
1335 1365
1361 2095
1361 2762
1361 4589
1361 5065
1361 22946
1361 23264
1361 23725
1365 4092
1365 5119
1365 8071
1365 9309
1365 10068
1365 19292
1365 21480
1365 22150
1392 11360
1395 15474
1407 21480
1483 23724
1514 7391
1540 20765
1540 23731
1604 12953
1628 22425
1628 23740
1632 23679
1636 5065
1636 5119
1636 23769
1787 21480
1794 15557
1794 18335
1794 21687
1917 9536
1917 23727
1922 2583
1922 8067
1922 15240
1922 17867
1922 18713
1990 6498
2012 23755
2062 5270
2062 6498
2095 4839
2095 14748
2095 23725
2124 10304
2197 9130
2223 20076
2223 23741
2240 17867
2243 4187
2256 5938
2256 11103
2256 23731
2319 7399
2319 18319
2324 23763
2390 23230
2399 5616
2488 9985
2488 23770
2512 20386
2529 9309
2582 12065
2583 3910
2583 5065
2583 5272
2583 7801
2583 9466
2583 13162
2583 22150
2583 23775
2619 23689
2619 23749
2650 5119
2650 11340
2739 20076
2756 4382
2756 20775
2762 3405
2762 5938
2762 21622
2762 23191
2767 5065
2767 9130
2767 14062
2767 17772
2767 20579
2767 23766
2767 23770
2786 3935
2795 21177
2795 22906
2795 23750
2816 23698
2825 15168
2839 9396
2868 12070
2868 23256
2894 23738
2930 23191
3030 7230
3041 23723
3056 15168
3107 22235
3158 23283
3226 22150
3239 11808
3239 23717
3239 23777
3405 23756
3484 20673
3484 22872
3496 23586
3545 17866
3636 17015
3636 23749
3707 15709
3707 22872
3764 5241
3910 5272
3910 9245
3910 11943
3921 4048
3935 21619
3935 23283
3984 11565
3984 17866
3984 22303
3984 23290
4031 20793
4092 4187
4092 13162
4092 21451
4092 22150
4092 23713
4092 23717
4092 23728
4117 17015
4117 23736
4117 23756
4187 4589
4187 11565
4187 15246
4187 22150
4187 23648
4216 23191
4234 17587
4248 19676
4248 23168
4382 21675
4397 9317
4419 20793
4536 5065
4536 23751
4577 5065
4577 6373
4585 15168
4589 5362
4589 9245
4589 11943
4746 4765
4783 23719
4783 23722
4839 10596
4839 19292
4860 23180
4866 17867
4866 19261
4879 16091
4886 10068
4924 23721
5009 9317
5049 5649
5049 23769
5065 5616
5065 5649
5065 6429
5065 6779
5065 7391
5065 9466
5065 11203
5065 11565
5065 17179
5065 18693
5065 20724
5065 21946
5065 22768
5065 23191
5065 23714
5065 23731
5065 23762
5089 15246
5119 15168
5119 23756
5119 23759
5125 11751
5125 20915
5125 23283
5125 23773
5128 23737
5141 20793
5215 5362
5215 6779
5215 16549
5267 20508
5270 5488
5270 7290
5362 17015
5362 22798
5366 20673
5366 23719
5366 23761
5455 23772
5468 20579
5468 23698
5479 15113
5488 6498
5616 5649
5616 6203
5616 8067
5616 15553
5616 23735
5720 23736
5720 23749
5859 10203
6203 17866
6362 8472
6373 15113
6373 19268
6373 20376
6373 23175
6429 15557
6429 21243
6429 21687
6429 23762
6498 23720
6503 21121
6596 9317
6596 18768
6640 23752
6659 21939
6779 9466
6779 10164
6779 17432
6779 18077
6779 23739
6817 10068
6852 9985
6917 19602
6945 23191
7097 23764
7364 10347
7391 15113
7391 15557
7741 16549
7839 23493
8067 23749
8093 10558
8119 14340
8119 17866
8197 15168
8197 16569
8197 20912
8197 23026
8197 23773
8363 23698
8428 11565
8428 18470
8478 21215
8688 23698
8970 19849
9152 10420
9152 23747
9236 13240
9245 17866
9309 16461
9323 10596
9425 20080
9466 11203
9466 23724
9469 10198
9789 23772
10018 18768
10273 12911
10347 11565
10420 12719
10520 23596
10596 15987
10818 20494
10818 20673
10846 19156
10869 19234
10911 18085
10911 22314
10941 18470
10941 23754
11103 19261
11203 23773
11335 23729
11340 20724
11340 23665
11340 23732
11340 23746
11340 23748
11565 20955
11565 23707
11565 23730
11644 20673
11751 22340
11779 21280
12255 16617
12358 18077
12358 23715
12409 19208
12718 23745
12953 22280
12953 23449
13280 23191
13486 23727
13773 14303
14062 15168
14218 23744
14364 23608
14417 17692
14417 21280
14948 20485
14948 23728
15067 17072
15067 22702
15067 23742
15151 23283
15168 15505
15168 16569
15168 22412
15168 23026
15168 23276
15168 23707
15240 23778
15472 21946
15474 23726
15553 17015
15553 23731
15670 23716
15670 23718
15709 16099
15709 17955
15709 18190
15709 20724
15709 21622
15709 23770
15720 23599
15865 23738
15875 21546
16099 20494
16099 23264
16549 23763
16569 17374
16907 22872
17761 23771
17866 22150
17866 23469
17955 21946
17955 23713
18148 18736
18148 23737
18190 23680
18260 20793
18335 19211
18335 23256
18858 23747
18920 22364
19602 22544
19602 23760
19843 20485
20076 23738
20220 23749
20393 23774
20654 22150
20673 22853
20673 23283
20771 23691
20921 23707
20971 23493
21619 23769
21622 22790
21675 22892
21967 23764
22024 23168
22150 23713
22600 23168
22624 23724
22624 23779
22654 23768
22858 23168
23050 23344
23092 23283
23092 23479
23168 23734
23168 23755
23168 23756
23283 23750
23283 23764
23349 23767
23425 23757
23713 23714
23769 23781
23775 23776
