2 1470
7 26
7 42
7 226
7 839
7 1972
7 18077
7 23794
7 23854
13 110
26 3405
26 23847
28 23472
29 48
29 73
29 6124
29 8472
29 16099
36 3935
42 852
42 1359
42 4866
42 6596
42 6779
42 10763
42 15472
46 1441
46 23271
48 6124
73 138
73 1990
73 2692
73 23639
76 184
76 729
76 904
76 968
76 2692
76 2767
76 4092
76 5049
76 5501
76 8567
76 15168
76 18681
76 20053
76 20702
76 21000
76 21280
76 23305
76 23796
76 23808
76 23816
76 23850
76 23851
80 23803
87 16907
88 3984
88 9573
95 23784
97 781
110 1164
110 3405
110 10558
110 10846
110 13276
110 15041
110 15113
110 17854
110 23811
110 23836
110 23837
110 23854
110 23856
138 2868
138 20750
138 23778
138 23824
153 12366
158 15246
158 23780
167 21000
184 5720
184 16099
226 8688
253 23782
258 9323
258 23854
280 803
280 6692
311 6917
311 15683
315 10399
370 15526
370 23420
383 23828
412 5125
434 1612
434 15113
459 904
467 21316
467 23493
519 23844
528 12255
532 12358
536 1540
546 22467
546 23785
577 618
577 904
613 904
618 904
618 6429
618 20945
621 4135
621 7391
621 21619
621 23839
641 18077
682 7741
682 23168
729 21280
736 9323
736 20945
736 23841
736 23854
773 4135
796 6503
803 2775
803 8067
803 23164
803 23733
837 22793
839 6569
852 6800
852 17321
852 21304
852 21895
852 23778
852 23783
852 23810
852 23843
852 23854
881 4536
881 18077
881 23775
881 23823
897 23855
904 1365
904 1636
904 2767
904 2868
904 9425
907 19602
968 16554
1002 1232
1002 10889
1002 23834
1039 16526
1065 9257
1085 23852
1106 18208
1106 23472
1115 2583
1115 12923
1115 15683
1115 22683
1185 13425
1200 14062
1200 23672
1206 18592
1232 1413
1232 5366
1232 16549
1232 23283
1255 2619
1255 6978
1278 20673
1359 1470
1359 17761
1361 2704
1361 8863
1361 22831
1361 23775
1361 23790
1361 23830
1365 21177
1365 23788
1365 23808
1413 6781
1413 11228
1413 23840
1470 3239
1470 4187
1470 4589
1470 14617
1470 23731
1470 23775
1470 23790
1470 23792
1470 23838
1540 5616
1604 2627
1604 8566
1604 12953
1636 2582
1636 2868
1636 4589
1636 6332
1636 23799
1636 23816
1691 2670
1691 4297
1691 6189
1691 21895
1763 12319
1763 13990
1763 15113
1763 21472
1763 22315
1763 23772
1763 23814
1763 23849
1794 23854
1813 4187
1825 15557
1877 22657
1879 20076
1917 5065
1917 11642
1917 21316
1917 22467
1917 23829
1917 23846
1917 23847
1922 2583
1922 17867
1922 22003
1922 23842
1990 18539
1990 22994
1996 23420
2095 22958
2124 9045
2204 21316
2223 15683
2223 23801
2223 23854
2240 20038
2240 23806
2286 13708
2333 23804
2350 4106
2529 3707
2529 5720
2529 9309
2529 23808
2529 23855
2582 17015
2582 21810
2582 23795
2583 2694
2583 2704
2583 2767
2583 3910
2583 4507
2583 4536
2583 5065
2583 5455
2583 5616
2583 5933
2583 7801
2583 11340
2583 17955
2583 18077
2583 21810
2583 22793
2583 23196
2583 23731
2583 23798
2583 23838
2669 10558
2692 5049
2715 21472
2756 23778
2762 11953
2762 23783
2767 3984
2767 12319
2767 14062
2767 22455
2767 23838
2775 23164
2786 11066
2795 19442
2795 22906
2795 23850
2816 21000
2845 23168
2868 9168
2868 21368
3024 21619
3030 4873
3030 15113
3065 9800
3158 5501
3226 4589
3239 22722
3239 23777
3307 5822
3313 13425
3313 23808
3313 23838
3313 23854
3380 10925
3381 23768
3405 4135
3405 21619
3405 23271
3405 23837
3405 23838
3496 17072
3522 21280
3634 4135
3634 15720
3636 4589
3636 22455
3648 4873
3707 13284
3707 23778
3707 23783
3707 23808
3843 7666
3910 23786
3910 23822
3960 23591
3984 4589
3984 5237
3984 6596
3984 13566
3984 22455
4011 6332
4011 23819
4092 6789
4092 13162
4092 17955
4092 20053
4092 23831
4117 4589
4117 9323
4117 23842
4117 23854
4117 23855
4135 15683
4135 21661
4140 23808
4171 21316
4187 10520
4187 11565
4187 15246
4187 22793
4187 22892
4187 23802
4188 13162
4368 23855
4382 12319
4382 19058
4397 5065
4493 6429
4507 4589
4507 10869
4530 15168
4536 5009
4536 5065
4536 6596
4536 12358
4536 15505
4536 18077
4589 6203
4589 11376
4702 7666
4771 20673
4771 23808
4783 7792
4809 21741
4839 17903
4839 23792
4839 23807
4873 14044
5009 6596
5009 14407
5009 18077
5065 5125
5065 6596
5065 7391
5065 8067
5065 15401
5065 16033
5065 23159
5065 23191
5065 23731
5065 23806
5065 23809
5083 5125
5089 16436
5119 6789
5119 8863
5119 12366
5119 23759
5119 23840
5125 6779
5125 11751
5125 15921
5159 23785
5270 8567
5272 23840
5362 13489
5366 23798
5468 21000
5471 11963
5493 23827
5501 6373
5501 7399
5501 12523
5501 15875
5616 18190
5720 9309
5816 22467
5822 13735
5822 17027
5831 23733
5948 23856
6030 23168
6108 9396
6203 6779
6203 11376
6203 23831
6203 23832
6332 23582
6373 7666
6373 12793
6373 15113
6373 23802
6373 23841
6400 23791
6429 6779
6429 7433
6429 17015
6429 20260
6429 23829
6448 10925
6448 23846
6498 15987
6503 23815
6596 17867
6596 18077
6779 13656
6789 14948
6800 16436
6800 23810
6817 21895
6917 15683
7213 21810
7290 18077
7290 20945
7290 23822
7391 7583
7391 23809
7391 23844
7433 23821
7516 23731
7534 23798
7583 23305
7666 23168
7741 16182
7741 23812
7801 10273
7801 11340
8093 17072
8164 19292
8197 15709
8281 23119
8298 9818
8298 20673
8305 15168
8363 21280
8392 9245
8428 12255
8494 23420
8494 23800
8688 20673
8743 15973
8744 11340
8863 14017
8863 14970
8981 22793
9056 23168
9168 22003
9168 22872
9168 23816
9181 23854
9245 9466
9245 12358
9245 22793
9245 23731
9245 23799
9257 11943
9257 17015
9257 17382
9309 10006
9309 23805
9309 23808
9323 23854
9466 23731
9789 10925
9789 12319
9789 16099
9789 23772
9800 15168
9888 15683
10018 12255
10075 23793
10314 11242
10347 23817
10409 13018
10409 16574
10409 23420
10763 23824
10789 19951
10818 23420
10889 16549
10925 15168
11203 15472
11203 23796
11242 19058
11340 21933
11340 23838
11376 12602
11376 17811
11376 23420
11565 12319
12114 17015
12319 15168
12358 22793
12358 23790
12358 23816
12358 23844
12358 23848
12557 19058
12923 17955
13018 16574
13097 16213
13184 23845
13280 20053
13486 22209
13486 23801
13515 23825
13708 23283
14002 23854
14044 21000
14417 14458
14617 19791
14948 23779
14948 23826
14948 23835
14970 17382
15067 22003
15067 22702
15113 15168
15113 22434
15168 15700
15168 16364
15168 19356
15168 22412
15168 23814
15168 23837
15240 17015
15309 15683
15309 22683
15505 23798
15505 23854
15592 23823
15700 17866
15709 16099
15709 16907
15859 17086
15875 23271
15875 23834
15875 23856
15970 22625
16099 21280
16182 18165
16182 18681
16461 23808
16549 23731
16549 23836
16554 20673
16617 23816
17072 17955
17086 22026
17086 23797
17692 19962
17761 23731
17761 23771
17866 20955
17867 23790
17955 23812
18190 23843
18208 20076
18208 23850
18470 19587
18617 23420
18847 23809
19116 23799
19258 23838
19258 23842
19317 20435
19538 23810
19595 23853
20038 23806
21000 23305
21546 21876
21622 22209
21622 23783
21622 23792
21622 23813
21661 23789
21895 23168
22024 23168
22600 23168
22624 23801
22624 23802
22624 23833
22782 23787
23046 23363
23196 23731
23517 23818
23582 23838
23798 23820
23854 23855
