7 10952
7 22203
28 19430
29 4117
42 455
42 11203
42 18484
73 2650
76 461
76 2608
76 3984
76 16904
76 20508
76 24006
76 24030
76 24050
87 5720
87 8562
87 15790
110 897
110 1002
110 1709
110 3636
110 4882
110 7097
110 12643
110 15151
110 20508
110 21718
110 22454
110 23479
110 24010
110 24031
110 24041
138 810
138 3910
138 16922
138 23457
138 23950
138 24002
138 24044
153 5007
153 12074
153 22144
153 23582
158 17316
184 1106
184 6779
184 23169
184 24010
184 24048
190 2158
196 21326
239 5119
239 15168
258 1198
258 4140
258 5362
258 15168
258 24046
298 24056
315 4702
412 17886
434 24052
455 15067
455 19600
455 22892
455 23921
455 24001
455 24004
461 2730
461 3405
461 24003
461 24006
461 24009
497 2177
528 24009
531 18190
546 4589
613 22002
621 21614
659 6498
691 13485
736 24050
762 21280
785 23608
837 20299
839 24002
852 1206
852 3313
852 3910
852 5720
852 5859
852 7534
852 12366
852 13112
852 13280
852 20224
852 22380
852 22392
852 24034
852 24053
881 22144
883 21013
891 24009
904 1206
904 12366
922 24045
968 3935
1002 1709
1056 8752
1057 13074
1065 21866
1115 15309
1131 23192
1198 5362
1198 24046
1206 12366
1206 24026
1206 24034
1206 24053
1255 1390
1256 5859
1256 13694
1256 24034
1359 24015
1361 2762
1361 3495
1361 13280
1361 21622
1361 24043
1365 1604
1365 3636
1365 4589
1365 9529
1365 12366
1365 15553
1365 23168
1365 24010
1365 24053
1369 14451
1392 23582
1470 7534
1540 2762
1540 5119
1540 9404
1636 21622
1636 24010
1661 24051
1709 7097
1763 21326
1763 24012
1785 17955
1794 5366
1794 24014
1831 5616
1831 22798
1877 7399
1922 2583
1922 5362
1972 4589
1972 15852
1972 16349
2019 5480
2019 21672
2020 9152
2052 15240
2147 2268
2158 13280
2158 13859
2223 24029
2256 24060
2286 21672
2292 16617
2313 2770
2324 24016
2437 22657
2488 3984
2499 9152
2499 9182
2526 18208
2582 5065
2583 3707
2583 5065
2583 9466
2583 15299
2583 16922
2583 19600
2583 20559
2583 22798
2583 23845
2583 23996
2583 24016
2583 24043
2583 24053
2608 24030
2619 17558
2650 3505
2650 24010
2669 4419
2687 22002
2718 20437
2762 5065
2762 5119
2762 8067
2762 9168
2762 22002
2767 5119
2767 15113
2767 17382
2767 17886
2767 17955
2767 22002
2767 23915
2767 23994
2767 24001
2770 8067
2770 17867
2770 17985
3065 24010
3123 4031
3123 5831
3123 14044
3123 16410
3220 24061
3239 21622
3313 3707
3313 13485
3313 17477
3313 20224
3417 20388
3442 5672
3442 16099
3484 6429
3634 20508
3636 7534
3636 15168
3636 20130
3636 20146
3636 21622
3636 24010
3636 24043
3639 24056
3707 13112
3707 14002
3707 17477
3707 23808
3707 23950
3707 24053
3816 23921
3910 15168
3935 16099
3935 20138
3984 7109
3984 9565
3984 24010
4031 16410
4031 17316
4031 21127
4056 10600
4057 22883
4092 4589
4092 10258
4092 12332
4115 9901
4117 4779
4117 24006
4117 24037
4140 24038
4187 23921
4419 20508
4419 21718
4419 23479
4536 23825
4536 24014
4589 5706
4589 6779
4589 10258
4589 15240
4589 17867
4727 7516
4765 11241
4765 23493
4771 20508
4822 23825
4839 22002
4839 23999
4866 17886
4882 6784
4882 15875
4924 21033
5007 22002
5049 17316
5065 6624
5065 6781
5065 20559
5065 22144
5065 23321
5089 24023
5119 12366
5119 19414
5119 20559
5119 20889
5119 21614
5119 23457
5119 24007
5119 24010
5119 24019
5119 24054
5119 24057
5125 24009
5141 7571
5366 9466
5366 9565
5366 24016
5366 24032
5373 12643
5373 20508
5480 21672
5518 14948
5616 22798
5616 24015
5616 24056
5618 24021
5681 23825
5720 22798
5816 24009
5859 13694
5859 24034
6136 23977
6189 24010
6189 24053
6203 24028
6373 18794
6429 6596
6429 7107
6429 11580
6429 15113
6429 15309
6429 23434
6429 23578
6429 23825
6429 24002
6498 22715
6596 8197
6596 16617
6596 22203
6596 22935
6596 24014
6619 24014
6708 21386
6776 7534
6779 9565
6779 15168
6779 20508
6779 22203
6779 24007
6779 24009
6779 24044
6781 23168
6942 24002
7109 15168
7335 22002
7391 13061
7391 14461
7399 9649
7399 10846
7526 14303
7534 10068
7534 10347
7571 18539
7571 23168
8055 15875
8067 15168
8067 16904
8067 21622
8067 24008
8067 24009
8067 24014
8067 24044
8197 13061
8298 23583
8363 17103
8363 23583
8392 21614
8411 22203
8494 23681
8525 22800
8752 12643
9036 16322
9152 9586
9152 13280
9152 17955
9152 21384
9152 23921
9152 24012
9309 23808
9323 9565
9466 24009
9466 24016
9565 15299
9565 16099
9565 24010
9565 24034
9586 24055
9789 24049
10018 24014
10492 22002
10685 17955
10941 21672
10952 13566
10952 24024
11103 24013
11241 23493
11340 12074
11340 21326
11340 24010
11340 24029
11340 24044
11580 19292
11679 16261
11863 13017
11963 15108
12074 17302
12332 14529
12366 21326
12366 24010
12366 24020
12366 24026
13061 17867
13061 24032
13280 15240
13280 23168
13485 16615
13515 23825
13694 24034
13859 20014
14017 24034
14461 17587
14924 24040
15067 16922
15067 20841
15067 22472
15067 24004
15085 22892
15113 21262
15113 22002
15113 23168
15151 15875
15151 21967
15168 18470
15168 20066
15168 24032
15184 23167
15240 16965
15240 18173
15299 24010
15309 23578
15505 17382
15553 24010
15823 19258
15875 21546
15875 21718
15875 22454
15875 24009
16158 20777
16349 24010
16461 24042
16610 21127
17316 17635
17316 20433
17316 23168
17382 17886
17477 24010
17601 24018
17671 24009
17713 22383
17728 24014
17761 23169
17761 24014
17955 23915
17955 24032
17955 24044
18148 24056
18190 24015
18190 24043
18748 23583
19414 22800
19654 24010
19772 24010
19970 23168
20076 24013
20120 23026
20508 23283
20508 23479
20512 23493
20739 24022
20777 23605
20853 21622
20884 23940
20893 21262
21121 21127
21127 23168
21622 23471
21672 24009
21718 23283
21967 24047
22002 24001
22002 24036
22454 23283
22563 24059
22624 24028
22798 23981
23168 24002
23168 24006
23168 24025
23264 24005
23283 23479
23320 24000
23363 23845
23363 24000
23689 24011
23713 24044
23776 24010
23893 24039
24006 24033
24010 24017
24010 24027
24014 24035
24016 24025
24034 24038
24053 24058
