0 8119
4 2223
28 1470
28 10293
29 8363
29 11587
37 138
42 15067
42 19230
46 21000
73 11587
73 24050
73 24086
76 1200
76 3123
76 6009
76 15113
76 21000
76 24072
80 24082
88 19041
95 1799
95 24093
97 19041
103 24072
110 2453
110 4419
110 5581
110 6373
110 12719
110 17923
110 21295
110 24070
122 4092
133 1413
133 2650
133 7391
133 20440
133 24090
138 1200
138 2964
138 10293
138 18271
138 20299
138 23845
151 608
151 22209
158 3984
158 4493
158 4589
158 20633
158 22683
158 23760
158 24072
184 610
184 13061
184 13280
196 10889
196 12366
196 15168
196 16086
253 19301
253 21280
269 24080
315 18949
315 22858
315 24105
383 24069
434 24052
442 3613
455 1922
455 11203
455 24101
461 24077
461 24100
462 13485
467 5272
546 857
546 1106
556 23845
577 23982
608 1106
610 18949
613 4589
613 24088
621 19970
659 3910
682 2839
729 4419
736 24087
760 4589
762 18190
803 22328
837 5616
837 6429
837 20299
839 11214
839 21546
839 24067
852 2670
852 3313
852 3707
852 24053
852 24078
852 24084
857 1106
857 6596
857 11203
881 18122
904 12366
907 23786
917 1636
953 19294
968 2553
1002 22557
1002 24118
1057 3501
1057 13061
1058 1633
1106 2583
1106 11203
1128 13061
1144 18641
1144 21472
1186 2669
1200 24050
1206 18271
1206 20224
1206 24026
1206 24073
1223 8297
1255 1390
1255 1470
1255 10293
1256 4140
1256 24102
1298 21280
1361 3441
1361 10314
1361 15067
1361 22858
1361 24093
1365 2583
1365 6800
1365 7760
1365 12366
1365 14062
1375 17867
1390 4727
1390 10293
1392 12936
1392 24072
1393 22144
1413 2762
1413 24110
1454 1753
1454 2468
1454 4117
1470 2762
1470 4092
1470 15168
1470 22144
1470 24065
1540 12366
1540 23026
1636 2762
1636 4019
1636 16017
1636 21622
1636 22150
1742 3935
1751 24105
1774 10293
1788 11228
1831 13478
1879 24066
1917 4493
1917 21021
1917 24106
1917 24109
1922 18122
1972 4589
1972 19970
1972 22338
2019 2553
2111 3935
2158 22328
2197 23168
2223 21294
2223 23557
2223 23644
2223 24071
2223 24072
2243 2287
2243 2583
2243 17466
2243 23557
2243 24044
2286 13061
2453 5373
2453 23479
2488 24053
2553 12342
2583 3745
2583 4589
2583 9422
2583 10293
2583 17382
2583 17867
2583 19917
2583 20291
2583 21622
2583 22328
2583 22647
2583 22798
2583 23168
2583 23760
2583 24085
2583 24093
2583 24103
2598 13478
2619 24109
2650 18797
2650 20559
2650 21000
2694 21280
2762 4488
2762 10889
2762 11340
2762 13280
2762 14748
2762 15168
2762 24093
2767 5746
2767 7109
2767 7399
2767 9422
2767 15113
2767 15505
2767 16420
2767 17886
2767 18007
2767 22150
2767 24089
2786 10966
2795 17923
2816 17305
3024 5838
3041 21546
3158 12070
3158 12643
3226 4019
3226 24118
3239 19600
3313 3707
3313 5089
3313 6800
3313 16607
3313 18190
3322 24113
3380 22328
3405 6784
3405 17465
3441 15067
3636 16017
3636 22798
3639 5616
3648 14044
3648 17305
3707 24053
3707 24063
3707 24116
3799 18543
3910 4234
3910 16592
3984 6596
3984 10409
3984 13061
3984 15875
3984 23256
4019 13061
4031 17316
4031 19970
4092 12332
4092 19600
4092 22798
4092 23411
4382 7399
4382 22892
4488 5621
4493 6619
4493 10409
4493 17579
4530 5119
4536 5272
4727 22144
4727 23941
4839 23557
4949 15453
5009 14451
5049 9422
5065 5616
5065 6781
5065 8164
5065 10314
5065 11090
5065 18949
5065 21622
5065 24105
5089 18190
5089 23644
5119 8926
5119 12366
5119 13061
5119 13489
5119 19414
5119 22338
5119 24065
5119 24111
5125 17867
5125 24085
5143 10558
5270 21280
5270 24097
5270 24102
5362 6448
5362 15168
5362 19520
5362 22144
5362 24110
5366 22798
5616 6429
5616 16120
5616 17382
5616 20291
5616 22798
5616 23901
5616 24096
5746 9152
5746 24099
5822 16904
5822 16965
6203 20633
6332 11214
6373 12719
6373 18794
6373 24081
6429 8324
6429 12366
6429 21422
6429 23760
6429 23825
6429 24074
6479 15302
6498 19041
6596 16617
6596 18768
6779 21622
6800 7760
6800 9309
6800 16436
6817 10409
7109 21294
7109 22002
7290 23091
7391 13061
7399 12366
7534 13929
7534 22584
7760 12366
7760 17427
8121 23465
8324 24064
8411 20440
8484 8926
8525 9152
8926 24104
8981 10889
9152 11228
9152 12366
9152 16086
9309 12366
9309 16607
9422 10789
9529 19294
9562 13032
9562 23845
10035 24094
10068 10312
10068 24053
10198 24066
10314 10690
10314 15453
10319 11214
10347 11762
10347 13061
10347 15309
10347 22798
10347 24072
10409 23169
10520 20633
10789 10889
10789 16420
10789 22798
10789 23713
10846 16088
10966 17923
11203 20291
11228 23168
11241 18417
11340 12366
11340 17329
11340 24117
11378 24108
11489 16549
11779 16327
11963 15108
12233 17751
12366 15168
12366 18797
12366 20388
12366 24026
12719 17095
12719 21546
13061 15309
13061 17955
13061 22144
13061 22858
13121 21043
13280 24093
13485 16615
13515 23825
14002 24078
14002 24116
14748 24116
14903 23713
14903 24044
14937 23283
15067 22814
15067 24107
15108 24112
15130 21622
15168 15505
15168 18007
15168 21994
15168 22563
15168 24071
15168 24072
15240 22144
15240 24089
15309 16212
15309 22002
15309 23578
15505 22798
15823 18122
15875 17095
15875 21546
16037 24092
16099 16196
16196 23168
16327 19301
16436 16615
16549 20508
16549 23644
16549 24076
16549 24085
16554 17305
16610 19970
16617 24095
16963 21546
17305 21121
17316 23168
17329 17955
17382 23411
17465 21546
17867 19917
18190 20440
18190 21499
18484 22647
18617 24067
18632 19058
19058 20299
19058 22892
19058 24079
19414 22800
19546 23845
19970 23822
20299 24115
21718 23283
21994 23582
22002 22798
22143 22858
22144 24009
22382 22798
22624 24112
22624 24117
22683 23954
22798 23981
22814 23363
23131 23283
23168 24060
23168 24068
23168 24081
23168 24118
23283 24076
23283 24085
23283 24087
23283 24091
23471 24062
23713 24044
23760 24072
23760 24114
23774 23941
23956 24117
24053 24075
24071 24098
24078 24083
