1 5722
7 29
7 3107
19 7760
28 7109
28 10068
28 10347
28 15113
28 16695
28 24023
29 5550
29 23192
42 76
42 15875
42 18589
42 24310
73 1131
76 823
76 921
76 1742
76 4746
76 5270
76 8068
76 16349
76 18539
76 19301
76 22798
76 23192
76 24164
76 24354
95 24334
97 18260
97 24368
110 839
110 921
110 5181
110 10966
110 18607
110 22608
110 23283
110 24312
110 24323
110 24324
110 24330
138 1115
138 8363
138 9562
138 11587
138 12366
138 15631
138 20382
138 22051
138 24196
138 24357
138 24362
145 968
146 686
153 3543
153 6917
153 24344
158 573
158 803
158 5468
158 16695
158 23168
158 23276
158 23768
158 24331
158 24354
158 24355
162 5885
184 15631
190 509
196 1640
196 11580
201 21280
204 258
204 1794
204 2583
204 3636
204 4092
204 5493
204 8197
204 24325
240 21280
258 15168
280 17692
280 23168
315 21545
318 19970
339 19301
370 21000
383 641
385 20382
412 10061
412 24280
497 1717
503 24357
509 8472
546 1333
546 1812
546 5885
546 10061
573 10966
577 2149
577 15553
610 6429
610 8796
618 21545
621 4280
659 3313
659 4092
659 4190
659 7391
659 11751
659 15905
729 16569
729 19970
736 6189
736 8119
736 20627
736 24334
794 7399
803 9562
803 24356
823 5816
837 2762
837 19006
837 24354
839 22608
839 23192
839 23952
852 3313
852 5720
852 5857
852 10068
852 15525
852 24320
852 24327
852 24333
897 24238
897 24368
904 12366
904 24358
921 2669
921 5366
935 24341
968 3787
1002 22051
1002 24308
1012 1985
1012 7534
1012 18646
1012 21578
1012 22144
1013 2233
1039 22664
1057 24322
1058 18260
1058 24074
1058 24326
1065 5690
1065 6817
1135 23168
1144 23099
1198 3935
1198 5119
1198 5471
1198 5479
1198 21782
1255 2122
1255 2669
1255 5270
1255 10293
1256 7534
1268 1392
1280 2142
1281 3041
1281 4589
1281 17885
1298 19301
1333 4536
1333 6596
1333 17741
1359 5366
1359 15505
1359 17015
1361 16770
1361 22155
1365 10061
1365 14017
1365 22798
1369 17753
1390 5065
1390 10293
1413 4106
1470 2583
1470 13061
1470 22144
1514 10846
1514 11580
1517 24308
1527 2437
1540 2286
1540 5065
1540 23655
1550 23590
1636 12116
1636 15553
1636 15918
1636 24308
1640 10846
1640 23168
1664 24347
1687 21622
1763 11580
1763 20435
1763 21955
1763 23560
1831 14017
1831 18148
1831 22504
1831 24316
1831 24350
1836 17753
1836 23283
1877 21761
1879 1917
1879 20627
1917 5501
1917 7109
1917 14006
1917 18401
1917 24324
1971 2158
1971 24309
1972 3716
1985 12222
2019 2599
2019 19970
2019 23090
2019 24308
2102 14677
2122 5144
2158 2324
2158 4106
2158 6373
2158 24309
2158 24310
2177 6982
2204 15935
2223 5065
2223 6142
2223 23877
2223 24294
2240 24344
2254 18190
2256 5724
2313 24351
2333 5119
2437 2669
2488 6982
2488 24292
2529 6800
2583 5065
2583 5885
2583 15168
2583 16770
2583 19229
2583 21092
2583 21627
2583 22051
2583 22144
2583 22946
2583 24202
2583 24352
2650 5724
2670 10347
2705 6982
2762 3984
2762 13061
2767 3322
2767 9469
2786 11066
2786 19555
2821 24318
2822 24359
2839 4031
2839 5141
2839 5468
2839 5658
3072 24280
3107 24353
3158 5181
3195 17659
3226 15525
3226 15995
3265 24322
3313 6982
3313 7534
3405 15875
3405 19911
3405 21464
3457 24094
3634 24164
3648 19394
3707 16320
3707 24365
3716 4382
3716 24094
3727 5885
3727 6429
3727 14677
3727 17008
3984 4924
3984 7647
3984 23201
4011 15981
4092 4839
4092 8197
4092 14970
4092 15067
4092 24319
4106 5119
4106 6448
4106 15168
4140 5720
4140 12222
4151 10068
4187 24171
4382 21737
4382 24171
4518 18154
4532 10846
4536 15918
4536 21545
4589 5468
4746 5501
4746 10347
4746 11228
4746 14677
4771 24164
4822 10846
4839 7541
4839 9562
4839 22515
4839 24294
4866 24344
4949 24362
4981 17753
5049 24164
5065 15168
5065 23438
5065 23655
5065 24280
5065 24317
5065 24326
5065 24334
5089 23644
5089 24352
5119 6203
5119 15553
5119 17432
5119 24326
5119 24343
5125 15168
5159 21170
5181 8197
5272 24363
5362 6189
5362 13489
5362 24138
5362 24308
5366 15505
5366 24312
5468 15113
5468 19394
5468 24346
5479 21121
5507 17753
5690 6429
5720 6982
5720 12222
5720 21578
5720 24316
5720 24332
5724 10789
5816 8429
5822 8981
5885 6429
5885 7741
5885 14903
5885 17008
5900 15372
6160 8472
6189 13061
6189 17432
6189 19006
6203 18354
6203 24280
6203 24317
6203 24332
6332 13061
6339 24353
6373 8119
6373 10198
6373 19301
6373 19344
6429 10293
6429 11835
6429 17465
6429 20388
6429 21545
6429 24359
6434 10347
6448 17753
6596 8981
6596 11080
6596 15553
6596 16349
6596 24336
6619 15113
6619 15981
6738 24349
6779 22051
6800 6982
6982 11779
6982 20494
6982 23644
7071 10409
7109 12932
7109 24156
7293 11580
7391 18589
7391 24318
7399 11340
7534 10347
7534 16753
7534 18496
7534 24351
7541 24000
7647 23201
7741 24339
7749 21000
7760 22003
8068 16349
8093 8549
8119 17465
8124 8429
8124 20403
8124 23026
8197 16770
8197 24138
8363 20382
8392 10126
8429 16349
8549 10068
8632 24342
8981 15553
8981 17145
8981 24350
9152 13864
9152 15127
9152 21000
9152 24326
9152 24358
9241 24339
9257 12876
9309 16251
9425 10068
9425 16695
9562 22836
9599 10198
9789 12396
9888 10520
9948 10061
10018 10061
10040 16770
10061 19221
10061 24025
10061 24364
10068 11228
10068 14621
10198 20565
10203 18646
10293 12876
10347 24292
10347 24320
10520 24367
10846 15127
10846 16713
10846 22671
10846 24359
11340 23768
11340 24348
11642 13486
11963 19768
11979 22315
12366 17007
12366 24366
12372 24345
12940 22338
13017 18354
13061 15505
13061 22798
14006 15981
14017 22798
14042 22315
15064 15553
15067 16349
15067 23768
15067 24348
15085 18122
15168 20435
15168 23018
15168 24328
15168 24360
15242 24325
15309 18585
15453 22051
15453 24143
15672 19768
15875 16560
15875 18920
15875 24335
15875 24345
15918 24074
16099 24356
16298 20509
16349 24289
16560 19765
16560 20388
16560 22914
16560 23168
16560 24306
16770 23540
16798 22338
17382 24327
17432 22800
17569 23168
17602 24280
17753 19311
17753 22289
17753 23283
17753 24196
17753 24308
17753 24315
17753 24329
17811 18589
17811 23168
17891 22800
17955 19221
17955 20435
17955 24294
17955 24348
18124 24348
18148 24316
18154 23399
18466 19394
18466 19970
18466 22209
18589 23168
18589 24310
18696 24337
19344 23168
19414 22800
19538 21578
20346 24182
20388 23168
20783 24247
21000 23168
21043 24195
21177 24312
21408 22608
22155 24298
22315 24340
22381 24182
22624 24322
22624 24351
22624 24357
22624 24362
22624 24368
22800 23768
22836 24207
23026 24221
23168 23217
23168 24338
23168 24361
23270 23655
23276 24354
23341 23401
23471 24314
23479 24355
23590 24143
23774 24294
23937 24324
24171 24313
24196 24308
24235 24247
24310 24321
