2 162
2 5065
2 8197
14 3501
14 7397
26 4080
26 11103
26 24449
26 24656
29 1990
42 839
42 2408
42 4080
42 7334
42 19117
42 24343
43 1990
43 5018
56 23921
73 510
73 762
73 1990
73 16554
73 24180
76 1646
76 1990
76 7399
76 9502
76 15494
76 22101
76 23655
76 24601
76 24616
76 24624
76 24635
76 24657
76 24669
83 12319
90 24449
90 24619
93 1413
93 5455
93 6779
93 8197
93 15505
95 1002
95 1106
95 2158
95 15168
95 24621
97 108
97 20340
97 23168
110 839
110 22211
110 23694
110 24047
110 24475
110 24683
117 1917
117 23283
138 852
138 1106
138 2158
138 7399
138 11436
138 16554
138 24630
138 24640
138 24660
138 24680
153 15494
158 444
158 6294
158 7109
158 9888
158 15113
158 23433
158 24617
158 24630
158 24676
162 509
172 6945
184 712
195 11751
195 24256
195 24475
196 762
196 9425
196 24618
196 24649
196 24663
201 24621
226 2816
226 3166
253 24613
280 15113
311 15309
318 16525
318 22101
330 2888
338 1972
370 1392
370 1636
370 7399
383 18148
393 1470
393 16099
407 1359
407 1636
407 5065
407 5125
411 6989
412 11103
444 11214
461 1413
467 7399
505 24256
509 2158
546 15557
548 837
556 24641
577 9502
577 24159
577 24598
613 6779
613 7399
613 15157
613 24609
617 19741
617 19911
621 2406
621 4448
621 5496
621 11436
621 24624
621 24656
621 24661
642 24604
647 7334
659 1636
673 2868
686 15494
712 13361
712 24661
724 2268
729 3727
729 16182
729 23551
729 24661
760 15113
762 4873
762 7741
762 9425
762 10347
762 24628
762 24677
803 4839
803 15798
803 22515
837 4589
839 2408
839 24449
839 24607
852 1177
852 3707
852 6223
852 7760
852 15174
852 15372
852 16099
852 19502
852 24589
852 24638
881 18632
881 24255
881 24449
963 12358
963 16984
1012 1990
1012 2215
1012 24628
1041 15108
1058 1917
1058 7897
1058 8197
1058 20440
1092 1604
1106 1646
1106 7399
1106 24632
1115 2583
1115 24630
1115 24642
1125 24634
1144 16298
1144 23851
1144 24415
1144 24600
1144 24612
1144 24618
1148 2930
1148 24622
1164 24256
1177 6223
1177 7213
1177 10347
1177 12222
1198 14165
1232 2284
1255 22964
1256 24658
1333 16099
1359 5362
1359 17558
1359 24606
1359 24640
1361 16592
1361 22296
1361 22836
1361 24615
1361 24639
1361 24644
1361 24656
1369 22964
1390 8429
1390 23283
1390 24628
1395 16033
1413 15494
1413 22602
1470 1922
1470 2762
1470 19983
1470 24510
1470 24646
1470 24649
1470 24673
1540 24094
1604 2762
1604 15698
1604 24667
1612 16904
1636 6540
1636 9245
1636 11948
1636 22557
1636 24612
1636 24646
1636 24649
1636 24678
1646 10268
1709 24614
1709 24664
1742 19970
1763 16905
1763 24618
1794 7399
1794 23655
1816 14621
1836 21417
1877 5488
1877 19117
1877 24674
1879 24607
1917 23926
1917 24522
1922 5493
1922 24592
1972 24648
1973 5720
1973 9292
1973 14002
1990 5468
1990 17587
2019 24593
2027 21876
2027 23838
2027 24664
2102 12366
2102 19109
2102 24644
2111 24676
2158 2821
2223 5066
2223 5308
2223 11436
2223 24453
2223 24630
2223 24647
2223 24676
2243 16905
2284 8298
2284 24661
2307 8917
2324 15557
2324 22503
2406 9152
2583 3239
2583 3910
2583 4589
2583 5065
2583 8067
2583 13735
2583 14165
2583 14593
2583 15309
2583 16592
2583 17012
2583 18148
2583 22504
2583 24470
2583 24617
2583 24630
2583 24646
2583 24654
2583 24671
2599 15557
2650 15557
2650 24605
2692 4048
2692 5272
2692 22515
2762 5119
2762 5471
2762 6779
2762 9168
2762 9565
2762 13280
2767 4448
2767 24470
2786 3785
2902 20806
2919 9245
2919 18190
2930 9502
2930 22512
3166 3785
3166 8298
3166 23551
3166 24611
3171 4536
3171 8608
3204 18632
3226 23168
3239 16099
3239 17212
3381 8596
3381 19221
3381 23192
3388 7632
3405 23694
3405 24681
3484 9092
3484 24603
3501 5247
3515 10347
3624 3785
3727 8429
3727 15557
3804 17558
3843 18056
3893 9562
3910 11943
3910 18148
3935 5496
3984 7399
3984 23851
4001 15557
4011 24610
4031 23551
4048 24592
4059 24552
4092 4589
4092 19983
4092 22798
4092 24624
4117 19109
4117 21532
4117 24610
4135 5692
4157 24589
4187 15453
4216 24593
4382 12319
4382 17389
4382 20080
4390 7186
4419 14009
4419 23694
4507 14165
4536 8608
4536 23655
4536 24624
4765 6867
4839 24636
4839 24652
4882 6945
4924 19109
4924 23851
5009 22800
5009 24655
5009 24682
5018 6203
5018 10789
5018 11340
5018 23471
5065 5125
5065 7230
5065 9502
5065 15557
5065 17012
5065 23083
5065 24649
5089 21642
5119 10347
5119 21121
5119 24582
5119 24647
5119 24660
5143 8429
5181 17635
5260 15698
5272 8429
5272 24597
5272 24629
5272 24669
5362 6739
5362 9245
5362 15067
5362 24094
5362 24606
5362 24660
5366 6779
5366 15557
5468 8298
5468 19109
5468 19970
5468 20340
5471 6505
5471 11164
5479 24656
5488 18470
5501 8099
5550 22101
5616 13735
5644 24580
5720 14165
5720 24589
5929 10789
5938 9502
5946 14631
6189 9245
6189 24628
6203 7399
6203 19859
6203 23471
6203 23938
6203 24599
6223 11544
6294 11340
6294 19221
6373 6867
6373 10198
6373 15808
6373 24184
6373 24343
6429 6867
6429 7000
6429 8608
6429 14593
6429 15309
6429 15557
6429 16801
6429 20376
6429 23655
6429 24607
6429 24624
6429 24645
6429 24682
6448 7399
6448 15287
6448 15453
6448 24676
6448 24681
6498 14017
6503 24635
6596 8608
6596 13514
6596 24655
6640 17389
6779 7399
6779 24657
6867 20376
6867 23168
6867 24616
6867 24663
7000 20376
7097 16554
7109 24400
7230 9776
7236 9396
7399 11203
7399 13017
7399 16609
7534 24351
7632 13061
7760 20673
7760 24649
7839 21782
7855 8429
7855 24047
7991 24597
8043 8429
8043 11214
8119 17955
8197 19117
8197 24657
8298 24628
8363 9122
8392 17082
8429 11214
8429 15875
8429 16554
8433 19859
8472 24613
8608 9001
8608 15113
8969 15698
9071 18005
9092 23283
9092 24221
9152 13407
9152 19221
9152 19859
9152 24663
9168 24671
9197 24623
9245 15067
9245 18190
9280 19627
9309 10347
9366 11066
9425 20080
9425 20835
9425 22661
9425 24630
9502 10366
9502 11343
9562 11083
9888 20080
10293 24675
10293 24680
10347 15372
10347 17448
10347 17601
10347 20753
10347 24630
10347 24640
10347 24671
10409 24598
10453 17389
10461 22515
10558 24674
10789 11340
10789 19109
10789 19859
10789 24651
10789 24679
10846 24098
10846 24649
10941 11203
10941 16963
10941 17545
10941 24498
10941 24603
11340 16364
11340 23851
11340 24633
11343 24236
11376 24310
11544 21642
11580 24552
11587 17587
11751 24256
11762 24636
11925 22741
12070 24611
12125 24643
12222 22951
12358 13280
12358 15505
12358 20440
12940 17389
13280 14017
13280 24609
13489 21532
13735 22382
13957 22800
14017 17072
14017 22296
14017 22702
14017 24609
14017 24665
14165 15698
14593 15698
14593 23471
14677 16182
15067 17072
15113 19859
15113 23614
15185 17095
15185 22602
15240 24662
15252 24650
15453 18632
15453 22602
15453 24657
15492 24094
15494 18470
15698 21614
15709 22951
15798 22515
15875 19627
15875 23694
15875 24047
15921 24256
15987 18896
16099 24673
16192 22101
16298 24156
16364 19221
16436 24672
16525 24661
16554 18539
16554 19041
16801 23211
16984 19109
16984 24510
17012 17955
17212 23471
17389 24094
17682 24639
17866 22315
17866 23381
17955 23679
17955 23851
17955 24510
18110 24625
18190 24646
18470 19983
18470 24628
18539 19041
18617 19627
18617 24657
18717 24586
18821 19221
18821 24617
19041 23168
19156 23168
19211 24159
19221 23192
19221 24584
19221 24631
19394 23211
19520 24221
19520 24670
19859 23471
19962 24047
19983 24646
20179 24359
20340 23168
20673 23551
20673 24677
20750 24661
20835 23168
20849 22382
21000 24256
21000 24613
21614 24094
21622 24602
22101 23305
22624 24662
22624 24682
22661 24625
22800 24415
22800 24620
22964 23283
23168 24659
23168 24663
23168 24666
23240 24600
23283 24607
23454 23551
23471 24415
23471 24595
23471 24606
23471 24619
23471 24652
23471 24653
23679 24094
23774 24641
23822 24645
23851 24094
24025 24668
24079 24310
24094 24606
24255 24415
24296 24641
24510 24591
24560 24637
24608 24609
24617 24630
24626 24627
