2 5065
2 24689
7 4518
30 22795
42 509
56 1361
69 8429
73 3624
75 17753
76 8429
76 17587
76 18539
76 22459
76 23681
87 138
87 5455
87 18297
87 23305
95 2481
95 3065
97 19970
108 8197
110 839
110 968
110 17495
110 22211
110 22332
110 24683
110 24699
117 23283
122 16120
133 13735
138 1235
138 5065
138 6165
138 8067
138 11587
138 12366
138 18297
138 24691
138 24714
138 24724
153 12319
158 10347
158 11048
158 12319
158 15168
158 21625
158 24385
158 24676
158 24713
158 24722
158 24742
184 24686
195 23479
196 762
204 258
204 881
204 5362
204 13489
204 15168
204 15921
258 15168
280 1774
280 23337
315 24635
370 2437
370 18097
383 1604
383 18148
407 6779
412 2243
412 4080
412 8298
412 14496
412 22800
412 23192
412 23800
412 24449
412 24632
504 24745
506 24734
510 1235
536 5362
546 11048
546 24723
546 24739
572 2786
573 857
577 11376
618 823
621 6738
621 9502
621 24708
621 24729
641 8067
686 2919
729 1917
729 20635
729 24737
730 839
730 1563
730 6867
730 8298
730 24756
736 24721
762 9292
762 9425
762 23271
762 24696
762 24707
762 24758
781 2650
781 9888
803 1483
803 1813
803 4839
803 8197
803 10409
803 21697
837 24708
837 24731
839 1164
839 3541
839 4419
839 22459
839 23283
839 24403
839 24449
839 24756
852 8566
852 11587
852 12319
852 21952
852 23843
852 24724
859 9037
859 23318
881 1106
881 1470
881 2762
968 23926
1012 2529
1012 4339
1012 6498
1057 16887
1058 1917
1058 16327
1065 3910
1115 24725
1137 24744
1144 17890
1144 22814
1164 17495
1177 24741
1223 4059
1235 4234
1255 22964
1321 5308
1333 16099
1359 15823
1361 12319
1361 21615
1361 23471
1361 24689
1361 24736
1361 24745
1365 11587
1369 23926
1395 16033
1470 14955
1515 5272
1521 10347
1521 16639
1539 2816
1557 9037
1636 12233
1636 15557
1636 18087
1636 24689
1636 24706
1636 24707
1657 17866
1709 6498
1709 16554
1709 19627
1742 5144
1763 24616
1763 24701
1774 6779
1774 16099
1784 24687
1794 24738
1813 7399
1816 2583
1816 14621
1816 15309
1831 13478
1877 22604
1917 23727
1917 24757
1971 19627
1971 22332
1971 24699
1973 2488
1973 9292
1990 6498
1990 10918
2027 24475
2027 24730
2044 15494
2102 12366
2102 24685
2118 5334
2142 16034
2197 18641
2223 22472
2223 23471
2223 24697
2223 24705
2243 22472
2256 22836
2256 24709
2313 24749
2389 24664
2437 3984
2437 4419
2488 12366
2529 24724
2541 4949
2582 24687
2583 5900
2583 8067
2583 10789
2583 12923
2583 14593
2583 22472
2650 5334
2670 10347
2692 24348
2694 24664
2704 7399
2730 5501
2730 11580
2756 6618
2756 6817
2756 11587
2756 16984
2756 24709
2762 10273
2767 24745
2818 15819
2888 24712
2907 19874
2995 8298
2995 17587
3166 24700
3226 14621
3239 4507
3307 19891
3307 23655
3313 6817
3313 11587
3341 11587
3417 22241
3458 24094
3484 19627
3515 9292
3707 24709
3707 24737
3882 24697
3900 24403
3938 24094
4006 15085
4059 10789
4059 23168
4059 24729
4092 8067
4092 21615
4092 22798
4092 24736
4117 12366
4187 9245
4187 15823
4187 20454
4187 22800
4187 24748
4193 4839
4193 23471
4249 24754
4339 15174
4339 18190
4357 17869
4357 24704
4382 5308
4382 5900
4382 10347
4382 23760
4382 24745
4419 17545
4419 19627
4419 24735
4518 18539
4536 5009
4536 12358
4536 21545
4536 22483
4536 24074
4585 6867
4600 5247
4600 10789
4783 5247
4839 10596
4839 12923
4839 23471
4839 24689
4839 24705
4860 22198
4866 15823
4866 24688
4866 24723
5002 18470
5009 5593
5009 8608
5009 22483
5009 24655
5009 24682
5065 22043
5065 23168
5089 11587
5119 24707
5119 24740
5119 24742
5125 24717
5172 16639
5267 8429
5272 9407
5272 15453
5272 17890
5272 22459
5272 24720
5272 24755
5308 23774
5362 9245
5362 13735
5362 23471
5362 24441
5362 24706
5362 24728
5366 23271
5377 16993
5468 24738
5550 18297
5616 16984
5720 12319
5720 12366
5720 18087
5720 23843
5720 24691
5720 24703
5787 16933
5787 24327
5900 22315
5992 22742
5992 24727
6109 15113
6165 23168
6203 10040
6203 16907
6203 17082
6203 24731
6203 24733
6203 24734
6373 10198
6373 24006
6404 24743
6429 8608
6429 10409
6429 15328
6429 16801
6429 19983
6429 21545
6429 22459
6429 22764
6429 24074
6429 24676
6448 12319
6498 15987
6503 24635
6779 15720
6779 24736
6817 18190
6867 17860
6867 23305
6867 24709
6867 24729
6917 10347
6945 24730
7000 24680
7749 10846
7749 21384
7749 23168
7839 21782
7841 18228
7857 24704
8043 11214
8043 12070
8067 11203
8067 15593
8067 15886
8067 16770
8067 19600
8067 24745
8197 9236
8197 16034
8197 16332
8197 19041
8197 19627
8197 20673
8197 21000
8197 21697
8298 24749
8428 10168
8429 15875
8429 23305
8882 23681
9122 23926
9241 24748
9245 19983
9323 11343
9323 24715
9407 24255
9502 15184
9565 24758
10185 16327
10273 14017
10273 15720
10293 19627
10293 23271
10293 24680
10347 15309
10347 24630
10347 24691
10347 24724
10409 20700
10440 24094
10596 17955
10789 24415
10789 24694
10846 21384
11103 19983
11203 23098
11228 24739
11340 24726
11343 15113
11751 22332
12070 14937
12070 19627
12222 12366
12245 24712
12319 12358
12366 23349
12366 24327
12844 19983
12923 23363
13061 24711
13280 24708
13735 24660
13760 22800
13957 22800
14002 24692
14017 24348
14017 24665
14046 18154
14046 23192
14165 17955
14903 16120
14903 24745
15053 24718
15113 15453
15113 15918
15113 18539
15113 22321
15168 15494
15168 21364
15174 17648
15174 24589
15494 24094
15505 24094
15557 20220
15631 24750
15698 16592
15720 20775
15720 24690
15720 24691
15816 24094
15823 20512
15875 24735
16099 22198
16099 24475
16102 17648
16515 24753
16554 21000
16554 22459
16610 21121
16617 24074
16639 21384
16984 24449
16984 24684
16984 24729
17545 24664
17648 21952
17751 24752
17866 22096
17869 23851
17869 24751
17968 20501
18617 24664
19143 24403
19156 19208
19859 24676
20481 23926
20501 23471
20501 24698
21384 23168
21615 24736
22211 23283
22315 24725
22315 24726
22459 23479
22460 24575
22472 23774
22624 24701
22764 23305
22951 23168
23168 24635
23168 24715
23168 24716
23168 24726
23192 24727
23192 24746
23256 24699
23363 24702
23471 24686
23471 24719
23471 24755
23479 23926
23479 23937
23555 24747
23863 24730
24000 24702
24025 24690
24094 24665
24094 24692
24094 24695
24094 24726
24221 24710
24327 24665
24561 24732
24625 24693
24676 24745
24694 24697
