0 734
0 1365
0 2583
0 2598
0 2669
2 461
2 2191
2 2872
7 1298
7 2902
8 1365
12 2319
12 2894
14 383
14 613
14 928
14 1247
14 1793
14 1985
14 2254
14 2412
14 2598
14 2891
19 43
19 1268
19 1331
19 2128
19 2272
19 2650
19 2731
19 2822
26 2902
29 43
29 94
29 190
29 196
29 249
29 253
29 460
29 1128
29 1265
29 1422
29 1620
29 1661
29 1793
29 2845
29 2901
30 206
30 349
30 2592
41 2465
41 2864
41 2868
42 68
42 132
42 198
42 302
42 461
42 729
42 809
42 1413
42 1448
42 2396
42 2423
42 2598
42 2649
42 2728
42 2739
42 2767
43 75
43 335
43 571
43 613
43 682
43 708
43 810
43 1793
43 1877
43 1917
43 1925
43 2107
43 2191
43 2365
43 2492
43 2598
43 2603
43 2650
43 2663
43 2711
43 2762
43 2856
43 2860
43 2895
43 2915
43 2921
46 1753
46 2704
46 2845
46 2916
56 374
56 1824
56 2906
59 196
59 2767
59 2864
59 2883
61 1753
61 1793
61 2682
61 2887
68 2254
69 2169
69 2340
69 2598
70 1005
70 2111
70 2223
70 2886
72 573
73 76
73 691
73 1206
73 2754
73 2909
74 773
75 442
75 809
75 1413
75 1563
75 2254
75 2396
76 140
76 141
76 348
76 536
76 555
76 731
76 1057
76 1106
76 1255
76 2191
76 2598
76 2650
76 2767
76 2783
76 2898
80 2875
83 206
83 731
84 370
84 613
84 1786
84 1917
84 2598
88 158
88 565
88 618
88 1206
88 2650
88 2731
88 2924
89 1106
90 174
90 613
90 852
90 1002
90 1422
90 1887
90 2455
90 2598
94 2663
94 2733
95 536
95 729
95 1359
95 1379
95 1820
95 1925
95 2365
95 2526
95 2706
95 2728
95 2767
95 2881
95 2898
95 2906
95 2910
96 503
96 693
96 1753
96 2319
96 2840
97 236
97 348
97 762
97 2492
100 809
100 1785
100 2455
108 2650
123 2340
123 2396
124 836
124 1561
128 2191
130 1604
133 682
133 2924
136 2396
138 434
138 713
138 1070
138 1256
138 1894
138 2062
138 2272
138 2365
138 2492
140 539
141 2062
141 2863
145 2696
146 613
148 1561
148 2321
148 2492
148 2533
148 2598
148 2786
148 2870
153 196
153 349
153 461
153 507
153 510
153 785
153 1106
153 1321
153 1458
153 1510
153 1561
153 2064
153 2528
153 2682
153 2783
154 2268
154 2598
156 1255
158 1365
162 1545
174 2733
184 1057
184 2762
186 536
186 565
186 938
186 1413
186 1561
186 1763
186 2472
186 2820
190 249
190 348
190 1053
190 2650
195 2756
195 2778
196 370
196 539
196 1561
196 1578
196 2783
196 2913
198 859
198 1753
198 1763
198 2574
204 809
204 2254
206 1561
206 1824
206 2598
206 2896
215 1763
218 335
236 1053
236 1877
236 2107
236 2603
236 2872
236 2887
240 280
246 1365
247 1753
247 1824
253 613
258 2663
259 2895
280 302
280 383
280 536
280 539
280 839
280 897
280 1115
280 1510
280 1732
280 1985
280 2191
280 2340
280 2534
280 2583
280 2598
280 2663
280 2712
280 2728
280 2783
280 2822
281 2783
283 729
287 948
287 1917
287 2052
287 2423
287 2468
287 2598
287 2612
289 506
289 991
289 2534
289 2687
295 2728
295 2902
298 2873
302 461
302 785
302 1196
302 1349
302 1561
302 1753
302 1917
302 2389
302 2437
302 2594
302 2598
302 2783
302 2844
302 2887
312 506
330 1097
330 1545
330 2191
330 2682
335 729
335 891
335 1661
335 1786
335 2915
339 729
339 1831
339 2878
348 618
348 836
348 1753
348 1793
348 1971
348 2128
348 2406
348 2704
348 2783
348 2887
348 2918
349 506
349 1687
349 2255
349 2663
349 2674
349 2767
351 2762
370 810
370 1413
374 2223
374 2805
383 1051
383 1256
383 1636
383 2046
383 2132
383 2583
383 2598
383 2670
404 731
408 1551
410 1312
412 536
413 1255
413 1753
434 1349
434 1561
434 2492
434 2844
434 2879
442 1422
442 1636
442 2223
442 2254
442 2820
442 2921
444 536
446 519
446 1469
446 2762
446 2884
446 2915
451 2365
451 2767
455 785
461 536
461 539
461 571
461 613
461 673
461 682
461 852
461 1006
461 1365
461 1413
461 1510
461 1561
461 1887
461 1925
461 1972
461 2191
461 2319
461 2396
461 2534
461 2598
461 2682
461 2739
461 2741
461 2762
461 2767
461 2783
461 2810
461 2825
461 2867
461 2932
475 2374
477 2912
501 1244
502 1224
503 565
503 2052
503 2783
506 571
506 613
506 785
506 2254
506 2926
510 1792
510 2191
510 2845
519 1636
519 2663
528 1359
528 1458
528 1561
528 2906
528 2927
536 1271
536 1510
536 2052
536 2254
536 2762
536 2767
536 2783
536 2861
536 2891
536 2902
539 1031
539 1413
539 1753
539 2191
539 2599
546 2254
546 2598
546 2810
546 2865
565 729
565 991
565 2052
565 2254
565 2583
565 2598
565 2731
565 2895
565 2924
570 682
570 789
570 810
570 836
570 1753
570 2052
570 2062
570 2191
570 2255
570 2598
570 2649
570 2650
570 2704
570 2875
571 682
571 729
571 891
571 1256
571 1304
571 1622
571 1928
571 2254
571 2488
571 2674
571 2762
573 1793
573 1971
577 618
577 1985
577 2598
577 2706
589 618
610 2589
610 2822
612 2859
613 852
613 1057
613 1224
613 2228
613 2254
613 2465
613 2598
613 2739
613 2762
613 2775
613 2890
613 2898
613 2906
613 2924
618 1057
618 1335
618 1622
618 2663
618 2882
621 682
621 897
621 2598
644 1890
659 2191
662 1753
662 2887
673 1972
673 2223
682 729
682 852
682 1890
682 2062
682 2191
682 2254
682 2255
682 2319
682 2649
682 2660
682 2674
682 2820
682 2916
686 809
686 1312
686 1413
686 2052
686 2254
686 2545
686 2583
686 2598
686 2756
691 1436
691 2492
691 2754
691 2901
693 1753
693 1917
693 2126
693 2468
693 2682
708 1753
708 1917
712 991
712 1359
712 2738
720 2823
720 2838
720 2889
729 1106
729 1304
729 1359
729 1925
729 2062
729 2412
729 2598
729 2682
729 2691
729 2728
729 2762
729 2767
729 2783
729 2820
729 2845
729 2875
729 2880
729 2886
729 2889
729 2906
731 1224
731 1460
731 2635
731 2889
731 2897
736 1005
736 1992
753 948
753 1365
760 2881
762 2062
771 1971
779 1255
779 1793
779 1877
785 852
785 2268
785 2598
785 2862
789 836
789 948
801 1268
801 1510
801 1793
803 2775
803 2895
809 1413
809 1687
809 2254
809 2396
809 2545
809 2741
810 1917
810 2254
810 2598
823 2881
836 1036
836 1255
836 1753
836 2062
836 2128
836 2820
839 852
839 928
839 2365
839 2396
839 2650
839 2912
852 1039
852 1106
852 1224
852 1256
852 1333
852 1458
852 1561
852 1644
852 2008
852 2267
852 2477
852 2583
852 2598
852 2660
852 2670
852 2739
852 2756
852 2783
852 2845
852 2871
852 2903
852 2912
852 2926
859 1894
859 2682
862 1015
866 2929
881 1057
881 2598
882 2896
886 2895
889 2907
891 2825
891 2915
897 2783
907 2682
907 2741
907 2916
912 1255
922 2583
922 2756
928 1298
928 2598
931 2762
938 2237
938 2692
938 2711
938 2823
948 2423
948 2612
963 2598
963 2845
970 1145
991 2650
994 2598
1002 1877
1002 2472
1005 1365
1005 2254
1005 2598
1006 1948
1006 2019
1012 1255
1012 2062
1012 2901
1015 2528
1036 2128
1036 2663
1038 2775
1039 1256
1051 1985
1057 1255
1057 2191
1057 2228
1057 2254
1057 2317
1057 2682
1057 2767
1057 2915
1070 2492
1097 1753
1097 1824
1106 1972
1106 2254
1128 1917
1128 2292
1140 2674
1140 2861
1141 1160
1141 2861
1177 1365
1177 2861
1198 1786
1205 2845
1206 1255
1206 1436
1206 2062
1206 2191
1206 2488
1206 2741
1206 2901
1206 2926
1214 1448
1224 2009
1224 2455
1234 1325
1242 1921
1251 2888
1253 2875
1255 1561
1255 1753
1255 2027
1255 2052
1255 2767
1256 1422
1256 1890
1256 2062
1256 2488
1256 2598
1256 2762
1256 2871
1256 2926
1268 1948
1268 1971
1268 2477
1268 2674
1268 2682
1312 2908
1319 1325
1319 1636
1319 1822
1319 2598
1321 2767
1321 2916
1325 2650
1325 2902
1335 2867
1335 2882
1355 2583
1359 1365
1359 2254
1359 2728
1359 2762
1359 2767
1359 2921
1365 1422
1365 1563
1365 2191
1365 2254
1365 2858
1366 1753
1366 2696
1366 2888
1379 1510
1379 2603
1392 2191
1392 2882
1395 2455
1413 1561
1413 1763
1413 1793
1413 2052
1413 2191
1413 2396
1413 2598
1413 2603
1413 2663
1413 2731
1413 2741
1422 1644
1422 2589
1422 2598
1422 2783
1422 2919
1436 2901
1448 1753
1453 2526
1453 2663
1453 2733
1453 2820
1453 2898
1453 2928
1458 1774
1458 2682
1458 2875
1460 1561
1460 2492
1460 2889
1464 1561
1466 2783
1510 1793
1510 2603
1510 2762
1510 2844
1517 2437
1527 1921
1545 1753
1561 1583
1561 1824
1561 2062
1561 2223
1561 2492
1561 2598
1561 2741
1561 2868
1563 2191
1563 2396
1563 2598
1563 2820
1588 1763
1606 2898
1622 2412
1622 2852
1622 2882
1636 2598
1636 2706
1636 2739
1636 2825
1660 2860
1661 2052
1661 2412
1661 2468
1663 2913
1687 2583
1717 2488
1717 2901
1753 1824
1753 2062
1753 2107
1753 2191
1753 2255
1753 2682
1753 2704
1753 2731
1753 2820
1753 2887
1753 2907
1753 2920
1753 2925
1763 2598
1763 2663
1763 2733
1763 2762
1763 2868
1763 2879
1774 2052
1774 2682
1774 2872
1779 2191
1785 2895
1786 2111
1786 2598
1786 2783
1786 2902
1786 2927
1787 2396
1792 2256
1792 2660
1792 2820
1793 1822
1793 1877
1793 2412
1793 2468
1793 2696
1793 2720
1793 2840
1793 2910
1812 2663
1824 2256
1824 2912
1831 2046
1831 2756
1831 2762
1839 2822
1877 2191
1877 2472
1887 2052
1890 2319
1890 2820
1894 2272
1917 2052
1917 2315
1917 2598
1917 2852
1917 2902
1921 1925
1921 2648
1925 2598
1942 2887
1959 2767
1971 2027
1971 2389
1971 2869
1971 2881
1972 1985
1972 2191
1972 2223
1972 2526
1972 2534
1972 2731
1972 2762
1972 2805
1985 2583
1985 2598
1985 2687
1985 2762
1985 2783
1990 2396
1992 2052
1992 2254
2008 2132
2027 2468
2027 2878
2027 2914
2038 2589
2046 2864
2052 2191
2052 2254
2052 2334
2052 2396
2052 2583
2052 2863
2052 2872
2052 2875
2052 2906
2052 2921
2052 2924
2052 2931
2057 2915
2062 2148
2062 2492
2062 2650
2062 2754
2062 2756
2062 2820
2062 2822
2062 2872
2064 2598
2107 2255
2107 2598
2111 2650
2123 2878
2126 2191
2126 2881
2128 2663
2128 2822
2131 2674
2132 2692
2132 2728
2148 2756
2191 2292
2191 2477
2191 2598
2191 2650
2191 2660
2191 2767
2191 2783
2191 2820
2191 2866
2191 2885
2191 2888
2191 2930
2203 2869
2222 2868
2223 2534
2223 2660
2223 2728
2223 2906
2228 2820
2237 2845
2254 2455
2254 2583
2254 2589
2254 2598
2254 2682
2254 2739
2254 2767
2254 2783
2254 2820
2254 2865
2254 2868
2254 2895
2254 2910
2254 2915
2255 2412
2255 2810
2256 2663
2256 2733
2256 2762
2267 2822
2268 2598
2268 2907
2268 2915
2283 2433
2315 2412
2319 2845
2321 2868
2333 2805
2334 2820
2389 2840
2389 2918
2399 2767
2399 2868
2400 2917
2406 2918
2412 2598
2412 2783
2428 2767
2428 2886
2429 2455
2429 2692
2429 2767
2429 2906
2429 2907
2433 2711
2455 2692
2455 2762
2455 2767
2465 2864
2468 2852
2472 2733
2488 2762
2488 2901
2492 2762
2492 2889
2492 2932
2518 2868
2522 2775
2529 2583
2583 2660
2583 2767
2583 2865
2589 2594
2589 2598
2589 2783
2598 2663
2598 2739
2598 2762
2598 2767
2598 2783
2598 2825
2598 2915
2603 2925
2622 2845
2648 2820
2660 2741
2660 2783
2660 2872
2663 2674
2663 2731
2663 2775
2663 2783
2663 2872
2663 2875
2663 2876
2663 2897
2663 2899
2663 2904
2663 2928
2682 2687
2682 2767
2687 2783
2687 2915
2692 2767
2692 2864
2692 2868
2692 2893
2693 2775
2696 2820
2711 2868
2720 2910
2728 2767
2728 2820
2731 2738
2731 2820
2739 2783
2741 2767
2741 2916
2762 2783
2767 2841
2767 2864
2767 2872
2767 2907
2767 2921
2783 2883
2810 2820
2820 2872
2820 2880
2820 2887
2820 2931
2823 2889
2838 2892
2852 2902
2868 2879
2868 2892
2868 2917
2871 2903
2872 2877
2873 2874
2886 2900
2898 2905
2910 2911
2920 2925
2922 2923
