2 72
2 1179
2 1561
2 2529
2 2868
2 3067
2 3134
2 3136
4 1985
7 43
7 76
7 80
7 83
7 570
7 682
7 686
7 691
7 852
7 1216
7 1413
7 1561
7 2001
7 2492
7 2868
7 2892
14 43
14 442
14 461
14 897
14 1002
14 1012
14 1223
14 1617
14 2522
14 2598
14 3158
19 72
19 166
19 446
19 729
19 1036
19 1053
19 1179
19 1370
19 1606
19 2254
19 2432
19 2648
19 2728
19 3031
19 3072
19 3093
19 3154
25 3069
26 1793
26 1917
26 2062
26 2126
26 2256
26 2619
26 3031
29 1561
29 1912
29 2272
29 2492
29 2598
29 2728
29 2762
29 3023
29 3062
29 3104
30 42
30 46
30 72
30 190
30 354
30 570
30 729
30 789
30 1036
30 1179
30 1474
30 1561
30 1742
30 1753
30 1818
30 1824
30 1877
30 1917
30 2683
30 2985
30 3030
30 3069
42 46
42 72
42 162
42 206
42 461
42 519
42 570
42 839
42 891
42 1753
42 3069
42 3071
42 3091
42 3096
43 72
43 206
43 370
43 1179
43 1255
43 1268
43 1370
43 1793
43 2432
43 2468
43 2492
43 2598
43 2611
43 2784
43 2852
43 2868
43 2915
43 2989
43 3046
43 3068
43 3093
43 3106
43 3115
43 3131
43 3140
46 64
46 72
46 206
46 354
46 405
46 570
46 613
46 895
46 1106
46 1753
46 1793
46 2324
46 2598
46 3069
48 1298
56 76
56 506
56 613
56 1216
56 2223
56 2433
56 2606
56 2868
59 153
59 286
59 374
59 442
59 599
59 621
59 2246
59 3105
59 3143
61 72
61 570
61 1268
61 1753
61 1755
61 2111
61 3069
63 2245
64 72
64 570
64 1527
64 1753
65 461
68 461
68 2364
68 3064
68 3134
72 206
72 434
72 461
72 490
72 570
72 839
72 903
72 1268
72 1385
72 1561
72 2111
72 2683
73 1298
73 1742
73 1941
73 2488
73 2607
73 3135
75 539
75 1150
75 1359
76 109
76 162
76 289
76 1041
76 1453
76 1887
76 1917
76 2234
76 2464
76 2598
76 2868
76 3067
76 3091
76 3093
79 2671
79 2868
80 289
80 682
80 686
80 948
80 1890
80 2724
80 3064
83 96
83 236
83 354
83 1002
83 1036
83 1365
83 1398
83 1561
83 2052
83 3147
84 290
88 286
88 546
88 1232
88 1365
88 1392
88 1792
88 2728
93 370
93 442
93 1763
93 2254
93 2648
93 3112
96 289
96 434
96 461
96 546
96 572
96 1012
96 1792
96 2598
96 2692
96 2728
96 2868
96 3069
97 434
97 729
109 184
109 536
109 694
109 3077
109 3119
109 3126
115 1365
115 2985
115 3105
123 2762
124 852
124 1268
124 2868
126 2111
126 3138
135 2255
137 461
137 2728
138 570
140 240
140 539
140 897
140 1365
140 1561
140 2728
140 2784
140 3093
141 691
141 3097
142 1561
153 610
153 1216
153 1365
153 2223
153 2246
153 2513
153 2526
153 2598
153 2691
153 2820
153 2985
156 1365
158 286
158 1106
158 2598
158 2868
158 3068
158 3121
158 3154
162 1786
172 1268
174 289
174 461
174 682
174 2522
174 2598
184 461
184 621
184 1233
184 2428
184 2526
184 3106
186 446
186 572
186 2360
186 2868
186 3124
190 403
190 729
190 1179
191 2868
196 461
196 613
196 1179
196 1365
196 1877
196 3157
198 354
198 2556
206 839
206 1171
206 1244
206 1753
206 1786
206 2111
206 2406
206 2598
206 2868
206 3098
215 354
218 852
226 2968
240 570
240 2784
258 280
258 839
258 852
258 2331
258 3140
259 1763
259 2762
270 507
280 621
280 1763
280 2052
280 2432
280 2522
280 2820
280 3069
286 1256
286 2223
286 2246
286 2598
286 3121
286 3148
289 461
289 1365
289 1985
289 2488
289 2598
289 2915
289 2938
289 3030
289 3031
289 3090
289 3097
290 729
290 773
290 1793
290 1917
291 2132
291 2762
291 3072
298 2611
302 1724
302 2057
311 1115
315 1365
315 2822
315 2989
315 3030
318 434
330 539
330 1002
330 2522
348 2915
349 461
349 1606
349 1636
349 2052
349 2245
349 3150
351 354
351 2406
354 682
354 1877
354 2132
354 2526
354 2598
354 2663
354 2728
354 2784
354 2970
370 414
370 621
370 1561
370 1622
370 1661
370 1818
370 1972
370 2052
370 2272
370 2526
370 2598
370 2691
370 2868
370 3030
370 3124
370 3130
374 1365
374 1525
374 3105
383 446
383 1057
383 1923
385 1941
391 1170
403 2062
404 634
404 1540
404 1563
404 2254
404 2598
404 2982
404 3031
406 461
406 539
406 2598
406 3069
410 2892
414 1298
414 2598
414 3035
434 570
434 1150
434 1753
434 1818
434 2062
442 922
442 1359
442 1561
442 1636
442 1985
442 2649
442 2760
442 2825
442 2868
442 3105
444 1164
444 1606
444 2307
446 1057
446 2254
446 2428
446 2762
446 2889
446 3046
446 3096
461 510
461 539
461 613
461 859
461 919
461 1244
461 1256
461 1359
461 1688
461 1742
461 2052
461 2256
461 2468
461 2522
461 2526
461 2598
461 2691
461 2902
461 2912
461 2938
461 2985
461 3031
461 3064
461 3069
461 3091
461 3096
477 2620
490 1941
506 528
506 691
506 1051
506 1249
506 1359
506 1872
506 2240
506 3116
506 3131
516 928
519 1365
519 2223
519 3064
519 3093
528 1563
531 1365
536 1057
536 2062
536 2432
536 2809
536 2820
536 3023
536 3035
536 3096
539 593
539 1268
539 1753
539 2052
539 2111
539 2126
539 2598
539 2820
539 2985
539 3068
539 3069
539 3110
546 1232
546 1561
546 2728
546 2820
570 696
570 852
570 910
570 1306
570 1413
570 1561
570 1742
570 1755
570 1792
570 1793
570 1818
570 1941
570 2062
570 2607
570 2728
570 2741
570 2938
570 2970
570 3030
570 3138
570 3146
571 613
571 1887
571 2052
571 2938
572 619
572 970
572 1561
573 634
577 2598
577 3051
577 3081
588 760
588 938
602 3076
608 3031
610 1774
610 2254
610 2256
610 2598
610 2760
610 2762
610 3129
613 892
613 1057
613 1304
613 1332
613 1370
613 2611
613 2699
613 2784
613 2868
613 3030
613 3039
613 3064
613 3102
613 3131
613 3143
613 3157
621 682
621 731
621 773
621 810
621 852
621 1036
621 1243
621 1474
621 2762
621 2784
621 3104
633 2492
634 2428
656 2619
682 839
682 852
682 1365
682 1572
682 2245
682 2254
682 2598
682 2762
682 2868
682 3031
682 3137
686 1312
686 1413
686 2062
686 2132
686 2649
686 2868
686 3091
691 1141
691 1787
691 2492
691 3023
691 3097
691 3151
696 1763
696 2868
699 1985
699 2663
699 3031
699 3032
700 1753
700 2598
700 3069
726 1763
729 789
729 1106
729 2527
729 2818
731 821
731 1066
731 1365
731 1374
731 1912
731 3069
731 3097
753 1268
760 852
760 1177
762 1053
762 1928
762 1941
773 1793
789 1365
789 1753
789 2360
789 3069
789 3134
803 1332
803 2096
803 2254
803 3076
803 3099
809 1110
809 2868
809 3091
810 904
810 1561
810 2598
810 2809
810 3023
821 2910
821 3103
830 2594
839 1268
839 1413
839 1561
839 1753
839 1793
839 1818
839 2027
839 2598
839 3069
852 1012
852 1039
852 1177
852 1474
852 1606
852 1812
852 1917
852 1973
852 1985
852 2057
852 2148
852 2177
852 2256
852 2377
852 2488
852 2526
852 2529
852 2598
852 2692
852 2756
852 2868
852 3030
852 3046
852 3051
852 3069
852 3113
852 3128
852 3137
852 3144
852 3155
859 1268
859 1365
859 1385
859 3069
875 1369
875 1793
881 1057
887 3149
891 1792
891 3133
891 3140
892 1985
892 2687
892 2775
892 3102
897 1561
897 2728
904 3067
904 3157
917 2455
938 3011
948 2868
950 2057
950 2767
954 2728
1002 2522
1002 3069
1002 3103
1005 3051
1006 1365
1011 2728
1012 1206
1012 1235
1013 2783
1031 1359
1036 1053
1036 1179
1036 2319
1036 2915
1036 3069
1036 3122
1036 3157
1039 1141
1039 2488
1039 2938
1039 3155
1048 1398
1051 1321
1051 1365
1051 2364
1051 2488
1051 3023
1051 3069
1053 3069
1054 1870
1054 2611
1057 1552
1057 1785
1057 1985
1057 2783
1057 3096
1057 3100
1081 2589
1097 2784
1097 3069
1106 1298
1106 1793
1106 2272
1106 2985
1115 1321
1115 1365
1115 2783
1118 2762
1125 3072
1128 2762
1141 1332
1141 1365
1141 1400
1148 2240
1148 2254
1150 1359
1150 1794
1150 2598
1170 2052
1170 3069
1177 1244
1177 1786
1177 2292
1177 2488
1177 2598
1179 1243
1179 1561
1179 1818
1179 1887
1179 3031
1179 3107
1179 3125
1193 3160
1206 1321
1206 2938
1206 3078
1216 1413
1216 2433
1223 1413
1223 1753
1223 2522
1223 2818
1232 2728
1235 2062
1243 3107
1243 3134
1244 3030
1244 3134
1251 2488
1255 2052
1255 3069
1256 1994
1256 2938
1256 3067
1256 3148
1265 1474
1265 2687
1265 2930
1268 1365
1268 1413
1268 1563
1268 1753
1268 2522
1268 2728
1268 3000
1268 3163
1298 2062
1298 2598
1298 2868
1298 3069
1298 3124
1304 1332
1304 1365
1306 1561
1306 2598
1306 2728
1306 2868
1306 2982
1321 1365
1321 1658
1321 2488
1321 2526
1321 2868
1321 3046
1332 1365
1332 2256
1332 3026
1332 3039
1333 2254
1333 2868
1359 1422
1359 1973
1359 2052
1359 2254
1359 2598
1359 2674
1359 2825
1359 2868
1359 3084
1359 3100
1365 1392
1365 1413
1365 1510
1365 1540
1365 1561
1365 1606
1365 1644
1365 1812
1365 1831
1365 2223
1365 2488
1365 2512
1365 2534
1365 2589
1365 2598
1365 2606
1365 2771
1365 2783
1365 2805
1365 2818
1365 2938
1365 3064
1365 3069
1365 3093
1365 3114
1365 3134
1369 2052
1369 2254
1369 2820
1370 1787
1395 2974
1398 1540
1398 1561
1398 2428
1400 2254
1413 1561
1413 1792
1413 2245
1413 2254
1413 2364
1413 2606
1413 2868
1413 2985
1413 3091
1448 2027
1448 2912
1453 1561
1453 3161
1468 2756
1469 1552
1474 1928
1474 2762
1474 3023
1510 2307
1517 3136
1527 2683
1527 3052
1540 2594
1546 3023
1552 1561
1552 1912
1552 2492
1552 2589
1552 2728
1552 2784
1552 3046
1561 1792
1561 1917
1561 2132
1561 2319
1561 2455
1561 2598
1561 2649
1561 2728
1561 2784
1561 2820
1561 2868
1561 3134
1561 3139
1563 2598
1563 3031
1606 1636
1606 1985
1606 2064
1606 2254
1606 2492
1606 2598
1606 2868
1606 2954
1606 3031
1606 3072
1606 3109
1612 1793
1612 1917
1612 2052
1612 2868
1612 3123
1617 2492
1622 1636
1630 1786
1630 2598
1636 1792
1636 1793
1636 2598
1636 2605
1636 3064
1636 3096
1636 3116
1636 3117
1637 2598
1646 1742
1661 2102
1661 3071
1661 3134
1687 2985
1687 3072
1687 3074
1753 2111
1753 2214
1753 2319
1753 2368
1753 2598
1753 2783
1753 2985
1753 3052
1753 3067
1755 3069
1763 2432
1763 2648
1763 2762
1763 3115
1774 2598
1774 3099
1779 3136
1786 1917
1786 2254
1786 2598
1786 2820
1786 3111
1787 2364
1787 2598
1787 3072
1792 2728
1792 2784
1792 2868
1793 2255
1793 2307
1793 2619
1793 2762
1793 3030
1793 3123
1793 3130
1793 3162
1794 2526
1812 1985
1812 2256
1812 2598
1818 2868
1824 2598
1831 3142
1845 2534
1845 2660
1864 3068
1872 2889
1877 3069
1881 2488
1887 2985
1887 3093
1894 3030
1912 3093
1917 2126
1917 2309
1917 2526
1917 2619
1917 2820
1917 2852
1917 3067
1917 3069
1928 2938
1941 2062
1941 2492
1958 2319
1958 2492
1958 3104
1972 2915
1973 2598
1973 2692
1980 3035
1985 2052
1985 2245
1985 2254
1985 2274
1985 2767
1994 3123
2019 2324
2052 2057
2052 2223
2052 2246
2052 2254
2052 2598
2052 2825
2052 3096
2052 3143
2052 3153
2057 2455
2057 3030
2062 2598
2062 3030
2064 2254
2064 2488
2064 2598
2064 2607
2064 3136
2065 2728
2096 2254
2100 3136
2111 2598
2114 2598
2114 3129
2132 2762
2132 3136
2140 2256
2140 2492
2140 3031
2223 2246
2223 2432
2223 2433
2223 2741
2223 2783
2223 3068
2223 3081
2245 3026
2246 2741
2254 2455
2254 2598
2254 2605
2254 2674
2254 2820
2254 2842
2254 2868
2254 3031
2254 3062
2254 3076
2254 3093
2254 3099
2254 3100
2255 2598
2255 3000
2255 3052
2255 3134
2256 3031
2268 2658
2272 2598
2272 3030
2272 3141
2274 2868
2307 2852
2307 3098
2319 3093
2331 2455
2364 2598
2368 3118
2377 3113
2406 2868
2406 3031
2428 2868
2432 2589
2432 2728
2432 2982
2432 3072
2432 3093
2432 3106
2432 3134
2432 3142
2433 3120
2433 3151
2455 2818
2455 3064
2464 2820
2464 3093
2468 2820
2468 3030
2468 3069
2488 2529
2488 2938
2488 3023
2488 3046
2488 3078
2492 2820
2492 2947
2492 3093
2492 3151
2492 3156
2513 3101
2522 2818
2522 2820
2522 3023
2522 3069
2522 3159
2526 2589
2526 2820
2526 2982
2529 3152
2541 2902
2589 2598
2589 2728
2589 3136
2592 2954
2594 2674
2594 3099
2598 2691
2598 2724
2598 2762
2598 2783
2598 2784
2598 2820
2598 2868
2598 2912
2598 3031
2598 3062
2598 3067
2598 3069
2598 3081
2598 3110
2598 3122
2598 3123
2598 3134
2598 3146
2605 2868
2605 3069
2607 2741
2607 2820
2607 2907
2607 3135
2611 3145
2649 2724
2649 2868
2662 2915
2663 2728
2683 2985
2687 3102
2692 2728
2692 2784
2692 3115
2711 2868
2724 2868
2724 3129
2728 2820
2728 2902
2728 3069
2728 3094
2728 3095
2756 3100
2762 2827
2762 2868
2762 3031
2762 3106
2762 3117
2762 3129
2767 2818
2767 3102
2767 3115
2771 3071
2775 3102
2783 2868
2783 3148
2783 3151
2784 2820
2784 3067
2784 3069
2818 3026
2818 3062
2820 3030
2820 3031
2820 3069
2820 3093
2820 3098
2820 3110
2820 3115
2820 3131
2820 3136
2820 3151
2820 3162
2820 3164
2868 2985
2868 3069
2868 3138
2868 3146
2889 3108
2892 3072
2938 3078
2970 3162
2975 3132
2989 3030
3011 3092
3026 3105
3030 3130
3031 3122
3046 3051
3051 3067
3065 3131
3066 3118
3069 3071
3069 3093
3069 3110
3069 3136
3072 3076
3072 3127
3134 3139
3151 3156
3152 3155
