0 3518
2 1122
2 1818
2 3030
2 3160
2 3338
2 3449
2 3494
7 26
7 29
7 157
7 271
7 712
7 1561
7 1602
7 1845
7 1917
7 1972
7 2598
7 2907
7 3158
7 3224
7 3361
7 3453
7 3507
8 280
8 1057
8 1717
8 2762
8 3226
8 3392
8 3513
14 1179
14 1300
14 1481
14 1763
14 2598
14 3030
14 3166
14 3480
17 1214
19 482
19 2062
21 2663
26 76
26 1268
26 1877
26 2962
26 2970
26 3479
26 3507
29 43
29 69
29 76
29 128
29 145
29 190
29 370
29 1300
29 1661
29 1753
29 1766
29 1793
29 1957
29 2096
29 2107
29 2307
29 2598
29 3030
29 3166
29 3224
29 3401
29 3428
29 3446
29 3494
29 3495
29 3505
30 43
30 46
30 97
30 190
30 351
30 403
30 572
30 729
30 881
30 1013
30 1268
30 1563
30 1792
30 1973
30 2111
30 2696
30 3065
30 3107
30 3195
30 3361
30 3512
37 153
37 1369
37 1561
37 1763
37 1957
37 2767
37 3444
41 2223
42 76
42 156
42 280
42 599
42 729
42 781
42 881
42 968
42 1831
42 1844
42 2254
42 2527
42 2598
42 2756
42 3224
42 3239
42 3379
42 3381
42 3406
42 3415
42 3426
42 3463
42 3469
43 349
43 968
43 2052
43 2319
43 2696
43 2784
43 3511
46 76
46 235
46 1106
46 1255
46 1957
46 2319
46 2598
46 3318
46 3480
48 570
48 3505
49 1075
56 1973
56 2907
70 153
70 577
70 621
73 83
73 852
73 1015
74 302
74 1742
75 118
75 813
75 1085
75 1625
75 2254
75 2598
76 80
76 118
76 235
76 289
76 312
76 461
76 593
76 897
76 1057
76 1370
76 1392
76 1561
76 1917
76 1957
76 1973
76 2254
76 2319
76 2468
76 2598
76 2627
76 3026
76 3044
76 3160
76 3166
76 3361
76 3452
76 3465
76 3485
76 3507
83 370
83 572
83 1612
83 1818
83 2529
83 3160
83 3224
83 3361
88 158
88 2598
88 3417
89 3318
93 968
96 258
96 1561
96 1753
96 2319
96 2468
96 3507
97 1972
97 2468
97 2930
97 3480
103 3456
108 921
114 3166
115 118
115 3224
115 3355
117 1243
117 1300
117 3001
118 1636
118 2598
120 349
120 836
120 3158
120 3338
120 3483
128 2529
129 810
129 3166
133 315
133 1053
133 2455
133 3485
134 461
134 1300
134 1753
141 506
141 1255
141 3475
145 3166
145 3440
146 3077
148 2598
153 287
153 312
153 370
153 442
153 572
153 1198
153 1561
153 1588
153 1763
153 1786
153 2319
153 2598
153 2767
153 2775
153 2919
153 3044
153 3254
153 3510
153 3512
153 3519
156 339
156 1917
156 2307
156 2598
157 3032
158 410
158 572
158 636
158 907
158 1258
158 1561
158 1636
158 1845
158 1972
158 2468
158 2529
158 2598
158 2868
158 2934
158 2954
158 3026
158 3044
158 3166
158 3329
158 3361
158 3401
158 3431
158 3432
158 3445
158 3453
158 3480
158 3481
158 3487
158 3488
158 3504
174 3401
184 2369
184 2664
184 3477
189 1825
190 370
190 2970
196 572
196 1561
196 1763
196 2114
196 3406
199 2959
206 572
206 2784
206 3463
226 696
235 302
235 1527
235 1877
235 2319
235 2598
235 3067
235 3160
235 3481
236 370
236 872
236 891
236 1268
247 348
247 1824
253 1017
253 1763
253 3406
258 729
258 3496
271 370
271 1763
271 2598
271 3453
280 570
280 572
280 599
280 1122
280 1753
280 1845
280 2468
280 3458
283 1012
283 2947
283 3030
285 1661
285 1786
285 1917
285 2598
286 907
286 3026
287 948
287 2612
289 621
289 3507
289 3510
290 1972
291 1054
295 3185
298 1763
298 3233
298 3458
302 2254
307 477
307 572
307 1013
307 1612
307 1994
307 2188
307 2321
307 2535
307 3378
307 3417
307 3474
307 3512
312 2254
312 2598
312 3412
315 621
315 2930
315 3030
315 3447
315 3487
335 3030
348 851
348 1247
348 1265
348 1359
348 1824
348 2762
348 2930
348 3000
348 3030
348 3166
348 3443
348 3466
348 3474
349 506
349 1453
349 2364
349 2762
349 3290
349 3511
351 3462
358 953
358 1413
358 2122
358 3461
358 3480
370 1036
370 1097
370 1179
370 1561
370 1612
370 1724
370 1877
370 2052
370 2107
370 2598
370 3051
370 3056
370 3158
370 3166
370 3379
370 3446
370 3453
370 3507
383 519
383 1122
383 1544
383 3459
391 1198
397 404
397 482
397 2693
397 3158
397 3401
397 3477
397 3502
404 482
404 2907
404 3226
406 2970
410 461
410 1877
410 2432
410 2663
410 2664
410 3498
414 1300
429 2687
432 2052
432 2728
432 2957
434 1561
434 3381
442 2825
442 3185
442 3401
446 1120
446 1602
446 2374
455 2762
461 506
461 636
461 731
461 1106
461 1561
461 1807
461 1845
461 1877
461 2062
461 2107
461 2455
461 2468
461 2598
461 2820
461 2868
461 3044
461 3158
461 3401
461 3405
461 3415
461 3452
461 3453
461 3462
461 3481
461 3485
461 3507
477 3448
482 852
482 2583
482 3497
494 3161
503 1812
503 2256
506 2107
506 3161
506 3458
506 3521
508 1845
516 1255
516 1753
536 1255
536 2052
536 2396
536 2930
539 729
539 1268
539 3051
546 2598
563 897
563 3030
565 572
565 2598
565 2762
565 3031
565 3510
566 1193
570 696
570 852
570 904
570 1012
570 1561
570 1612
570 1818
570 1845
570 1959
570 2272
570 2529
570 2727
570 2916
570 3051
570 3251
571 1561
571 2739
571 3023
571 3517
572 673
572 907
572 963
572 994
572 1013
572 1256
572 1321
572 1359
572 1413
572 1422
572 1561
572 1763
572 1972
572 1994
572 2062
572 2389
572 2472
572 2739
572 2820
572 2907
572 3030
572 3039
572 3420
572 3432
572 3461
573 1957
573 2598
577 712
577 897
577 1972
577 2535
577 3110
592 3460
599 2132
599 3161
599 3245
599 3270
610 3226
610 3471
612 1359
612 1413
612 1540
613 836
613 1763
613 1786
613 2468
613 2762
613 3355
613 3446
613 3460
613 3504
621 729
621 836
621 2256
621 2687
621 2930
621 3185
621 3444
621 3447
621 3454
621 3507
635 2455
636 803
636 817
636 936
636 1763
636 2052
636 2122
636 3415
659 2321
659 3270
662 1561
662 2321
673 1258
673 3039
682 1602
682 1636
682 2598
682 2627
682 3160
682 3381
682 3420
682 3512
691 1831
691 2820
691 3051
694 1120
694 2369
694 3502
696 1561
696 1742
696 2728
696 3032
712 3401
729 760
729 852
729 910
729 1012
729 1349
729 1359
729 1612
729 1845
729 1917
729 2027
729 2107
729 2374
729 2412
729 2468
729 2741
729 2762
729 3030
729 3051
729 3158
729 3361
729 3368
729 3379
729 3381
729 3415
729 3426
729 3453
729 3466
729 3495
729 3511
729 3512
734 2292
762 2107
762 2784
781 948
781 1369
781 2027
781 3044
781 3318
781 3329
789 3166
803 817
810 2027
813 1625
813 2254
813 3507
817 1877
817 3166
821 3426
821 3453
826 2389
826 3484
836 897
836 910
836 1053
836 1179
836 1392
836 1972
836 3076
836 3381
839 1106
839 1561
852 1164
852 1255
852 1256
852 1602
852 1717
852 1877
852 1957
852 2254
852 2468
852 2488
852 2529
852 2756
852 2916
852 3001
852 3023
852 3051
852 3313
852 3458
852 3497
852 3515
881 1013
881 2100
881 2468
881 3044
881 3415
882 3426
891 1198
891 1413
891 1540
891 1753
897 1661
897 2111
897 2598
897 3466
904 1972
904 2598
904 3437
907 1717
907 2319
907 2334
907 2930
928 1804
928 2598
938 3401
938 3504
948 1973
948 2389
948 2612
948 3491
968 1097
968 1255
968 1338
968 1527
968 1753
981 3509
1002 2188
1005 1359
1005 1666
1005 1973
1005 2081
1005 3031
1005 3307
1005 3401
1005 3453
1005 3468
1005 3497
1005 3511
1012 1957
1012 2318
1012 2468
1012 2598
1012 2820
1012 3051
1012 3160
1012 3475
1012 3515
1013 2254
1015 1321
1017 1193
1017 2406
1017 2598
1017 3453
1036 1179
1036 1521
1053 1787
1053 2297
1053 3307
1054 3137
1057 2254
1057 2468
1057 2489
1057 3290
1057 3377
1057 3401
1057 3476
1057 3488
1060 3283
1106 1268
1106 1661
1106 1793
1106 2052
1106 2126
1106 2598
1106 3442
1106 3488
1106 3509
1115 1959
1120 1141
1120 3467
1122 1636
1122 2111
1122 2663
1122 3158
1122 3226
1122 3401
1122 3449
1122 3459
1140 2598
1140 3161
1140 3472
1141 1602
1141 1957
1141 2411
1141 3158
1141 3458
1141 3467
1141 3503
1144 2052
1144 2374
1164 1193
1164 3069
1164 3368
1171 1527
1172 2907
1179 1521
1179 1724
1179 2364
1198 1540
1198 1636
1198 2052
1206 2916
1232 1786
1232 1958
1233 1732
1233 2762
1233 3501
1244 3475
1255 1845
1255 1957
1255 2741
1255 3361
1255 3481
1255 3485
1255 3507
1256 1365
1256 1717
1256 1844
1256 2468
1256 2756
1256 3458
1256 3475
1258 3461
1268 1561
1268 1753
1268 1793
1268 2598
1268 3224
1268 3361
1268 3507
1271 3401
1273 3479
1278 2598
1280 3514
1300 2598
1300 3512
1306 1561
1321 3314
1331 1540
1333 3447
1359 1561
1359 1763
1359 2016
1359 2254
1359 2396
1359 3224
1361 2268
1361 3051
1365 1381
1365 3458
1369 1972
1370 1470
1370 1476
1370 1636
1370 2254
1370 2529
1370 2598
1370 3180
1370 3521
1379 3469
1381 3135
1381 3313
1381 3392
1413 1540
1413 2223
1413 2739
1413 3030
1413 3044
1413 3158
1413 3224
1413 3361
1413 3461
1422 1561
1422 3110
1422 3520
1426 3026
1453 1691
1453 2364
1453 3446
1469 2762
1469 3355
1469 3475
1470 3307
1470 3388
1470 3437
1470 3500
1476 1831
1476 2132
1476 2254
1476 2292
1481 1917
1505 3455
1515 2820
1515 3030
1527 1684
1527 2324
1527 2412
1527 3499
1540 3355
1544 3498
1561 1732
1561 1763
1561 1818
1561 2319
1561 2455
1561 2907
1561 3026
1561 3095
1561 3158
1561 3318
1561 3338
1561 3444
1561 3461
1561 3507
1583 3480
1588 2254
1602 3389
1602 3401
1608 3355
1612 1818
1612 1831
1612 2272
1612 2598
1612 3024
1612 3032
1622 3283
1622 3361
1622 3401
1625 1687
1625 2254
1636 2254
1636 2455
1636 2627
1636 3251
1636 3270
1636 3401
1636 3415
1636 3482
1636 3483
1636 3497
1646 3462
1656 2100
1661 1917
1661 3180
1661 3283
1661 3486
1663 3178
1663 3226
1666 2762
1666 3511
1680 3446
1702 3479
1717 1928
1732 3001
1742 3422
1753 2319
1753 2324
1753 2784
1753 3361
1753 3458
1753 3463
1753 3488
1753 3499
1755 2272
1763 2052
1763 2057
1763 2256
1763 2535
1763 2762
1763 2919
1763 3030
1763 3062
1763 3122
1763 3440
1763 3446
1763 3453
1763 3507
1785 2581
1786 2254
1786 3488
1786 3497
1787 2598
1787 3044
1787 3415
1792 3401
1793 1917
1793 1957
1793 3067
1793 3283
1807 3401
1807 3490
1812 1818
1812 1973
1817 3444
1818 1845
1818 2411
1818 2598
1818 2907
1818 3077
1818 3338
1818 3361
1824 1877
1831 1994
1831 2254
1831 2321
1831 2488
1831 3023
1831 3051
1831 3137
1831 3412
1844 3458
1845 2052
1845 2319
1845 2692
1875 2052
1875 2254
1875 2583
1877 2188
1877 2468
1877 3166
1877 3361
1887 2907
1887 3044
1894 3166
1917 2598
1917 3067
1917 3283
1917 3314
1917 3361
1917 3378
1917 3379
1917 3446
1917 3488
1917 3494
1928 2598
1928 3361
1957 3262
1959 2606
1972 2598
1972 3166
1972 3338
1972 3447
1973 2663
1973 2762
1973 3405
1980 3491
1994 2428
2016 2319
2052 2334
2052 2360
2052 2374
2052 2468
2052 3057
2052 3175
2052 3401
2052 3415
2052 3463
2052 3481
2052 3486
2052 3488
2052 3491
2057 2455
2057 2820
2057 3030
2062 3415
2064 3401
2077 2321
2077 2907
2077 3444
2102 3166
2102 3361
2111 2687
2111 3494
2114 3030
2132 2820
2132 2916
2132 3185
2132 3453
2132 3497
2188 2254
2188 2432
2188 2598
2188 2696
2188 3030
2188 3065
2188 3377
2188 3397
2188 3453
2188 3473
2223 2957
2223 3392
2223 3401
2223 3417
2254 2319
2254 2455
2254 2488
2254 2529
2254 2756
2254 2762
2254 2820
2254 2868
2254 3161
2254 3239
2254 3290
2254 3401
2254 3453
2254 3481
2256 2598
2256 3417
2256 3446
2256 3470
2256 3481
2256 3482
2256 3507
2268 2488
2292 2930
2292 3044
2307 3401
2318 2468
2319 2775
2319 3158
2319 3180
2319 3361
2319 3458
2319 3491
2321 2432
2321 2535
2321 2907
2324 3463
2324 3484
2333 2767
2334 2930
2349 3213
2355 3135
2355 3401
2360 3361
2369 3451
2374 2818
2382 2934
2388 3420
2389 2612
2396 2930
2400 3213
2411 3450
2423 3512
2432 2907
2432 3361
2432 3489
2455 2762
2455 2907
2455 3026
2455 3137
2455 3161
2468 2488
2468 3030
2468 3313
2468 3377
2468 3515
2488 3001
2488 3270
2489 3026
2489 3401
2518 3051
2526 3361
2529 2598
2529 3001
2535 2598
2583 3401
2589 2598
2598 2696
2598 2741
2598 2762
2598 2784
2598 2907
2598 3030
2598 3044
2598 3051
2598 3056
2598 3067
2598 3361
2598 3378
2598 3401
2598 3436
2598 3485
2598 3520
2612 3377
2617 3185
2617 3448
2617 3476
2627 2674
2627 3044
2634 3398
2649 2907
2663 3161
2663 3338
2663 3460
2663 3492
2664 2756
2664 2907
2664 3477
2674 3166
2674 3463
2687 2930
2687 3415
2692 3462
2728 3026
2733 3426
2739 3051
2741 2957
2741 3051
2741 3475
2741 3485
2756 3329
2756 3458
2756 3475
2756 3490
2762 2907
2762 3078
2762 3137
2762 3245
2762 3355
2762 3426
2762 3438
2762 3440
2762 3465
2767 3062
2767 3137
2767 3175
2767 3508
2767 3510
2818 3355
2820 3044
2820 3051
2820 3224
2820 3361
2820 3461
2820 3486
2820 3488
2868 3160
2868 3251
2868 3398
2868 3444
2868 3475
2868 3512
2882 3481
2907 3333
2907 3464
2907 3465
2916 3030
2930 3447
2934 3456
2941 3239
2954 3481
2957 3401
2957 3447
2970 3051
2982 3461
3000 3443
3001 3415
3026 3062
3026 3166
3026 3416
3030 3447
3030 3485
3030 3488
3032 3166
3035 3457
3044 3051
3044 3224
3044 3329
3044 3475
3044 3485
3051 3224
3051 3444
3051 3458
3062 3482
3063 3478
3069 3169
3077 3481
3122 3488
3135 3302
3135 3495
3137 3156
3137 3322
3137 3522
3158 3185
3158 3361
3158 3449
3158 3453
3158 3462
3158 3495
3161 3401
3161 3438
3161 3497
3166 3401
3166 3417
3206 3458
3213 3251
3213 3444
3221 3506
3224 3453
3226 3401
3228 3269
3228 3274
3239 3397
3239 3401
3239 3469
3251 3398
3251 3444
3251 3476
3251 3488
3307 3500
3314 3432
3314 3445
3318 3338
3319 3426
3329 3475
3329 3480
3336 3469
3361 3401
3361 3405
3361 3481
3401 3405
3401 3448
3401 3497
3405 3488
3412 3452
3412 3477
3415 3462
3415 3475
3417 3496
3447 3485
3475 3493
3476 3498
3481 3487
3506 3507
3512 3516
3516 3521
