0 302
0 1056
0 1057
0 1753
0 2762
0 3378
0 3405
0 3770
0 3780
0 3857
3 134
3 287
7 42
7 461
7 1005
7 1558
7 1753
7 2627
7 3461
7 3792
7 3861
12 14
12 1056
14 140
14 1545
14 2266
14 2499
14 2663
14 3122
14 3690
14 3754
14 3792
19 370
19 1235
19 2773
19 3825
19 3835
25 539
25 2598
29 30
29 73
29 108
29 302
29 781
29 1039
29 3844
29 3849
29 3858
30 441
30 597
30 1413
30 1441
30 1646
30 3195
30 3426
30 3754
30 3785
30 3806
41 2598
41 3835
42 140
42 370
42 451
42 681
42 837
42 1056
42 1171
42 1831
42 1917
42 1948
42 1995
42 2773
42 3122
42 3405
42 3616
42 3745
42 3782
42 3792
42 3848
43 123
43 134
43 826
43 1155
43 1243
43 1818
43 1928
43 3461
43 3723
43 3785
43 3824
46 370
46 1413
46 1972
46 2396
46 3785
46 3828
47 3091
47 3779
48 1039
48 1941
48 2930
48 3030
48 3849
57 3617
59 2617
59 3251
61 618
66 3832
70 621
73 789
74 1179
74 3030
75 134
75 891
75 1002
75 1422
75 1980
75 3453
75 3792
76 572
76 1005
76 1413
76 1785
76 1948
76 2773
76 3401
76 3835
77 195
77 461
77 1877
77 1980
77 2820
80 1469
83 618
83 1012
83 1053
83 1539
83 2243
83 2256
83 3166
83 3417
83 3460
83 3461
87 3616
88 158
88 640
89 3166
95 290
95 3426
95 3812
95 3862
96 302
96 446
96 692
96 852
96 2374
96 3791
97 226
97 3834
108 3785
110 2962
120 3785
121 762
123 891
123 3044
123 3792
127 3166
134 891
140 2245
140 3782
150 302
153 621
153 837
153 859
153 884
153 1115
153 1361
153 1785
153 1793
153 2057
153 2455
153 2959
153 3461
153 3829
153 3853
158 286
158 640
158 781
158 1002
158 1361
158 2208
158 2547
158 2592
158 3091
158 3767
158 3807
158 3815
168 3852
169 374
169 570
169 884
169 3026
169 3744
169 3784
174 1177
174 2959
184 1929
188 3616
189 439
195 782
196 1801
196 2018
196 2959
198 391
198 1413
206 782
206 884
206 1177
206 1561
206 3778
206 3832
221 2959
238 2223
238 3814
240 270
240 302
240 1413
240 1531
240 1941
240 2169
240 3461
253 2197
256 621
256 2959
259 884
259 2547
259 2762
270 1235
280 1778
283 3122
285 703
285 1894
285 1941
285 2529
285 3846
285 3849
286 640
286 1185
286 2208
286 2460
287 2468
290 2650
290 2818
290 3814
297 3745
298 1501
298 2627
298 3811
302 570
302 682
302 1177
302 1268
302 1413
302 1612
302 3417
302 3426
302 3833
311 1115
315 370
315 621
315 760
315 1179
315 1972
315 2256
315 3786
330 3861
339 836
348 1972
348 1980
351 1562
351 2381
351 3322
351 3617
358 572
358 1561
358 3461
358 3745
370 461
370 570
370 621
370 1636
370 1877
370 1917
370 1980
370 2225
370 2243
370 2529
370 2598
370 3122
370 3426
370 3545
370 3745
370 3863
374 3807
391 572
391 2750
391 3453
403 431
403 572
403 1558
407 2176
410 1395
410 3745
412 3613
412 3717
412 3826
414 969
414 2268
414 3545
414 3745
414 3814
417 884
417 1476
417 1501
417 2223
417 2739
417 3076
417 3441
417 3458
417 3548
417 3717
417 3851
431 2943
431 3195
434 3417
441 3857
442 3322
446 1141
446 1473
446 1501
446 2374
446 2627
446 3550
446 3677
461 691
461 839
461 907
461 1237
461 1531
461 1753
461 1793
461 2100
461 2122
461 2396
461 2771
461 2948
461 2959
461 3110
461 3238
461 3368
461 3405
461 3617
461 3745
461 3841
461 3861
482 2627
482 3791
493 1774
502 883
502 3862
506 2691
506 2959
507 572
507 2762
507 3745
507 3828
509 836
510 3785
515 846
515 1793
515 3322
516 852
536 2240
536 2243
539 572
539 2052
539 3780
548 3613
565 621
565 2208
565 3794
570 3784
572 613
572 1005
572 1106
572 1335
572 1413
572 1558
572 1561
572 1753
572 2598
572 2959
572 3377
572 3391
572 3453
572 3461
572 3548
572 3636
573 891
573 1980
573 3523
577 621
577 1232
577 1972
577 3110
577 3453
610 760
611 2762
613 679
613 781
613 1636
613 1753
613 3613
613 3821
613 3847
615 3613
615 3781
618 852
618 1179
618 1359
618 1825
618 2954
618 3355
618 3368
618 3626
618 3848
621 659
621 662
621 1232
621 1321
621 1545
621 1818
621 1972
621 2773
621 2915
621 3453
621 3620
621 3745
640 2460
659 3792
671 3457
671 3862
679 3613
682 1012
682 1359
682 2598
682 2741
682 2959
682 2970
682 3333
682 3828
682 3835
690 1558
690 3453
690 3745
691 1636
691 2739
691 3333
691 3841
692 1501
692 2627
692 3307
692 3827
733 2529
733 2562
733 2650
733 2930
760 1980
760 3786
781 2592
781 3727
782 1793
782 2256
782 2598
789 1039
803 3825
809 3828
817 1012
817 1115
817 1985
836 1877
836 1980
836 3030
836 3543
836 3690
837 1936
837 2820
837 3168
837 3613
839 1558
839 2598
839 2773
846 1793
846 3322
848 3574
852 1745
852 2052
852 2169
852 2374
852 2411
852 2529
852 3368
852 3388
852 3453
852 3617
852 3810
852 3820
852 3861
866 3825
883 1359
883 1558
883 2256
884 1005
884 1235
884 1361
884 1558
884 1625
884 1818
884 1980
884 2223
884 2583
884 2598
884 2627
884 2756
884 2915
884 3077
884 3609
884 3649
884 3829
884 3859
891 1980
891 3405
891 3461
892 2650
936 3797
948 1035
948 1753
948 2255
948 2468
948 2612
948 3041
948 3044
969 1198
1002 1359
1002 1531
1002 1636
1002 2598
1002 3091
1002 3616
1005 2465
1005 2627
1005 3211
1005 3307
1005 3636
1005 3649
1012 1235
1012 1335
1024 1413
1031 3808
1035 2255
1036 2256
1036 3460
1036 3616
1036 3690
1036 3786
1056 1980
1056 2123
1056 2472
1057 2465
1057 2598
1057 3825
1057 3848
1057 3857
1060 3398
1060 3827
1097 2255
1097 3823
1106 1177
1106 1917
1106 2243
1106 2598
1106 3426
1115 2057
1141 2627
1141 3458
1141 3550
1141 3649
1141 3772
1141 3774
1147 3543
1148 1948
1171 3473
1171 3543
1177 1413
1177 2319
1177 3030
1177 3864
1179 1583
1179 1814
1179 2256
1198 1370
1204 3412
1206 2169
1235 2915
1237 3657
1237 3777
1256 2773
1256 3258
1256 3368
1256 3792
1268 2468
1268 3835
1276 3426
1276 3649
1280 1636
1312 3821
1322 1419
1331 3745
1335 1622
1335 1661
1335 1793
1335 1825
1335 2292
1335 3453
1335 3616
1335 3853
1359 1413
1359 1785
1359 2176
1359 2360
1359 2547
1359 2598
1359 2671
1359 3091
1359 3401
1359 3636
1359 3745
1359 3792
1359 3804
1359 3828
1359 3829
1359 3835
1359 3837
1361 1636
1361 3791
1361 3829
1365 2100
1365 3745
1365 3828
1379 1636
1381 2529
1381 3769
1392 2959
1392 2961
1392 3026
1392 3248
1395 3251
1413 1646
1413 2042
1413 2598
1413 2820
1413 3122
1413 3333
1413 3828
1413 3841
1413 3850
1436 2670
1469 2762
1469 3426
1473 3579
1501 2374
1501 2627
1510 1558
1510 3368
1531 1558
1531 2915
1531 3636
1531 3780
1531 3845
1531 3857
1540 2598
1545 2598
1558 1636
1558 1972
1558 2256
1558 2598
1558 2724
1558 2902
1558 3458
1561 1877
1561 2959
1561 3368
1561 3745
1562 2381
1612 3166
1612 3417
1622 3827
1625 2959
1625 3065
1625 3426
1636 2176
1636 2255
1636 2321
1636 2598
1636 2706
1636 2739
1636 3091
1636 3166
1636 3391
1636 3780
1636 3828
1636 3842
1646 1793
1646 3426
1646 3461
1646 3543
1646 3616
1661 3368
1661 3858
1663 2818
1663 3613
1663 3636
1724 2360
1745 3515
1753 2612
1753 2750
1753 3044
1753 3368
1753 3453
1753 3484
1753 3543
1753 3801
1753 3828
1753 3861
1785 2756
1785 2762
1785 3026
1785 3091
1785 3322
1786 3849
1793 3166
1793 3453
1793 3688
1793 3785
1793 3793
1804 3030
1817 3477
1818 3417
1818 3858
1825 2292
1831 1940
1831 2583
1831 2598
1831 3161
1831 3389
1831 3649
1831 3827
1877 1980
1877 2456
1877 2959
1877 3122
1877 3426
1877 3461
1877 3745
1911 2671
1917 2243
1917 3122
1936 2529
1940 3461
1940 3617
1948 2234
1972 3617
1972 3745
1980 2225
1980 2255
1980 3401
1980 3426
1980 3785
1980 3842
2018 3322
2018 3745
2042 3401
2052 2100
2052 2756
2052 3122
2052 3769
2052 3835
2052 3849
2052 3861
2057 2930
2081 2583
2081 2627
2100 3828
2126 2948
2147 3727
2148 3727
2169 3166
2176 3401
2192 3791
2197 3812
2203 2445
2208 3727
2225 3056
2234 3823
2236 3355
2236 3787
2243 2775
2255 3592
2256 3857
2268 3460
2268 3775
2268 3828
2309 3716
2319 3856
2334 3405
2355 3745
2360 3835
2365 3460
2389 3211
2396 3453
2396 3754
2396 3791
2396 3823
2411 3819
2411 3820
2411 3830
2432 3778
2432 3826
2443 2598
2443 3453
2455 3195
2455 3784
2456 2562
2460 3727
2488 2529
2488 3617
2488 3798
2492 3745
2499 3458
2499 3760
2529 3122
2529 3258
2529 3613
2529 3617
2529 3818
2529 3846
2529 3855
2535 3613
2544 3044
2547 3835
2574 3616
2583 3853
2592 3863
2598 2627
2598 2650
2598 2959
2598 3030
2598 3238
2598 3545
2598 3592
2598 3745
2598 3778
2598 3785
2598 3790
2598 3792
2598 3793
2598 3811
2598 3832
2598 3835
2598 3857
2598 3858
2598 3862
2599 3801
2605 2959
2617 2762
2617 3831
2617 3859
2627 3412
2627 3458
2627 3550
2649 3461
2650 2682
2650 3727
2650 3766
2650 3785
2650 3849
2652 3307
2662 3613
2663 3690
2665 3453
2665 3808
2670 3727
2674 3793
2682 3617
2760 3391
2767 3599
2771 2959
2786 3461
2818 3322
2818 3613
2818 3836
2820 3461
2820 3617
2838 3461
2840 3785
2868 3105
2915 3613
2930 3688
2930 3745
2948 3805
2959 2961
2959 3044
2959 3110
2959 3657
2959 3811
2970 3110
3026 3322
3026 3613
3026 3727
3026 3825
3030 3166
3033 3792
3044 3388
3081 3636
3081 3803
3091 3401
3091 3778
3091 3838
3110 3509
3110 3832
3122 3543
3122 3745
3158 3833
3161 3745
3166 3785
3166 3799
3166 3800
3168 3613
3195 3331
3206 3779
3206 3839
3221 3392
3238 3835
3238 3862
3251 3579
3251 3831
3268 3817
3307 3458
3307 3649
3307 3754
3307 3827
3307 3860
3322 3817
3322 3836
3322 3853
3337 3818
3355 3787
3361 3461
3361 3745
3368 3617
3368 3785
3388 3617
3389 3852
3401 3785
3401 3791
3401 3826
3401 3831
3405 3426
3412 3796
3426 3453
3426 3543
3453 3616
3453 3778
3453 3828
3453 3843
3453 3861
3458 3677
3458 3754
3458 3760
3460 3620
3461 3745
3477 3579
3477 3822
3515 3751
3550 3677
3556 3608
3574 3802
3574 3809
3579 3745
3607 3854
3613 3636
3613 3731
3613 3778
3613 3815
3613 3816
3613 3840
3616 3783
3616 3792
3617 3636
3617 3802
3617 3804
3617 3811
3617 3822
3636 3794
3636 3802
3639 3771
3649 3792
3649 3819
3649 3833
3657 3847
3657 3857
3663 3813
3692 3787
3694 3745
3717 3745
3723 3791
3727 3863
3745 3791
3745 3806
3745 3835
3745 3845
3760 3792
3780 3791
3785 3786
3787 3791
3788 3789
3791 3827
3791 3828
3794 3795
3806 3828
3809 3824
3815 3838
3819 3820
3821 3859
3828 3850
3846 3855
