0 382
0 1636
0 2340
0 3954
3 2286
3 3823
7 904
7 1005
7 3453
7 3471
14 75
14 710
14 3924
19 206
19 302
19 729
19 1106
19 1115
19 1717
19 1785
19 2598
19 2627
19 3416
19 3700
19 3745
19 3875
19 3902
19 3910
19 3925
19 3944
25 461
26 158
26 2598
26 2762
26 3322
26 3875
29 48
29 516
29 820
29 2334
29 3592
29 3849
29 3868
29 3875
29 3910
29 3925
29 3944
30 97
30 195
30 509
30 573
30 613
30 1115
30 1877
30 2027
41 42
41 729
41 2256
42 206
42 572
42 1268
42 1995
42 2003
42 2052
42 2256
42 2319
42 2522
42 2818
42 3226
42 3405
42 3745
42 3783
42 3873
42 3909
43 1605
43 3745
59 196
59 258
59 315
59 1359
59 1763
59 3760
59 3888
59 3894
59 3896
61 3123
69 2640
69 3891
73 285
73 461
73 1012
73 1235
73 1941
75 120
75 613
75 891
75 892
75 1056
75 1106
75 1268
75 1413
75 1517
75 1625
75 1717
75 2177
75 2720
75 2962
75 3613
75 3634
75 3708
75 3745
76 307
76 338
76 461
76 660
76 1140
76 2534
76 3769
76 3872
76 3873
79 507
79 3745
80 502
80 2762
83 621
83 3723
83 3928
83 3933
89 570
89 1539
89 3888
90 839
90 1005
96 572
96 1106
96 1141
96 3865
97 433
97 762
97 897
97 1017
97 1186
97 1742
97 3952
103 1636
113 3943
114 2340
119 1787
123 3869
124 1742
132 1413
133 710
133 881
133 2274
133 3903
151 3760
153 302
153 410
153 1392
153 2535
153 3268
153 3613
153 3745
153 3910
153 3939
158 461
158 572
158 621
158 809
158 1115
158 1185
158 2592
158 3727
158 3745
158 3861
158 3865
158 3875
158 3879
158 3888
158 3890
158 3894
158 3896
158 3920
158 3934
159 1017
169 1636
169 3636
169 3760
174 660
184 259
184 884
195 2715
196 502
196 726
196 1185
196 1763
196 2831
196 3477
196 3687
196 3700
199 3056
199 3322
201 953
205 621
206 897
206 1854
206 1877
206 2406
206 3453
206 3888
206 3937
206 3950
226 236
226 1017
226 1753
226 3484
238 1600
240 270
249 875
249 3123
249 3745
258 682
259 884
280 3939
285 1941
286 3727
290 410
290 726
298 1141
302 1612
302 3123
302 3902
302 3918
302 3924
307 461
307 823
307 881
307 1600
307 1785
307 2464
307 3204
307 3264
307 3368
307 3613
307 3814
307 3931
307 3936
315 3700
315 3875
318 1742
330 370
330 729
330 2574
339 2035
348 621
348 1793
348 1980
348 2406
356 710
367 2529
370 1106
370 1144
370 1179
370 1763
370 2406
370 2762
370 3453
370 3919
370 3944
370 3956
374 3168
397 3940
403 431
403 3195
410 2825
410 3368
410 3745
414 3745
422 3905
424 1646
431 820
431 1106
431 3195
431 3787
431 3899
433 1742
439 3867
444 1256
446 710
446 884
446 2762
446 3307
446 3477
446 3947
455 3745
461 570
461 729
461 891
461 1235
461 1268
461 1517
461 1561
461 2274
461 2598
461 3156
461 3187
461 3727
461 3823
461 3844
461 3926
501 3896
502 3745
502 3814
502 3934
509 1235
509 1877
515 846
516 3157
518 1703
526 1057
526 2256
526 3617
539 1002
539 1536
539 2665
539 3783
539 3950
544 1106
544 1359
544 2052
544 2948
565 3818
570 1106
570 1941
570 2035
570 2062
570 3888
572 729
572 1005
572 1268
572 1390
572 1622
572 1753
572 2052
572 2239
572 2741
572 2770
572 3932
572 3955
577 710
577 762
577 1232
577 1474
577 2762
577 3160
577 3737
577 3791
577 3877
588 1343
599 610
599 1413
610 892
610 1413
610 1636
610 2132
610 2598
610 2670
610 3700
613 1056
613 1115
613 1469
613 2319
613 3745
613 3875
618 852
618 1972
618 3368
618 3540
618 3626
621 710
621 762
621 813
621 836
621 892
621 904
621 1005
621 1115
621 1232
621 1474
621 2272
621 2762
621 3875
621 3877
621 3923
659 3617
660 1787
660 2432
660 3026
660 3613
682 1636
686 1268
686 1625
686 2583
686 3562
686 3932
690 2598
690 3828
691 3333
691 3841
703 1235
710 852
710 1141
710 2762
710 2930
710 3030
710 3286
710 3453
712 1972
712 3529
726 729
726 781
726 821
726 881
726 936
726 1106
726 1300
726 1351
726 1390
726 1413
726 1786
726 2598
726 2818
726 3030
726 3122
726 3333
726 3613
726 3745
726 3836
729 820
729 936
729 1106
729 1413
729 1612
729 1640
729 2239
729 2627
729 3187
729 3638
729 3745
729 3881
729 3888
729 3914
733 3123
753 1413
762 1539
762 1793
762 1941
773 892
781 2592
782 1793
789 1106
791 3613
809 1818
809 2319
809 2598
809 3613
809 3626
809 3760
820 3195
821 3723
836 1223
836 1646
836 1818
836 2256
837 1423
837 1992
837 3884
839 950
839 1235
839 2027
851 1625
851 1742
851 3745
852 1057
852 1185
852 1554
852 2114
852 2148
852 2640
852 2756
852 3023
852 3871
852 3883
852 3896
852 3910
852 3929
875 1298
881 884
881 2488
881 2592
881 3307
881 3649
883 1349
883 3745
883 3865
883 3873
883 3922
884 1002
884 1349
884 1365
884 2488
884 2739
884 2762
884 3388
884 3649
884 3879
884 3881
884 3909
884 3945
889 2762
889 3549
891 1268
891 1517
891 2052
891 2286
891 3823
891 3935
892 3877
897 2035
897 2750
904 3828
928 3942
928 3946
936 1413
938 3927
948 1753
948 2468
950 1392
950 3187
968 1742
1002 1540
1002 2203
1002 3453
1002 3866
1002 3869
1005 1365
1005 1740
1005 3168
1005 3453
1005 3727
1005 3745
1005 3859
1005 3884
1005 3915
1005 3916
1005 3934
1012 1206
1012 1941
1017 1036
1017 3157
1035 2123
1054 3904
1057 1861
1057 2762
1057 3215
1057 3307
1057 3639
1057 3687
1057 3878
1057 3938
1106 1333
1106 1413
1106 1608
1106 1753
1106 1807
1106 1917
1106 2126
1106 2177
1106 2243
1106 2529
1106 2943
1106 3368
1106 3613
1106 3717
1106 3836
1106 3920
1115 1785
1115 2057
1115 2762
1115 2930
1115 3865
1115 3875
1141 1929
1141 3677
1141 3772
1155 3745
1177 3636
1177 3897
1179 1763
1185 2223
1185 2592
1185 3166
1185 3268
1186 2272
1193 2598
1193 3828
1193 3908
1235 1980
1235 2035
1235 3187
1249 3925
1256 1717
1256 2592
1256 2762
1256 3818
1268 1536
1268 1625
1268 1753
1268 2035
1268 2720
1268 3806
1268 3867
1268 3875
1268 3932
1268 3944
1281 1877
1298 1877
1300 3562
1310 3814
1312 3821
1321 3416
1333 3613
1351 3917
1359 1861
1359 2627
1359 2739
1359 3687
1359 3829
1390 3613
1392 1985
1392 3939
1413 1422
1413 1612
1413 1640
1413 1753
1413 2598
1413 2627
1413 2770
1413 3745
1413 3787
1413 3806
1413 3850
1413 3867
1413 3926
1413 3935
1413 3944
1430 3925
1469 2762
1469 2915
1473 3579
1483 2432
1483 3453
1510 1600
1510 3787
1510 3934
1531 3875
1531 3887
1536 1753
1536 1793
1539 2035
1539 3873
1540 1657
1540 1861
1600 1804
1600 1877
1600 3333
1605 1625
1612 1646
1612 1763
1612 2223
1612 2598
1612 2767
1622 1661
1622 1972
1622 2274
1622 3368
1625 2739
1636 1861
1636 2739
1636 3453
1636 3723
1636 3879
1640 2223
1640 2598
1640 3828
1646 3900
1657 2598
1658 2035
1658 2472
1661 3368
1717 2057
1717 2529
1729 3574
1729 3613
1729 3896
1742 2239
1742 3123
1742 3902
1753 1804
1753 1818
1753 1877
1753 1917
1753 2406
1753 3405
1753 3484
1753 3634
1753 3783
1753 3823
1753 3861
1753 3874
1753 3875
1763 2598
1763 2715
1763 3636
1763 3911
1785 2818
1785 3026
1785 3477
1785 3745
1786 2239
1786 2598
1786 3923
1787 2095
1787 3613
1793 2592
1793 3416
1793 3869
1793 3950
1804 1877
1804 3030
1807 2598
1807 3865
1818 3944
1844 3841
1861 3251
1867 3870
1877 2319
1877 3361
1877 3405
1917 2027
1917 2243
1917 2256
1917 2319
1917 3426
1917 3873
1929 3677
1972 2052
1972 3700
1972 3745
1972 3875
1980 2123
1980 3906
1980 3956
1994 3723
2003 3268
2009 3864
2027 2598
2035 2062
2035 2970
2035 3030
2052 3171
2052 3204
2052 3717
2052 3880
2052 3881
2053 3932
2057 3687
2064 2124
2064 2617
2081 2762
2095 2114
2100 2598
2114 3613
2114 3677
2114 3865
2123 3157
2123 3543
2124 2617
2124 3608
2132 3894
2148 2274
2148 3727
2176 2313
2176 3401
2197 3561
2223 3268
2223 3814
2223 3836
2223 3865
2223 3888
2223 3894
2239 3123
2239 3914
2255 3892
2256 2762
2256 3737
2256 3873
2297 3923
2319 2818
2319 3573
2395 3873
2403 3937
2422 3925
2431 3927
2468 3858
2488 3649
2529 2627
2529 3023
2529 3204
2529 3262
2529 3368
2529 3458
2529 3866
2529 3883
2529 3902
2533 3745
2583 3787
2592 2598
2592 3416
2598 2627
2598 2720
2598 2739
2598 3332
2598 3638
2598 3745
2598 3760
2598 3873
2598 3888
2598 3906
2598 3911
2598 3923
2598 3932
2598 3943
2598 3953
2617 3831
2627 2767
2640 3883
2650 3727
2692 3441
2692 3745
2738 3672
2741 3861
2760 3866
2762 2915
2762 3215
2762 3322
2762 3392
2762 3453
2762 3639
2762 3940
2767 3613
2767 3700
2767 3853
2770 3901
2778 3950
2818 2919
2818 3915
2821 3740
2831 3322
2915 2919
2915 3268
2919 3727
2919 3894
2941 3091
2941 3093
3013 3866
3015 3091
3023 3929
3026 3268
3026 3613
3026 3838
3030 3783
3046 3649
3077 3717
3122 3885
3123 3727
3123 3902
3145 3879
3157 3333
3158 3745
3168 3453
3168 3727
3184 3935
3192 3613
3206 3617
3207 3617
3207 3639
3216 3913
3251 3477
3251 3917
3262 3891
3268 3453
3268 3893
3273 3954
3322 3416
3322 3745
3322 3911
3329 3631
3333 3890
3333 3907
3335 3613
3344 3405
3344 3875
3355 3888
3361 3416
3396 3745
3405 3892
3411 3649
3416 3745
3416 3836
3426 3453
3426 3543
3426 3900
3453 3613
3453 3806
3453 3935
3453 3951
3471 3886
3473 3898
3473 3930
3473 3932
3477 3613
3477 3921
3509 3656
3538 3864
3545 3876
3574 3896
3608 3927
3613 3745
3613 3816
3613 3836
3613 3838
3613 3884
3613 3890
3617 3878
3620 3889
3634 3823
3636 3760
3636 3878
3636 3894
3636 3911
3639 3940
3649 3940
3649 3947
3649 3953
3677 3772
3745 3874
3745 3875
3745 3882
3745 3924
3745 3934
3745 3940
3745 3956
3760 3888
3769 3928
3787 3827
3829 3864
3829 3878
3835 3841
3841 3873
3861 3867
3873 3874
3877 3903
3878 3912
3879 3881
3890 3896
3894 3895
3894 3896
3896 3904
3896 3933
3917 3927
3934 3941
3942 3948
3947 3949
