0 2255
2 3984
3 19
4 3307
4 4190
4 4258
7 226
7 577
7 2149
7 2818
8 2529
12 1527
19 455
19 602
19 1704
19 3329
19 3333
19 4110
19 4167
19 4198
19 4264
26 83
26 94
26 729
26 1243
26 1268
26 1298
26 1413
26 1753
26 1818
26 2149
26 2319
26 2598
26 2762
26 3745
28 226
29 762
29 1255
29 1636
29 2650
29 3030
29 4196
29 4198
29 4204
29 4264
29 4265
30 976
30 1804
30 3785
42 249
42 370
42 532
42 1233
42 1413
42 1636
42 1985
42 2299
42 2389
42 2818
42 3111
42 3224
42 3744
42 3745
42 3984
42 4110
43 1298
43 3052
43 3887
43 4164
43 4213
43 4263
46 4110
46 4183
48 1255
48 4234
56 1787
59 4138
69 434
69 1985
69 1990
69 2756
73 138
73 158
73 570
73 1255
73 1928
74 2149
74 2297
75 1006
75 1636
75 3254
75 4084
76 77
76 95
76 682
76 1041
76 1144
76 1177
76 1186
76 1268
76 2256
76 2728
76 2818
76 2820
76 3015
76 3570
76 3791
76 4018
76 4110
76 4150
76 4167
76 4235
76 4257
77 158
77 565
77 1106
77 2319
77 3453
77 4226
79 133
79 682
79 1114
79 1445
79 2052
79 3984
79 4073
79 4244
80 852
80 1041
80 1985
80 2504
80 2820
80 3570
80 4220
83 249
83 729
83 1268
83 3368
83 3823
88 1255
88 2598
88 2650
88 2728
90 1742
90 2947
90 3030
93 4226
95 455
95 1268
95 1402
95 2818
95 4209
96 1256
97 859
97 1255
97 2948
97 3420
97 4150
97 4226
113 1917
117 4110
123 1994
124 1298
126 4216
133 226
133 318
133 836
133 1818
133 3785
133 4110
135 3791
135 3967
135 4110
138 690
138 729
138 1255
138 2650
140 531
140 2158
141 461
153 1825
153 2598
153 2756
153 3751
153 4192
153 4198
153 4220
158 249
158 461
158 682
158 690
158 729
158 1057
158 1115
158 2460
158 2627
158 2950
158 3329
158 3368
158 3967
158 4158
158 4192
158 4198
158 4206
158 4232
158 4235
158 4241
158 4249
158 4257
163 4243
175 1255
175 3405
175 4216
184 2089
184 2930
184 3639
196 3181
196 3912
196 4222
218 1300
226 461
226 570
226 1012
226 1255
226 1539
236 1510
236 4110
239 1020
240 570
240 682
240 904
240 1062
240 1255
240 1298
240 1539
240 1787
240 4110
240 4150
249 682
249 1115
249 1298
249 1625
249 2132
249 2149
249 2492
249 3181
249 3928
253 4264
258 280
258 613
258 675
258 1232
258 1300
258 2756
258 2767
258 3329
258 4065
258 4110
258 4187
258 4252
258 4254
258 4255
267 1581
267 2114
271 734
280 682
280 4187
283 621
283 641
286 1115
286 2627
286 2660
286 3984
286 4110
286 4206
287 2612
289 3329
289 3984
297 301
297 461
297 1392
297 2767
297 3967
301 3967
301 4055
302 2224
315 577
315 1807
315 2158
315 2192
318 2027
318 3785
318 4150
318 4205
330 3040
332 600
339 2149
339 3368
367 2089
368 2741
370 1636
370 2598
370 2948
370 3329
370 3861
370 3865
370 3967
374 1663
374 3477
374 4158
382 570
382 729
382 3171
389 1636
390 3484
394 1002
394 1753
397 2089
414 4222
432 4110
440 577
440 4110
442 1608
442 4014
446 3928
446 4006
446 4207
448 2592
453 1704
453 3958
455 682
455 1115
455 1359
455 1985
455 2767
455 3166
455 3967
455 4110
455 4118
455 4167
455 4209
461 690
461 1540
461 1972
461 2534
461 2627
461 3368
461 3453
461 3562
461 4190
461 4198
475 4061
506 682
507 682
507 1002
507 2223
512 3841
516 1818
531 2728
531 3967
531 4237
532 610
532 3100
532 3447
536 771
536 2132
536 3515
536 3912
536 4110
539 570
539 976
539 1340
539 4171
539 4198
539 4215
563 802
570 690
570 729
570 1255
570 2070
570 3030
577 1779
577 2767
577 4150
589 682
600 3477
602 1243
613 2158
613 2818
613 2868
613 3329
613 3368
613 4042
613 4240
618 3727
621 729
621 1818
621 2818
621 4150
621 4222
641 696
641 2762
641 4110
641 4181
656 1917
656 3957
682 852
682 881
682 904
682 953
682 963
682 1013
682 1041
682 1114
682 1365
682 1379
682 1636
682 1687
682 1796
682 1807
682 1825
682 2026
682 2091
682 2149
682 2158
682 2234
682 2504
682 2534
682 2583
682 2598
682 2868
682 2959
682 3030
682 3333
682 3453
682 3543
682 3613
682 3745
682 3830
682 3984
682 4052
682 4210
682 4221
686 729
686 1636
686 1787
686 3453
690 729
690 1365
690 2598
690 3001
690 3171
691 4249
712 1966
712 3171
712 4110
720 2428
720 4150
726 802
728 3477
729 852
729 1057
729 1177
729 1256
729 1298
729 1359
729 1365
729 1517
729 1994
729 2149
729 2158
729 2272
729 2529
729 2598
729 2762
729 2820
729 3171
729 3453
729 3477
729 3945
729 4028
729 4110
729 4164
734 1057
762 3543
762 4229
771 1517
779 1625
779 3745
781 4138
789 1255
834 1038
834 4263
836 1793
836 2319
836 3745
836 3785
836 4031
836 4150
837 1992
837 3477
839 859
839 1298
839 3111
846 4102
851 3912
852 1255
852 1470
852 1985
852 2529
852 2582
852 2627
852 2640
852 2756
852 3515
852 3745
852 3928
852 4110
852 4196
859 1755
859 2319
859 2650
875 3051
881 1106
881 2428
881 2764
881 3015
883 4150
883 4261
884 4178
886 1002
886 1636
886 2124
886 2915
886 3416
886 3613
886 3882
886 3990
886 4050
886 4057
886 4191
886 4256
891 2582
891 3984
897 3322
902 4224
904 2428
928 4176
948 1581
960 1636
963 1704
963 2598
968 4226
976 1017
976 1268
976 1824
1002 1636
1002 2582
1002 4110
1002 4171
1002 4230
1005 3945
1005 4110
1005 4268
1006 1340
1012 2492
1036 1804
1038 4263
1053 1818
1057 2582
1057 2764
1057 3034
1057 3210
1057 3368
1057 3515
1057 3893
1057 4110
1057 4184
1057 4218
1085 1255
1099 3814
1106 1365
1106 1996
1106 2598
1106 4110
1115 1636
1115 2627
1115 3329
1115 4167
1115 4196
1115 4206
1125 1458
1126 4211
1128 1636
1128 3984
1141 1501
1164 1298
1177 1418
1177 2089
1177 2529
1177 4110
1179 1763
1179 3967
1186 1753
1186 2696
1224 4207
1232 1581
1242 4216
1243 2412
1243 3967
1243 4161
1243 4224
1243 4240
1255 1256
1255 1298
1255 1527
1255 1818
1255 2307
1255 2669
1255 3368
1255 3484
1255 3844
1255 3887
1255 4183
1256 1704
1256 2158
1256 2529
1256 2627
1256 2756
1256 3515
1256 3887
1256 4110
1256 4249
1268 1365
1268 1766
1268 2389
1268 4198
1268 4203
1272 2087
1272 2582
1278 3874
1295 3562
1298 1539
1298 2820
1300 1818
1300 2490
1300 4253
1333 2529
1340 4216
1359 1636
1359 3928
1359 4192
1365 1561
1370 4181
1381 2488
1381 2773
1381 3458
1389 4113
1390 1636
1390 1787
1392 1636
1392 3830
1392 4028
1413 2299
1413 2529
1413 2692
1413 4198
1422 2052
1422 3570
1458 4208
1470 4073
1501 3322
1501 3984
1510 1540
1510 2299
1510 4110
1510 4216
1517 4110
1539 3368
1539 4249
1540 2234
1540 2286
1543 2598
1554 1990
1561 4190
1561 4249
1563 2089
1563 4198
1606 3333
1606 3861
1608 1704
1612 4194
1616 2691
1625 2728
1625 3958
1625 4057
1636 2107
1636 2243
1636 2299
1636 2428
1636 2529
1636 2583
1636 2741
1636 2756
1636 2760
1636 2868
1636 2959
1636 3034
1636 3065
1636 3171
1636 3945
1636 3984
1636 4193
1636 4228
1661 3361
1663 2223
1663 2691
1663 3477
1663 3947
1664 2319
1664 3368
1717 4110
1741 2299
1741 3984
1741 4215
1742 1877
1742 4167
1753 2255
1753 2319
1753 3957
1753 4102
1753 4186
1765 3181
1768 3613
1774 2733
1779 1812
1779 3405
1779 3447
1779 3453
1779 3727
1779 4190
1786 4199
1787 3943
1793 2255
1793 2319
1793 3052
1793 4185
1794 2756
1794 3368
1804 3157
1804 3166
1807 1985
1807 3030
1807 3329
1807 3447
1807 4190
1807 4252
1812 2292
1812 4182
1818 2598
1818 4150
1818 4176
1818 4194
1825 2598
1825 3333
1825 3361
1825 3603
1832 4214
1832 4223
1846 2821
1846 3030
1846 3745
1872 2529
1877 2319
1877 3957
1887 2504
1917 2598
1917 2729
1917 4195
1917 4250
1958 2070
1958 2149
1959 4158
1972 3368
1973 3471
1985 2762
1985 3030
1985 3329
1985 3570
1985 4110
1985 4188
1985 4235
1985 4252
1990 2529
1990 2756
1990 3453
1990 3515
1992 3258
1994 2582
1994 3065
1994 3100
1994 4263
2027 3111
2027 4267
2046 3649
2052 2582
2052 2649
2052 2756
2052 2820
2052 3477
2052 4138
2052 4171
2064 2089
2064 2762
2070 4254
2076 3967
2111 3171
2114 2919
2114 3570
2140 4153
2146 2472
2149 3543
2149 3791
2149 4110
2149 4246
2158 2192
2158 2223
2158 3333
2158 4201
2158 4254
2187 4221
2192 4201
2223 2465
2223 3333
2223 3477
2223 4050
2224 2762
2224 3181
2246 4138
2255 2423
2255 3052
2255 3957
2255 4203
2255 4266
2256 3171
2256 3447
2256 4110
2272 3125
2272 4176
2286 3984
2297 4150
2299 2598
2299 3062
2299 3171
2307 2389
2307 3957
2307 4195
2319 3957
2319 3984
2319 4190
2319 4251
2374 4212
2389 4102
2389 4164
2389 4183
2389 4185
2389 4203
2411 3509
2411 4170
2428 3217
2428 3745
2460 4179
2460 4232
2472 2771
2472 4213
2488 4140
2488 4249
2490 4264
2529 2660
2529 2756
2529 3368
2529 3515
2529 3707
2529 4202
2582 2691
2582 2760
2582 2820
2582 3171
2582 3745
2582 3984
2592 4179
2598 2818
2598 3333
2598 3453
2598 3861
2598 3984
2598 4181
2598 4199
2598 4224
2598 4243
2617 4252
2627 2640
2627 2660
2627 2687
2627 3313
2627 3329
2627 3368
2627 3458
2627 3515
2627 4140
2627 4180
2627 4213
2640 2756
2687 4138
2691 4269
2692 3416
2720 3967
2733 2762
2733 3062
2733 4201
2739 3984
2739 4139
2756 3313
2756 4202
2762 2868
2762 3062
2762 3171
2762 3209
2762 3687
2762 3787
2762 3928
2762 3945
2762 4110
2762 4170
2762 4180
2762 4201
2762 4235
2762 4262
2767 2860
2767 3329
2767 3745
2767 3945
2767 3967
2767 4164
2767 4252
2775 4110
2783 3026
2818 3613
2818 3823
2818 3861
2818 3928
2818 4061
2818 4110
2818 4191
2818 4208
2818 4233
2818 4252
2820 3570
2820 3791
2820 4252
2820 4262
2868 4052
2919 3727
2930 4259
2947 3887
2950 3613
2950 4239
2959 3945
2990 4249
3023 3313
3026 3453
3030 3368
3030 3543
3030 4150
3030 4205
3034 3412
3035 3457
3041 4183
3091 4181
3125 4261
3166 3515
3166 4196
3181 3843
3209 4217
3217 4067
3221 4028
3224 3617
3298 3333
3298 3967
3307 4231
3313 3453
3313 4196
3322 3416
3322 4050
3322 4138
3322 4208
3329 3861
3329 3967
3329 4110
3329 4167
3329 4209
3329 4213
3329 4224
3329 4240
3333 4110
3333 4224
3361 3416
3368 3515
3405 4266
3412 4257
3412 4258
3416 4197
3417 4232
3447 4225
3453 4110
3453 4167
3471 4067
3477 3947
3477 4110
3477 4242
3484 3984
3505 4150
3515 3639
3515 3707
3562 4110
3562 4145
3570 4236
3573 4219
3579 4187
3584 4262
3613 3984
3613 4191
3613 4208
3613 4256
3617 4166
3639 4259
3649 4073
3727 4243
3744 3945
3745 4198
3745 4221
3745 4252
3745 4260
3751 4192
3787 4170
3791 3943
3791 4247
3841 4110
3861 4064
3861 4189
3874 4199
3893 4110
3907 4224
3928 4073
3928 4139
3928 4150
3928 4167
3928 4180
3928 4201
3928 4207
3928 4233
3928 4240
3928 4244
3945 4110
3945 4252
3958 4182
3967 3984
3967 4248
3972 4056
3984 4110
3984 4138
3984 4227
3984 4232
3992 4110
4006 4207
4018 4138
4018 4235
4031 4150
4031 4167
4043 4085
4073 4238
4110 4150
4110 4201
4110 4209
4110 4252
4150 4167
4150 4205
4150 4240
4166 4187
4171 4215
4181 4200
4183 4185
4195 4250
4222 4245
4249 4250
4252 4260
4258 4259
