0 249
0 729
0 948
0 1470
0 2255
0 4525
1 42
1 1255
1 1268
1 1779
4 2583
4 4171
7 712
7 1622
7 4280
13 1255
14 29
14 117
14 138
14 290
14 406
14 431
14 461
14 570
14 610
14 618
14 634
14 708
14 712
14 729
14 859
14 1255
14 1268
14 1622
14 2158
14 2284
14 2399
14 2821
14 2930
14 2943
14 2989
14 3329
14 3453
14 3875
14 3984
14 4305
14 4318
14 4503
14 4507
14 4535
14 4539
19 46
19 226
19 446
19 570
19 1012
19 4191
19 4305
25 4528
26 43
26 83
26 295
26 2188
26 2603
26 4612
29 43
29 83
29 114
29 138
29 236
29 406
29 570
29 621
29 729
29 948
29 1255
29 1268
29 1413
29 1753
29 1793
29 2739
29 3030
29 3727
29 4191
29 4503
29 4548
30 351
41 1768
42 120
42 620
42 1206
42 1333
42 2132
42 2764
42 3023
42 3636
42 3984
42 4530
42 4533
43 118
43 312
43 559
43 1242
43 1295
43 1612
43 1622
43 1822
43 2366
43 2434
43 3453
43 4309
43 4314
43 4332
43 4333
43 4528
46 226
46 1917
46 1990
46 2158
46 3125
46 3377
46 4558
48 290
48 2650
49 190
59 2223
59 3928
68 1990
68 4592
73 138
73 1206
73 1593
73 2062
73 2627
73 2756
73 4113
74 1804
76 138
76 280
76 304
76 729
76 881
76 1206
76 1418
76 1561
76 2089
76 2223
76 2434
76 2603
76 2767
76 2786
76 4007
76 4191
76 4462
76 4548
76 4580
76 4581
79 2621
79 4517
80 2603
80 4469
80 4574
83 297
83 406
83 446
83 563
83 570
83 712
83 1818
83 2989
83 3177
83 3693
83 3745
83 3928
83 4525
83 4563
88 712
88 2223
88 2307
88 2691
90 370
90 3122
95 349
95 2764
95 4360
95 4508
95 4527
101 978
108 1818
108 3177
111 2158
115 304
115 1413
118 712
118 1036
118 1793
118 2019
118 2052
118 2254
118 3453
120 559
120 837
120 2603
129 948
131 1680
131 4532
131 4588
133 563
133 2297
134 2158
134 3326
137 3984
138 158
138 174
138 280
138 563
138 570
138 618
138 788
138 1206
138 1255
138 1268
138 1593
138 1622
138 2062
138 2534
138 2627
138 3062
138 3171
138 3177
138 4280
138 4536
138 4597
138 4605
140 253
140 1198
140 1242
140 1268
140 4150
153 3023
153 3984
153 4100
153 4585
154 3787
156 4557
158 762
158 1198
158 1822
158 2583
158 2592
158 2603
158 3984
158 4493
158 4592
159 390
159 897
162 1779
162 1917
162 4509
174 461
174 634
174 1255
174 2319
174 3613
174 3646
179 1844
179 2158
179 3377
179 4065
184 356
184 3441
184 3791
184 3945
184 4573
196 610
196 613
196 1359
196 1561
196 1985
196 3177
196 3984
196 4191
196 4520
196 4546
196 4572
196 4584
206 708
206 3900
206 4419
218 2158
226 729
236 2158
240 691
240 729
240 4592
249 2603
249 4352
253 634
253 1972
280 2460
280 2465
280 2756
280 2762
280 3712
280 3928
280 4028
280 4557
282 4528
286 4232
289 2254
289 2434
289 4440
289 4557
295 577
297 834
297 1763
302 4419
304 729
304 2434
304 2472
304 2756
304 3185
304 3417
312 1242
312 1470
312 3329
312 3657
315 610
326 4530
330 634
330 729
330 1242
339 1298
348 563
348 577
348 2762
348 3791
348 4588
348 4599
370 613
370 1198
370 3171
370 4523
370 4611
390 1877
390 2062
406 4530
406 4550
410 4601
423 4530
431 568
431 1877
431 2696
432 3159
434 729
434 1106
434 1470
434 1763
434 2692
434 3657
442 1370
442 1476
442 4508
446 620
446 3441
446 4280
446 4352
446 4360
446 4589
447 1005
455 2583
460 3745
460 4157
461 539
461 729
461 948
461 1012
461 1057
461 1268
461 1413
461 1540
461 1636
461 1753
461 1994
461 2366
461 2583
461 2621
461 2756
461 3023
461 3442
461 3473
461 3882
461 3928
461 4168
461 4171
461 4528
461 4555
461 4586
461 4594
475 634
475 3823
490 3441
493 691
505 729
515 556
515 4557
531 1763
531 2762
531 3712
531 4188
531 4547
536 2254
536 2762
539 570
539 729
539 1540
539 2366
556 682
556 1005
556 1458
556 2583
556 3945
556 4530
559 1753
563 577
563 1300
563 1724
563 2603
563 3727
563 4150
563 4523
570 621
570 762
570 948
570 1023
570 1206
570 1255
570 1268
570 1593
570 1753
570 1793
570 2062
570 2255
570 2284
570 2465
570 3030
570 3484
570 4280
570 4332
570 4566
570 4603
570 4605
577 1763
577 2278
577 2821
577 4523
599 2132
599 3712
610 621
610 1985
610 2762
610 4360
613 729
613 1198
613 2381
613 3039
613 3329
613 3566
613 4523
613 4553
613 4571
613 4609
618 1612
618 2158
618 2821
618 4150
620 4533
620 4573
621 1005
621 1774
621 1972
621 2278
621 2284
621 3177
621 4280
621 4448
621 4517
621 4539
633 691
633 837
633 3836
633 4171
633 4538
634 2095
634 2223
634 2254
634 2696
634 3329
634 3377
634 3928
634 4305
634 4336
641 3064
655 3967
659 852
659 3688
659 4585
659 4600
662 4419
686 3791
691 1012
691 2158
691 4544
703 2943
708 4523
712 1917
712 2278
712 3928
712 4305
724 1794
729 960
729 1206
729 1540
729 1636
729 1704
729 1753
729 1861
729 1994
729 2158
729 2223
729 2243
729 2245
729 2434
729 2592
729 2621
729 2674
729 2691
729 2720
729 2756
729 2943
729 3023
729 3030
729 3453
729 3791
729 3984
729 4190
729 4191
729 4280
729 4523
729 4560
729 4585
729 4609
729 4612
762 3582
810 4332
836 968
836 1793
837 4517
837 4549
839 1543
852 2488
852 3078
852 3329
875 2254
881 2756
881 3416
881 4574
886 4254
891 1793
891 2434
891 4065
897 1268
898 4569
904 3865
907 4556
948 1074
948 1255
948 1268
948 3405
948 4419
948 4575
963 1571
963 1990
963 3405
968 1877
978 1753
998 3712
1002 1206
1002 2158
1002 2286
1002 4530
1002 4609
1005 1198
1005 1543
1005 3928
1005 4535
1005 4602
1005 4608
1012 2158
1012 4113
1012 4168
1012 4305
1023 1268
1023 3041
1031 4607
1035 2123
1036 1972
1036 3865
1036 4608
1038 4512
1053 4523
1057 3984
1057 4592
1057 4594
1106 3713
1106 4580
1115 2583
1171 2158
1177 4254
1177 4488
1179 1763
1179 3843
1179 4291
1198 2052
1198 4238
1206 2052
1206 2095
1206 2234
1206 2627
1206 2820
1206 4171
1206 4605
1242 1413
1242 1753
1242 2434
1242 3745
1243 1561
1243 3745
1243 3791
1243 4592
1251 1359
1251 1763
1251 1959
1251 2455
1255 1598
1255 1990
1255 1994
1255 2027
1255 2062
1255 2184
1255 4309
1255 4525
1255 4543
1255 4582
1255 4592
1256 4605
1268 1369
1268 1753
1268 1793
1268 3865
1268 4305
1268 4419
1268 4539
1268 4552
1268 4606
1278 4360
1281 1753
1290 1793
1290 3184
1295 1359
1295 2254
1295 3062
1298 4568
1300 1612
1300 2589
1300 4523
1321 4305
1333 4604
1340 2750
1349 4580
1359 1763
1359 2434
1359 2465
1359 2868
1359 4058
1359 4573
1359 4582
1361 2706
1361 4541
1365 3897
1369 1510
1369 1517
1369 4171
1370 2095
1370 2340
1370 2529
1370 2756
1370 3078
1370 3688
1395 4432
1413 2158
1413 4564
1418 2284
1418 4581
1422 1917
1422 2052
1458 3984
1470 1763
1470 4548
1470 4554
1470 4556
1470 4573
1483 4534
1501 1510
1501 3791
1501 4318
1510 1994
1510 2158
1510 3183
1510 4512
1517 1680
1517 2600
1517 4171
1539 2095
1539 2158
1540 1636
1540 2254
1540 3984
1543 1763
1543 4523
1543 4577
1561 1763
1561 2721
1561 2728
1561 3745
1561 3984
1561 4333
1561 4573
1561 4592
1576 2583
1593 2062
1593 4171
1593 4605
1612 3030
1612 3171
1616 4542
1622 2820
1622 3693
1636 1768
1636 2132
1636 2254
1636 2381
1636 2583
1636 2603
1636 2706
1636 2760
1636 2764
1636 3122
1636 3329
1636 3649
1636 3928
1636 4065
1636 4551
1636 4585
1636 4589
1636 4594
1636 4595
1636 4602
1646 3543
1666 2158
1680 2225
1680 3030
1709 4332
1717 2177
1717 2756
1724 4150
1732 2706
1732 3344
1732 3582
1732 4332
1753 1917
1753 2307
1753 2603
1753 2621
1753 2943
1763 1990
1763 2278
1763 2321
1763 2488
1763 2762
1763 2767
1763 2868
1763 3183
1763 3417
1763 3453
1763 3745
1763 3984
1763 4065
1763 4100
1763 4191
1763 4345
1763 4403
1763 4517
1763 4523
1763 4547
1763 4577
1763 4582
1763 4608
1768 2583
1768 2818
1768 3329
1768 3636
1774 2281
1793 1917
1793 1980
1793 2674
1793 3930
1793 4080
1794 4561
1807 4199
1818 2052
1818 3177
1822 2123
1822 4113
1824 4546
1872 4535
1877 2158
1877 4177
1877 4532
1887 1994
1917 1990
1917 2132
1917 2254
1917 3756
1917 3992
1917 4375
1917 4612
1958 3322
1972 3030
1972 4591
1980 4610
1985 2762
1985 4356
1985 4572
1985 4584
1990 3068
1992 4531
1994 2825
1994 2943
2027 4419
2027 4532
2050 4553
2052 2158
2052 4525
2053 2818
2053 3453
2057 4548
2062 2628
2081 2764
2089 2256
2089 3441
2089 4191
2089 4534
2095 2158
2095 2627
2095 3329
2095 4403
2095 4557
2098 2158
2132 2316
2132 2868
2132 3636
2132 3945
2132 4191
2132 4305
2132 4467
2132 4508
2132 4534
2132 4551
2132 4561
2132 4573
2158 2603
2158 2720
2158 2820
2158 2943
2158 3262
2158 3745
2158 4191
2158 4581
2166 4187
2177 3023
2179 2434
2179 4065
2223 2307
2223 2434
2223 2460
2223 3882
2223 4538
2223 4553
2223 4556
2223 4557
2254 2355
2254 2472
2254 2598
2254 3416
2254 3453
2254 3874
2254 3984
2254 4107
2254 4305
2254 4589
2274 4523
2283 2627
2284 2764
2284 4305
2284 4585
2307 2627
2307 2691
2307 2706
2307 3882
2307 4592
2316 2434
2316 2764
2355 2434
2355 2767
2355 3171
2355 3636
2382 2460
2382 3456
2389 3000
2389 4419
2389 4610
2399 4585
2434 2825
2455 3416
2455 4527
2465 4188
2465 4559
2465 4565
2529 3582
2534 2583
2583 2739
2583 3329
2583 3984
2600 3935
2627 4113
2627 4545
2627 4548
2627 4555
2628 4392
2640 3727
2650 3177
2650 3745
2650 4518
2670 3226
2674 3405
2687 3838
2687 3984
2687 4305
2687 4523
2692 3441
2692 4352
2706 4592
2728 4280
2728 4333
2739 3171
2739 4440
2756 3078
2756 3329
2756 3515
2756 3598
2756 3727
2756 4113
2756 4182
2756 4537
2756 4576
2760 4530
2762 2764
2762 3984
2762 4527
2767 3322
2767 3579
2767 4585
2767 4589
2775 4188
2818 4538
2820 4171
2820 4530
2821 3727
2821 4448
2868 4286
2868 4403
2888 4332
2915 4600
2930 2970
2970 4309
2975 4578
3000 4419
3023 3649
3030 3405
3030 3473
3030 4150
3030 4168
3030 4610
3062 3171
3065 4280
3122 3928
3122 4507
3166 4550
3166 4586
3171 3727
3171 4590
3183 4550
3184 4171
3322 3984
3322 4305
3322 4540
3322 4547
3322 4560
3329 3416
3329 4517
3329 4523
3405 4177
3405 4332
3405 4532
3412 4535
3415 4419
3416 3984
3417 3727
3417 3984
3441 4187
3453 3984
3453 4305
3453 4538
3453 4580
3473 4604
3484 4333
3515 4113
3523 4419
3523 4570
3543 4305
3543 4318
3543 4332
3613 4318
3613 4503
3636 4191
3636 4352
3636 4526
3636 4530
3636 4585
3636 4602
3643 4549
3649 4589
3693 4471
3712 4534
3712 4541
3712 4553
3712 4589
3727 4305
3727 4493
3727 4523
3745 4191
3745 4305
3745 4560
3745 4564
3791 4573
3791 4580
3791 4592
3811 4065
3821 4065
3882 4188
3893 4188
3928 4028
3928 4113
3928 4352
3928 4367
3928 4535
3928 4537
3928 4563
3928 4589
3928 4594
3945 4598
3947 4403
3955 4280
3955 4333
3984 4100
3984 4318
3984 4503
3984 4550
3984 4560
3990 4305
4026 4280
4048 4593
4065 4318
4065 4343
4067 4318
4090 4549
4113 4380
4150 4280
4159 4289
4159 4577
4171 4187
4171 4305
4171 4609
4187 4559
4187 4586
4200 4554
4280 4533
4280 4539
4305 4318
4310 4534
4318 4508
4329 4585
4382 4517
4388 4557
4403 4534
4414 4517
4419 4570
4419 4610
4422 4530
4422 4574
4433 4585
4467 4534
4493 4518
4508 4529
4517 4549
4518 4567
4523 4577
4555 4556
4555 4557
4559 4565
4560 4562
4574 4579
4577 4582
4582 4583
4587 4588
4592 4596
4594 4595
