0 762
0 823
0 928
0 968
0 1268
0 4419
0 4887
1 948
1 2149
1 4891
2 710
2 2868
7 26
7 315
7 1361
7 4893
13 570
13 1753
14 824
19 3107
19 3329
19 4532
25 43
26 76
26 158
26 1002
26 1012
26 1278
26 2845
26 3026
26 4150
26 4286
26 4731
26 4853
26 4891
26 4893
26 4923
28 1115
29 255
29 461
29 762
29 921
29 1243
29 1593
29 1636
29 1941
29 2762
29 3030
29 4116
29 4891
30 883
30 3543
30 4871
37 4171
41 823
41 1115
41 1454
41 4849
42 820
42 1198
42 1540
42 2245
42 2437
42 3171
42 3180
42 3980
42 4187
42 4403
42 4419
42 4481
42 4885
42 4903
42 4904
43 46
43 318
43 570
43 572
43 893
43 1278
43 2350
43 2956
43 4031
43 4199
43 4656
43 4691
43 4822
43 4861
43 4896
43 4903
46 88
46 96
46 729
46 762
46 1636
46 2406
46 2437
46 2529
46 2687
46 2868
46 3030
46 3484
46 4332
46 4641
46 4842
46 4853
48 73
48 255
48 904
59 374
59 1115
59 2095
59 2691
59 2762
59 3712
61 4781
65 2956
68 4893
70 762
70 1012
70 1742
73 138
73 255
73 852
73 921
73 1039
73 1255
74 3166
74 4783
75 240
75 1636
75 1753
75 2574
76 138
76 613
76 859
76 881
76 1255
76 1612
76 1972
76 2756
76 2767
76 2868
76 3313
76 3545
76 3928
76 4231
76 4323
76 4870
76 4885
76 4893
77 1232
77 1369
77 2389
77 4419
79 1106
79 4832
80 1812
80 4582
83 123
88 114
88 434
88 539
88 746
88 1012
88 2529
88 2868
88 3484
88 4523
88 4895
88 4909
90 1255
95 556
95 1198
95 1812
95 2762
95 3799
95 3928
95 4031
95 4906
96 1223
96 1753
96 2223
97 1612
97 4783
100 1753
108 1658
109 3811
109 4878
126 968
126 2319
133 1786
133 3928
134 258
134 4116
134 4920
137 1877
138 240
138 762
138 817
138 1206
138 1255
138 1256
138 1745
138 1845
138 1985
138 3026
138 3928
138 4332
138 4641
138 4885
138 4895
149 1255
153 1115
153 1122
153 1413
153 2131
153 2512
153 2583
153 2756
153 3368
153 3636
153 3745
153 4126
153 4585
153 4922
156 730
156 3727
156 4881
156 4912
158 1106
158 1115
158 2382
158 2845
158 3026
158 3329
158 4798
158 4861
158 4869
158 4886
158 4887
158 4895
158 4903
158 4904
162 4509
179 4582
196 1258
196 2868
196 4702
206 2694
206 2825
221 2694
226 318
226 570
226 1612
235 4187
238 1258
240 1255
240 1258
249 1145
249 1581
253 4532
253 4731
255 1941
255 2845
258 280
258 536
258 1002
258 1122
258 1268
258 1321
258 1636
258 1812
258 2930
258 3617
258 3636
258 3727
258 3984
258 4187
258 4821
258 4920
275 2694
276 1900
280 312
280 785
280 3458
280 3573
280 3745
283 573
283 1774
283 3171
283 4116
283 4885
286 3984
287 570
289 730
289 839
289 1808
289 2687
289 4641
297 3026
298 2529
298 2767
298 3322
303 1540
303 4822
304 1106
307 1198
307 2845
307 4901
312 1106
312 2868
312 4926
315 1361
315 4423
315 4893
318 1877
318 4031
318 4523
338 968
339 3405
339 4890
348 3535
370 753
370 3026
370 3191
370 4332
370 4338
370 4509
370 4765
370 4869
370 4873
370 4906
374 483
390 570
390 746
390 1818
399 4870
403 4116
410 881
410 1005
410 3030
410 3254
410 4031
410 4763
410 4900
414 708
417 1812
417 4297
417 4708
431 568
434 729
434 1612
434 2868
434 3984
434 4031
434 4690
442 1012
442 1333
442 1359
442 2019
442 2775
446 4656
447 2148
447 4379
455 4731
461 573
461 1145
461 1361
461 1517
461 1877
461 2437
461 2694
461 2756
461 2868
461 3346
461 4171
461 4332
461 4691
461 4858
461 4893
461 4911
461 4922
483 4187
505 4881
508 1258
510 570
510 1818
516 2845
519 4656
539 3165
539 4865
542 1742
556 2762
563 4280
563 4885
565 1115
565 2223
565 3023
570 746
570 762
570 1255
570 1753
570 2845
570 2868
570 2919
570 3337
570 3928
570 4332
570 4563
570 4783
570 4865
570 4891
571 2520
572 762
572 1753
572 4731
572 4868
573 1244
573 2970
577 1774
577 2762
599 3636
599 4821
610 4582
613 729
613 1786
613 1793
613 2307
613 3107
613 3171
613 4031
613 4122
613 4171
618 1198
618 1812
618 4422
619 4893
620 4187
621 1258
621 1612
621 1724
621 3416
621 4332
621 4853
621 4906
621 4910
641 4422
659 3984
662 4419
665 2694
682 2455
694 4763
703 1894
703 2868
710 1265
710 2762
710 2821
729 753
729 1177
729 1812
729 2756
729 2762
729 2821
729 3337
729 3484
729 3838
729 3984
729 4107
729 4171
729 4187
729 4370
729 4422
729 4892
729 4922
730 762
730 1005
730 1359
730 3727
736 4532
738 2124
746 1742
746 1818
753 1002
753 3984
762 928
762 1200
762 1818
762 1894
762 2035
762 2062
762 2350
762 2767
762 4286
762 4523
762 4646
762 4691
762 4702
762 4906
817 2845
820 1646
820 1824
820 2158
820 4509
823 1972
839 1824
846 4882
852 1206
852 1362
852 1845
852 2035
852 2488
852 2529
852 2756
852 2845
852 2868
852 3026
852 3413
852 3509
852 3578
852 3707
852 3874
852 3984
852 4113
852 4126
852 4140
852 4187
852 4422
852 4832
852 4840
852 4850
852 4858
852 4887
852 4905
852 4911
852 4918
859 881
873 1636
873 2868
873 4870
875 968
881 1106
881 1359
881 2583
881 2868
881 3030
881 3484
881 3636
881 4280
883 2888
890 4876
891 1703
904 1278
904 1724
904 4150
904 4910
907 4286
921 1255
921 2845
948 1278
948 4419
948 4917
952 2694
963 4887
968 1002
968 1753
968 1877
968 3405
968 4481
969 3067
1002 1365
1002 1422
1002 1753
1002 1875
1002 3405
1002 4875
1002 4882
1002 4897
1005 1177
1005 3928
1005 4853
1005 4893
1012 1206
1012 1255
1012 1458
1012 1894
1012 2868
1012 3026
1012 3030
1012 3337
1012 3984
1012 4641
1017 4893
1036 3267
1036 3543
1041 1198
1053 2272
1057 1148
1106 1636
1106 2583
1106 3388
1106 3984
1106 4338
1115 1359
1115 2223
1115 2355
1115 2455
1115 2512
1115 4895
1122 4585
1135 4874
1140 3026
1141 3206
1141 3984
1145 1164
1145 1616
1145 2437
1145 2694
1145 3030
1148 3984
1177 3928
1177 4171
1177 4581
1198 1636
1198 1812
1198 4536
1200 1206
1200 1456
1200 4458
1206 2845
1206 3984
1206 4869
1209 3574
1209 4700
1232 4868
1233 4187
1242 2437
1243 2406
1244 2970
1244 4280
1255 1359
1255 1365
1255 1753
1255 1793
1255 1877
1255 2529
1255 2534
1255 2845
1255 2868
1255 2888
1255 3368
1255 4187
1255 4641
1255 4783
1255 4865
1255 4921
1256 3850
1256 4581
1256 4886
1258 1612
1258 1894
1258 2062
1258 2668
1258 2821
1258 2868
1258 4783
1268 1517
1268 2845
1268 4332
1268 4865
1275 2583
1278 1724
1278 2149
1278 3984
1295 2583
1321 3337
1333 2019
1333 4889
1359 1636
1359 2355
1359 2694
1359 3501
1359 3636
1359 4702
1359 4821
1359 4866
1359 4881
1359 4888
1361 1812
1361 4893
1365 4171
1369 1517
1369 1793
1369 4419
1375 1753
1375 2052
1375 2674
1375 4171
1375 4896
1413 1753
1448 4031
1456 2845
1456 4783
1458 3030
1470 1769
1470 3928
1470 4887
1510 2674
1517 2574
1527 1753
1527 4864
1540 2674
1540 4009
1540 4822
1540 4844
1560 3405
1581 2027
1581 2333
1606 1915
1612 3865
1625 4904
1636 2355
1636 2583
1636 2762
1636 3501
1636 3838
1636 3984
1636 4171
1636 4323
1636 4422
1636 4851
1636 4870
1636 4897
1636 4920
1658 4898
1663 2687
1680 4856
1703 4171
1724 2821
1724 4031
1729 4857
1742 4855
1745 2845
1753 2319
1753 2490
1753 2674
1753 3026
1753 3405
1753 4333
1753 4912
1753 4925
1763 4582
1763 4731
1769 3171
1769 4509
1774 4280
1785 2529
1785 2687
1793 1917
1793 2694
1793 4419
1793 4873
1794 3268
1804 2406
1804 2694
1804 4906
1808 2512
1812 2762
1812 4297
1812 4708
1818 2437
1818 3026
1818 4116
1818 4898
1845 1994
1845 2529
1877 2406
1894 4523
1894 4783
1915 4892
1917 2437
1917 3067
1917 3405
1917 4080
1917 4333
1917 4338
1917 4923
1939 2124
1941 2035
1972 4031
1985 2243
1985 3865
2019 2132
2019 4318
2035 2062
2035 3166
2052 4903
2053 4199
2062 2845
2062 4702
2076 4489
2089 2762
2089 4853
2095 2617
2095 3578
2095 3945
2122 4384
2122 4883
2124 4872
2124 4884
2132 2762
2132 4840
2139 4783
2148 4379
2153 4821
2158 3166
2158 3412
2158 3657
2158 4879
2169 4853
2223 2756
2223 2783
2223 3030
2223 3850
2243 2455
2243 3412
2243 3712
2243 4818
2245 3712
2245 4045
2266 4893
2272 3166
2283 4821
2286 2674
2286 4199
2287 2460
2307 2460
2307 3171
2307 4107
2307 4171
2350 2868
2355 3984
2355 4187
2366 2694
2382 4831
2382 4860
2389 4419
2389 4894
2406 2694
2406 3543
2406 4370
2406 4915
2423 2437
2423 3405
2423 4177
2428 2547
2428 2868
2453 4301
2455 2583
2455 2756
2455 3984
2455 4918
2460 4107
2460 4867
2472 3636
2488 2741
2488 3413
2488 3458
2488 4905
2490 3947
2490 4031
2499 3613
2499 3984
2512 2691
2512 4305
2529 2670
2529 2756
2529 2845
2529 4113
2529 4858
2534 4582
2535 2762
2535 3613
2535 4187
2536 3928
2536 4859
2547 4913
2574 4384
2583 2825
2583 3145
2583 3636
2583 3712
2583 3945
2583 4031
2583 4122
2583 4187
2583 4866
2592 4886
2594 4912
2598 4853
2598 4891
2603 2694
2628 3624
2649 2868
2660 2839
2668 3329
2668 4171
2668 4731
2674 4171
2674 4317
2674 4885
2687 3882
2687 4641
2687 4886
2691 4908
2694 3405
2694 3646
2694 4332
2694 4333
2694 4847
2694 4890
2704 4783
2756 3707
2756 4113
2756 4140
2756 4641
2756 4848
2756 4858
2756 4886
2756 4895
2762 3030
2762 3171
2762 3613
2762 3882
2762 3928
2762 4031
2762 4280
2762 4283
2767 2845
2767 2868
2767 3322
2767 4122
2767 4231
2767 4403
2767 4845
2767 4889
2771 3171
2775 4853
2820 4902
2821 4523
2821 4918
2845 3166
2845 3707
2845 4573
2845 4702
2845 4858
2868 3030
2868 3221
2868 3329
2868 3337
2868 3484
2868 3745
2868 3811
2868 3945
2868 3984
2868 4113
2868 4187
2868 4403
2868 4731
2868 4858
2868 4887
2888 4582
2919 4860
2930 3191
2930 4050
2930 4641
2930 4910
2954 4886
2956 4280
2956 4881
3026 3329
3026 4893
3030 3484
3030 3727
3030 4885
3030 4914
3067 4863
3107 3799
3107 4523
3107 4528
3122 3191
3122 4532
3145 3545
3166 4031
3171 4116
3171 4886
3171 4892
3171 4903
3180 3535
3206 4440
3267 4591
3267 4856
3298 4332
3322 3984
3322 4731
3322 4888
3329 3613
3329 3984
3329 4031
3329 4731
3329 4862
3337 4895
3346 4384
3368 3745
3368 4848
3388 3636
3405 4031
3405 4080
3405 4847
3405 4882
3405 4890
3453 4582
3453 4852
3456 4798
3458 3578
3458 4754
3477 4122
3477 4187
3484 3745
3484 4853
3501 3636
3509 4110
3509 4126
3509 4422
3515 4641
3515 4849
3515 4886
3515 4905
3530 3745
3574 3617
3574 4090
3574 4187
3574 4845
3578 3983
3578 4113
3578 4126
3613 3984
3613 4280
3613 4731
3613 4926
3624 4709
3624 4783
3636 3928
3636 4231
3636 4821
3636 4920
3646 4333
3649 3980
3649 4126
3688 3712
3712 4646
3727 3850
3727 4338
3727 4778
3727 4886
3745 3984
3745 4126
3745 4286
3745 4403
3745 4646
3745 4853
3800 4731
3852 4781
3874 4116
3874 4887
3900 4891
3916 4893
3928 4117
3928 4171
3928 4708
3928 4819
3928 4893
3947 4919
3954 3984
3980 4187
3984 4171
3984 4187
3984 4582
3984 4851
3984 4870
3984 4880
3984 4881
3984 4896
4031 4171
4031 4187
4031 4280
4050 4731
4102 4384
4116 4150
4116 4390
4116 4761
4116 4890
4117 4893
4126 4422
4140 4907
4150 4392
4150 4783
4157 4419
4171 4187
4171 4691
4171 4865
4171 4885
4171 4896
4187 4403
4187 4422
4187 4853
4187 4870
4187 4888
4199 4431
4286 4853
4289 4600
4289 4887
4297 4898
4338 4731
4338 4860
4338 4877
4382 4422
4403 4889
4419 4702
4419 4894
4423 4641
4467 4898
4509 4577
4518 4867
4523 4532
4536 4896
4544 4577
4582 4832
4585 4600
4641 4849
4731 4781
4731 4783
4731 4860
4731 4924
4763 4832
4783 4853
4783 4892
4783 4893
4821 4854
4821 4898
4832 4913
4877 4902
4891 4893
4893 4899
4893 4916
4903 4904
4905 4908
4907 4908
4925 4927
