0 26
0 613
0 2583
0 5127
4 539
7 1135
7 1568
12 348
12 451
12 1036
12 1753
12 2472
14 4761
19 2052
19 2188
26 59
26 839
26 1702
26 2786
26 4888
26 5127
28 2839
29 77
29 196
29 621
29 875
29 904
29 1255
29 1375
29 3171
29 4280
29 5085
29 5132
29 5142
30 98
30 120
30 712
30 805
30 839
30 3344
30 3405
30 4370
30 4577
31 5094
37 4380
42 647
42 803
42 1002
42 1510
42 2149
42 5104
43 1177
43 2412
43 2820
43 3044
43 4798
43 5126
48 805
56 837
59 2762
59 4888
60 2606
60 4075
60 4171
60 4523
65 852
70 5046
73 570
73 762
75 1268
75 4798
76 280
76 539
76 712
76 813
76 852
76 1375
76 1915
76 2762
76 2868
76 2919
76 2970
76 3171
76 4280
76 4370
76 4634
76 4878
76 4891
76 5100
76 5107
76 5114
76 5119
76 5143
77 5127
80 1915
83 1359
83 1623
83 2868
83 4577
84 3874
88 1206
88 1255
90 634
90 2839
95 2762
95 3265
95 3819
97 226
97 1255
97 1366
97 1441
97 4634
98 839
100 236
100 388
100 5088
108 226
115 407
120 580
120 1164
120 3545
120 4138
120 4765
122 1426
123 2762
128 2694
133 857
133 2529
133 2762
133 3948
134 539
134 1017
136 1540
138 226
138 730
138 820
138 2052
138 2650
138 5085
140 2728
153 893
153 1256
153 2694
153 2762
153 5098
153 5152
156 3490
157 4333
158 2382
158 4727
158 4895
158 5041
158 5107
158 5142
162 3110
174 993
174 4877
184 446
184 1041
184 3865
184 5137
186 839
196 258
196 610
196 633
196 886
196 1426
196 2611
196 2762
196 2767
196 3422
196 3984
196 4138
196 4577
196 5065
196 5085
199 4690
201 1206
202 5124
206 247
206 839
206 1801
206 2694
206 4477
218 5077
226 570
226 1612
226 2111
226 2650
226 2762
226 2845
226 3392
226 5135
236 1793
239 712
239 3024
246 4577
247 1801
249 570
249 621
249 634
249 1039
249 2319
249 5116
249 5143
249 5146
253 1053
258 1763
258 3322
258 4888
258 4895
280 852
280 1039
280 2437
280 2529
280 2756
280 2762
280 3515
280 3865
280 4050
280 4756
280 4909
280 5106
285 1039
287 634
287 2319
287 2961
287 4267
287 5116
291 1054
297 2526
297 3322
297 4370
311 820
315 2455
315 4349
315 4813
318 5122
338 1017
339 1017
339 3900
345 2583
347 370
347 1917
347 2930
347 2948
347 4000
370 621
370 712
370 762
370 2839
370 2948
370 5132
388 1793
388 2053
404 5086
407 461
407 1333
407 4957
407 5083
412 5062
412 5156
433 2423
434 2762
441 969
441 2868
442 2728
446 3477
446 3578
446 3636
448 2204
455 531
455 1763
455 3369
455 4727
455 4888
458 4585
461 859
461 1359
461 1917
461 1925
461 2307
461 2786
461 3313
461 4756
461 4888
461 5138
461 5141
477 610
481 852
503 993
503 1106
503 3943
506 1206
519 1510
519 2915
524 1941
531 5084
536 3945
539 570
539 577
539 813
539 875
539 881
539 1268
539 1322
539 1390
539 1661
539 2204
539 2694
539 3110
539 3171
539 3185
539 3874
539 4151
539 4670
539 4727
539 4877
539 4888
539 4910
539 5137
539 5140
556 4646
563 3030
563 4419
563 4781
563 5136
565 1561
570 746
570 1053
570 1612
570 1818
570 2606
570 2650
570 2888
570 3505
570 3874
570 4046
570 4333
570 5082
572 729
572 839
572 1753
572 2126
572 2307
580 2771
586 1915
586 4910
586 5138
592 4577
613 3477
613 3797
613 5081
613 5084
613 5137
618 5065
621 712
621 893
621 1623
621 2868
621 2961
621 3745
621 3928
621 4280
621 5029
621 5046
621 5084
621 5107
633 1233
633 1763
633 4138
633 5090
634 2027
634 5116
641 852
641 1831
641 3515
641 3745
641 4786
641 5053
644 4026
647 1268
647 2389
647 2472
647 4882
647 5095
659 762
659 1359
659 2223
659 4577
659 5147
682 839
692 3046
693 4807
712 1623
712 2038
712 2762
729 852
729 1917
729 2307
729 3405
736 1392
736 4528
762 1612
762 1753
762 1941
762 2423
762 2650
762 2845
762 3030
762 4935
762 4994
762 5036
789 1017
803 893
803 1012
803 2775
803 5084
805 2123
805 2307
810 1255
813 3874
813 4368
820 1359
821 4380
823 1053
823 2762
839 1012
839 1636
839 1917
839 2472
839 3874
839 4877
839 4891
839 5126
846 5095
852 1051
852 1831
852 2177
852 4151
852 4786
852 5062
852 5086
852 5110
875 1255
875 2111
881 4971
893 1958
893 2052
893 2650
893 2762
893 3078
893 3457
893 3613
897 1915
904 1053
904 3024
904 4280
904 4577
910 1106
910 4323
922 5086
928 5041
946 5097
948 1268
948 2472
948 4419
948 4891
963 4370
968 2027
968 4226
993 1612
993 1636
993 1915
993 3943
993 5092
993 5119
1002 1359
1002 1365
1002 1612
1002 2252
1002 2694
1002 4577
1002 4727
1005 4746
1005 5098
1007 2437
1012 1552
1012 2266
1012 2437
1012 2526
1012 2762
1012 2767
1012 3484
1012 4629
1012 4909
1012 5108
1012 5111
1012 5132
1012 5134
1017 1268
1017 1877
1017 2771
1017 3528
1017 4332
1017 4370
1036 3724
1036 5091
1038 1636
1038 1763
1038 3077
1039 1141
1039 2024
1039 2318
1039 2504
1039 2529
1039 2627
1039 2762
1039 3026
1039 4488
1039 4786
1039 5082
1039 5143
1051 3515
1051 5146
1053 1268
1053 3874
1057 1400
1057 2762
1060 1375
1060 1985
1091 2762
1097 1164
1097 1753
1106 2188
1106 2223
1106 2915
1106 3760
1106 3984
1106 4380
1106 5104
1135 2307
1135 5093
1141 1365
1141 2888
1147 1255
1164 2423
1177 2529
1177 3545
1177 5041
1242 2919
1255 1290
1255 2123
1255 2839
1255 4935
1255 5041
1255 5116
1256 2756
1256 5089
1265 3329
1268 1661
1268 3405
1268 4419
1268 4807
1268 4987
1268 5129
1271 4368
1286 2868
1300 2234
1304 1763
1304 2124
1304 5142
1320 2694
1322 4637
1333 2771
1333 3613
1359 1540
1359 3490
1359 4151
1359 5104
1359 5137
1365 2529
1365 2762
1375 1413
1375 1661
1375 1753
1375 1915
1375 2504
1375 5140
1375 5150
1375 5157
1383 3865
1390 4727
1392 2839
1392 4528
1392 5098
1413 2771
1413 5065
1413 5084
1415 4138
1421 2455
1421 5109
1476 3745
1510 1517
1510 4756
1525 2124
1540 2412
1540 2457
1540 2762
1540 4727
1540 4756
1540 4798
1540 5128
1540 5137
1543 2767
1552 5132
1561 1915
1581 4882
1612 2650
1612 2868
1612 3123
1623 4920
1636 2052
1636 2820
1636 3745
1636 3984
1636 4577
1636 4625
1636 4727
1636 4957
1636 5053
1636 5067
1636 5077
1636 5109
1636 5125
1636 5137
1636 5150
1657 4759
1661 4536
1661 4811
1661 5140
1702 3900
1709 2307
1709 3484
1732 4138
1737 4368
1742 2762
1742 3024
1742 4956
1745 2762
1753 1917
1753 2423
1753 3110
1753 4267
1753 4333
1753 4419
1753 4807
1763 2771
1763 3984
1763 4138
1763 4456
1763 4641
1763 4895
1763 5062
1763 5065
1763 5066
1763 5142
1774 2529
1774 3984
1774 5053
1779 3787
1784 3958
1785 2581
1785 2762
1786 3858
1786 4138
1787 5134
1793 4190
1804 2188
1807 1959
1807 5036
1812 3727
1812 5148
1818 2650
1818 5046
1824 4546
1825 4888
1831 3727
1861 5119
1872 5112
1877 2472
1894 2052
1899 3026
1914 5119
1915 2132
1915 2762
1915 3171
1915 4366
1915 4577
1915 5140
1917 2526
1917 3265
1917 5159
1959 4190
1959 4523
1959 4641
1959 5041
1972 2762
1972 4370
1977 5041
1980 2472
1980 4546
1985 2756
1985 3745
1985 3865
1985 4585
1985 4813
2019 2053
2027 5072
2052 4634
2052 4811
2052 5086
2052 5149
2052 5156
2053 2412
2053 2868
2053 4528
2053 4670
2062 2650
2111 3505
2124 2223
2124 4646
2126 2307
2132 2254
2132 2437
2132 3046
2132 3661
2132 4888
2132 5152
2142 2412
2149 3024
2149 3375
2149 3405
2149 3874
2149 3900
2156 2527
2184 3900
2188 4523
2191 5124
2223 2762
2223 2868
2223 4528
2223 4756
2223 5152
2225 5079
2254 2583
2254 2728
2254 4507
2254 4577
2255 3484
2255 4138
2307 3948
2307 3984
2307 4798
2307 5129
2307 5132
2318 5108
2319 2961
2319 3158
2324 2472
2350 2762
2350 5143
2389 2888
2389 4267
2389 4419
2389 4891
2389 5116
2412 2820
2423 4333
2428 2868
2428 3392
2428 4577
2428 4756
2434 3578
2434 5133
2437 3745
2437 4546
2455 2606
2455 2650
2455 2762
2455 3026
2455 3984
2455 4349
2455 4888
2455 5085
2455 5126
2455 5130
2457 5119
2465 5105
2472 4546
2472 4882
2472 4891
2472 5127
2488 2529
2488 2756
2488 2762
2488 3578
2488 5146
2504 2694
2504 4811
2519 5119
2521 4297
2526 4280
2526 4382
2526 4577
2526 5158
2529 2756
2529 3578
2529 3677
2529 5143
2562 2767
2579 5131
2582 5121
2583 4363
2583 4368
2583 5150
2589 3166
2589 5146
2598 3948
2627 3613
2627 4488
2650 3900
2656 3636
2658 2694
2668 5119
2670 5151
2691 5155
2692 2762
2694 4333
2694 4477
2694 5007
2694 5085
2704 4234
2724 4171
2728 4577
2728 5152
2741 5094
2756 3636
2756 5089
2756 5146
2762 2767
2762 2868
2762 3030
2762 3122
2762 3613
2762 3727
2762 3816
2762 3945
2762 3984
2762 4050
2762 4171
2762 4187
2762 4370
2762 4577
2762 4832
2762 4908
2762 5024
2762 5084
2762 5105
2762 5132
2762 5134
2762 5138
2762 5145
2762 5156
2767 2956
2767 3329
2767 4298
2767 4889
2771 4370
2771 4765
2775 5084
2818 4895
2820 3515
2820 3984
2820 4138
2823 3850
2825 5128
2839 4113
2839 5041
2868 3745
2868 4138
2868 4403
2868 4684
2868 4909
2868 5105
2884 3515
2888 4046
2888 4267
2888 4333
2888 5103
2915 3337
2915 3727
2915 3745
2915 3928
2919 3171
2919 5008
2919 5041
2923 4368
2930 5101
2956 3984
3030 3948
3030 5036
3049 3930
3065 5085
3107 5132
3110 4985
3122 4641
3145 4839
3158 5117
3166 5136
3168 5090
3171 4232
3171 5008
3171 5036
3171 5065
3171 5114
3184 5137
3251 3580
3258 5124
3265 4171
3313 3578
3322 3984
3322 4138
3322 4813
3322 5126
3328 5119
3329 3984
3329 5041
3392 4323
3405 3710
3405 3783
3405 4419
3405 4546
3405 4882
3405 5101
3457 5123
3457 5154
3521 3984
3528 4332
3545 4138
3578 4908
3587 4187
3587 4646
3613 4585
3613 5060
3613 5074
3617 5096
3636 3661
3636 5096
3661 3945
3712 4999
3712 5115
3712 5118
3713 4634
3724 5091
3727 3745
3727 3787
3727 4523
3727 5036
3727 5041
3727 5136
3745 4382
3745 4888
3745 5085
3745 5134
3745 5138
3756 3948
3783 4419
3785 4994
3785 5139
3797 5119
3799 4727
3819 5008
3819 5053
3836 5145
3843 4138
3843 4641
3865 5007
3874 4364
3874 5041
3882 5084
3900 5127
3900 5153
3928 4577
3943 5145
3947 5078
3984 4138
3984 4187
3984 4507
3984 4895
3984 5053
3984 5109
3984 5123
3984 5126
4046 5041
4064 5155
4065 4283
4113 4488
4113 4786
4138 4382
4138 5065
4138 5154
4140 5053
4151 5110
4171 4323
4171 4585
4171 4670
4171 4811
4171 5113
4171 5136
4187 5119
4187 5144
4190 5114
4267 4419
4267 5041
4286 5100
4306 4727
4323 5080
4336 5128
4349 4523
4358 4615
4366 4909
4403 4577
4419 4546
4456 5099
4523 4882
4523 5093
4523 5120
4523 5136
4536 4811
4577 4888
4577 5008
4577 5156
4641 5065
4727 5065
4786 4908
4813 5041
4832 5082
4832 5134
4839 5084
4839 5085
4855 5141
4888 4895
4891 5102
4895 5138
4908 5111
4908 5125
4910 5005
4957 5160
4965 5087
4970 5121
4970 5148
4999 5118
5007 5084
5008 5065
5036 5132
5041 5104
5041 5123
5052 5057
5080 5081
5143 5146
