0 5237
0 5302
0 5333
2 3687
7 76
7 5215
14 1561
19 621
26 824
26 1106
26 2674
29 73
29 76
29 1106
29 4765
29 5143
29 5289
30 196
30 455
30 506
30 1106
30 1365
30 2158
30 2600
30 3613
30 3785
41 2767
41 3501
41 3843
41 5301
42 442
42 3046
42 3461
42 5146
42 5258
43 4949
48 95
59 5301
72 4216
72 4947
73 2255
73 3856
74 2727
75 258
75 280
75 4171
75 4949
76 83
76 96
76 158
76 258
76 455
76 531
76 573
76 577
76 621
76 904
76 963
76 1005
76 1106
76 1198
76 1365
76 1413
76 2254
76 2627
76 2674
76 2724
76 3727
76 4403
76 4771
76 4949
76 5289
76 5292
76 5333
76 5337
83 158
83 1140
83 1365
83 2692
87 5258
88 158
88 963
88 4949
95 4949
95 5144
95 5300
95 5325
95 5330
96 1753
96 2888
96 4113
97 3166
97 3648
100 991
100 1223
101 928
123 5340
131 5290
132 1792
134 3405
134 3484
138 1636
138 2529
138 2845
138 2909
138 4113
138 5006
138 5018
138 5270
138 5336
140 2158
140 4113
140 4150
141 963
153 963
153 2589
153 3488
153 5143
153 5314
157 1917
158 1017
158 4949
158 5302
158 5327
162 963
190 5296
190 5298
196 442
196 1365
196 5322
196 5328
196 5340
204 2692
206 839
206 1365
215 3984
215 5311
236 1375
258 963
258 1985
258 3046
258 3477
258 3984
258 4949
258 5227
259 412
280 455
280 963
280 1390
280 2692
280 4236
280 4641
280 4771
280 4949
289 2306
297 407
297 5227
302 1792
307 2589
307 3453
312 2820
312 5293
315 1365
315 1985
315 3392
315 3613
315 4949
318 3648
348 5298
366 5323
370 963
370 2592
370 4110
370 4765
388 2412
394 1753
394 3975
407 4949
412 904
412 1365
434 5144
442 3461
446 455
446 2762
446 5295
446 5331
455 1057
455 1361
455 1365
455 1985
455 2650
455 2762
455 2868
455 3488
455 3613
455 4425
455 4646
455 4821
455 5227
455 5276
455 5292
455 5295
455 5301
455 5304
455 5308
455 5312
461 2318
461 2412
461 2756
461 3707
461 4684
461 4949
461 5313
506 539
507 726
528 5302
531 963
531 1365
531 1517
539 963
539 991
539 1268
539 1365
539 2223
539 5065
544 1365
563 5065
570 4113
570 4833
570 5143
572 839
572 4765
572 5036
577 4949
577 5302
577 5325
592 1365
600 2499
610 4684
613 1895
613 5314
618 2081
618 2954
618 3171
618 4110
621 963
621 4949
621 5065
621 5260
621 5305
633 4949
659 3046
659 4949
696 1058
712 1365
712 2428
712 3613
726 1600
726 5263
729 904
729 1106
729 1115
729 1636
729 1792
729 3488
729 5006
729 5120
729 5144
729 5335
729 5336
736 1985
736 4833
762 963
762 1365
762 2845
762 5321
762 5340
823 5221
823 5294
826 1527
826 2472
826 3030
836 3329
836 3785
836 4949
836 5036
836 5041
836 5143
836 5305
837 1834
837 2084
837 4425
837 4820
839 963
839 1365
839 5340
852 2529
852 3928
852 4501
859 963
859 4765
881 963
881 1365
881 1413
881 1779
881 4403
881 5195
891 3064
891 4833
893 1349
904 1365
904 1774
904 2822
904 3405
904 4949
904 5302
904 5305
928 5227
963 1106
963 1255
963 1365
963 1392
963 1563
963 1600
963 1807
963 2692
963 2923
963 3850
963 3975
963 4585
963 4641
963 4771
963 4896
963 5125
963 5270
963 5275
963 5333
968 2412
991 5316
1002 2589
1002 5006
1002 5294
1005 1361
1005 2762
1005 3477
1005 5292
1005 5311
1011 5258
1017 1365
1017 2209
1039 3046
1057 2589
1057 4949
1057 5327
1058 1115
1106 1255
1106 1365
1106 2100
1106 2868
1106 4336
1106 4425
1106 4641
1106 5334
1115 2818
1115 3984
1115 4151
1171 2324
1179 3381
1198 1265
1198 1763
1198 2868
1198 4646
1198 5292
1206 3046
1214 4949
1233 1365
1242 3453
1242 4765
1255 5297
1256 3984
1256 4684
1265 5036
1268 1925
1268 4949
1268 5305
1268 5320
1359 2767
1361 2670
1361 3636
1361 3943
1361 4425
1361 4771
1361 5292
1365 1413
1365 1561
1365 1816
1365 2428
1365 2600
1365 2670
1365 2724
1365 3046
1365 3125
1365 3329
1365 3392
1365 3578
1365 3613
1365 3841
1365 3947
1365 4040
1365 5128
1365 5293
1365 5332
1365 5337
1366 2831
1366 3030
1369 5297
1375 2158
1379 1608
1379 5195
1406 5330
1413 5110
1413 5143
1413 5302
1436 3046
1458 2333
1540 5292
1561 5302
1563 5132
1608 1636
1608 4585
1608 5053
1608 5065
1622 2762
1636 2455
1636 2589
1636 5018
1636 5195
1636 5287
1636 5341
1672 5296
1724 2297
1732 4445
1732 5302
1753 1917
1753 2412
1753 3930
1753 4419
1753 5305
1755 2158
1755 3505
1755 4445
1763 4949
1774 5295
1785 5143
1792 2149
1792 4419
1793 1917
1793 4431
1816 3613
1824 1972
1824 4419
1831 2756
1831 4771
1879 3381
1888 3046
1895 3984
1917 2126
1917 3067
1917 3874
1917 4199
1917 4431
1917 4949
1965 2253
1985 2650
1985 2868
1985 4949
1985 5322
1995 5144
2019 4949
2027 2158
2030 4910
2081 2762
2081 5040
2084 4771
2084 5291
2084 5343
2089 2209
2095 2627
2124 5292
2126 4199
2132 3046
2149 5316
2156 5315
2158 2389
2158 2603
2158 4419
2223 5314
2254 2868
2254 3064
2254 4765
2255 5334
2272 5144
2278 5215
2297 3648
2297 4190
2297 5317
2318 3707
2319 4862
2333 3444
2389 5320
2412 3158
2428 3636
2428 4425
2428 5293
2455 3984
2455 4949
2472 5336
2499 5065
2527 3613
2529 2756
2529 3046
2529 3751
2529 4949
2534 4641
2562 5294
2582 5248
2583 4949
2583 5128
2589 3613
2589 5007
2592 5305
2627 3046
2627 3613
2627 3707
2627 3856
2627 4908
2627 4949
2627 5144
2668 4833
2670 2762
2670 3046
2691 5308
2692 3046
2692 3477
2756 3046
2756 3578
2756 3856
2756 3984
2756 4771
2756 4858
2756 5275
2762 3453
2762 3613
2762 4110
2762 4236
2762 4253
2762 5065
2762 5260
2762 5295
2762 5299
2762 5335
2767 2868
2767 3488
2767 3501
2767 3843
2767 4585
2767 4889
2767 5143
2767 5322
2795 3329
2818 3984
2820 5305
2822 4910
2868 4924
2868 5078
2868 5295
2915 3893
2915 4236
2930 4390
2930 5297
2954 3171
2954 4110
3001 4858
3023 5336
3046 4113
3046 4771
3046 4908
3046 5146
3046 5270
3158 4949
3158 5215
3158 5327
3171 4113
3322 3984
3322 4949
3329 3613
3329 5036
3329 5305
3329 5322
3329 5328
3381 4822
3405 3484
3444 5326
3453 4390
3453 5305
3477 3613
3477 4949
3488 3984
3488 4113
3574 5329
3578 3707
3578 3751
3578 5339
3613 4040
3613 4352
3613 4585
3613 4820
3613 4949
3613 5065
3613 5195
3613 5227
3613 5304
3623 5006
3636 4283
3636 5036
3636 5254
3636 5293
3636 5311
3636 5312
3636 5327
3636 5341
3648 4150
3648 5317
3656 4140
3656 5309
3707 4171
3707 4858
3707 5110
3841 5337
3856 4113
3856 5146
3893 5292
3900 5313
3907 5340
3928 4236
3928 5324
3930 3975
3943 4425
3943 5258
3943 5328
3984 4187
3984 4949
3984 5304
4110 4949
4110 5270
4110 5307
4113 5041
4113 5306
4171 4949
4236 5065
4236 5324
4283 5292
4283 5301
4283 5308
4289 4949
4352 5065
4390 5297
4419 5305
4419 5313
4421 4949
4425 5036
4477 4546
4477 5174
4523 5321
4546 5174
4571 5315
4585 4949
4585 5195
4646 5301
4653 5338
4765 5065
4771 5291
4771 5305
4839 5301
4910 5260
4924 5065
4924 5304
4949 5195
4949 5241
4949 5306
5006 5036
5006 5333
5036 5143
5041 5143
5041 5270
5041 5321
5065 5304
5065 5305
5065 5318
5065 5324
5120 5322
5146 5270
5241 5292
5270 5307
5295 5300
5295 5331
5302 5303
5304 5310
5306 5342
5318 5319
5335 5336
