0 762
0 2619
0 2692
0 2919
0 4501
0 5041
0 5309
0 5321
7 5388
19 4297
26 43
26 153
26 837
26 3265
26 4199
26 5340
26 5356
29 1255
41 461
41 1571
42 2428
42 3038
42 4216
42 5146
42 5358
43 610
43 1971
43 1996
43 5379
46 137
46 455
46 2694
46 3052
46 5374
56 5372
56 5379
61 461
61 2412
64 5176
73 434
73 1106
74 226
75 1268
75 1340
75 5065
75 5362
76 1198
76 1436
76 2254
76 2589
76 2919
76 3392
76 3657
76 3984
76 4488
76 5013
76 5036
76 5146
76 5341
76 5354
76 5391
83 315
83 2868
83 4501
84 2682
88 286
88 837
88 2382
88 5383
94 407
94 2762
94 3204
95 4332
95 5353
96 461
96 729
96 1527
96 2888
97 532
97 1106
97 3177
120 455
134 196
134 4488
137 1242
137 4150
137 4908
137 5368
138 434
138 762
138 1106
138 1255
138 2589
138 4113
138 4949
153 201
153 5391
156 1476
158 315
158 2919
158 4949
158 5006
158 5065
158 5113
158 5368
158 5386
172 348
174 4110
174 5391
179 1361
179 1365
189 4113
190 2003
190 3378
190 3785
190 5317
190 5388
196 461
196 610
196 1763
196 1917
196 2045
196 2762
196 2864
196 3038
196 3745
196 5065
196 5270
196 5380
196 5382
196 5383
201 461
201 510
201 729
206 318
226 1742
226 4031
226 5113
238 1824
239 2297
255 762
258 4585
275 461
280 461
280 904
280 1335
280 1426
280 2762
286 1965
289 5370
297 726
302 1335
312 762
315 610
315 839
315 904
315 1106
315 1470
315 2223
315 2529
315 2756
315 2762
315 2868
315 3322
315 3745
315 4297
315 5065
315 5353
348 1036
348 1724
348 1755
348 2472
348 2930
348 3405
348 4110
348 4419
348 5340
348 5342
370 403
370 726
370 837
370 1365
370 1917
370 2961
370 3125
370 3453
370 5270
370 5342
374 5347
391 5367
399 3035
403 5382
407 948
407 1335
407 1419
407 1539
407 2694
407 3392
407 4171
417 5292
423 455
423 3928
423 4283
423 5344
431 5065
434 4501
442 5146
442 5371
447 4187
455 1051
455 2355
455 2767
455 5006
455 5344
455 5388
460 4171
461 839
461 1231
461 1244
461 1359
461 1379
461 1540
461 1794
461 2589
461 2668
461 3046
461 3158
461 3329
461 3984
461 4690
461 5013
461 5342
461 5348
461 5380
461 5382
502 4488
519 1866
531 570
531 2650
539 1002
539 1753
539 2254
539 2286
539 5013
539 5341
539 5366
544 3745
565 1053
570 852
570 2762
577 712
577 762
577 1365
577 1816
577 3613
592 5270
593 4582
610 2284
610 3030
610 4110
613 1193
613 3943
613 5349
618 2297
621 762
621 4562
633 5270
633 5355
634 1413
659 1051
659 1365
659 2762
659 5353
659 5380
678 3505
682 904
682 2756
682 5262
691 1456
703 2692
712 904
712 1365
712 1605
712 3613
726 5379
729 2589
729 3265
729 4501
729 4968
729 5345
762 2106
762 2297
762 4332
762 5387
814 3745
823 4501
824 3378
836 904
836 2650
836 3785
836 4031
837 852
837 917
839 1106
839 3453
839 4501
839 5386
839 5388
852 1177
852 1436
852 2938
852 3046
852 3158
852 3388
852 4141
859 5348
881 3392
891 1242
893 5353
904 4837
904 5065
904 5337
904 5344
904 5360
917 4187
917 5065
938 5349
948 2255
948 4771
978 3975
1002 2286
1002 2412
1002 2767
1002 3283
1002 4279
1002 5388
1005 2762
1005 5344
1005 5346
1005 5380
1005 5386
1012 1644
1012 2254
1017 1177
1051 4507
1051 4949
1053 5065
1057 1917
1057 2583
1057 2767
1057 3984
1057 4332
1057 4488
1057 4546
1106 1470
1106 1877
1106 2272
1106 2455
1106 2582
1106 2619
1106 3024
1106 4113
1106 5041
1106 5146
1106 5353
1115 1644
1115 4151
1115 4187
1177 3158
1177 5270
1179 3381
1185 5354
1186 5141
1198 3648
1206 1255
1206 1456
1231 2919
1242 1255
1242 2254
1242 3484
1242 5368
1244 5362
1255 4935
1256 1456
1256 2627
1256 3078
1265 2762
1265 5036
1268 3745
1268 5388
1335 1413
1335 2149
1335 2868
1335 4141
1359 2724
1359 5013
1361 1365
1361 2650
1361 2724
1361 2762
1361 3046
1361 3051
1361 4771
1361 5385
1365 1470
1365 1517
1365 1917
1365 1996
1365 2254
1365 2272
1365 2455
1365 2650
1365 2694
1365 2938
1365 3745
1365 3943
1365 3984
1365 4236
1365 4832
1365 5036
1365 5344
1365 5353
1365 5360
1365 5364
1365 5385
1365 5388
1413 2762
1413 5380
1418 1644
1418 5354
1419 5364
1422 2254
1422 4279
1422 5366
1470 2254
1470 2589
1470 3928
1540 2019
1540 2355
1540 3636
1540 3984
1540 5341
1540 5379
1551 1818
1552 2254
1563 4199
1612 4562
1625 2254
1636 4171
1636 4216
1636 5006
1636 5370
1644 2158
1644 3107
1644 4110
1666 2589
1666 5344
1672 3125
1675 2619
1675 5350
1675 5352
1742 3030
1742 3648
1753 1917
1753 2149
1753 4199
1753 5348
1755 1877
1779 5006
1792 2694
1793 2149
1793 2255
1793 2619
1793 3030
1793 4171
1794 5354
1812 2762
1824 5342
1831 5065
1831 5376
1866 2254
1866 4110
1866 5065
1866 5344
1895 3457
1917 2126
1917 2455
1917 2762
1917 3453
1917 4582
1917 5272
1917 5340
1917 5377
1980 2027
1980 2472
1980 4171
1995 5144
2003 3785
2003 5373
2016 4968
2027 2472
2045 3745
2045 5065
2045 5388
2086 2864
2114 4113
2124 2868
2124 3038
2124 3046
2124 3137
2124 3928
2124 4646
2124 5115
2124 5301
2124 5386
2126 2948
2126 4199
2126 4582
2132 5006
2156 5065
2156 5388
2158 2455
2158 2930
2158 4501
2158 5270
2158 5305
2158 5340
2158 5383
2223 2767
2223 2868
2234 5366
2254 2589
2254 2762
2254 2868
2254 3125
2254 3392
2254 3461
2254 3928
2254 4110
2254 4332
2254 4422
2254 4749
2254 4771
2254 4866
2254 4949
2254 5006
2254 5065
2254 5342
2254 5363
2254 5370
2254 5380
2254 5386
2254 5391
2255 2412
2255 5384
2272 4562
2284 3392
2284 3657
2286 4279
2286 5341
2297 2650
2297 4562
2297 5317
2297 5340
2317 5065
2324 4031
2324 4419
2355 2583
2355 2767
2389 3052
2412 5056
2428 5372
2455 2472
2455 2589
2455 4488
2460 5169
2472 4110
2472 5006
2472 5392
2488 5309
2526 2762
2529 2582
2529 2756
2529 2868
2529 3226
2529 3388
2529 3707
2529 5353
2529 5388
2535 5065
2589 3122
2589 3158
2589 4187
2599 2767
2619 5195
2640 4858
2687 5084
2692 5370
2756 2762
2756 3313
2756 4501
2756 5146
2762 2868
2762 3185
2762 3567
2762 3636
2762 3928
2762 4031
2762 4110
2762 5065
2762 5146
2762 5357
2762 5370
2762 5391
2767 2825
2767 3984
2767 4949
2767 5195
2767 5359
2775 5306
2825 3046
2860 4646
2864 3545
2864 4245
2864 5270
2868 2938
2868 3038
2868 4236
2868 4924
2919 5041
2930 4171
2930 5144
2930 5340
3030 5351
3046 3636
3046 3928
3046 4422
3046 4595
3065 3613
3078 3856
3122 5270
3122 5382
3158 3893
3158 5270
3160 5065
3171 4110
3177 3648
3184 5354
3290 4187
3313 5339
3329 4187
3329 5353
3329 5379
3392 3657
3392 3984
3405 5342
3461 5146
3484 3984
3509 5353
3515 4422
3515 5146
3528 5270
3578 5340
3613 3984
3613 4352
3613 5361
3636 3984
3636 5306
3636 5341
3636 5356
3636 5357
3707 5146
3745 3984
3745 4488
3745 4501
3745 5374
3785 4332
3785 4419
3850 5354
3874 4491
3893 3984
3928 4310
3928 5006
3928 5363
3943 4488
3947 4488
3947 5115
3947 5387
3984 5347
4031 4113
4031 4171
4031 4265
4031 4419
4031 5317
4031 5356
4031 5382
4110 4501
4110 5018
4110 5065
4110 5354
4110 5370
4110 5387
4110 5391
4113 5124
4113 5270
4113 5356
4171 4422
4171 5013
4171 5065
4187 4924
4187 5361
4187 5367
4187 5369
4187 5372
4236 5006
4297 5382
4310 4422
4310 4908
4422 5391
4488 4771
4488 5146
4488 5344
4488 5381
4577 5346
4646 5365
4765 5270
4798 5386
4866 5195
4935 5270
4949 4968
4949 5065
4949 5362
4968 5065
4968 5389
5006 5065
5006 5344
5031 5041
5041 5354
5065 5354
5065 5386
5065 5387
5065 5388
5146 5309
5146 5358
5229 5362
5241 5361
5241 5365
5265 5386
5270 5353
5292 5344
5306 5341
5306 5342
5309 5344
5309 5358
5340 5353
5344 5346
5344 5361
5344 5370
5344 5377
5349 5375
5353 5360
5362 5377
5362 5379
5377 5378
5387 5390
