2 904
2 5125
7 117
7 5009
14 76
14 117
14 124
14 206
14 374
14 659
14 729
14 1106
14 1365
14 1636
14 1807
14 1917
14 2081
14 2334
14 3107
14 3122
14 3368
14 3787
14 3953
14 4280
14 4873
14 5009
14 5065
14 5127
14 5615
14 5774
14 5782
14 5784
17 859
19 83
19 431
19 434
19 948
19 5791
19 5843
26 5615
26 5813
28 1995
28 2727
28 4523
28 5852
29 429
29 729
29 1106
29 1235
29 1510
29 5127
41 1418
41 2756
41 2783
42 43
42 206
42 621
42 729
42 891
42 1002
42 1563
42 1604
42 1709
42 3378
42 3453
42 4403
42 4873
42 5615
42 5683
42 5699
42 5815
43 76
43 275
43 572
43 736
43 1255
43 2297
43 2589
43 2783
43 3254
43 4949
43 5041
43 5127
43 5237
43 5440
43 5618
43 5641
43 5681
43 5776
43 5850
46 84
46 1422
46 2255
46 4419
46 5053
46 5262
59 5090
60 4523
63 5614
65 518
70 83
70 621
70 3648
70 4280
73 1177
73 1235
73 2628
73 4935
74 2191
75 423
75 682
75 1012
75 1365
75 2176
75 2739
75 2762
75 3224
75 5125
75 5173
75 5237
76 84
76 302
76 570
76 852
76 1002
76 1106
76 1268
76 1365
76 1917
76 2589
76 2943
76 3417
76 3798
76 3951
76 3953
76 4171
76 4280
76 4949
76 5065
76 5125
76 5683
76 5744
76 5809
76 5827
79 5065
80 199
80 1636
80 2868
80 3587
80 5065
80 5809
83 117
83 712
83 948
83 1777
83 1980
83 2158
83 2840
83 3160
83 3648
83 4523
83 5065
84 1917
84 5803
88 429
88 1255
90 1732
90 5614
90 5720
90 5838
94 1361
94 5065
94 5782
95 5195
97 226
97 1742
97 4523
97 5766
100 190
101 275
114 729
114 1002
114 1877
114 2694
114 4419
115 201
115 2919
115 4507
117 659
117 1268
117 1917
117 2081
117 2286
120 4786
124 4031
124 5065
128 368
128 3330
133 5615
134 2956
138 434
138 950
138 1422
138 1742
138 5782
140 2191
153 1636
153 4339
153 5813
156 730
157 3798
157 5173
158 3627
158 4786
158 5791
158 5807
158 5833
162 1365
172 5553
174 948
174 5633
184 2589
190 570
190 729
190 1036
190 2297
190 3166
190 5814
196 199
196 431
196 3122
196 3322
196 3329
196 3687
196 3992
196 5127
196 5325
196 5699
196 5778
199 218
199 434
199 570
199 729
199 2089
199 2674
199 3791
199 5509
199 5560
201 948
201 963
201 1235
201 1470
201 1563
201 1622
201 1661
201 1779
201 2956
201 4403
201 4536
201 4798
201 5006
201 5174
201 5615
201 5633
201 5796
206 603
206 1106
206 2389
206 3745
206 5065
206 5125
206 5230
206 5566
206 5615
218 736
226 1365
238 708
238 1824
248 4523
253 1170
258 2377
275 2255
280 659
286 289
286 1115
286 3322
287 2389
289 1002
302 461
302 1392
302 3122
302 4949
302 5439
330 3823
332 2455
332 4090
332 5065
354 2191
356 917
374 2243
374 3967
402 1709
410 571
423 1005
423 2176
423 2762
424 4157
429 4615
431 3122
431 4896
431 5173
431 5614
433 1742
433 4031
433 5782
434 570
434 762
434 2062
434 5353
441 3648
442 4507
442 5633
442 5767
442 5854
446 774
455 4339
458 2627
461 948
461 1177
461 1268
461 1413
461 1527
461 1540
461 2286
461 2529
461 2820
461 3104
461 3254
461 4280
461 4949
461 5633
461 5770
461 5802
493 570
494 1786
505 1925
505 5783
505 5847
518 3787
518 5744
519 659
528 1661
539 1242
539 2286
539 3171
539 5432
539 5440
539 5563
556 2124
559 1268
559 5797
563 2822
570 1235
570 1255
570 1742
570 2783
570 3166
570 5439
570 5767
570 5782
570 5793
572 621
572 1763
572 3329
572 3984
573 948
573 1002
573 1709
573 2324
573 3254
573 3283
573 5812
577 904
577 918
577 963
577 2822
577 3727
577 4280
577 5053
592 4577
599 2395
599 5800
599 5819
599 5820
603 5817
610 2762
610 4873
610 5065
613 5829
618 729
618 1392
618 2393
618 3104
618 3819
621 918
621 1985
621 1995
621 3648
621 3745
621 4562
621 4702
621 5682
621 5785
633 5793
641 5805
659 1062
659 1106
659 1255
659 1470
659 2521
659 2762
659 3204
659 3254
659 3657
659 3798
659 4022
659 4150
659 4523
659 4886
659 5125
659 5614
682 2970
682 5125
699 1422
699 5742
708 1036
708 4110
708 5093
729 852
729 875
729 1002
729 1106
729 1177
729 1255
729 1422
729 1924
729 2423
729 4332
729 5065
729 5615
729 5682
729 5784
729 5802
729 5845
730 5230
736 1540
753 1268
753 1365
753 1917
753 4332
762 948
762 2589
762 2783
762 5775
762 5802
762 5805
774 5065
781 5782
788 5803
802 2818
802 4187
802 5265
813 5127
823 5633
836 2473
836 5440
839 3254
839 5174
839 5439
839 5803
852 1177
852 1644
852 2377
852 2488
852 2756
852 2762
852 2957
852 3078
852 3368
852 3798
852 5261
875 5844
881 5262
881 5773
891 1002
891 3484
891 3823
891 5480
897 1255
897 2727
897 3166
897 3992
897 5125
904 1777
904 2821
911 5009
911 5823
911 5837
917 2089
918 4280
928 4731
938 1395
948 1255
948 1268
948 1527
948 2255
948 2319
948 2389
948 3388
948 3823
948 4419
948 5125
948 5400
948 5722
948 5772
948 5805
948 5827
950 5679
963 1177
963 1540
963 1636
963 2589
963 3798
963 4403
963 4949
963 5009
963 5633
963 5850
968 3041
968 5553
1002 1365
1002 2423
1002 2583
1002 2694
1002 5440
1002 5683
1002 5797
1005 3224
1005 3798
1005 5846
1012 1365
1012 3453
1012 4280
1012 5801
1036 4280
1036 4546
1036 5093
1048 1917
1048 2126
1051 1115
1051 1470
1051 1985
1057 3477
1062 5618
1085 5828
1100 5720
1106 2529
1106 2956
1106 3283
1106 5006
1106 5174
1106 5776
1106 5782
1106 5789
1115 1985
1115 2148
1115 2957
1115 3322
1126 3145
1148 1625
1177 1256
1177 2529
1177 3254
1177 3477
1177 4605
1177 5146
1179 3125
1200 4949
1235 2845
1235 4935
1242 3378
1242 5850
1243 5195
1255 2158
1255 2389
1255 2472
1255 3648
1255 3992
1255 4280
1255 4419
1255 4523
1255 4935
1255 5796
1255 5802
1255 5849
1256 2529
1256 2938
1256 3337
1256 3578
1256 5757
1256 5835
1268 2472
1268 4419
1268 4949
1268 5172
1268 5439
1268 5480
1268 5683
1268 5783
1268 5847
1268 5850
1281 2389
1281 4419
1321 1422
1361 3617
1361 5394
1361 5776
1365 1422
1365 1818
1365 1824
1365 2089
1365 2692
1365 3453
1365 3712
1365 3745
1365 4171
1365 4332
1365 4366
1365 5427
1365 5514
1365 5605
1369 3417
1369 3984
1392 5811
1395 2124
1395 5804
1413 1879
1413 2825
1413 3378
1413 4949
1413 5774
1418 1636
1418 2455
1418 5633
1470 1636
1470 1831
1470 2057
1470 2956
1470 3745
1470 4305
1470 4403
1470 5065
1470 5791
1470 5809
1470 5832
1470 5846
1483 5767
1527 2255
1527 2319
1527 4157
1527 4734
1536 3823
1540 1887
1540 2956
1540 5006
1540 5633
1540 5767
1543 2197
1543 5856
1563 4280
1604 1636
1604 4949
1604 5824
1612 2727
1612 4523
1622 2393
1625 3636
1625 5125
1636 1661
1636 2589
1636 3023
1636 3224
1636 3417
1636 3627
1636 4339
1636 4403
1636 5006
1636 5125
1636 5262
1636 5306
1636 5633
1636 5776
1636 5789
1636 5793
1636 5808
1636 5809
1636 5823
1644 4110
1661 2102
1661 2589
1661 3104
1661 5615
1663 4872
1667 3823
1674 2053
1691 1985
1691 3349
1691 5838
1709 1793
1709 1879
1709 2389
1709 3992
1709 5006
1709 5615
1724 3648
1732 2297
1732 5814
1742 1894
1742 5782
1755 5814
1763 5325
1763 5497
1774 2727
1774 4187
1774 5041
1777 2989
1777 5041
1779 3147
1786 5125
1793 2423
1793 2825
1793 3104
1793 4157
1793 5432
1793 5581
1793 5812
1818 1924
1818 3171
1818 3648
1818 5144
1818 5682
1818 5841
1831 3627
1831 5615
1831 5776
1831 5832
1868 5812
1877 2694
1877 3992
1877 5439
1877 5618
1877 5683
1877 5821
1877 5844
1880 5807
1894 4280
1917 1995
1917 2102
1917 2126
1917 2504
1917 3453
1917 5065
1917 5615
1917 5618
1917 5780
1917 5802
1917 5803
1917 5852
1924 3648
1948 3823
1971 4734
1972 2334
1985 5776
1992 3727
1995 4523
1995 5144
1995 5852
2019 3378
2019 4987
2024 2377
2046 2428
2053 4427
2057 3943
2057 5146
2081 5782
2081 5787
2086 4927
2089 4834
2102 4171
2102 4949
2102 5009
2124 5090
2124 5592
2124 5795
2124 5817
2128 2148
2132 5776
2142 5366
2148 2957
2158 2334
2176 2762
2180 5832
2191 2961
2191 4031
2191 5468
2255 3368
2256 2455
2272 3648
2286 2389
2286 2956
2319 3453
2319 4253
2319 5230
2321 5699
2355 4873
2369 3636
2369 5309
2377 2670
2377 3984
2377 5792
2377 5799
2377 5826
2389 2472
2389 4419
2389 5772
2393 3171
2393 5394
2455 2627
2455 3417
2455 3967
2455 5127
2472 2694
2472 4419
2472 4734
2472 5125
2472 5172
2472 5618
2472 5683
2472 5813
2472 5822
2473 5440
2488 2938
2488 5857
2504 5618
2529 5497
2534 2845
2534 5053
2589 3065
2589 3636
2589 4577
2589 5125
2589 5615
2589 5679
2600 5125
2617 5776
2627 2957
2627 4507
2627 5833
2627 5834
2650 5792
2670 3798
2674 4734
2694 3992
2694 4419
2694 5683
2720 5440
2727 4523
2741 5633
2741 5729
2756 3627
2756 5271
2762 2775
2762 3617
2762 3687
2762 3798
2762 4110
2762 5132
2762 5173
2762 5782
2762 5785
2762 5794
2767 3417
2767 4113
2783 3030
2783 5262
2795 4419
2818 3417
2818 5833
2820 3368
2820 4558
2820 5305
2820 5618
2820 5633
2821 4702
2825 4949
2840 3648
2840 4523
2868 3158
2888 3166
2919 5125
2923 3823
2934 4798
2938 4605
2938 5146
2956 3787
2956 4427
2957 5230
3030 4523
3065 5813
3107 3329
3107 5785
3122 4253
3122 4896
3158 5782
3160 5065
3171 3727
3171 3819
3171 4798
3171 4886
3171 5065
3171 5519
3171 5563
3171 5615
3171 5832
3184 3224
3254 5826
3322 4684
3322 5127
3322 5831
3329 5127
3329 5790
3377 4419
3377 5683
3388 5822
3405 5618
3417 3488
3417 3984
3417 4523
3417 5230
3477 4834
3477 5810
3488 3727
3543 4451
3574 5775
3587 4646
3613 5831
3617 5815
3627 3893
3635 5846
3636 3787
3636 5065
3636 5125
3636 5341
3636 5519
3636 5616
3636 5776
3636 5832
3648 4523
3648 4910
3648 5841
3657 5497
3712 4117
3712 5233
3727 4110
3745 3992
3745 4090
3745 5836
3798 5173
3798 5708
3798 5792
3823 4427
3823 5783
3823 5838
3823 5849
3865 5777
3900 5682
3900 5753
3900 5806
3945 5776
3951 4949
3955 4577
3967 3984
3975 4987
3975 5432
3992 5173
3992 5851
4031 5782
4090 5304
4110 4886
4110 5839
4113 5618
4117 5125
4117 5237
4117 5262
4117 5427
4117 5791
4117 5808
4117 5811
4117 5833
4171 5681
4171 5781
4243 5615
4305 4904
4317 5618
4323 5785
4332 5233
4333 4419
4380 5780
4403 5846
4419 4507
4419 5439
4419 5683
4419 5772
4419 5812
4427 5440
4427 5786
4479 5006
4523 5618
4536 5681
4536 5796
4562 5468
4577 5638
4605 5146
4605 5261
4646 4873
4646 5813
4684 5831
4734 5683
4786 4873
4786 5125
4798 5304
4839 5125
4839 5839
4873 5065
4873 5722
4904 5809
4924 5196
4927 5174
4947 5439
4947 5440
4949 5633
5006 5125
5006 5306
5006 5633
5009 5796
5009 5818
5009 5827
5041 5759
5041 5807
5053 5262
5053 5615
5065 5173
5065 5230
5065 5618
5065 5795
5065 5813
5065 5815
5065 5832
5065 5838
5100 5801
5125 5173
5125 5821
5125 5830
5125 5854
5127 5263
5162 5722
5229 5362
5230 5262
5230 5563
5230 5777
5254 5787
5262 5853
5267 5818
5270 5853
5304 5815
5306 5809
5353 5791
5366 5833
5366 5848
5432 5789
5439 5440
5440 5783
5493 5638
5493 5779
5519 5838
5615 5832
5615 5855
5652 5780
5682 5699
5692 5760
5749 5798
5767 5788
5782 5838
5784 5803
5796 5816
5806 5825
5808 5809
5816 5818
5823 5837
5833 5834
5836 5842
5840 5841
