0 5450
3 6048
19 2957
19 6087
25 90
26 297
26 531
26 570
26 839
26 1005
26 2255
26 5676
26 6087
28 97
28 573
28 963
28 1612
28 3648
28 4523
29 2860
29 5247
30 4731
30 6108
37 60
37 2297
41 1395
41 2512
41 5676
42 875
42 1200
42 1242
42 2027
42 2158
42 5342
42 5459
42 6121
43 134
43 236
43 348
43 442
43 531
43 570
43 762
43 963
43 1036
43 1255
43 1369
43 3125
43 3543
43 4232
43 4431
43 4727
43 5125
43 5237
43 5618
43 5812
43 6044
43 6071
43 6084
43 6085
43 6088
43 6093
46 3951
46 4471
46 6064
59 3281
60 1936
60 2592
60 3329
60 4396
60 4402
60 6102
61 921
64 2333
64 3543
65 2023
65 5744
73 89
73 852
73 1255
73 1941
73 2489
73 3030
73 3648
74 478
74 544
74 883
74 1737
74 3166
74 4523
74 6113
75 388
75 1268
75 1877
75 2545
75 2956
75 6001
76 89
76 434
76 461
76 921
76 1255
76 1703
76 3202
76 4783
76 5936
77 729
77 928
77 1977
77 5515
80 2243
83 621
83 2529
83 4317
89 138
89 240
89 573
89 729
89 1255
89 1268
89 3676
89 4949
95 6074
97 762
97 1612
97 2158
97 3648
97 4635
97 4783
100 1527
100 1793
100 2158
100 2472
100 4419
100 4771
101 921
113 5967
113 6078
115 5125
118 267
122 1005
122 6074
124 434
124 3031
134 442
134 852
134 2223
134 2529
134 2692
134 3727
134 4949
136 1501
138 153
138 158
138 286
138 1206
138 1255
138 1561
138 2592
138 2608
138 2674
138 2783
138 4151
138 4402
138 5041
138 5305
138 6103
140 5480
153 280
153 852
153 2868
153 6087
156 1268
156 2437
156 5946
158 240
158 286
158 565
158 1356
158 1636
158 4232
158 4727
158 4798
158 4968
158 6079
158 6087
158 6112
158 6119
190 762
190 823
190 904
190 1786
190 2158
190 3543
190 6121
195 6073
196 286
196 610
196 2957
196 3031
196 4159
196 5870
196 6062
196 6075
196 6118
204 2313
204 5125
218 280
226 762
226 1793
226 2158
240 4151
246 1924
246 1995
249 1527
249 2319
249 4419
258 852
258 1206
258 2522
258 5125
258 5127
280 881
280 1369
280 2868
286 1115
286 1255
286 1413
286 1742
286 2767
286 2957
286 5041
302 4031
312 5362
315 2107
315 2158
315 3329
339 762
348 1135
348 1971
348 6073
348 6102
349 5173
349 6104
351 4332
370 531
370 852
370 1691
370 1824
370 2860
370 3122
370 3125
370 3843
370 4159
374 1501
374 1936
374 4031
374 5637
374 6087
375 3281
388 2956
390 762
390 2169
390 3030
390 5978
402 3031
407 2545
410 6059
414 6118
424 5034
431 5946
434 447
434 570
434 659
434 1148
434 1365
434 1636
434 2455
442 556
442 852
442 1322
442 1636
442 3158
442 3457
442 4968
442 5125
442 6044
442 6049
444 5493
446 4931
455 3281
455 3727
461 921
461 2529
461 3041
461 3819
461 4031
461 4151
461 5720
461 6051
475 2767
475 2783
477 6053
478 2864
478 5173
501 3368
528 3477
531 839
531 2158
531 3745
531 3943
531 4117
531 6052
536 3636
539 1369
539 1667
563 1818
563 5305
565 6079
568 2136
568 5946
570 659
570 762
570 875
570 1255
570 2158
570 2428
570 2805
570 2868
570 3281
573 2223
577 5618
577 6063
577 6085
592 621
592 1144
592 2821
592 6113
599 6072
603 4151
610 2158
610 4523
610 5946
610 6051
610 6062
610 6095
612 4831
613 2158
613 2512
613 4677
613 5065
618 2592
618 3819
618 5912
621 659
621 1924
621 3202
621 4379
621 4402
621 5305
621 5680
621 6051
621 6063
621 6067
621 6071
621 6113
633 6077
634 1365
659 1115
659 1148
659 1636
659 1656
659 1687
659 1691
659 2255
659 2292
659 2522
659 2650
659 2668
659 3313
659 5173
659 5331
659 6087
659 6108
665 6091
682 875
682 904
696 4523
712 6120
724 1144
729 904
729 2868
729 3202
729 3648
729 4332
729 4340
729 5141
729 5173
729 6083
729 6119
733 6113
736 801
762 823
762 1255
762 1793
762 2062
762 2158
762 2472
762 2529
762 2795
762 4968
762 5861
762 6098
773 3024
779 2472
779 4419
801 1563
809 852
823 5415
823 6108
824 875
837 5724
839 875
839 5828
839 6063
852 1177
852 1206
852 1393
852 1552
852 1779
852 1845
852 2057
852 2529
852 2650
852 2756
852 3313
852 3578
852 4151
852 4280
852 4968
852 5261
852 5949
852 6045
859 2192
875 2027
875 2158
875 2389
875 5946
881 1413
881 1699
881 2756
883 3166
883 5305
883 6039
883 6071
883 6108
891 1375
891 1625
891 2825
891 3823
891 4949
904 4332
904 6058
907 3368
907 4151
919 1661
919 5618
919 5816
919 6108
921 1255
921 1879
921 3041
921 4038
928 968
938 6066
938 6099
948 6108
963 1413
963 1622
963 3171
968 1375
1005 1552
1005 1602
1005 4236
1005 5331
1005 6042
1005 6061
1005 6074
1012 2062
1023 1691
1036 3543
1051 5125
1057 2024
1057 2583
1057 5679
1057 6068
1106 3939
1106 4113
1106 6051
1115 1936
1115 2024
1115 2132
1115 2957
1115 3745
1115 4031
1115 5100
1115 5637
1115 5652
1115 5692
1115 6087
1125 6057
1135 2562
1141 5720
1145 3648
1148 2522
1164 2472
1177 1322
1177 3636
1177 5217
1177 5720
1197 5949
1223 3122
1233 2024
1242 1369
1242 1667
1242 2199
1242 3122
1242 4431
1242 4949
1242 5494
1242 5599
1242 5618
1242 6119
1243 6106
1247 2334
1255 1275
1255 1350
1255 2158
1255 6103
1255 6113
1255 6121
1256 2169
1256 2756
1256 4968
1256 5041
1256 5949
1268 4431
1319 1917
1321 1787
1321 4151
1321 5949
1322 1941
1322 4419
1322 6053
1335 5008
1356 6056
1359 1552
1359 1636
1359 3636
1359 5237
1359 6049
1361 2243
1361 6087
1361 6120
1369 2403
1375 1625
1375 1664
1375 3823
1375 6001
1390 2583
1392 1398
1393 1552
1393 3088
1393 4727
1393 5977
1395 5976
1395 6115
1413 4749
1413 6084
1418 3727
1426 1691
1470 1552
1470 5493
1501 2583
1501 3283
1527 2158
1527 2403
1527 3158
1527 3951
1527 4419
1527 4771
1527 6064
1527 6108
1527 6117
1539 1924
1540 1667
1540 1691
1540 4727
1543 6047
1552 1636
1552 3171
1552 4727
1552 4872
1552 5125
1552 5237
1552 6074
1552 6111
1554 5720
1563 6086
1602 5720
1602 6069
1602 6124
1606 3166
1612 3202
1612 4031
1622 3727
1622 3819
1622 4783
1622 5618
1622 5816
1625 1795
1625 2545
1625 2825
1625 2956
1625 3823
1636 1742
1636 2136
1636 2583
1636 3171
1636 3283
1636 3617
1636 3636
1636 3828
1636 3874
1636 4677
1636 4727
1636 4957
1636 5052
1636 6024
1636 6042
1636 6044
1636 6053
1640 1824
1644 6041
1660 5041
1667 4590
1667 5487
1691 2158
1691 2868
1691 3945
1691 5173
1691 5782
1691 6122
1702 5966
1724 1972
1732 1936
1732 2255
1732 2961
1732 4031
1732 5946
1742 1924
1742 3648
1742 4523
1742 4783
1763 2136
1763 2225
1763 5465
1763 5873
1774 1779
1774 1807
1774 1917
1774 4251
1776 2256
1778 2845
1778 5996
1779 1807
1779 1917
1793 5305
1793 6064
1795 3065
1807 1917
1818 4783
1824 3405
1824 5342
1824 6121
1825 5007
1861 3065
1877 2295
1877 2319
1877 2956
1877 3041
1877 5065
1877 5618
1877 6108
1877 6121
1887 4333
1894 2158
1894 3417
1917 1996
1917 2583
1917 2598
1917 2943
1917 4251
1917 4783
1917 5615
1917 6093
1924 2081
1925 3760
1928 5493
1936 2292
1936 2650
1936 3158
1936 3745
1936 4117
1936 4783
1936 6087
1959 3281
1959 3458
1971 2403
1971 3405
1977 3026
1980 2472
1980 6063
1985 6118
1995 4332
1996 2943
2009 6087
2020 6089
2024 4332
2027 2123
2070 4609
2081 4052
2081 6063
2095 6100
2122 2319
2122 3158
2123 3543
2124 4957
2124 5162
2158 3122
2158 3381
2158 4000
2158 4419
2158 4590
2158 6061
2158 6121
2169 5041
2177 5949
2179 5341
2192 3130
2199 2286
2199 4384
2199 5515
2203 4177
2223 3745
2223 5946
2225 2256
2225 2767
2255 2437
2255 2650
2255 4031
2255 4419
2255 6087
2256 4236
2256 4698
2256 5929
2292 2650
2292 4031
2292 6087
2297 4332
2319 2888
2369 3636
2389 4419
2389 5948
2389 6108
2389 6121
2437 2472
2437 3951
2437 5065
2455 3843
2455 5652
2455 6090
2460 4402
2468 6078
2469 6050
2472 2694
2472 4333
2472 4419
2472 5065
2472 5995
2472 6027
2472 6096
2472 6108
2488 2529
2488 5949
2529 2783
2529 3727
2529 4151
2529 6041
2529 6076
2545 5551
2545 5933
2574 5373
2583 3727
2583 5519
2583 6061
2589 3171
2592 4402
2598 5009
2598 6065
2608 5305
2608 5415
2608 5550
2619 5378
2627 5720
2650 4702
2650 6063
2650 6087
2650 6114
2668 4783
2692 6020
2692 6116
2694 3828
2694 6108
2739 4236
2739 4727
2739 6091
2756 3368
2756 3578
2756 5676
2756 6040
2762 5331
2762 6046
2767 2957
2767 5873
2767 5995
2775 6054
2783 5720
2820 3951
2821 3648
2821 6113
2845 4935
2864 5465
2868 3484
2868 3874
2868 5173
2868 5493
2919 3727
2919 4798
2919 6109
2938 5949
2943 4968
2943 5618
2943 6060
2956 5305
2957 5692
3024 3648
3026 4727
3026 6052
3030 3648
3030 6114
3071 6043
3093 6070
3122 6065
3158 4727
3158 4839
3158 6108
3166 4523
3166 6071
3171 3501
3171 4968
3171 6006
3171 6052
3171 6087
3184 6055
3202 3368
3202 4031
3202 4117
3202 4390
3202 4419
3202 4585
3202 4783
3202 5173
3202 5519
3204 4677
3265 4632
3281 3462
3283 5220
3283 6049
3283 6081
3368 4117
3405 5342
3405 5618
3417 6028
3457 6098
3461 4333
3462 4008
3477 6094
3501 5247
3515 5949
3543 4177
3543 6087
3543 6108
3578 5047
3617 6053
3636 5006
3636 5125
3636 5237
3636 6068
3648 4590
3648 4841
3648 6010
3648 6113
3649 6044
3649 6052
3712 4126
3712 5708
3739 6085
3745 6087
3799 6085
3823 4609
3823 4749
3823 6087
3843 5682
3925 5614
3930 5948
3951 6027
3951 6067
4031 4117
4031 4390
4031 6071
4031 6087
4052 5560
4110 6062
4113 5720
4117 5125
4117 6087
4117 6088
4117 6091
4117 6119
4151 4280
4171 5065
4187 6112
4231 6069
4232 4798
4236 5237
4236 5995
4236 6061
4280 5305
4283 6111
4332 5141
4332 6108
4333 6096
4333 6108
4340 4523
4340 4771
4340 6107
4390 4419
4402 4590
4402 5362
4419 5173
4419 5464
4419 5948
4419 6024
4419 6108
4419 6121
4431 5494
4512 6080
4523 6051
4523 6103
4523 6113
4523 6121
4609 5065
4609 6097
4632 5305
4635 4783
4670 5362
4677 5065
4698 5720
4702 6061
4727 5006
4727 6055
4749 5362
4749 5635
4752 6026
4771 6101
4783 5305
4783 5658
4783 5992
4783 6052
4783 6063
4783 6093
4783 6103
4798 5912
4798 5932
4832 5173
4839 6054
4858 5720
4866 5551
4924 5125
4924 5465
4924 6024
4931 5433
4949 4968
4968 5946
4968 6060
4996 5720
5009 6093
5041 5305
5065 5465
5065 6098
5097 6105
5127 5682
5146 5949
5173 5635
5217 5720
5263 6082
5267 6087
5305 5550
5331 5433
5331 5722
5362 6105
5366 6049
5432 5515
5440 5828
5501 6110
5515 6108
5519 6061
5615 6061
5618 5816
5652 5946
5652 6051
5652 6087
5658 6123
5720 5949
5720 6049
5720 6053
5720 6089
5720 6091
5720 6092
5816 6006
5831 6090
5996 6062
6014 6052
6020 6040
6029 6112
6083 6086
6086 6108
