0 1384
0 3484
0 5876
2 2191
12 441
13 3254
13 6207
14 119
14 2102
14 2762
14 5009
14 5605
14 5615
14 5680
14 6225
14 6231
19 6245
26 729
26 1917
26 1996
26 5053
28 6221
29 610
29 1732
29 1804
29 3806
29 5605
29 6204
41 5125
42 76
42 383
42 539
42 837
42 1393
42 1894
42 6224
43 76
43 100
43 140
43 286
43 1255
43 1268
43 2102
43 3816
43 4333
43 5729
43 5936
43 5948
43 6128
43 6162
43 6208
43 6220
43 6267
46 461
46 621
46 729
46 1268
46 1600
46 1755
46 2236
46 2423
46 3745
46 3943
46 5729
46 5993
46 6162
46 6225
57 4236
60 729
60 1013
60 6225
70 1337
73 138
73 1941
73 2650
73 3624
75 1393
75 5362
75 6219
76 90
76 96
76 100
76 138
76 240
76 539
76 570
76 729
76 1057
76 1177
76 1779
76 1793
76 1894
76 1996
76 2149
76 2158
76 2412
76 2423
76 3158
76 5605
76 5729
76 5816
76 5857
76 6220
76 6225
76 6252
76 6256
80 5832
88 374
88 917
94 196
94 218
94 6225
95 859
95 1249
95 1793
95 3254
96 240
96 570
96 634
96 1057
96 1268
96 3505
96 3648
96 5179
97 1742
100 968
100 1793
100 2403
100 2437
100 6225
101 1268
101 6254
103 1337
111 6262
113 1413
113 3787
113 6225
115 6246
120 610
120 2053
126 2286
126 3049
138 1200
138 1977
138 4886
138 5682
138 6266
153 383
153 1636
153 2306
153 6235
153 6278
156 315
156 762
156 883
156 3166
156 6225
158 286
158 1740
158 1785
158 1972
158 2191
158 2306
158 2423
158 4216
158 5065
158 5729
158 5857
158 5862
158 6225
158 6228
158 6236
158 6263
162 539
162 1917
175 195
175 206
184 968
184 1057
184 1223
184 1255
184 1563
184 2650
184 2845
184 4590
195 206
195 3377
195 6162
196 258
196 315
196 610
196 729
196 1359
196 1818
196 1958
196 2423
196 2762
196 5065
196 5173
196 6225
204 4957
206 846
206 2472
216 5946
218 1419
226 239
226 3505
226 4113
235 1732
236 2412
253 696
253 837
258 2437
258 3745
280 6210
286 1785
286 2208
286 5100
286 6236
304 5125
315 610
315 1223
315 3171
315 4523
315 6225
332 1209
339 2236
348 6206
370 5943
370 5946
370 6211
374 917
374 1115
374 2950
374 4031
374 6180
383 1393
383 2762
383 3617
383 4924
383 5306
383 5724
390 968
391 5367
403 1057
403 5652
412 2527
412 5615
423 4382
441 2423
442 1051
442 1144
455 2950
455 5862
461 1177
461 3171
461 3405
461 6256
477 3158
477 5605
484 729
484 1742
484 4632
494 539
502 2423
510 2340
519 762
519 1005
519 5729
519 6201
528 2095
536 1005
536 1740
536 2095
536 5476
536 6205
539 1563
539 1779
539 2236
539 5890
539 6242
544 4632
570 5179
573 4731
577 3254
577 6211
599 6222
608 6256
610 729
610 1057
610 2423
610 5724
610 6217
613 837
613 2243
613 4839
613 6272
618 1786
618 2158
618 2628
618 5036
618 5615
621 1600
621 1958
621 2192
621 5938
641 4117
659 3453
659 5994
690 3254
691 1200
691 4832
696 5652
712 5938
729 917
729 1742
729 1917
729 1995
729 2192
729 3254
729 4632
729 5041
729 5100
729 5305
729 5615
729 5857
729 5949
731 5560
736 801
736 6279
753 6108
762 4050
762 5729
774 1361
774 1470
774 1636
774 5065
801 1786
801 1917
801 3799
810 1255
810 1268
810 2888
810 3346
820 1732
837 6092
852 1005
875 2027
875 2423
875 4199
917 2223
917 5487
917 5652
921 2412
921 5141
923 2762
938 5433
946 1917
963 5729
963 6124
963 6208
968 2255
968 2389
968 2412
993 6165
1002 2396
1002 3065
1002 4467
1002 4752
1002 5125
1002 5173
1002 5362
1002 6205
1005 1419
1005 1602
1005 2136
1005 3458
1005 4421
1005 5729
1005 5832
1017 6108
1036 2762
1041 6225
1041 6275
1057 1977
1057 2428
1057 2739
1057 2775
1057 3010
1057 3171
1057 5305
1057 5679
1057 6175
1057 6275
1057 6279
1106 1877
1106 2191
1106 3030
1106 5009
1106 5890
1106 6214
1115 5652
1115 6280
1144 3254
1144 5065
1164 6171
1164 6239
1177 5720
1200 3624
1200 4605
1206 1251
1232 2149
1232 2821
1232 3453
1242 2158
1249 1763
1249 3984
1249 6203
1251 2488
1251 5857
1255 1732
1255 2236
1255 2319
1255 3346
1255 4731
1255 6214
1255 6225
1255 6277
1256 2156
1256 2529
1256 5729
1256 6274
1268 1295
1268 1793
1268 1971
1268 1972
1268 2412
1268 2956
1268 3065
1268 4731
1268 5483
1268 5939
1268 5948
1268 6225
1295 5362
1359 2762
1359 6225
1361 1393
1361 5832
1375 6229
1384 1732
1393 1470
1393 2583
1393 5679
1393 5832
1413 2191
1413 2255
1413 2412
1413 6225
1413 6268
1419 3031
1419 3816
1419 4144
1419 4390
1419 4924
1419 5566
1419 5655
1419 5936
1419 5994
1419 6208
1419 6226
1432 6237
1437 3158
1437 4832
1470 3388
1470 4414
1470 5237
1470 5679
1476 1636
1476 2180
1510 5939
1540 2412
1540 3930
1540 4752
1546 4832
1560 1640
1570 6165
1571 6209
1581 2619
1581 3405
1600 5652
1622 1786
1636 2180
1636 3930
1636 5065
1636 5133
1636 5305
1636 6175
1636 6272
1640 3865
1644 2437
1644 6225
1661 2102
1661 6197
1661 6202
1663 4646
1664 5483
1690 5065
1709 1877
1732 1786
1732 6208
1742 4523
1753 1972
1763 6216
1768 2156
1768 5681
1779 6273
1785 5065
1786 5036
1788 6109
1793 1877
1793 3171
1793 6171
1793 6193
1794 5667
1818 5305
1818 5943
1854 2027
1854 2472
1877 5948
1877 6171
1877 6206
1894 5476
1917 2820
1917 3392
1917 3992
1917 6273
1929 6274
1958 2158
1958 2423
1959 2423
1959 2950
1959 3122
1972 2423
1972 6236
1972 6260
1985 5682
1985 6225
1985 6280
1996 6255
2027 2039
2027 6277
2039 2389
2039 2403
2039 3484
2044 5305
2053 2412
2053 4080
2053 5933
2062 6247
2095 5100
2095 5605
2095 6203
2111 6206
2118 2995
2118 3648
2124 2306
2124 3945
2124 6139
2124 6265
2136 5652
2140 3204
2150 5483
2156 4403
2156 5681
2156 6272
2158 2650
2158 3026
2158 3158
2158 4731
2158 4882
2158 5605
2180 6235
2191 4117
2192 3158
2192 4031
2192 6273
2208 5100
2208 6236
2223 6278
2233 6271
2236 2319
2243 4275
2243 6215
2255 2319
2306 6264
2319 2489
2319 6171
2319 6272
2324 6219
2333 4419
2360 2820
2360 4117
2360 4839
2360 5065
2364 6252
2389 2472
2389 5483
2389 6234
2396 6219
2399 5362
2399 5681
2412 2434
2412 2956
2412 3065
2412 3799
2412 4752
2423 3648
2423 4031
2423 5173
2423 5682
2423 5893
2423 6258
2437 4752
2437 6208
2437 6220
2455 6238
2472 6234
2472 6253
2488 4095
2529 4095
2529 4886
2529 6220
2529 6266
2529 6276
2589 6214
2598 3745
2598 6273
2619 6214
2628 5036
2640 6267
2650 4532
2650 4702
2650 4734
2650 5681
2694 5936
2696 6162
2728 6268
2739 3065
2739 6189
2756 6276
2762 4031
2762 6275
2818 3168
2820 5125
2820 5305
2820 6225
2821 4110
2825 5939
2845 3346
2845 4333
2845 4924
2868 5548
2888 5079
2930 5652
2930 5943
2930 6185
2950 4117
2950 4187
2956 3254
2956 5079
2956 5679
2956 6225
3030 6258
3041 6193
3065 4752
3107 6225
3122 5966
3158 4927
3158 5605
3158 5615
3166 6162
3171 5476
3171 5615
3171 5729
3171 5832
3171 6214
3171 6246
3171 6256
3254 4332
3254 5079
3254 5166
3254 5173
3254 5179
3254 6020
3254 6203
3254 6243
3307 4713
3329 6225
3377 5876
3377 6162
3377 6258
3381 5605
3388 5724
3388 6204
3405 4390
3405 4731
3405 5483
3405 6162
3405 6193
3405 6206
3405 6248
3405 6262
3414 5399
3417 6225
3426 6162
3453 6268
3484 4199
3484 6209
3484 6256
3543 5876
3617 4532
3624 4935
3636 6014
3636 6272
3648 4927
3745 4684
3745 4924
3745 6272
3764 6235
3787 6225
3799 5362
3930 5366
3930 5681
3950 6162
3950 6250
3975 6239
3984 6216
3984 6225
3984 6230
3992 5065
3992 5816
4038 4419
4050 5943
4080 5699
4090 6272
4110 6225
4117 5832
4117 6228
4117 6233
4117 6249
4117 6279
4136 6102
4187 4999
4190 4523
4190 5305
4216 5367
4242 4471
4280 5936
4320 4646
4333 4632
4333 5100
4366 4646
4366 5007
4366 5263
4382 4403
4390 5605
4390 6225
4403 5065
4403 6270
4414 6203
4419 5483
4419 5876
4419 6162
4419 6220
4419 6227
4488 6251
4507 6263
4523 5305
4536 6200
4545 4886
4546 6277
4615 5652
4646 6137
4646 6238
4752 5362
4771 5890
4798 6200
4802 5065
4879 6225
4924 5724
4924 6213
4924 6216
4957 5362
4957 5933
4968 5857
5009 5890
5009 6225
5065 6162
5065 6203
5065 6252
5079 5173
5125 5933
5173 5605
5265 6263
5305 5996
5306 6186
5309 6256
5362 5933
5366 5832
5433 6265
5473 6185
5483 6234
5483 6269
5487 5605
5605 5652
5605 5699
5652 6185
5679 5720
5682 5943
5692 6213
5706 6232
5720 6124
5720 6251
5729 5857
5816 6223
5859 6241
5929 5941
6014 6189
6092 6212
6171 6209
6171 6239
6175 6235
6203 6225
6203 6265
6217 6218
6225 6240
6225 6259
6225 6261
6244 6245
6255 6257
6263 6264
