0 875
0 6358
0 6498
0 6970
1 1365
1 6885
7 48
7 568
7 1786
7 3624
13 1255
13 3484
19 4370
26 43
26 190
26 839
26 875
28 5494
29 1179
29 2762
29 4765
29 4994
29 5615
30 43
30 3785
30 6989
33 1732
42 54
42 76
42 156
42 568
42 1002
42 1422
42 2583
42 3405
42 3975
42 4577
42 5519
42 6965
42 6974
42 6977
43 75
43 96
43 370
43 610
43 621
43 839
43 946
43 1147
43 2184
43 5615
43 5783
43 6623
43 6810
43 6926
43 6930
43 6949
43 6957
43 6958
43 6977
46 1255
46 6938
61 946
70 577
70 3986
70 6509
73 3030
73 3166
73 4297
75 172
75 461
75 1002
75 6189
75 6921
75 6974
76 286
76 1002
76 1177
76 1426
76 1644
76 2114
76 3030
76 3329
76 4911
76 5065
76 6498
76 6885
76 6979
79 412
79 837
79 1005
79 2529
79 3613
79 6869
79 6950
83 568
83 577
83 904
83 1258
83 5173
83 6623
90 5173
95 2762
96 236
96 6498
97 100
97 4493
100 1658
100 2030
100 2389
100 5494
110 172
110 1099
110 2255
110 5490
111 1622
115 335
117 5009
117 5272
117 6596
122 4471
133 852
133 1258
133 1792
133 1899
138 286
138 335
138 367
138 731
138 1159
138 3329
138 6897
140 539
140 1268
140 2286
140 3806
140 5599
141 6982
153 412
153 846
153 1636
153 2767
153 3329
153 4253
153 5065
153 6189
153 6203
156 2583
158 846
158 1792
158 2650
158 4519
158 4577
158 5009
158 5652
158 6189
158 6588
158 6623
158 6738
158 6961
158 6973
158 6975
167 3030
170 237
170 6679
172 1099
172 3030
172 3573
172 3975
172 4419
172 5174
172 6629
175 4419
184 6926
195 836
204 1002
226 2062
226 3030
226 3166
253 946
253 1644
253 3171
253 4232
253 6987
258 6289
271 6930
280 904
280 2355
280 6498
280 6942
283 568
283 3030
286 1812
286 2627
286 2650
286 3329
286 4187
286 4783
286 4924
286 5041
315 2223
315 6940
335 592
335 3313
335 3322
335 4731
335 5173
335 5652
335 6358
335 6897
335 6967
348 836
348 1724
348 2762
348 4532
348 5340
349 1562
367 475
369 6738
370 1099
370 6940
370 6964
370 6965
370 6977
374 536
374 1115
382 682
383 455
391 6596
406 5599
407 613
407 1540
407 2956
407 5493
407 5933
407 6921
412 2775
412 2818
412 5007
412 6968
432 1058
434 4577
442 1002
442 6289
455 4507
455 4577
455 5276
455 6301
461 1413
461 1977
461 3329
461 4949
461 6956
475 1002
475 1875
475 4519
475 5362
475 6548
475 6817
507 6358
507 6562
507 6713
507 6986
510 1002
528 6885
531 5125
532 2024
536 610
536 2355
536 2762
536 3254
536 3613
536 6926
536 6933
536 6953
539 875
539 1002
539 1390
539 1879
539 2142
539 2324
539 2396
539 4589
539 5550
539 6543
546 1057
546 6453
556 1899
556 5125
562 4731
563 904
573 1709
577 2821
577 5615
577 6923
602 613
602 2124
610 1361
610 2762
613 1002
613 1365
613 1426
613 3799
613 4117
613 4366
613 5125
613 5682
621 1786
621 1958
621 2149
621 2729
621 3024
621 4911
621 5173
621 6928
621 6973
647 6931
647 6935
659 1091
659 2762
659 5065
682 2670
682 3453
682 6623
682 6800
699 6362
712 904
712 6826
729 4822
729 6373
729 6803
760 5615
762 2062
762 6915
762 6982
773 6202
774 6962
813 6498
836 2149
836 2158
836 4949
836 6863
837 2004
837 2264
837 3613
837 5215
837 6869
839 4080
839 6834
839 6941
839 6944
839 6946
846 2694
846 3026
846 6203
846 6708
852 1177
852 1604
852 2529
852 2627
852 2670
852 2762
852 3304
852 5089
852 6810
852 6952
852 6972
875 1164
875 1793
875 3975
875 6976
883 2149
886 4924
904 1622
904 4911
919 6961
946 2472
946 3975
946 5682
1002 1361
1002 1422
1002 1687
1002 2142
1002 5783
1002 6543
1002 6955
1002 6977
1005 6952
1006 1864
1006 2019
1006 2413
1015 2114
1057 1333
1057 6647
1058 1106
1058 3329
1058 4771
1058 6957
1091 1321
1091 4771
1091 6289
1091 6454
1091 6468
1099 6965
1106 1206
1106 2583
1106 3030
1106 5215
1106 5948
1106 6863
1106 6885
1106 6943
1115 6917
1148 4519
1164 1581
1177 2627
1177 3636
1177 3800
1177 5935
1177 6810
1186 6978
1206 1644
1206 5616
1232 1255
1255 1732
1255 2472
1255 3030
1255 3041
1255 4419
1255 4783
1255 4994
1255 5917
1258 2062
1268 5174
1336 6963
1359 2767
1359 6790
1361 3587
1361 5125
1361 6926
1390 2142
1390 2396
1390 5006
1393 1470
1393 2762
1393 3313
1393 3636
1393 6959
1395 2124
1395 5722
1395 6203
1413 1636
1422 5476
1426 1786
1426 3636
1426 4090
1426 4366
1426 4488
1426 5007
1426 5125
1426 5215
1426 6596
1426 6619
1426 6662
1426 6869
1454 1571
1454 1658
1470 1604
1470 1644
1470 4018
1470 5706
1470 6789
1470 6971
1540 6928
1543 4924
1563 1917
1563 2184
1563 5825
1571 4419
1581 2027
1604 2529
1604 5720
1604 6817
1605 6867
1606 4507
1606 6889
1623 2650
1636 2355
1636 5006
1636 6889
1636 6948
1636 6952
1658 6979
1732 2307
1732 6863
1732 6939
1786 2762
1786 2822
1786 4489
1786 5065
1792 3026
1793 6960
1794 6958
1804 3785
1804 5340
1812 2455
1812 5594
1831 6654
1836 6951
1864 2019
1879 2437
1894 2114
1894 5615
1894 6949
1917 2583
1917 2619
1917 2729
1917 2943
1917 4949
1917 5948
1917 6818
1917 6939
1917 6960
1917 6964
1972 2107
1977 6956
1985 2455
1985 3254
1996 2309
1996 6944
2019 2324
2019 2413
2019 6977
2019 6981
2023 6912
2023 6961
2027 4177
2027 6064
2030 2472
2062 4862
2062 6498
2062 6937
2081 3900
2081 4419
2114 4783
2114 5935
2124 2349
2124 3587
2124 5125
2124 6588
2124 6750
2142 6543
2148 3727
2149 3030
2158 5215
2158 6498
2184 2307
2184 5825
2184 6393
2248 6588
2256 3329
2264 4090
2264 5065
2264 6203
2307 4731
2307 6885
2307 6939
2307 6942
2315 4632
2319 3030
2319 5215
2324 6619
2333 4419
2355 2396
2355 2820
2355 6800
2389 6938
2418 5992
2423 2464
2455 3254
2455 4187
2455 6953
2472 3405
2472 6064
2472 6588
2472 6834
2472 6981
2504 6952
2527 3329
2529 6588
2529 6752
2529 6800
2529 6961
2529 6966
2562 6980
2583 5519
2594 4802
2599 4802
2619 6938
2619 6960
2620 6847
2627 2762
2627 3313
2627 3745
2627 4924
2627 5146
2627 6952
2650 2729
2650 3030
2650 4731
2650 6619
2650 6941
2650 6949
2650 6965
2660 4151
2668 2767
2670 2756
2670 3158
2687 6595
2694 6708
2729 5615
2739 5065
2739 6962
2741 4253
2741 6947
2762 4018
2762 4236
2762 4283
2762 5065
2762 5615
2762 6623
2762 6810
2762 6952
2787 6932
2795 4177
2818 6619
2818 6663
2818 6945
2818 6955
2820 4589
2820 6453
2820 6939
2820 6974
2840 3405
2868 3745
2868 4577
2868 5720
2868 6223
2868 6926
2907 4301
2907 6623
2907 6984
2934 6912
2956 5362
2956 6974
2956 6977
3026 4179
3026 6738
3026 6934
3030 3166
3030 3484
3030 4419
3030 4949
3030 5018
3030 5494
3030 5550
3030 6943
3030 6945
3041 5783
3166 5468
3169 4419
3171 6817
3195 3785
3195 6855
3195 6945
3195 6982
3232 6935
3254 5939
3313 5146
3313 6800
3313 6816
3322 6927
3329 4151
3329 4924
3329 6203
3336 6885
3346 6223
3405 6679
3405 6849
3405 6979
3405 6981
3416 5652
3416 6619
3417 5215
3417 6952
3453 6800
3465 6623
3515 5706
3515 6145
3541 5278
3569 6951
3587 6203
3599 6624
3613 6869
3613 6930
3636 4589
3636 6918
3636 6971
3639 6885
3656 6929
3681 6817
3727 5929
3727 6280
3727 6619
3727 6902
3745 4488
3745 5929
3745 6936
3799 4731
3836 6625
3893 6185
3900 4419
3900 4445
3943 6981
3975 5494
3975 5744
3975 6935
3984 4187
3984 6738
3984 6869
3984 6945
3984 6952
4018 6954
4061 5487
4090 6738
4117 4577
4117 6928
4151 4253
4187 5065
4187 6289
4187 6953
4253 6498
4297 6654
4318 6985
4366 6975
4370 5340
4419 5174
4419 6064
4419 6981
4471 5722
4519 5933
4519 6955
4577 5652
4577 6498
4577 6624
4589 5065
4589 5720
4589 6203
4605 6223
4632 5550
4783 6965
4783 6978
4802 4987
4860 6619
4866 6952
4911 4924
4911 5065
4911 5615
4911 5940
4911 6498
4911 6745
4924 5065
4924 5309
4924 5692
4924 6839
4924 6934
4924 6953
4949 6983
4994 6940
5009 6936
5034 6973
5036 6957
5041 6619
5065 5706
5065 6738
5065 6988
5117 6498
5125 6203
5130 5487
5146 6800
5146 6817
5215 6596
5215 6789
5263 5493
5306 6280
5309 5720
5329 6966
5340 5797
5373 6976
5494 6745
5615 6373
5615 6619
5652 6945
5681 6202
5699 6973
5706 6145
5706 6789
5706 6816
5706 6959
5720 6924
5720 6987
5831 6934
5933 6897
5933 6948
5933 6955
5935 6935
6064 6979
6180 6934
6185 6562
6203 6659
6225 6940
6280 6619
6280 6736
6362 6498
6393 6976
6393 6979
6410 6894
6576 6623
6576 6800
6576 6933
6576 6968
6588 6945
6596 6953
6619 6663
6625 6738
6679 6849
6752 6902
6762 6983
6789 6816
6808 6926
6818 6969
6894 6957
6936 6973
