0 1255
2 2284
4 2762
4 7233
7 76
7 138
7 338
7 1539
7 2650
7 6842
12 6942
13 172
13 3405
13 5599
14 904
14 7263
19 76
19 1745
19 1793
26 163
26 339
26 936
26 1404
26 5362
26 6738
26 7249
29 43
29 76
29 190
29 1793
29 2158
30 3528
30 5938
30 6945
36 891
36 2650
36 7234
41 7239
42 1058
42 1135
42 2149
43 73
43 76
43 140
43 729
43 805
43 1255
43 1667
43 1793
43 1971
43 2762
43 3125
43 3416
43 3541
43 4332
43 7179
43 7221
43 7270
46 2529
56 729
56 3984
59 6203
59 7090
59 7235
64 172
69 1825
70 5135
73 138
73 852
73 1845
73 6800
73 6842
74 3785
75 573
76 488
76 536
76 904
76 1058
76 1085
76 1413
76 1470
76 1646
76 1745
76 1793
76 3368
76 3850
76 5125
76 6301
76 6870
76 6945
76 7215
76 7240
83 5125
84 948
84 2389
95 2136
96 101
96 138
97 249
97 5599
100 172
100 2645
100 7221
100 7250
123 6945
134 729
134 1971
134 2396
134 3294
134 6220
134 6301
138 659
138 852
138 1845
138 1941
138 3294
138 3368
138 5563
138 6842
138 7031
138 7250
140 5021
153 4924
153 7132
153 7229
153 7238
153 7257
154 1058
154 7245
157 338
158 1115
158 1198
158 1251
158 1636
158 1822
158 2339
158 2650
158 2934
158 3294
158 3368
158 3541
158 3850
158 4111
158 4592
158 4895
158 6289
158 6301
158 6419
158 7033
158 7249
163 249
163 613
163 2284
163 6945
172 573
172 3405
172 5703
172 7116
190 680
190 3528
190 6945
191 904
195 1824
195 4419
196 7251
216 2460
216 7211
248 4332
249 546
258 442
258 7143
271 6474
280 5006
280 6474
280 6945
280 7265
286 1135
286 6109
286 7211
287 693
287 7165
307 2606
307 7203
311 2339
311 7238
312 3578
315 7252
318 5135
339 656
339 3125
348 1092
348 2406
348 4332
348 6629
348 7179
349 4090
349 4239
370 7221
370 7274
374 659
374 2762
377 3030
383 536
391 2019
407 5125
432 3161
432 6225
433 1995
442 4236
442 7262
447 1785
455 3294
455 6301
455 7247
461 3799
488 729
488 6738
528 3368
528 3984
528 7226
532 618
532 1393
532 3093
532 7202
536 659
536 1365
536 4592
536 6474
536 6686
536 7147
536 7217
539 2645
539 5744
539 7219
542 729
544 4358
547 4565
556 4507
556 6619
563 4798
563 7208
568 729
568 3368
573 1005
573 1877
573 2437
573 3368
573 4419
577 618
577 621
577 904
577 4135
577 6559
577 6945
577 7260
599 3984
600 7152
610 671
610 2818
610 5362
610 7252
610 7263
613 1469
613 7111
613 7206
618 3171
618 6559
621 904
621 936
621 2603
621 3030
621 4135
621 5692
621 6301
621 6738
621 7251
621 7253
634 3171
636 3166
641 6619
641 6779
656 1106
659 682
659 1365
659 1745
659 2762
659 7198
680 6945
682 7213
682 7218
691 3515
693 3030
693 3484
693 6358
696 3979
712 7069
729 852
729 904
729 948
729 1106
729 1135
729 1418
729 3030
729 5468
729 5563
729 5857
729 6220
729 6319
729 6419
729 6440
729 7165
729 7230
729 7252
729 7266
729 7274
762 891
762 1255
762 1845
762 2136
762 2158
762 3125
762 5616
762 6301
762 6842
762 7202
762 7241
762 7242
762 7267
762 7270
823 7155
836 983
837 6289
839 1745
839 7202
846 6708
852 1255
852 1256
852 1593
852 1845
852 2057
852 2529
852 2627
852 4488
852 6800
852 6947
859 1745
875 2149
886 2767
886 2864
886 4382
886 6474
886 6738
891 5599
904 2158
904 3294
904 3737
904 7258
936 7249
948 1581
948 2255
948 6220
948 7204
950 2339
968 2645
969 7264
970 6640
983 5783
1005 1745
1005 6474
1006 2019
1030 2767
1039 6800
1041 1057
1041 1106
1041 1393
1048 2045
1057 1106
1057 2307
1057 2534
1057 5616
1058 2045
1058 2065
1058 3573
1058 4323
1058 7214
1097 1268
1097 2956
1099 1255
1106 2583
1115 2339
1115 3417
1135 3636
1135 4632
1135 4924
1135 6810
1172 6467
1177 3639
1193 4036
1198 3026
1211 6770
1242 1836
1242 7116
1251 6301
1251 6738
1255 1383
1255 1745
1255 1845
1255 2255
1255 2669
1255 3069
1255 3368
1255 3388
1255 4997
1255 5309
1255 6965
1256 7198
1268 2669
1268 6942
1333 2254
1359 2762
1359 7242
1361 4839
1361 7255
1365 1745
1365 2136
1369 1615
1390 3093
1390 7222
1393 1470
1393 2762
1393 2767
1393 3636
1393 5652
1393 7198
1404 1661
1404 2142
1418 1915
1420 7235
1470 2565
1470 3636
1470 7198
1470 7249
1514 1726
1539 4358
1540 2943
1540 7248
1561 3171
1562 7195
1563 3368
1593 1845
1605 6867
1636 3368
1636 5616
1636 5857
1636 6474
1636 6685
1636 7004
1636 7034
1636 7217
1646 2603
1661 3029
1661 3171
1661 4323
1661 5681
1661 5816
1661 7136
1667 2323
1691 5125
1742 7252
1745 1786
1745 2650
1745 3059
1745 3368
1745 3850
1745 5857
1745 6448
1763 4135
1763 4702
1763 7244
1763 7257
1779 4798
1785 2767
1785 7225
1787 6448
1793 2650
1793 7111
1794 7181
1807 7214
1812 2136
1812 4323
1824 4419
1831 2136
1831 3294
1831 4280
1831 7011
1831 7241
1836 2645
1836 7116
1845 2627
1845 6800
1845 6817
1877 5400
1877 6965
1877 7165
1893 2264
1893 5616
1917 3125
1917 6619
1941 3125
1958 6945
1971 6779
1985 2169
1995 2650
1995 5783
2019 2323
2019 2956
2019 5367
2019 5480
2027 6629
2027 7250
2030 3799
2045 3417
2045 4323
2057 2455
2057 2767
2062 2158
2062 4358
2070 5065
2070 7267
2089 7207
2102 4592
2111 3979
2111 6942
2122 7209
2124 4924
2124 4999
2124 5652
2124 7262
2158 2277
2158 3125
2158 3329
2158 5720
2158 6474
2192 7221
2223 7209
2255 2389
2255 2412
2255 3975
2255 5578
2255 7204
2256 6604
2272 5488
2292 7173
2307 3030
2307 3900
2307 4592
2324 2406
2339 2529
2339 7167
2389 4419
2389 6440
2389 7204
2396 2825
2396 2956
2396 3368
2406 3900
2412 3975
2437 5245
2437 7090
2455 2767
2455 4895
2460 6917
2460 7211
2472 5493
2472 5616
2472 7127
2472 7249
2488 2529
2488 4488
2488 7198
2488 7249
2504 4488
2504 4507
2504 5921
2504 7205
2529 2650
2529 7153
2529 7198
2562 7223
2599 7217
2606 4585
2620 4187
2627 6143
2627 7242
2627 7257
2627 7259
2640 6800
2640 7198
2645 3975
2645 7236
2650 3030
2650 3541
2650 3785
2650 4670
2650 5125
2650 5692
2650 5720
2650 6559
2650 6842
2650 7153
2692 3984
2692 7217
2694 3745
2694 4997
2730 7202
2730 7215
2730 7220
2756 5851
2762 4236
2762 7232
2767 3545
2767 5652
2767 6604
2767 7209
2767 7268
2775 7225
2820 5125
2820 6945
2821 6945
2822 6559
2864 6738
2868 3325
2868 6161
2868 6618
2868 6970
2868 7093
2868 7216
2868 7248
2888 5100
2902 6498
2930 3059
2943 4323
2943 5681
2956 4171
2970 3166
2970 3248
2970 6448
2970 6465
2970 6965
3026 3541
3026 4924
3026 6301
3026 7210
3030 3785
3030 3975
3030 5692
3069 6498
3093 6945
3111 4317
3125 5100
3125 5468
3160 7155
3166 5157
3166 6465
3171 5065
3171 5125
3171 6559
3171 7198
3171 7208
3171 7212
3248 5309
3294 5065
3294 5560
3294 7031
3294 7272
3307 6800
3322 7244
3325 4187
3337 6817
3381 7256
3405 7127
3405 7261
3416 4924
3416 6448
3453 7004
3515 6982
3579 7269
3602 7194
3629 7275
3636 6619
3636 6685
3636 7004
3636 7224
3639 7231
3657 7263
3737 7208
3764 7246
3799 4592
3950 7127
3950 7250
3983 6839
3984 4592
3984 7111
3984 7255
3992 5720
3992 7198
4011 6161
4031 4135
4031 5468
4031 5599
4031 7245
4117 5362
4117 6685
4117 7165
4187 6474
4187 7003
4187 7253
4187 7255
4187 7259
4246 7069
4280 5065
4280 6559
4280 7208
4280 7241
4419 4546
4419 4997
4419 6220
4419 6315
4419 6708
4419 7179
4419 7217
4419 7271
4488 7233
4507 5433
4536 7205
4589 7258
4634 5566
4702 7237
4798 5473
4798 6619
4839 7265
4895 4924
4924 6947
4924 7132
4924 7206
4924 7210
4924 7248
4984 7173
5006 5933
5065 7132
5065 7263
5305 6942
5306 7273
5342 5966
5362 6448
5362 7249
5469 6486
5550 6965
5560 7031
5563 7230
5681 7136
5682 7248
5703 6357
5720 7132
5720 7153
5720 7205
5816 7208
5949 6947
5966 7123
6064 7127
6109 6619
6175 7270
6189 6448
6199 7173
6203 7111
6203 7153
6203 7247
6220 6498
6223 6800
6289 6779
6301 6738
6301 7250
6301 7252
6319 6800
6319 7153
6319 7229
6319 7230
6448 7249
6474 7128
6559 6619
6576 6619
6576 7207
6619 6779
6619 7224
6738 7210
6738 7249
6752 7211
6779 7221
6800 6947
6800 7198
6800 7270
6867 7252
6870 7217
6942 7190
6942 7217
6945 7209
7034 7231
7081 7217
7090 7198
7090 7225
7110 7264
7148 7252
7153 7270
7186 7222
7195 7269
7215 7220
7227 7228
7242 7243
7253 7254
7255 7256
