0 2741
0 7350
14 1985
14 7326
26 1563
29 3405
29 3785
29 5305
29 6498
29 6842
29 7337
29 7342
29 7363
30 206
30 318
30 3405
36 4358
36 6498
41 7358
42 76
42 432
42 539
42 968
42 1002
42 1359
42 1365
42 1517
42 1550
42 1732
42 2136
42 3330
42 5215
42 5415
42 6779
43 1732
43 1992
43 2650
43 3785
43 5384
43 7331
43 7342
43 7347
43 7358
43 7381
43 7385
46 172
46 948
46 1255
46 4763
73 852
73 2062
73 6124
73 6842
73 7290
74 1972
74 3030
74 4523
74 6867
75 117
75 258
75 6189
75 7291
75 7356
76 201
76 436
76 572
76 762
76 2191
76 2868
76 5305
76 6200
76 7290
77 6498
83 3996
90 729
93 1732
93 6498
95 3113
96 100
96 1658
100 2158
100 2603
102 948
102 3030
103 4232
103 6619
110 3049
110 7123
117 5065
119 2254
134 1622
134 1793
134 2396
134 5305
138 196
138 255
138 436
138 444
138 570
138 762
138 1097
138 1393
138 1470
138 4783
138 5065
138 7290
138 7368
138 7378
151 7375
153 201
153 1097
153 1787
153 2455
153 2767
153 4924
153 5720
153 5801
158 286
158 1369
158 1992
158 3281
158 4283
158 4909
158 5305
158 7365
158 7377
162 4466
172 348
172 948
172 2158
172 3049
172 4216
172 4419
172 7127
174 2598
175 2158
190 1298
190 3785
195 710
195 7336
196 1959
196 1992
196 7252
196 7337
201 442
201 461
201 3850
236 1013
236 7324
253 3631
259 2762
280 407
280 1470
280 1787
280 1992
280 2762
280 2868
280 3281
280 4783
280 4839
280 6618
280 6735
280 7290
280 7358
286 1115
286 4232
286 6280
287 6498
290 7393
298 823
298 2254
311 1115
311 7156
315 1097
315 5065
348 846
348 7123
348 7252
348 7290
348 7334
351 7335
358 7348
381 7337
384 6619
385 762
407 682
407 2428
407 6448
417 5706
433 7370
436 729
436 4226
436 5699
436 6467
436 6810
436 6842
436 7290
436 7369
442 7262
455 7386
459 6358
459 7353
459 7355
460 1258
460 1646
461 1359
461 5560
461 7389
482 588
493 839
493 3281
508 1062
509 839
528 7384
536 3281
536 6779
536 7367
539 1057
539 1097
539 1393
539 2254
539 5362
539 7373
547 3639
563 7357
568 4232
570 762
570 3984
572 1002
577 1994
577 2158
577 2284
577 5065
602 1395
602 4366
602 6180
610 1057
610 2762
610 2767
610 4783
610 5065
610 7384
636 1732
659 3787
670 6619
691 762
691 6124
710 6362
729 2389
729 2826
729 2948
729 4592
729 6708
729 7223
729 7252
729 7363
762 1206
762 2603
762 2650
762 3515
762 4117
762 4771
762 5440
762 5616
762 5720
762 7359
762 7367
836 6247
837 7386
839 4297
839 6687
839 7123
839 7379
852 2024
852 2756
852 3113
852 4680
852 5173
852 5801
852 6800
859 1097
859 2191
881 7346
886 2428
886 7380
891 4317
904 1057
904 1543
938 1395
938 2974
938 4366
948 1581
948 4419
948 4763
948 7335
948 7349
963 1255
963 4419
969 3111
997 6448
1002 1732
1002 2412
1002 3996
1002 5366
1002 7368
1036 1543
1036 1804
1036 5938
1056 2027
1056 3405
1057 1393
1057 1470
1057 1992
1057 2254
1057 2762
1057 5362
1057 7252
1057 7373
1058 4419
1058 4466
1058 5933
1058 7381
1062 6498
1097 1359
1097 1763
1097 1877
1097 2767
1097 2868
1097 3122
1097 3745
1097 4117
1097 6779
1099 7339
1099 7350
1106 1392
1106 2455
1106 3405
1106 3415
1106 4783
1115 2529
1115 2627
1115 3281
1115 4909
1115 7156
1128 5551
1148 3330
1177 1413
1177 2529
1177 2599
1177 5720
1196 2256
1196 2529
1196 7374
1198 5362
1199 1732
1206 1745
1206 1844
1206 5720
1214 1255
1232 1255
1243 7362
1255 1732
1255 2062
1255 2158
1255 2191
1255 2603
1255 4763
1255 4783
1255 5440
1255 5801
1255 6161
1255 6498
1255 7223
1255 7290
1256 2529
1256 2627
1256 4488
1256 5801
1256 7239
1258 1646
1258 1732
1258 3975
1278 5682
1298 3528
1304 3281
1321 4113
1359 2762
1359 4680
1359 5125
1359 5305
1359 6779
1359 7332
1359 7365
1361 2762
1361 7367
1392 1451
1392 2948
1392 7342
1393 1470
1393 1505
1393 3113
1393 3639
1413 1626
1413 5378
1441 6498
1451 2948
1470 3420
1470 7290
1470 7329
1470 7346
1510 4949
1517 3330
1521 7377
1543 7383
1550 3984
1550 5065
1561 1732
1581 6498
1600 1724
1622 1745
1622 6735
1622 7357
1626 2254
1636 2599
1636 2902
1636 7346
1636 7360
1636 7361
1636 7387
1646 3203
1687 7033
1691 5720
1732 5362
1742 6498
1745 7376
1763 3416
1763 3631
1763 5682
1763 7337
1763 7352
1763 7359
1778 2156
1786 7379
1787 7290
1787 7358
1793 5305
1793 7345
1804 7383
1807 4317
1807 5267
1807 7036
1818 6867
1818 7342
1818 7345
1818 7370
1819 6498
1831 2136
1877 2529
1877 3049
1899 2295
1958 6945
1959 3107
1972 2775
1972 3417
1972 4523
1985 7326
1992 2583
1992 4507
1992 5362
2011 7337
2011 7392
2012 7034
2023 6498
2024 2529
2024 2756
2027 7127
2102 6283
2104 6498
2114 5215
2122 4297
2122 7291
2136 6498
2142 3330
2156 7347
2156 7376
2158 2603
2158 2888
2158 5065
2158 5641
2158 6189
2184 4080
2191 2389
2191 4419
2191 7096
2199 3330
2233 4069
2245 7338
2254 2264
2254 2396
2254 2583
2254 5125
2254 5215
2254 5592
2254 5939
2254 6375
2254 6640
2255 2319
2255 4419
2255 5384
2256 4116
2260 7385
2284 7290
2292 3281
2319 3673
2346 6686
2389 4763
2396 7368
2406 7337
2408 6498
2411 7378
2412 5440
2424 5618
2428 2762
2437 5125
2437 6479
2455 3381
2529 2762
2529 4488
2529 4605
2529 4680
2529 5305
2529 5720
2529 6498
2529 7127
2529 7367
2562 3405
2583 5682
2598 4466
2627 5801
2640 4088
2650 4783
2650 4860
2650 5215
2650 7336
2650 7379
2663 7337
2691 4088
2694 4546
2741 7350
2762 2767
2762 5215
2762 6546
2762 6625
2762 7326
2767 3281
2767 3984
2767 6332
2767 6988
2767 7223
2775 7335
2831 6498
2864 7352
2868 7332
2868 7347
2919 4088
2919 7335
2956 3049
2956 4216
2956 4317
2956 6189
2974 7340
3030 4419
3030 5938
3065 6770
3111 4403
3113 3578
3113 4117
3113 5100
3113 5720
3122 3631
3125 5682
3166 7371
3168 4050
3190 6498
3203 6498
3217 7335
3251 7238
3281 4839
3281 6280
3281 6596
3281 6782
3281 7252
3313 4632
3313 7350
3326 7329
3377 7127
3381 6375
3381 6782
3381 7392
3405 7223
3405 7390
3415 7386
3417 3785
3417 7377
3417 7379
3453 6498
3453 6779
3501 7368
3515 4680
3592 7337
3631 5034
3631 5682
3636 5125
3639 5720
3727 5265
3727 7290
3737 4190
3745 6618
3745 7384
3785 7379
3800 7290
3893 7386
3947 7376
3984 6779
3984 7384
3992 6629
3996 4117
3996 6165
3996 6498
4086 7351
4088 4488
4090 7343
4117 5720
4117 6189
4117 7361
4135 6058
4176 6498
4187 4488
4187 7335
4190 6640
4216 7356
4236 7384
4283 7365
4297 6498
4297 6596
4297 7290
4358 5468
4358 6498
4366 7110
4419 4763
4466 6448
4488 7376
4546 6708
4546 7261
4592 6619
4632 7181
4680 6817
4731 6189
4752 6448
4763 6429
4783 4839
4783 6810
4783 7364
4783 7367
4822 6498
4860 7327
4895 6225
4909 7156
5041 5801
5041 6200
5041 7377
5065 7357
5065 7378
5065 7391
5125 5366
5125 6779
5125 7382
5162 7238
5292 5706
5305 6596
5362 5699
5362 7367
5362 7373
5366 7333
5378 7368
5440 6375
5440 7358
5440 7372
5468 7357
5468 7366
5560 7186
5560 7347
5589 5682
5589 7379
5599 6770
5618 6498
5681 7368
5682 6373
5682 7337
5682 7362
5699 5720
5699 6810
5699 7367
5720 7350
5720 7361
5720 7367
5721 7339
5801 6800
5801 6817
5859 6782
5936 6448
5938 7383
5939 6779
6200 6619
6280 6498
6280 6816
6373 7377
6440 6498
6448 6894
6467 6842
6498 6842
6498 7107
6498 7342
6498 7357
6498 7378
6513 7311
6580 7195
6580 7348
6596 6945
6596 7290
6618 7261
6619 7379
6640 7352
6779 6945
6779 7382
6800 6817
6810 7367
6867 6940
6867 7337
6917 7156
6988 7341
6998 7328
7092 7367
7186 7331
7186 7342
7186 7347
7211 7386
7261 7363
7290 7388
7299 7354
7343 7344
7348 7372
