3 4783
4 138
7 73
7 4820
8 1602
25 5236
25 6271
25 7400
25 7407
26 2149
26 3125
29 852
29 1255
29 4820
30 318
30 3405
30 6181
30 7429
36 315
36 577
36 762
36 1470
36 7290
42 774
42 1335
42 2158
42 2295
42 2762
42 3573
42 4731
42 6945
43 1893
43 3160
43 3520
43 3578
43 5384
46 172
46 2599
46 3030
46 4187
46 4317
46 7444
48 73
48 570
48 6945
59 491
59 7437
70 190
70 2762
72 394
73 201
73 2529
73 3844
73 7290
74 1972
74 3030
74 4523
75 258
75 1545
75 4731
76 138
76 1255
76 2158
76 2529
76 2762
76 2823
76 3461
76 3573
76 4117
76 4731
76 4822
76 4839
76 6656
76 6779
76 7350
80 774
80 3636
95 5143
95 7446
96 1255
96 1658
110 2158
110 2169
110 3405
110 3520
119 2254
138 201
138 852
138 1131
138 2158
138 3405
138 3573
138 3783
138 7438
138 7447
153 1940
153 2191
153 4138
153 6280
153 7417
153 7438
158 7441
172 236
172 1058
172 1255
172 2149
172 2682
172 3049
172 4216
172 4419
190 1255
195 4546
195 5366
195 6679
195 7261
196 1413
196 3543
196 3578
196 4138
196 7399
201 461
206 7127
236 1002
236 2600
238 7425
240 3844
249 3030
249 4783
253 5682
258 1148
258 1561
258 2313
258 6779
280 1393
280 1893
280 2020
280 6638
280 7156
286 6319
286 7411
287 7416
297 410
297 2233
297 3763
297 7428
298 2254
304 712
304 2114
304 7405
311 7156
315 5065
315 7290
315 7379
339 7449
348 2821
348 7306
348 7448
390 2280
407 899
411 1255
411 1581
434 3281
436 7427
442 3326
442 3578
442 4187
455 1140
461 3520
491 7110
491 7437
510 4026
521 7357
536 1899
536 2191
539 891
539 2199
539 3520
539 4317
539 5366
563 2762
570 5699
570 7096
573 1255
577 1470
577 5066
577 5366
577 7357
621 7422
656 946
659 948
659 2522
659 2529
659 7290
669 3030
669 4783
669 6373
682 2081
682 3515
682 3737
682 6505
682 6619
691 2670
693 1002
712 1214
712 2114
729 1097
729 1893
729 2233
729 3030
729 3281
729 4187
729 5352
729 6142
729 6623
729 6708
729 6945
729 7181
729 7290
729 7396
729 7415
729 7447
729 7450
762 2280
762 2650
762 2762
762 3078
762 4242
762 6653
762 6867
762 7417
762 7442
774 1393
774 1636
774 1786
774 2529
774 2534
774 4507
779 3041
837 1177
837 1422
839 2169
839 7420
852 1393
852 2529
852 2762
852 3578
852 5801
852 6800
852 6917
852 7153
852 7433
852 7440
859 4632
859 7290
881 3405
881 7346
891 2199
891 3071
891 6779
899 4117
899 4822
899 7177
948 4419
948 7093
948 7416
969 3578
1002 1056
1002 1255
1002 1600
1002 1908
1004 6770
1036 3157
1036 7442
1048 4323
1056 1793
1056 2199
1056 2323
1056 2694
1056 3405
1056 3573
1056 3950
1056 4419
1057 2254
1057 3038
1057 3388
1057 7438
1058 1836
1058 1893
1058 6779
1099 3049
1106 2254
1106 2529
1106 2943
1106 3030
1106 3195
1106 7431
1106 7441
1115 7156
1122 7430
1131 3405
1131 4479
1144 3420
1144 7448
1148 4731
1148 7414
1191 5066
1191 7326
1206 3078
1242 1413
1242 1763
1242 1907
1242 2762
1242 3745
1242 5267
1255 1390
1255 1732
1255 2027
1255 2158
1255 2214
1255 3030
1255 3458
1255 3573
1255 3785
1255 3844
1255 4507
1255 4632
1255 7441
1255 7447
1258 1383
1278 5682
1281 3405
1281 6779
1335 2956
1335 6596
1335 7382
1359 2762
1359 6779
1359 7420
1361 2762
1361 7420
1392 3313
1393 2422
1393 2762
1393 4117
1393 4839
1393 6189
1393 6817
1393 7368
1393 7440
1413 3551
1418 1915
1418 3171
1418 5066
1422 1636
1422 7290
1469 4090
1470 1505
1470 1636
1470 1899
1470 2114
1470 2191
1470 2422
1470 2762
1470 5362
1470 6189
1470 6619
1470 6779
1470 7402
1470 7433
1470 7440
1510 1940
1510 7399
1510 7413
1521 7377
1540 4731
1561 1972
1561 2839
1571 7445
1581 1793
1581 5890
1600 1818
1600 1958
1600 2255
1622 7447
1625 6862
1636 2191
1636 2254
1636 3461
1636 5366
1636 5616
1636 6779
1636 7402
1636 7405
1709 7394
1717 7405
1724 6945
1732 6189
1732 6362
1763 2233
1763 4653
1763 6654
1763 7326
1763 7399
1778 2156
1786 5143
1788 2650
1793 4419
1818 2694
1824 2930
1824 3122
1824 3405
1825 6596
1825 7290
1836 4802
1836 7116
1877 2149
1877 3049
1877 4783
1877 5596
1877 7283
1877 7394
1893 2606
1893 4670
1908 2286
1940 2295
1940 2603
1940 6619
1940 7290
1971 2199
1971 6945
2019 7417
2027 6629
2027 6708
2027 7127
2070 6708
2081 5938
2081 7425
2101 3458
2101 3799
2114 2529
2118 3405
2142 4317
2149 3528
2158 3745
2158 5362
2158 5366
2158 6448
2158 7236
2191 2529
2191 3388
2191 3945
2191 6143
2191 6203
2191 6817
2204 4466
2204 4731
2204 5236
2214 2529
2214 5468
2223 6779
2233 2762
2233 5065
2233 6654
2254 2762
2254 4117
2254 4187
2254 6779
2254 7438
2313 6862
2323 6779
2324 5125
2389 6708
2389 7127
2389 7450
2406 5966
2406 6373
2406 7426
2422 2529
2455 2762
2472 7425
2488 4488
2529 2670
2529 4632
2529 6800
2529 6817
2529 7290
2529 7350
2529 7417
2529 7433
2529 7440
2562 4546
2562 7412
2562 7418
2606 4138
2627 3458
2640 7116
2650 2762
2650 4731
2650 5066
2650 5215
2650 6653
2756 3515
2762 2868
2762 3785
2762 3943
2762 4117
2762 4382
2762 4467
2762 4839
2762 5143
2762 6619
2762 6916
2762 7326
2783 3417
2818 3076
2818 3168
2818 7399
2823 4507
2868 3573
2868 7438
2930 3122
2956 4317
3023 7433
3024 4783
3030 4783
3030 5066
3038 4117
3041 7416
3041 7441
3065 7414
3071 6498
3076 3168
3076 6679
3122 6373
3122 6653
3125 3405
3160 3745
3160 5641
3160 6362
3166 7410
3168 6448
3171 7441
3250 3764
3250 7428
3251 7238
3326 5616
3326 7368
3337 7290
3377 7127
3381 7392
3405 4419
3405 4546
3405 4860
3405 7127
3405 7409
3405 7425
3405 7449
3458 5720
3458 7043
3461 4117
3461 5362
3461 5493
3461 6596
3461 6779
3515 5217
3515 6800
3515 7153
3515 7433
3528 7450
3543 5366
3573 4860
3573 6779
3573 7211
3578 4117
3578 5366
3639 5065
3639 7397
3727 4798
3745 5641
3745 6618
3764 3984
3785 4523
3785 5468
3828 6619
3828 7382
3947 7395
3984 6619
3984 6779
3984 7396
4011 7379
4026 5853
4057 7033
4116 5143
4117 4822
4117 6448
4117 7447
4138 6640
4157 7394
4187 4839
4187 5871
4187 7431
4201 6844
4216 6638
4283 7365
4317 7444
4419 5596
4419 5869
4466 5236
4466 6306
4488 7090
4493 6619
4546 7412
4590 6280
4632 4783
4632 7181
4632 7401
4731 5468
4731 7382
4763 6429
4783 5478
4783 7326
4783 7364
4783 7401
4783 7425
4783 7450
4820 7398
4839 5065
4839 6280
5041 7307
5065 7283
5065 7391
5066 7382
5125 7382
5143 6596
5267 7116
5306 7404
5352 7447
5362 6779
5362 7402
5362 7415
5366 6448
5440 6708
5478 7425
5599 7399
5641 6362
5682 6373
5682 6505
5699 6474
5801 6800
5831 7435
5890 7441
5938 7379
6160 7399
6203 7413
6203 7435
6203 7443
6247 6382
6289 7424
6319 7411
6474 7406
6474 7408
6596 7116
6596 7186
6596 7413
6613 7420
6619 7379
6619 7403
6623 7033
6640 7428
6640 7435
6644 7439
6654 7412
6779 7402
6779 7412
6784 7306
6800 7153
6800 7433
6817 7433
6860 7419
6867 7018
6945 7379
6945 7436
7110 7421
7140 7432
7184 7398
7378 7423
7381 7402
7412 7418
7431 7434
