2 3624
7 2106
7 5215
19 839
19 7289
19 7337
19 7854
29 76
29 2106
29 5215
29 5698
42 821
42 948
42 1106
42 2389
42 2396
42 3484
42 5828
42 6640
42 6708
42 6931
42 7090
42 7803
42 7820
42 7822
42 7856
43 1822
43 2840
43 7806
43 7841
46 96
46 5176
46 5599
46 7823
46 7847
56 7824
59 95
59 613
59 886
59 3947
59 4366
59 7824
70 1804
70 2650
72 1268
75 539
75 801
75 891
75 3065
76 1243
76 1255
76 2730
76 4117
76 5100
76 5119
76 6975
76 7839
77 613
77 1636
77 7396
83 7803
88 5891
88 6917
89 6436
94 5215
94 7337
95 134
95 1057
95 3171
95 4110
95 7757
95 7838
96 839
96 7847
97 3166
97 7852
100 172
100 7803
109 1844
110 7802
128 2822
134 1057
134 1393
134 3171
134 3882
138 5560
138 5891
138 7674
151 2839
153 1198
153 6619
153 7471
153 7632
153 7674
153 7728
153 7800
153 7850
157 2650
158 1198
158 6931
158 6936
158 7090
158 7281
158 7337
158 7471
158 7534
158 7665
158 7674
158 7800
158 7803
158 7812
158 7833
158 7838
158 7839
158 7840
158 7844
158 7848
162 5215
162 5305
162 5849
170 2962
170 3673
170 7236
172 1002
172 1971
172 4038
172 4882
172 5176
172 5305
172 5828
172 7665
172 7823
172 7829
196 3984
196 5065
196 7252
196 7399
196 7809
196 7815
196 7841
196 7853
201 1198
201 1822
201 2650
201 4448
226 1365
239 621
247 348
249 1057
249 7335
258 1604
258 3281
259 7674
287 6708
311 1115
315 577
315 3030
315 7662
318 7830
338 2111
348 762
348 2106
348 6373
348 7806
349 4065
349 4366
370 7841
374 1818
374 7625
391 539
391 5362
404 7837
412 1198
433 3166
455 1359
455 2377
455 3745
455 4839
455 5720
455 7252
455 7798
528 904
532 6692
532 7334
539 762
539 891
539 1268
539 2142
539 2600
539 5362
556 1051
563 577
563 2111
563 2821
563 3355
563 3882
563 7662
565 7833
568 1232
568 7840
577 712
577 1359
577 2840
577 3355
577 7662
610 7815
613 7625
613 7757
613 7816
618 712
618 4425
618 7648
621 762
621 839
621 2821
621 6619
621 7337
621 7803
621 7806
621 7807
621 7830
621 7841
693 2150
703 7714
708 1877
708 3122
712 6289
712 6338
729 1057
729 1636
729 6782
729 7665
762 1256
762 1604
762 2255
762 3861
762 7090
762 7525
762 7539
762 7674
762 7803
762 7820
773 7181
803 7090
836 4031
837 3010
837 4138
837 4187
837 6203
839 1788
839 7337
852 1845
852 2428
852 2529
852 3313
852 3361
852 3368
852 5720
852 6117
852 6816
852 7090
852 7839
886 1636
886 2617
886 4092
886 5265
886 7827
891 2600
895 2158
895 7823
904 1057
904 4866
904 4910
948 2389
948 7822
963 7665
1002 1971
1002 2150
1002 4882
1002 4917
1002 7701
1002 7810
1002 7855
1005 3010
1036 7806
1036 7807
1039 1177
1039 1256
1039 3856
1039 4488
1039 6782
1051 1361
1057 1393
1057 1636
1057 4448
1057 4589
1057 4641
1057 6436
1057 7734
1057 7832
1083 6498
1106 6596
1106 7840
1115 7534
1177 1256
1177 1393
1177 2529
1177 5720
1177 7186
1198 2627
1198 2650
1198 5007
1198 5263
1211 7648
1233 4117
1242 4171
1255 1540
1255 1908
1255 2529
1255 2650
1255 5865
1255 6779
1255 7471
1255 7665
1255 7822
1256 1388
1256 2529
1256 4117
1256 4488
1256 7090
1256 7547
1258 7826
1268 2694
1321 7836
1351 1776
1359 2840
1359 3065
1359 6975
1359 7090
1359 7281
1359 7674
1359 7843
1361 7034
1361 7674
1361 7811
1361 7850
1365 4332
1388 1593
1388 2529
1388 5089
1388 6800
1393 1517
1393 1531
1393 2529
1393 2739
1393 6189
1393 6596
1393 6779
1393 7808
1393 7843
1395 7857
1454 5267
1517 2846
1517 5616
1517 6779
1531 6779
1539 4641
1540 6436
1540 7828
1604 1636
1604 2627
1604 6800
1604 7326
1625 7463
1625 7820
1636 3854
1636 7337
1636 7674
1658 4882
1658 7665
1724 7845
1763 6373
1768 3171
1768 6596
1793 6128
1804 7337
1804 7665
1822 4731
1822 4895
1836 5599
1845 2529
1877 2105
1877 2389
1877 3745
1877 4448
1877 4882
1877 6931
1877 7337
1877 7853
1908 4917
1908 7701
1917 2169
1958 2730
1958 7835
1971 4882
1971 7665
1972 2105
1977 7665
2019 7291
2024 3368
2070 7808
2111 3355
2111 3648
2111 6108
2124 4092
2124 4144
2124 7850
2152 6625
2156 4488
2156 6779
2158 2437
2158 2529
2158 2562
2158 4117
2158 4783
2158 7665
2158 7841
2158 7846
2158 7853
2192 7847
2255 5305
2287 4187
2287 4924
2287 6505
2334 4783
2334 6916
2377 2529
2377 5720
2377 7817
2389 5828
2389 6708
2389 7665
2396 2739
2396 3065
2396 7820
2437 2820
2455 7701
2472 2562
2472 7648
2488 4488
2488 5845
2504 3727
2529 3313
2529 3613
2529 5036
2529 5041
2529 7090
2529 7337
2529 7632
2529 7843
2534 3075
2562 2581
2562 7853
2581 7853
2583 2739
2583 7252
2600 5362
2600 7802
2620 7804
2627 3515
2627 7625
2650 6619
2650 7848
2674 4171
2692 7690
2693 7588
2730 7840
2731 4031
2756 3313
2756 7090
2756 7281
2762 4924
2767 2822
2795 7847
2795 7851
2816 3265
2818 7757
2821 7830
2822 6810
2822 7471
2840 7665
2845 7800
2864 7819
2888 7665
2919 4187
2943 6975
2947 7775
2962 3673
3010 3613
3010 4187
3030 4280
3030 7841
3065 6448
3065 7463
3078 7839
3166 3505
3166 3648
3166 4783
3166 5468
3166 7852
3171 3265
3171 3355
3171 5845
3171 6596
3184 7701
3262 3346
3405 6708
3405 7823
3417 7090
3501 6779
3501 7463
3515 7831
3528 5305
3613 5325
3613 6867
3636 7632
3648 4641
3648 5305
3745 5560
3745 7674
3745 7843
3854 5560
3865 5036
3882 6289
3891 7760
3984 4092
3984 7326
3984 7846
3988 6619
4050 7399
4064 5720
4090 7846
4092 4144
4092 6779
4092 7844
4117 6017
4117 6189
4117 7463
4117 7701
4117 7843
4138 4187
4138 5265
4170 7785
4187 4924
4187 7824
4239 7846
4366 7857
4488 5720
4536 7813
4604 5267
4604 7822
4615 7826
4653 4924
4653 7809
4691 4765
4731 5698
4731 7805
4771 7856
4839 7090
4860 7834
4882 6434
4882 7823
4917 5065
4994 7714
5065 5119
5065 5560
5065 6436
5065 7809
5065 7814
5065 7830
5119 6301
5119 7281
5119 7816
5119 7820
5176 5599
5305 7290
5305 7539
5305 7782
5306 7805
5362 5891
5440 7584
5560 7674
5599 7810
5658 7714
5681 5849
5699 5891
5720 6117
5720 6640
5720 6800
5720 7690
5935 6779
6017 7844
6171 7665
6203 7690
6290 6373
6373 7074
6463 7842
6498 7335
6498 7852
6596 7813
6619 7090
6619 7800
6619 7848
6640 7337
6692 7840
6779 7463
6779 7811
6810 7471
6867 7803
6867 7829
6867 7841
6917 7443
6947 7090
6975 7236
7032 7818
7090 7849
7119 7742
7181 7845
7186 7831
7289 7337
7290 7398
7326 7812
7326 7815
7330 7813
7335 7567
7335 7831
7463 7825
7539 7665
7539 7810
7603 7801
7617 7821
7656 7665
7782 7841
7824 7854
