14 455
42 5065
46 2956
46 9469
70 5550
75 8144
96 97
96 2118
96 2650
96 3030
96 5141
100 11010
110 1372
110 2255
131 5550
131 7391
131 8144
153 4117
153 11011
158 9469
158 11009
158 11011
172 8144
190 946
354 8363
436 8363
442 3501
442 9469
455 9469
528 6435
556 4839
610 11001
618 9469
852 904
891 2412
904 1255
904 2389
904 7391
1002 11008
1058 2307
1106 2619
1106 6429
1106 10883
1209 4778
1255 4117
1255 4333
1369 4117
1372 2389
1831 6435
2023 4731
2156 2762
2204 4731
2248 11011
2255 9469
2255 10846
2355 5859
2650 5141
2762 4117
2762 5141
2762 5468
2762 7119
2762 11011
2868 4949
2956 9469
3026 3072
3030 5141
3206 8615
3313 6982
3313 10883
3341 9469
4090 9241
4117 9469
4117 10347
4117 10866
4117 11011
4731 6306
5007 9469
5065 9469
5065 11002
5141 5415
5141 8298
5550 9469
6203 11008
6982 10883
7290 9469
7290 11011
7391 8144
7824 9562
8131 9432
8144 9860
8197 8615
8298 8363
8363 9469
8484 11011
9152 10944
9323 10347
9432 11011
9469 9803
9469 10831
9469 11012
9789 11009
10347 11011
10465 11011
10866 11011
