36 4157
37 10465
41 5864
41 9472
41 10985
42 9458
43 110
43 201
43 1255
76 4632
96 4000
96 9977
108 5550
110 1255
110 1264
110 2319
158 10883
175 2319
190 1298
196 8140
196 9649
199 5699
247 1298
273 2756
297 8140
442 4117
442 10989
455 1359
556 4839
568 9335
572 5599
634 1255
637 5012
673 3072
852 6982
852 9292
852 9431
852 10977
852 10990
852 10999
891 10967
897 8298
1002 1704
1057 10991
1058 4582
1115 9330
1115 10949
1255 2529
1255 2816
1255 2845
1255 7290
1255 10883
1264 5031
1334 9562
1365 10991
1517 10988
1786 8298
1824 5966
2255 3484
2756 7034
2762 7034
2820 10997
2845 10983
3041 10998
3967 7534
3984 10868
4090 9241
4117 10989
4419 9458
4546 9649
4577 4746
4981 10989
5415 8298
5468 5550
5487 8140
5487 9596
5550 8298
5864 6203
6203 9911
6203 10997
6624 9469
6640 10886
6982 9292
6982 10996
7290 10990
7329 10883
7391 9323
8197 8298
8379 9323
9323 10831
9431 10990
9649 10992
9649 10995
9882 9911
9962 10068
10967 10988
