0 2669
41 11014
42 8526
75 6945
76 5493
83 9469
96 97
96 5141
108 9004
108 9860
119 2809
119 9124
122 659
158 406
158 4493
158 8131
158 11011
158 11025
196 6650
196 10965
311 1115
433 8363
568 11027
577 11030
621 1413
621 11040
633 9241
659 5065
659 10347
729 762
729 1255
762 6982
762 8526
852 6800
852 11033
895 4964
1057 1333
1115 11025
1255 5102
1333 4866
1333 9536
1333 10465
1361 5065
1361 11031
1563 6945
1636 2314
1636 5493
1636 11026
1687 2314
2019 5272
2019 10941
2256 4746
2306 9241
2314 2820
2529 6817
2529 6982
2529 11033
2529 11034
2592 4493
2592 11027
2650 2820
2674 6945
2762 3947
2762 5375
2762 6582
2762 7471
2762 11039
2767 5144
2767 11035
2816 10995
2930 7190
3072 4187
3171 9948
3171 11024
3313 6817
3487 9948
4001 8970
4031 9766
4092 7491
4092 8121
4117 10347
4216 7329
4358 5828
4546 10995
4746 5065
4964 5468
4964 6498
4964 11036
5065 10941
5065 11026
5065 11030
5141 6498
5265 10965
5272 10941
5331 11032
5362 6945
5362 11026
5468 6942
5468 11036
5720 6800
5831 11025
6280 9948
6582 9323
6650 7391
6800 10999
6945 7481
6945 11030
7382 11030
7391 9948
8119 11025
8197 8526
8197 11026
8197 11029
8935 11038
9323 9948
9425 10978
9431 11024
9536 10941
9628 10995
10347 11037
10962 11034
10972 11028
