38 7097
39 1369
41 2529
42 2820
43 153
43 1179
43 1255
43 2868
43 10967
46 434
46 1255
76 9120
110 2255
110 11005
134 636
153 682
153 9120
153 9469
158 406
158 5065
158 8131
158 11011
196 9789
196 10846
196 10965
196 11015
253 6467
258 904
354 5031
374 9548
388 9469
403 1255
403 2845
434 4949
442 1268
442 5007
449 9958
455 917
531 9469
568 10831
577 11013
610 9120
618 10831
621 5550
636 2820
636 6779
636 9469
636 10967
637 9010
762 6982
775 1365
837 10887
891 2412
1002 5498
1179 1521
1179 4746
1179 5550
1255 4333
1255 9803
1359 1540
1361 10831
1361 11018
1365 9469
1395 11014
1470 10568
1563 6306
1593 10429
1742 2118
1742 8363
1877 10846
1877 10967
2204 4731
2389 3856
2428 7674
2529 10893
2627 10831
2650 5141
2660 10416
2762 11011
2767 9120
2767 11018
2820 10967
2825 4949
3072 10887
3086 5065
3171 9985
3380 7329
4090 9548
4117 7329
4117 10347
4187 11011
4283 4839
4646 10826
4731 5065
4731 6306
5065 5468
5065 8298
5065 9323
5065 9548
5065 10831
5468 8298
5468 9985
6203 7541
6467 9469
6506 9469
6779 6982
6779 8484
6942 7329
7097 8276
7674 9469
8131 11011
8272 9469
9285 10995
9323 10831
9323 10893
9323 11016
9789 11009
11014 11017
11018 11019
