19 762
19 8298
42 1359
42 2733
42 9942
70 1786
75 1925
97 4632
97 4771
110 1369
110 3125
110 10830
158 762
196 9469
338 2284
444 4523
449 4216
511 4771
528 10969
572 7290
577 839
577 9444
620 9010
621 9000
621 9860
762 9425
762 10952
762 10967
837 2692
837 3683
837 4117
837 5859
837 10952
852 6982
852 9936
881 1940
1057 1877
1255 4523
1268 1925
1335 8272
1359 4216
1369 3405
1369 8197
1470 5331
1763 10822
1786 10966
1925 10967
1939 4839
2062 10968
2418 4370
2650 8197
2692 3683
2733 7696
2762 5331
2820 10967
2956 9896
3125 8197
3195 10968
3414 8974
3458 9936
3484 8197
3545 10822
3976 10976
4011 9316
4090 10965
4117 10967
4187 10965
4746 10816
4771 5331
5065 10960
5065 10965
5065 10971
5966 9649
5966 10822
6005 10942
6013 7443
6373 9469
6429 10558
6779 9425
6917 10949
7186 10974
7290 8298
7290 9000
7396 8116
8197 9809
8197 9896
8197 10773
8197 10925
8197 10964
8298 10965
9316 9954
9323 10973
9860 10975
9905 10972
10087 10558
10347 10970
10766 10959
10903 10965
10960 10963
