19 9832
42 837
42 839
42 8197
43 8197
43 8298
76 1255
76 8197
76 8298
96 10429
140 2453
157 10910
190 3195
190 7027
190 7658
195 10558
449 1369
572 2418
572 5599
599 10955
610 10960
636 5720
729 10960
733 9444
762 2453
762 3313
762 8197
762 10957
837 1917
837 3887
837 4031
837 4117
837 5720
837 5966
839 1057
852 10962
881 4708
895 8197
895 10957
946 3528
1268 5744
1268 10904
1335 2599
1335 5141
1335 8272
1335 10956
1361 10953
1369 3975
1369 8197
1576 4092
1593 10429
1636 10953
1818 10959
1879 10855
1917 2730
1925 4216
1940 7290
1974 8955
2053 9896
2123 2418
2128 10960
2245 10299
2284 10884
2418 3543
2418 7658
2453 3171
2529 10959
2619 8197
2650 8197
2650 10910
2767 5864
2767 10926
2784 10429
2816 10855
3195 4746
3195 7658
3195 10858
3322 7443
3405 4546
3405 10087
3405 10558
3484 4157
3984 9722
4092 8981
4242 10850
4523 9000
4632 6467
4632 7290
4632 8298
4746 10816
4820 6429
4949 5720
5065 10558
5100 10958
5720 10931
5864 8281
5966 9649
6756 8238
6942 10959
7156 10949
7290 8298
7443 10347
7443 10520
7546 8197
8197 8298
8197 9896
8197 10773
8197 10925
8197 10931
8197 10944
8197 10960
8197 10961
9896 10910
9896 10931
10087 10558
10366 10960
10660 10954
10943 10951
