0 1264
0 5468
0 11050
42 3676
43 119
43 9264
77 153
77 258
77 2961
88 2650
90 1742
95 2762
95 4949
96 636
96 762
96 2650
96 5141
108 1179
108 2650
110 1917
110 8197
110 8970
110 11049
110 11053
137 6779
153 506
153 1576
153 5267
196 11054
236 2845
236 6945
236 9954
236 10166
258 2650
258 9323
287 11050
546 573
546 1057
546 3984
546 8197
546 8212
573 11051
610 11048
659 10347
729 2888
729 5036
817 4949
839 2126
839 4632
839 11054
895 11050
1002 4746
1057 3984
1057 5366
1057 5816
1115 11025
1144 5479
1144 9469
1242 6189
1255 3984
1281 3984
1281 9130
1281 10745
1281 11052
1352 11028
1359 2961
1361 4746
1372 5828
1636 9264
1742 8363
1777 3737
1777 9323
1777 10733
1786 9502
1788 2118
1845 2692
1845 10495
1877 11054
1917 3361
1917 8197
1917 11053
1921 3049
1972 9323
2118 8363
2149 4370
2428 2762
2428 6618
2529 8197
2529 8212
2529 11056
2762 4949
2762 7593
2762 10166
2767 3984
2767 8212
2767 11057
2930 11037
2956 3984
3030 5141
3329 4949
3361 3676
3361 6942
3409 5747
3528 8197
3528 10450
3676 5415
3984 4117
3984 5720
3984 8298
3984 10745
3984 10944
4031 6471
4031 11050
4117 10347
4117 11054
4138 10347
4460 8281
4536 11056
4632 8411
4771 11028
4924 6779
4949 8197
4949 9323
4949 10166
4964 7658
4964 9459
5036 9502
5479 9469
5747 10040
5816 11056
5912 9431
6203 10040
6373 9469
6467 10619
6498 9565
6498 9981
6596 11056
7335 10166
7714 11050
8144 9152
8197 10016
8197 10029
8197 10450
8197 11055
8212 10465
8887 11039
9981 10918
11014 11017
