73 8323
76 4949
88 11027
117 3171
141 6982
153 8981
158 1604
158 8712
158 11027
172 8164
571 1576
571 10866
577 11131
621 8298
656 1917
671 6373
729 8712
729 8965
821 10465
823 6373
852 1604
891 5366
948 3203
1106 11214
1177 3636
1177 11210
1193 5018
1298 6873
1361 1636
1361 4037
1369 8965
1540 4949
1604 3543
1604 4280
1604 4949
1604 7034
1604 8712
1604 9323
1636 8981
1636 10717
1636 11209
1717 8409
1972 11066
2063 8409
2123 11218
2324 8965
2418 2878
2529 6982
2598 4507
2732 3229
2818 3322
2820 10925
2878 3203
2878 7658
2919 4949
3171 6596
3322 11211
3380 4731
3543 7658
3984 10846
4037 6203
4187 11217
4536 6596
4536 11148
4731 11207
4731 11212
4731 11216
4746 7119
4771 6982
4910 8773
4949 11212
5065 8164
5366 10717
5440 10717
5606 9246
5760 11215
6203 10866
6373 6429
6373 11216
6429 11216
6448 10206
6498 8981
6678 8712
6779 10717
6873 10134
6982 8409
7041 8409
7074 8147
7391 10206
8796 9285
8965 10054
8981 9124
9962 10347
10166 11213
10745 11208
11145 11208
