0 26
0 729
0 1268
0 1300
3 236
3 1338
25 135
25 289
25 539
25 570
25 1300
25 1348
26 80
26 134
26 729
42 303
42 1349
42 1358
43 68
43 108
43 132
43 539
43 1300
43 1349
43 1360
47 1039
68 95
76 289
76 388
76 1031
76 1277
76 1358
76 1361
80 349
80 1357
84 1358
95 1354
97 461
97 1242
108 1360
121 233
121 1169
121 1255
134 461
189 570
201 1343
204 280
204 461
206 1128
206 1198
206 1358
226 1169
233 1350
236 461
236 1300
249 729
280 397
280 1355
282 1359
286 311
289 1300
311 904
311 1356
330 505
348 1300
349 1140
370 613
446 889
461 505
461 1255
461 1300
505 539
505 1198
505 1300
528 1177
539 1242
544 773
544 1350
565 1255
565 1356
565 1357
570 859
610 889
613 771
613 899
613 991
613 1242
613 1278
613 1356
694 889
729 839
729 904
729 1128
729 1164
729 1198
729 1255
729 1300
729 1357
813 1359
821 1348
824 1360
852 1255
852 1362
881 1234
904 1362
948 1211
1002 1358
1115 1356
1242 1300
1255 1256
1292 1354
1348 1363
