42 781
73 762
73 2816
76 407
76 917
76 9285
76 11161
88 1521
88 5550
96 762
96 2118
96 2816
96 9122
108 1179
110 11145
196 10846
226 762
258 11161
374 11117
407 1359
410 10166
442 5616
546 5215
577 8565
577 11160
633 3107
633 11064
633 11072
762 5141
852 8409
852 8928
917 5065
917 9958
917 10995
1106 11164
1122 4507
1144 8147
1179 3125
1193 5018
1255 1458
1365 6982
1539 6982
1786 5215
1917 3125
1917 5065
1917 9536
2389 8901
2453 9939
2529 8409
2620 7804
2756 8409
2762 8970
2762 11166
3024 5141
3024 11162
3030 11160
3380 6448
3673 9649
3727 11163
4000 5141
4031 11162
4092 11165
4157 8928
4460 8281
4536 4822
4546 11145
4577 9649
4591 11115
4632 7982
4632 8197
4731 8796
4746 10866
4746 11161
4746 11168
4771 8901
4771 11167
4822 5272
4822 6596
5029 9610
5065 10409
5065 11056
5141 10780
5550 11160
5550 11161
5720 11108
5966 6373
6429 11160
6576 9425
6596 11056
6982 11159
7119 11165
8626 9432
8824 11161
8917 10656
8917 11163
9789 11117
10660 11155
