70 73
76 3798
76 4746
76 8197
80 11198
96 433
96 1742
96 2360
100 708
153 444
153 3380
158 11027
247 8164
297 8281
297 11224
432 1977
432 2868
432 8724
432 11198
444 3380
461 11222
568 8469
577 8298
610 5306
610 11226
656 7897
682 10166
729 1755
729 2360
729 11066
762 852
762 6982
762 11221
904 1539
1057 3798
1106 4746
1361 4037
1369 8965
1369 10054
1636 11223
1717 8409
1755 2412
1972 11066
2027 7658
2123 7658
2123 11218
2360 8197
2360 11066
2724 11126
2821 11126
2930 6429
2930 11225
3065 11212
3171 11219
3283 11223
3313 8409
3388 10925
3515 8409
3540 4771
3798 4746
3798 4771
4037 6203
4092 11198
4187 11220
4507 7128
4746 4949
4910 8773
5065 11221
5306 11226
5468 11218
5550 6373
5720 11223
5966 10166
6160 11066
6160 11217
6429 11216
6548 7041
6640 11221
6708 10054
6779 11221
7041 8409
8144 9152
8409 10925
8469 10054
8965 10054
9958 11066
10903 10965
11061 11221
11085 11126
