0 10904
0 11262
46 11264
73 8626
73 9829
76 4485
76 5574
76 10889
110 8197
138 5439
153 5616
158 11257
196 6203
239 7145
280 6708
280 11263
284 5265
351 10889
374 11061
407 5362
442 2739
546 2527
546 6945
568 11269
572 11260
610 10551
610 11126
610 11266
613 11038
762 9829
762 11259
762 11260
803 11061
852 8409
1017 4370
1057 6945
1144 10889
1193 2589
1193 6389
1255 9829
1264 1517
1264 4525
1321 11038
1361 5574
1361 10273
1517 2589
1517 11256
1521 11267
1576 5616
1576 6945
1576 11257
1763 11126
1763 11258
1763 11268
1812 5272
1812 5551
2156 2762
2156 4746
2313 11061
2313 11251
2534 4949
2589 6160
2621 11038
2694 4370
2739 4839
2739 10273
2762 4117
2762 8197
2764 4949
2787 9280
2820 4485
2888 11260
2919 11271
3171 8955
3195 6362
3281 10166
3281 10321
3283 4882
3313 8409
3405 4546
3543 4370
3579 11254
3636 6203
3636 10273
3882 5308
3882 11254
3947 11254
4117 6160
4117 11257
4370 11256
4419 7391
4419 11256
4485 5265
4546 6362
4546 11265
4746 5363
4746 5616
4771 11264
4904 5616
5267 7290
5468 11267
5721 8197
5721 9280
5948 10278
5966 11258
6203 11258
6232 9789
6232 11270
6389 11257
6429 11234
6448 9919
6548 8409
6708 11260
6708 11264
6779 11155
6945 9323
6945 11261
7290 11257
7391 11066
7391 11256
8067 11155
8197 10925
8197 11266
8225 8409
9744 11256
9789 11136
9929 10273
10289 11105
10995 11255
