42 76
42 528
42 5065
43 4117
43 11259
43 11421
73 703
73 2845
73 10203
76 370
76 6429
76 8961
76 11340
110 11414
157 762
157 3195
158 568
158 11274
158 11416
158 11417
158 11421
196 6373
196 11424
297 10321
297 10347
297 11412
297 11424
298 11404
370 4117
370 5065
370 11419
391 5440
568 7073
618 2954
710 5966
729 11425
875 10054
1035 11423
1359 11274
1361 3388
1521 2718
1576 2582
1576 2762
1755 1917
1877 9954
2158 11419
2529 11274
2619 11414
2756 5065
2767 6116
2767 11274
3113 8409
3380 3388
3380 11340
3388 3636
3388 7801
3388 8197
3388 11340
3656 8364
4031 7945
4545 8409
4577 6429
4731 5440
4771 6203
4771 10763
4949 11421
5065 6203
5065 6779
5065 8961
5065 8974
5065 11418
5065 11419
5100 10203
5788 10763
5948 7855
6203 9152
6203 11416
6373 8190
6576 10273
6619 11417
6779 8961
7127 10558
7290 11421
7290 11425
7382 9998
7801 11420
7855 9954
7855 10558
7945 11276
7945 11422
8197 11340
8484 8961
8493 10959
8980 11418
9152 10763
10054 11421
10203 11378
11274 11340
