76 157
76 1576
76 4562
76 7290
88 3856
94 4562
110 4997
110 9954
157 7290
297 11412
315 2821
318 4031
318 10959
729 9929
774 1576
781 2816
881 4746
948 8121
1057 5816
1361 3816
1361 4471
1361 11416
1521 2718
1580 3816
1742 10780
1877 8197
1877 8578
1877 9954
1917 10633
2357 8197
2499 11340
2529 3313
2529 5788
2529 11228
2582 2762
2619 11414
2650 10321
2650 11413
2674 5440
2954 3171
3113 8409
3313 3707
3380 8910
3648 6945
3648 10959
4090 11408
4092 11408
4562 5468
4562 8297
4577 11064
4632 10959
4632 11414
4997 6784
5966 11379
6071 11340
6373 11340
6708 10054
6779 11413
7097 8197
7127 10558
8197 9954
8197 10558
8197 11409
8409 11228
8888 10558
8974 11340
8980 11009
11340 11415
