42 11340
76 4011
76 4746
76 10416
95 9216
110 2319
110 3592
158 6236
158 11344
184 11332
196 11347
201 11340
444 11340
572 1268
613 9216
760 8659
774 1812
852 1361
852 2762
852 5615
852 8409
852 11327
1057 2762
1057 4971
1144 11347
1144 11348
1242 11346
1256 10967
1300 6867
1300 11241
1300 11340
1361 2762
1563 4949
1576 2762
1576 11291
1636 2534
1636 4971
1804 11352
1812 4746
1854 11313
1925 10967
2095 11342
2105 11340
2158 5739
2313 11344
2360 11340
2455 11340
2489 11346
2599 11346
2599 11351
2650 11350
2660 11027
2762 3088
2762 5615
2762 8484
2767 11340
3088 8484
3313 8409
3545 11343
3573 5065
3573 11353
4110 4749
4117 11340
4171 11338
4216 11345
4242 4746
4242 10273
4494 11340
4507 11340
4528 11340
4949 10416
5065 11337
5618 11340
5739 8659
6162 6867
6162 6945
6203 11337
6373 6945
6435 11340
6576 10273
6945 11340
7391 11340
7969 11340
8015 10645
8099 11338
8272 11345
8281 11224
8409 11327
8970 11344
9323 9998
9323 10954
9472 11342
9647 11340
9851 11344
9898 11340
10040 10273
10093 11340
10273 11349
10347 11339
10954 11340
11037 11350
11341 11342
