73 1235
73 2845
73 10203
73 11378
76 407
76 729
76 1235
76 4949
76 5615
76 6596
76 8197
76 10465
110 1824
110 11241
110 11377
134 1235
134 8298
153 5769
158 7647
158 11274
196 6373
280 407
297 671
297 7647
325 6429
374 10972
407 5366
407 8298
407 9152
407 10465
568 11379
577 904
577 4949
610 11380
621 3535
621 4949
671 5065
703 729
703 1235
729 1235
729 7290
729 11379
774 8608
774 11064
852 8484
904 3535
904 4949
904 7391
1235 11267
1278 2762
1298 1917
1298 7855
1361 4949
1361 7589
1361 9929
1576 7290
1602 11376
1636 10236
1724 11366
1824 11377
1877 11377
1917 5469
1917 5615
1917 7245
1917 11384
1958 3535
1996 7589
2027 11379
2089 11385
2102 8970
2307 4761
2529 9147
2534 5065
2627 10181
2739 8298
2739 10273
2762 6885
3030 11023
3171 4092
3535 7391
3613 11372
3793 5272
3793 10589
4037 6203
4092 11370
4117 8298
4239 11108
4280 4949
4746 11381
4771 10181
4949 5938
5065 11373
5611 6576
5615 6596
5720 11370
5720 11376
5769 6576
6171 8965
6203 10040
6373 11347
6429 11023
6596 8121
6816 10416
7281 9929
7647 9911
7647 11274
7855 9939
7855 11241
7855 11377
7871 10040
8121 8970
8197 8298
8197 8608
8197 11023
8197 11241
8197 11375
8298 8484
8298 10465
8507 9156
8608 11064
8970 11023
8970 11344
9147 10347
9152 10972
9536 11376
10040 11064
10040 11371
10054 11384
10203 11378
11061 11274
11241 11377
11241 11386
11375 11376
11382 11383
