0 201
28 201
41 11422
42 2319
42 11250
70 436
73 97
73 6498
76 138
76 11443
110 11441
138 158
138 201
138 5270
138 7290
158 201
158 3325
196 3329
196 4577
196 6373
196 8147
196 11347
201 385
201 2616
258 3195
289 5430
434 10203
455 11443
544 3887
568 11441
577 2762
608 3887
608 5430
618 7290
641 1361
641 1576
641 11376
641 11426
729 1177
762 10203
781 836
781 4038
781 5468
781 8970
836 7391
837 4746
837 5065
1144 10416
1256 5720
1256 8608
1576 3636
1576 5065
1576 11394
1576 11438
1630 1917
1636 11394
1636 11438
2053 11442
2192 11427
2297 3887
2297 11305
2529 4117
2529 11360
2529 11394
2534 11376
2599 3165
2627 11446
2767 6810
2767 11440
2767 11443
2767 11444
2820 11439
2919 10347
2934 7290
3165 4987
3165 8272
3166 5682
3171 6429
3283 7290
3329 5682
3545 4577
3545 8147
3636 11394
3887 5468
4092 11394
4092 11399
4117 11437
4187 5065
4187 11445
4507 8582
4545 8409
4577 8147
4632 5468
4632 9323
4746 5215
5065 11394
5065 11442
5065 11443
5468 8197
5468 10660
5816 11437
6373 11347
6467 6708
6467 11167
7097 10054
7855 9954
7855 11441
7970 9045
8298 9529
8484 11438
8970 11344
9323 11432
9323 11439
9789 11398
10054 11441
10203 11167
11276 11444
