14 2818
26 6708
38 7097
42 236
42 729
42 1536
42 10054
42 11308
73 10203
76 10416
80 134
83 11429
97 6498
101 2574
110 134
121 2845
134 4370
134 5065
134 5857
134 7097
134 8298
134 10256
134 11431
138 10203
153 10256
158 201
158 2223
158 8298
158 10416
172 573
196 6373
201 7290
297 10273
307 434
455 9425
478 4949
573 2297
573 5468
613 8298
613 9168
618 5065
641 4092
641 7311
641 11426
729 3329
762 5468
762 11434
836 11429
836 11430
852 5720
852 11411
872 8272
1017 3479
1115 8682
1115 9950
1177 5857
1256 5720
1343 11435
1361 8298
1361 10892
1361 11426
1470 10892
1576 2582
1602 3458
1972 2767
2192 11427
2223 8298
2406 11433
2529 5720
2529 5857
2767 4117
2767 10256
2767 10416
2767 11095
2930 6373
2934 7290
2954 3171
3166 5682
3283 4746
3283 7290
3329 5682
3377 5487
3458 7801
3574 11408
4092 9950
4117 10256
4117 10273
4544 5468
4577 9789
4731 11197
4746 10892
4771 10273
5065 6373
5065 8190
5065 11429
5100 7311
5141 6498
5215 7290
5440 7097
5468 11430
5784 10273
5831 10892
5857 11436
6203 10763
6203 10892
6373 8190
6373 9152
6448 10273
6708 7855
6708 10054
6779 11434
6942 8298
7097 8197
7097 10054
7119 11434
7391 11429
7945 11276
7945 11422
8298 9168
8298 9323
8298 11340
8298 11432
8484 10273
9168 10273
9323 10040
9323 10347
9789 11412
