19 10489
28 201
42 11250
73 97
76 2762
80 6142
138 9954
153 5048
158 6323
201 817
434 1359
434 2762
434 10489
577 1361
577 2762
621 2762
621 3648
621 11383
641 4092
671 1243
729 9776
762 10780
781 5468
813 5065
813 9323
837 4746
852 3313
1177 4157
1177 5720
1256 11436
1321 8298
1361 2762
1361 2767
1361 11451
1470 4117
1576 10166
1576 11445
1636 11443
1788 5550
1972 2767
2158 2762
2192 11427
2346 5065
2529 3313
2529 11442
2599 3165
2762 8298
2767 11440
2816 3648
2816 5550
2845 9954
2919 5048
2919 10347
3122 9285
3171 11452
3313 3515
3648 11383
3882 9562
3990 11451
4117 5065
4117 10166
4117 11448
4138 11450
4187 9152
4771 9783
5007 8298
5048 5831
5048 8096
5048 10465
5065 6323
5065 10166
5065 10489
5065 11448
5065 11451
5065 11452
5468 5550
5468 9954
5468 10660
5479 10489
5550 6429
5720 11436
5857 11436
6203 9483
6264 11400
6373 8190
6576 11451
7034 10166
7391 11449
7839 9483
8298 11340
8298 11400
9152 11400
9562 11254
9755 11437
9958 11383
10124 11331
10203 11167
10273 11447
11269 11326
