7 1106
19 1394
25 1369
26 206
26 729
26 928
26 991
26 1106
26 1396
30 1263
42 46
42 911
43 206
43 696
43 878
43 963
43 1036
43 1106
43 1400
47 936
47 1388
56 79
59 109
76 109
76 135
76 302
76 366
76 696
76 1186
76 1353
76 1361
76 1369
76 1378
79 729
80 1186
80 1399
83 936
88 1351
88 1391
97 1255
97 1338
109 206
109 659
109 729
109 1054
109 1177
109 1361
109 1388
113 302
121 1369
123 442
124 349
137 1369
140 1242
140 1379
141 461
141 1268
153 936
162 729
175 810
184 1399
190 810
196 374
204 1031
206 233
206 729
206 1369
206 1400
206 1401
211 1361
289 1197
307 366
348 1369
366 613
374 602
374 1351
383 1403
414 878
423 1141
423 1332
442 506
442 589
442 613
442 920
461 729
461 836
461 922
461 1054
461 1268
461 1300
505 539
505 621
505 852
505 936
505 1169
505 1369
570 1268
613 1378
621 760
621 1390
647 1321
647 1332
647 1361
659 1361
691 1197
691 1381
725 1361
729 839
729 852
729 878
729 1106
729 1300
729 1353
729 1390
771 839
809 936
836 991
836 1265
836 1366
852 1185
852 1197
852 1351
852 1388
852 1393
852 1398
898 911
898 1106
902 936
922 1054
928 1106
928 1268
936 1198
936 1300
948 1211
950 1115
1039 1141
1054 1351
1057 1335
1057 1400
1106 1268
1141 1397
1177 1256
1177 1402
1197 1381
1205 1389
1242 1268
1255 1366
1268 1369
1292 1396
1300 1351
1300 1389
1321 1361
1351 1352
1351 1391
1400 1401
