2 157
42 4117
43 11498
76 8197
76 10465
76 11505
83 5065
110 11510
110 11512
128 11506
134 9189
158 4138
158 6280
158 11501
196 10040
201 1256
233 2319
253 11313
297 917
297 4138
297 11422
302 1268
521 9341
572 5682
577 7391
608 2692
613 11515
659 1576
659 4117
659 5083
671 4037
762 8224
762 11501
837 4037
837 10040
852 11501
852 11508
883 10489
883 11503
917 2422
917 11509
948 2389
948 11510
1128 10033
1144 3329
1144 10040
1144 10284
1242 6942
1256 6817
1256 10273
1264 2389
1278 5247
1341 6203
1361 11504
1361 11505
1361 11507
1517 7659
1576 11505
1622 6873
1622 11505
1636 11505
1786 5215
1794 11129
1804 7325
2027 11510
2158 2692
2346 10465
2389 11510
2529 5065
2529 10040
2619 8197
2674 4216
2692 4632
2692 11495
2762 11499
2767 11400
2970 3856
3023 8831
3024 7391
3078 8208
3169 4117
3169 6885
4031 10040
4031 11503
4037 8197
4113 9829
4117 6189
4117 8831
4117 11505
4138 5306
4138 9152
4138 9841
4397 5816
4591 5479
4591 5550
4632 11129
4632 11495
4771 6280
4924 11513
5009 5816
5065 6280
5065 7391
5065 9323
5065 11513
5373 5553
5479 5550
5550 8387
5831 11268
6203 11038
6280 7290
6373 11313
6498 9954
7801 11513
7855 11498
7855 11512
8043 11129
8197 10592
8363 9341
8411 11505
8831 10273
9425 9789
9746 9841
9939 11514
10040 11488
10054 11512
10336 10465
10465 11511
10489 11503
