42 4746
42 6596
46 1365
48 11378
72 3484
73 9829
76 11542
93 621
93 1742
93 5141
93 7392
134 11278
138 659
138 11378
138 11524
158 2919
158 3856
158 11540
297 2053
297 5119
345 10801
383 8067
407 2254
434 2254
434 2767
508 1854
546 568
568 1392
618 2529
618 3798
762 2422
762 4037
762 11536
821 11524
839 4746
875 1540
922 11534
1002 11535
1115 7952
1359 11542
1361 2762
1361 5065
1361 11499
1475 1517
1475 6448
1521 2422
1917 4746
1917 8197
1972 8238
2234 11328
2240 3501
2313 3958
2529 3818
2529 4746
2762 5065
2762 7034
2762 9332
2919 5065
3515 9309
3515 11436
3787 10642
4031 11538
4037 11251
4092 8494
4117 11446
4187 5119
4187 11095
4632 5720
4670 11536
4702 7391
4702 9841
4746 6596
4746 7290
4746 8197
5041 10273
5065 5362
5065 7391
5065 11328
5065 11499
5065 11538
5119 6448
5119 11450
5362 8197
5362 11539
5560 11524
5720 9309
6013 11541
6203 11220
6373 11313
6429 11538
6596 8197
6779 11542
6982 9954
7290 11524
7398 8494
8067 11095
8147 11541
8197 11375
8197 11539
8901 11080
8901 11524
10801 11529
11080 11524
11214 11271
11214 11540
11365 11537
