26 10930
42 1036
42 1563
42 2603
76 4556
76 10040
90 7570
97 4031
134 2600
134 2603
138 2603
138 3030
153 10321
157 4556
280 11666
297 11660
315 11255
374 11668
412 1106
451 2389
451 4419
539 11659
641 10040
659 1576
700 11066
700 11647
753 5031
852 2529
881 11629
1005 11499
1035 1527
1035 4419
1036 2123
1036 11663
1177 6842
1177 10040
1359 2603
1359 4187
1361 6419
1361 9425
1527 4419
1563 2603
1636 9776
1742 4031
1763 5737
1864 8445
2122 3158
2156 4556
2313 2762
2357 4419
2357 6549
2389 4038
2389 4419
2600 11659
2603 2674
2603 4117
2603 7290
2603 11620
2762 2767
2762 3636
2762 5065
2762 11661
2767 10040
2767 11661
2767 11665
3030 6498
3030 11656
3054 6373
3541 4419
3639 5616
3900 6708
4059 8110
4171 11658
4187 10868
4216 11620
4370 8340
4419 6549
4556 7738
4556 10416
4746 5009
4746 6596
4746 11667
4879 11656
5065 10465
5362 9789
5362 11644
5616 11666
6373 11662
6498 11656
6596 11658
6708 11620
7570 10816
8067 11664
8093 10416
8887 11499
9789 11665
10040 10868
10040 11565
10040 11666
10465 11134
11220 11657
