29 921
29 1255
42 11620
42 11644
73 1255
83 2603
83 11620
110 4419
110 9610
138 1255
138 2529
138 5270
172 573
236 258
236 1006
236 1563
236 2603
236 4117
267 5270
280 5272
298 1426
383 1057
383 8630
412 881
412 11669
546 4746
573 11677
762 6498
1035 1527
1177 1206
1206 6842
1255 2350
1255 2845
1255 5270
1255 11489
1268 2603
1268 11620
1540 7659
1576 2603
1576 2739
1576 11620
1661 4746
1763 5737
1917 3541
1917 5272
1917 6708
1917 7570
1917 10722
1917 10816
2027 2319
2156 2603
2223 11668
2319 7855
2357 6549
2603 11644
2756 11675
2762 3636
2762 5065
2820 7659
2864 10321
2930 11676
3377 4882
3377 4997
3636 10040
3756 10816
4187 10842
4187 10868
4419 4997
4419 6549
4746 4771
4746 5009
4746 6596
5009 6596
5272 6596
5272 11666
5966 11671
6248 8272
6373 11662
6708 11620
7034 11669
7659 9978
8110 9789
8887 11499
9789 11672
10321 11670
11141 11676
11673 11674
