1 11645
42 7382
43 11630
70 1539
76 157
76 11257
97 8411
129 8363
138 9776
153 2355
172 11643
172 11645
190 1917
196 9789
204 5720
206 11645
312 5440
315 1751
455 8974
577 10850
599 8755
618 11016
729 11257
837 11646
921 2319
1002 4634
1115 6498
1115 8974
1115 11548
1144 8144
1268 11432
1321 5308
1321 11639
1359 11648
1361 11639
1390 11257
1576 9776
1675 6160
1717 3707
1751 5065
1751 9323
1763 8144
1788 3505
1825 5308
1879 5468
1917 11642
2045 11620
2156 11648
2355 5720
2389 4997
2428 4634
2428 10158
2529 2762
2529 11647
2598 6708
2598 10816
2692 4242
2692 6498
2762 6498
2762 11548
2767 8974
2930 7801
3030 10850
3088 11621
3405 11645
3545 9789
3947 4771
3984 11487
4031 8411
4090 8993
4090 9985
4117 11432
4187 4242
4187 6498
4187 9776
4187 10040
4187 11220
4187 11646
4242 6498
4390 4746
4419 11647
4839 8974
4839 11621
5009 6596
5065 6498
5065 8197
5065 11267
5308 11251
5362 11644
5468 8363
5550 8411
5720 8093
5720 8732
6203 8974
6708 10816
6916 11645
7190 11641
7329 11022
8197 11075
8197 11257
8197 11432
8974 11548
8993 9985
9152 11541
9152 11641
9228 9649
9425 9789
9683 11203
9789 10040
9789 10456
9789 11646
10040 11633
11061 11548
11267 11641
11620 11630
