26 10930
42 158
42 7382
42 10850
42 11629
42 11635
70 1941
70 2845
70 11628
73 76
76 201
76 4994
76 5100
97 11637
138 201
138 1475
138 2845
140 5362
153 9789
153 11636
158 3329
158 3648
158 11628
196 11636
204 1206
204 5720
204 7128
226 8388
318 3505
374 461
374 2692
374 5308
406 3377
442 2762
568 836
610 11641
762 1879
821 1298
821 10660
836 11640
836 11641
881 11629
921 1470
921 1779
921 3195
921 4117
921 4187
921 4771
968 10930
1006 4001
1206 7128
1268 11630
1321 10592
1359 1636
1361 5065
1361 11616
1370 4187
1370 9285
1392 4746
1527 7335
1576 2762
1576 5493
1576 11452
1600 5966
1600 7647
1636 3377
1636 4957
1636 11466
1636 11628
1636 11629
1774 11628
1788 3505
1788 5141
1788 5468
1879 5468
1917 11620
2045 10816
2045 11620
2156 3377
2158 11548
2245 11452
2389 4997
2511 11631
2598 8197
2692 5308
2762 4957
2762 10124
2762 11548
3107 7148
3169 11568
3313 3707
3329 11505
3377 10273
3636 9257
3648 5141
3648 7290
3756 11638
3947 5308
4000 10780
4001 8272
4090 8993
4090 9985
4117 11452
4157 8197
4187 11220
4187 11444
4187 11633
4390 4746
4536 10850
4632 11637
4746 6596
4746 10816
4957 5493
5031 11620
5041 11628
5065 8197
5065 9332
5065 11616
5065 11634
5308 11444
5440 11638
5468 11635
5468 11637
5560 11628
6203 11640
6373 7148
6640 9649
6708 10816
6779 11629
6867 11641
7190 8197
7190 11641
7382 8197
7398 11452
7593 11452
8093 11436
8197 10780
8197 10850
8197 11630
8197 11641
8298 9152
8409 11587
8409 11640
8993 9985
9161 11635
9332 11505
9683 11203
9789 11636
10040 11633
10780 11203
10780 11629
10816 11620
11203 11632
11468 11639
11548 11628
11616 11634
11620 11630
11635 11638
