41 11812
73 11745
76 4456
76 4949
76 5093
83 610
83 2428
83 2756
95 2762
110 968
110 9610
131 2406
134 2111
134 6619
134 8197
134 8272
138 9829
158 5093
158 11061
158 11797
158 11812
196 610
201 4949
226 11803
247 968
315 4135
315 11383
315 11803
434 1321
442 5119
455 11812
577 610
577 2406
577 4702
577 11813
610 1531
610 2762
610 6502
773 5141
774 9282
852 4949
852 11000
881 6431
885 9829
954 3072
968 2255
1036 2406
1036 11813
1115 2756
1135 2307
1206 9829
1232 5093
1247 11815
1256 2756
1256 8567
1361 1531
1361 4746
1361 11696
1531 11000
1531 11816
1540 5366
1593 9829
1788 4855
1794 4536
1794 11806
1824 2255
1985 11811
2027 5127
2255 5093
2256 4702
2307 11806
2406 4243
2406 8712
2406 11813
2739 11804
2783 11696
2974 11814
3458 5720
3515 9147
3636 9737
4000 11803
4242 11809
4243 11267
4465 9829
4536 11806
4746 6596
4924 11812
4949 8409
5065 9737
5093 9978
5141 11803
6945 11812
7634 8567
8281 11812
8298 11000
8409 11000
9152 10252
9152 11803
9610 10558
9737 11340
10425 11741
11000 11267
11000 11745
11061 11797
11267 11817
11340 11647
11340 11812
11587 11804
