29 11587
76 3381
76 4187
83 3171
96 11740
138 8093
158 11061
158 11797
190 946
201 11799
221 2956
315 7391
315 11383
374 11809
467 10816
467 11806
528 1635
559 8472
563 577
572 11798
577 618
577 4746
577 8379
577 11383
729 11255
736 11766
773 4031
839 11805
891 7659
1006 10040
1036 2406
1106 1242
1144 9152
1206 4949
1206 11804
1256 8567
1256 11804
1321 8567
1361 5560
1361 11696
1393 2762
1531 9282
1531 11806
1576 2762
1576 5119
1576 5560
1576 6431
1636 3636
1636 10252
1636 11328
1794 4536
1877 11792
1959 9326
1966 8379
2027 8301
2027 9924
2027 11807
2140 11754
2158 4031
2158 5938
2307 11806
2645 4011
2762 10342
2767 11684
2767 11800
2956 11808
3065 9737
3313 11804
3329 11801
3380 4187
3381 4187
3515 5857
3515 9147
3727 9326
4031 11803
4092 10040
4116 11763
4201 11795
4448 6498
4448 9122
4536 11620
4536 11793
4536 11806
4696 11802
4924 11696
5119 5366
5141 11803
5440 6843
5550 11792
5560 5615
5992 11326
6203 9737
6203 11811
6448 11763
6817 10040
7871 11810
8197 11797
8867 11778
9122 11798
9152 10252
9282 10040
10273 11775
10372 11665
10999 11804
11061 11797
11340 11787
11340 11800
11743 11744
