19 4031
19 11273
29 8387
29 11885
42 7311
73 5179
76 434
76 11167
95 2274
118 712
138 434
138 3420
153 1321
153 2307
158 11885
174 2307
190 9683
201 1755
253 3420
258 1122
258 1604
258 3843
311 6917
348 577
348 1709
348 11489
383 2064
432 1755
434 3420
434 3843
434 7311
444 1321
467 2274
467 3420
467 6817
521 6619
577 2930
577 7097
577 7311
577 11489
610 2650
729 11888
753 1917
836 11475
897 11740
976 4765
1002 2956
1002 8197
1122 8093
1193 4265
1206 1321
1209 3420
1242 2956
1242 4216
1242 5599
1321 2627
1321 3313
1359 5599
1361 1755
1361 3420
1361 10106
1361 11835
1563 2307
1563 3420
1717 2057
1755 2307
1755 3420
1877 9683
1985 2762
2027 11475
2057 4908
2122 5599
2156 3420
2156 4370
2234 5599
2274 2821
2274 3171
2274 5468
2307 3420
2307 6619
2307 11382
2455 11340
2529 4377
2599 11620
2762 4577
2762 8197
2767 9522
2775 9522
2785 10182
2785 10347
2820 9522
2930 9649
2956 7855
3030 3420
3322 8119
3405 9610
3420 4370
3420 4377
3420 4390
3420 6817
3420 10273
3420 11887
3636 10182
3745 5173
3947 11885
3984 4187
4031 11475
4141 11760
4187 5265
4187 8119
4187 9152
4187 11886
4188 5265
4216 6448
4370 4419
4523 11803
4632 11888
5265 10182
5468 11806
6779 9522
7391 11863
7855 11824
8119 9152
8238 11863
8272 11875
9168 10106
9437 9683
9522 10158
9683 11241
