19 11779
42 968
43 2062
76 836
76 5065
76 11760
87 8956
96 97
138 434
138 1361
138 2158
138 3030
138 3420
138 11890
153 5912
158 2307
158 5912
158 8956
158 11779
190 11381
201 1755
258 1122
258 8008
348 11489
374 767
410 11779
414 3446
434 577
434 9480
444 1321
461 467
467 11129
467 11360
573 1298
577 7311
577 9480
610 6502
767 11779
852 2062
881 6596
968 1193
968 1877
968 2869
1002 2956
1002 9776
1013 1751
1075 6160
1122 9257
1144 11203
1359 4507
1361 1755
1361 2307
1361 3420
1361 4377
1361 5681
1361 11890
1531 5008
1604 4839
1636 5008
1636 11129
1636 11891
1755 3420
2027 4419
2027 7855
2027 10318
2062 3505
2111 2243
2203 8901
2307 6429
2307 8467
2529 11891
2692 4187
2692 11779
2762 2919
2762 3420
2956 3636
2956 5008
2956 7855
3041 6108
3113 3515
3160 11340
3171 5065
3405 4882
3405 11892
3420 5681
3420 8754
3420 11887
3420 11889
3420 11890
3535 4746
3535 7290
3636 5008
3636 10158
3636 10182
3852 11499
4140 9326
4370 4419
4419 10318
4507 10158
4507 10273
4577 11779
4746 9787
4746 9848
4746 10040
4746 11129
4839 11891
4841 5658
5217 9565
5468 7311
5468 10365
5652 11779
5912 9565
5912 10273
5912 11203
6108 10249
6889 11891
7034 11891
7252 11779
7534 9776
7855 10318
8238 11799
8805 11779
9002 11779
9152 9787
9285 11779
9285 11893
9332 11867
9683 11896
9848 11129
9848 11360
10158 11894
10273 11740
11129 11360
11728 11895
