26 11830
37 1390
43 9829
76 10558
77 2592
94 621
94 1786
97 836
97 4632
110 10558
135 11824
138 3515
138 9776
138 11850
153 3745
153 11851
158 442
186 434
196 8238
201 2592
315 8238
318 836
318 4031
383 4187
383 10342
383 11504
407 2592
442 5263
519 10342
572 1877
577 1966
610 8238
729 1390
729 11850
774 5616
836 1742
836 6498
839 2437
839 8197
1006 2592
1057 11751
1206 4050
1245 2057
1245 2158
1256 11251
1276 5127
1321 3515
1361 2592
1361 5049
1365 6889
1365 9312
1390 3409
1390 4746
1390 11251
1390 11360
1531 2825
1531 10342
1531 10716
1563 2592
1630 3984
1794 9776
1985 11749
2158 2306
2158 3515
2158 9829
2177 9829
2306 7714
2307 2592
2389 9683
2472 3000
2529 3745
2529 9776
2592 6189
2592 9152
2592 11751
2592 11845
2762 11749
2767 3745
2767 11843
2775 11848
2956 9776
2974 11814
3171 6429
3171 8474
3313 4050
3322 10643
3355 6429
3515 9323
3515 9829
3627 3636
3636 6203
3745 3882
3745 7213
3745 11661
3843 11340
3897 6467
4448 6498
4746 5828
4771 9829
4924 11565
5065 8197
5065 8474
5065 11843
5065 11848
5127 11751
5828 11824
5966 8238
6429 11452
6467 10465
7391 8238
7659 11751
8067 10342
8096 8238
8298 11849
8887 11833
9829 11847
10273 10643
10273 11846
11203 11843
11340 11800
11340 11844
