2 280
2 366
14 729
14 948
26 675
26 1318
29 196
29 613
30 348
30 878
39 1413
43 1434
59 280
59 1420
73 201
73 233
73 570
73 1197
74 1335
76 461
76 505
76 963
76 1214
76 1369
76 1374
76 1406
76 1419
76 1434
76 1437
80 610
88 852
90 1381
95 271
95 729
95 1430
95 1434
109 613
135 461
135 505
135 1374
135 1378
135 1422
140 191
158 280
158 1361
158 1438
184 366
184 1421
186 1393
189 1434
190 810
196 1352
201 233
206 729
226 1424
233 354
233 570
236 875
280 1051
315 618
370 461
405 1431
414 1414
423 1351
451 1433
461 565
461 859
461 891
461 963
461 1214
461 1268
461 1300
461 1361
461 1419
461 1427
461 1431
461 1434
461 1435
490 950
505 1300
505 1427
506 1177
506 1381
526 1438
526 1439
539 1214
546 599
551 1428
565 859
565 1300
570 1214
570 1335
570 1366
570 1422
577 1426
610 852
610 1292
613 1430
686 1421
691 1381
729 789
729 1381
729 1402
839 1198
852 1300
852 1406
859 1300
875 1300
946 1300
963 1256
963 1432
991 1268
991 1300
991 1338
1051 1255
1125 1361
1164 1366
1177 1381
1177 1436
1197 1256
1197 1381
1197 1438
1214 1393
1214 1413
1255 1272
1255 1366
1256 1381
1268 1300
1268 1431
1300 1351
1300 1419
1300 1431
1300 1432
1351 1352
1351 1361
1351 1439
1361 1393
1361 1406
1361 1435
1361 1438
1393 1406
1393 1421
1393 1425
1393 1432
1408 1429
1419 1427
1432 1433
