7 76
70 76
70 10273
76 138
76 432
76 11949
90 656
93 1948
138 570
138 1244
138 11955
153 11954
318 1550
432 1796
531 1531
531 4092
531 10040
573 836
577 11953
610 9757
618 1550
621 11957
656 1917
656 1996
729 11929
852 3313
852 4949
852 5041
852 11958
881 11929
891 8445
968 1877
1002 10114
1002 11629
1006 2019
1006 8445
1006 11949
1041 1863
1057 4949
1114 3072
1243 11960
1268 8197
1359 6434
1517 7659
1531 2762
1531 11683
1531 11930
1531 11958
1550 9152
1709 8121
1836 11952
2016 11950
2192 10027
2333 9610
2389 11929
2748 11949
3024 11945
3381 11915
3515 11955
3573 11938
3636 11949
3984 4007
3984 11946
3984 11959
4136 11935
4384 7290
4384 10730
4419 9610
4523 8119
4955 11948
5263 10492
5362 7463
5440 11938
5440 11952
5440 11955
5471 11340
5550 11509
5785 7398
5785 8197
6692 9140
6779 10321
6779 11683
6779 11954
7216 7290
7335 11929
8067 11949
8121 11929
8197 11629
9425 11951
9425 11956
9789 10321
10158 11683
10166 11947
10995 11509
11037 11955
11248 11953
11938 11952
11943 11949
