14 3381
19 8467
42 11913
42 11915
43 11904
43 11914
75 221
76 1057
76 11816
77 5127
87 5065
97 9939
134 221
134 4171
134 11914
138 153
138 1256
138 5720
138 11918
158 11271
172 6362
196 6373
221 406
221 1517
221 2053
221 2599
221 2674
221 4171
221 4216
221 8197
221 8908
221 11194
221 11914
348 11911
391 2599
406 4216
467 4380
501 9462
531 1531
563 10889
572 1369
572 10889
577 5065
577 7382
610 11909
618 5065
641 3623
659 3420
762 11917
1002 5493
1002 7186
1002 8625
1002 10889
1057 1531
1057 1622
1057 9708
1179 5021
1179 5119
1200 1787
1206 1787
1242 4216
1256 8625
1361 11543
1369 8908
1369 10889
1517 7659
1531 2956
1625 6189
1636 9708
1709 9939
1786 8965
1786 11915
1854 2027
1854 11326
1863 11867
1917 10818
2019 11906
2019 11914
2027 9462
2053 6189
2053 11620
2053 11913
2102 11915
2111 9939
2203 8901
2255 6362
2324 9939
2617 11915
2656 6816
2674 8197
2762 3623
2762 11103
2816 5560
2956 5720
2956 11906
2970 5699
3030 9565
3088 11909
3158 11914
3171 4798
3636 10158
4001 8272
4141 11760
4380 4866
4380 10465
4382 5272
4390 11915
4708 11915
4746 5635
4746 11915
4798 6298
4798 6816
4798 7382
4866 10465
4949 11908
5008 5065
5065 7391
5141 11920
5215 5938
5362 11291
5373 8197
5373 10889
5468 10959
5468 11920
5493 8625
5699 10818
5720 11918
6203 8914
6619 7382
7186 11620
7311 10465
7335 10889
8197 11701
8625 11203
8965 10818
9379 11907
9939 11620
10040 11916
10816 11586
11203 11597
11732 11915
11779 11907
11779 11921
11911 11912
11917 11919
