4 397
14 26
14 280
14 1268
25 1406
25 1413
26 29
26 83
26 258
26 434
26 461
26 621
26 729
26 1164
26 1255
26 1268
26 1300
26 1446
29 613
30 109
30 158
30 370
30 1036
39 1413
42 1449
42 1454
68 109
73 570
73 1214
74 895
74 1335
76 158
76 570
76 659
76 852
76 1282
76 1442
76 1454
80 423
80 442
80 686
83 158
83 206
83 303
83 370
83 621
83 1444
83 1445
83 1449
94 158
95 1442
101 948
109 370
109 729
109 1036
109 1243
109 1443
133 836
135 881
137 1002
158 370
158 570
158 824
158 892
158 1445
184 1442
184 1450
190 1384
201 1197
206 659
206 1447
216 1453
235 1099
238 370
255 1255
258 280
259 1393
303 570
303 1282
303 1361
303 1406
348 621
348 1450
368 659
370 1366
370 1444
386 1447
414 1414
423 963
423 1361
434 1256
442 1449
449 830
449 1454
461 565
461 1268
461 1282
461 1361
519 659
563 659
565 859
565 1449
570 824
570 1449
599 1438
600 1447
610 852
613 659
613 963
659 1214
659 1243
659 1406
686 1421
712 1452
729 1437
729 1440
771 948
771 1036
771 1448
789 1454
836 1366
839 1451
852 1214
852 1244
852 1256
852 1442
852 1449
859 1268
875 1268
881 1452
948 1268
948 1406
948 1441
1002 1449
1031 1413
1036 1448
1041 1406
1051 1361
1099 1164
1164 1268
1197 1256
1197 1381
1197 1393
1197 1455
1214 1256
1214 1292
1214 1413
1243 1256
1256 1381
1256 1413
1268 1300
1268 1440
1268 1448
1272 1413
1282 1300
1300 1454
1351 1417
1359 1361
1361 1442
