43 2627
43 11984
97 433
138 434
138 1361
156 11983
196 5325
196 11992
196 11993
221 1540
253 708
258 4018
412 8466
467 2003
467 3420
573 1854
577 11383
599 11988
621 4855
621 5065
621 10884
621 11383
621 11989
762 8941
852 8208
904 970
948 6108
948 11929
1056 3405
1231 9683
1264 2255
1531 6448
1531 11929
1531 11990
1531 11991
1636 11985
1709 2027
1709 2319
1709 11986
1786 11994
1917 11983
2255 2962
2255 11620
2355 2627
2529 4946
2529 8208
2574 4216
2574 8197
2627 2692
2628 11979
2650 5831
2694 6108
2741 4946
2888 6108
2888 8901
2962 7391
2962 11620
3072 3984
3072 6203
3195 6108
3381 10321
3636 11985
3975 11984
3984 6203
3984 9789
3984 10382
4177 4546
4242 11992
4419 6108
4858 8208
5065 11383
5272 11985
5785 7398
5831 10382
5831 11978
6373 7955
6448 11991
6779 11954
7290 11976
7391 11979
7593 9153
7955 11573
8197 11966
8466 11987
8824 10456
9241 11989
9439 11509
9888 11344
10939 11863
11203 11985
11943 11982
