43 4879
76 6392
96 8363
138 1361
138 1745
138 11890
158 8956
196 3168
196 11347
258 5265
258 10347
348 621
348 7391
467 11129
467 11360
501 9462
508 2943
563 9722
572 985
573 7399
634 928
823 11723
834 11898
839 2111
839 4746
839 11305
928 4314
1002 4879
1002 8914
1002 10718
1144 11347
1193 2319
1242 5599
1361 1755
1361 4879
1361 11890
1361 11894
1527 2499
1527 2956
1531 2956
1531 5008
1593 10959
1636 9776
1636 10273
1763 11900
1877 11899
1915 3535
1917 10816
2027 7399
2027 9462
2057 4908
2248 10959
2256 7190
2274 4031
2274 7391
2499 8197
2694 3420
2762 9332
2816 3420
2816 5560
2956 5008
3160 7647
3168 11799
3190 11754
3405 9722
3405 11723
3420 10157
3446 4765
3843 7190
4057 11259
4140 10465
4187 5265
4382 5272
4577 8197
4746 6596
4746 9848
4746 11129
4771 11899
4841 5658
4879 4949
5031 9299
5127 5471
5141 11803
5174 9152
5272 11251
5468 8363
5468 10959
5468 11489
6203 8914
6203 10718
6225 6500
6247 6767
6373 11900
6429 7801
6429 11897
6596 11897
6619 11897
6801 8067
7034 11891
7391 9722
7391 10730
7744 8144
7801 8409
8067 11901
8119 11806
8124 11806
8197 11768
8472 9152
9722 10730
9789 11347
10293 11897
10558 11806
11037 11754
11129 11360
11489 11897
