14 11779
28 12077
42 117
42 6362
42 9939
76 12077
95 3545
96 5179
117 659
117 2522
117 4507
122 12069
153 2534
158 12075
253 3673
303 580
348 6362
412 12059
455 7331
573 9896
577 618
577 3737
577 7391
610 5065
621 5550
621 6362
621 11115
621 12074
641 3953
659 6498
729 11986
762 6498
852 12075
872 1864
881 10465
881 12062
897 3065
938 2617
1256 12087
1359 11751
1359 12076
1361 12086
1393 5560
1531 11340
1531 12079
1539 7681
1539 12082
1604 2627
1751 12084
1812 5065
1825 12082
1864 8272
1941 12079
1996 7398
2057 5065
2057 11340
2199 2600
2472 11115
2529 9147
2534 8225
2627 11862
2627 12018
2640 12087
2674 3953
2694 7872
2756 3313
2782 7681
3030 9721
3065 4117
3122 5966
3122 12068
3195 10071
3204 8912
3368 6779
3381 4032
3381 8824
3545 3745
3545 8312
3545 11863
3636 3953
3693 12074
3953 4038
3953 4117
3953 6596
3953 8981
4031 9721
4090 4382
4090 6362
4117 12079
4117 12082
4140 9326
4174 5966
4301 7681
4507 7534
4577 9565
4702 7391
5065 6362
5065 11115
5065 12076
5179 11340
5179 12079
5272 6362
5362 9939
5430 9954
5430 12077
5831 12083
5831 12084
5966 12068
6015 12084
6036 10604
6036 12019
6616 9326
7141 12085
7681 12078
8197 9896
8298 12074
8796 11779
9152 12074
10278 12068
10416 12080
10465 12074
10465 12079
10981 11203
11159 12077
11270 12061
11340 12079
11862 11951
11938 11986
11986 12070
12081 12082
