7 10465
46 2956
46 4064
46 4731
74 97
76 2970
76 12107
90 8363
96 8363
156 12118
158 12110
162 1996
482 686
528 12116
577 618
577 12101
577 12116
618 12023
621 12023
671 6373
762 1255
762 1256
762 2529
762 5430
762 11531
837 10040
852 8674
904 1724
904 11267
938 3592
968 1268
968 2229
968 2674
968 4216
1056 4882
1206 8674
1255 5468
1255 5658
1255 8494
1255 9122
1255 12109
1268 4216
1268 8272
1341 12107
1359 1531
1359 12104
1531 2762
1531 3636
1531 7290
1531 10347
1540 12104
1785 11548
1854 6784
1985 9954
2053 2956
2053 4731
2229 3975
2389 3169
2472 12106
2529 12109
2739 12114
2762 3636
2762 7290
2767 5272
2767 7391
2767 12101
2767 12110
2956 4731
2956 11285
2956 12114
2970 6429
3158 11203
3169 3405
3377 8197
3377 12117
3592 11728
3657 8735
4216 11340
4216 12114
4234 6498
4534 7290
4536 11203
4632 11285
4731 11533
4838 5065
4838 5616
4838 10177
4838 12104
4924 12007
5065 8735
5065 11533
5065 12023
5065 12104
5065 12105
5065 12112
5065 12113
5119 12113
5179 10801
5272 12109
5272 12110
5427 7290
6203 11533
6203 12105
6448 12107
6498 8363
6596 11360
6708 7944
7335 11285
7391 12023
7391 12101
8298 10040
8674 10347
8735 9152
9241 9789
9241 11996
9352 11251
9425 12110
9722 12111
10027 12106
10277 12108
11203 12111
11203 12114
11251 12108
11340 11533
11565 12110
11775 11951
12110 12115
