76 904
76 8674
95 1198
96 8363
97 904
117 4507
117 6619
196 8238
196 12098
406 11340
455 1426
455 6779
573 968
610 2180
610 8786
618 7391
618 9928
671 3843
671 6373
671 8119
837 7846
837 10040
852 1745
852 3515
904 1361
904 3355
938 4283
968 1369
968 5373
1106 2762
1198 4117
1198 5560
1206 2762
1268 2229
1359 12104
1369 7283
1413 11991
1531 2762
1531 12096
1540 12104
1745 7801
1825 2599
2017 11779
2057 2529
2057 3707
2057 8197
2122 8197
2199 2956
2229 6479
2313 12104
2529 2640
2529 3707
2534 4064
2534 8225
2599 4117
2599 12079
2619 11285
2650 11779
2762 3088
2767 12101
2767 12102
2956 8298
2970 8197
2970 9928
3088 11998
3355 9928
3401 3764
3405 12093
3673 12091
4280 12103
4577 11779
4632 10660
4632 12094
4746 7391
4783 8363
5065 11115
5065 12104
5159 8197
5373 8338
5699 12104
6373 12091
6429 7391
6619 12094
7391 9928
7391 12101
7398 12102
7846 8712
7846 10040
7846 11340
8197 11285
8197 11938
8197 11998
8613 11241
8955 12100
9152 12098
9168 11998
9352 12021
9928 10409
9928 11938
10040 11340
10321 11340
10416 12073
10944 12098
11159 12077
11340 12102
11990 12079
12098 12099
