26 839
29 12005
59 76
59 151
59 5065
76 2529
76 8197
96 8363
151 11922
153 12002
158 11996
158 12005
196 8238
196 11993
258 4018
348 11961
434 6618
509 839
573 1854
577 7955
610 8512
729 1177
948 11929
1002 9939
1177 2529
1177 8197
1242 1540
1321 12002
1370 4523
1370 5468
1370 7391
1517 1540
1531 5832
1531 11930
1540 9683
1687 5616
1742 8363
1854 4746
1877 4523
1877 12005
1977 12005
2057 3152
2245 5832
2255 2962
2255 11620
2355 5720
2389 2694
2389 6108
2583 12000
2694 6108
2767 9915
2767 12005
2820 11998
3313 10203
3515 9915
3636 11203
4031 12001
4092 8086
4116 12004
4213 4924
4216 8272
4400 8124
4507 12003
4858 8208
5065 11383
5065 11930
5270 8197
5272 8067
5272 12004
5386 6618
5468 8363
5493 5832
5616 5832
5616 6945
5616 8067
5616 9565
5831 10382
6373 7955
6596 12004
7290 11976
7647 8238
8067 11203
8067 11995
8086 11742
8124 8244
8208 11997
9168 11998
9789 11996
9841 11993
10273 11575
10273 11990
11742 11990
11951 11996
11993 11999
