28 12077
76 3177
88 2399
122 1531
138 3177
138 8950
138 12146
153 4523
156 11925
196 12144
201 4746
258 1256
258 1268
258 3381
258 3484
258 5373
442 5616
455 938
455 2460
455 5078
455 8159
467 9776
467 12111
508 2943
528 12111
618 11095
621 4632
762 12147
762 12149
837 12037
852 1256
852 3307
897 6400
897 10660
921 1527
938 1395
938 11095
938 12150
1057 11629
1060 12111
1106 3177
1144 5078
1206 2158
1206 3313
1206 3707
1206 4117
1206 12148
1255 1792
1255 3177
1256 1531
1256 6618
1361 2396
1527 1792
1527 9939
1531 3307
1531 4117
1531 6990
1531 11629
1636 12148
1786 2278
1877 12044
1986 12131
1990 9573
2118 9217
2158 12148
2278 5215
2313 4216
2319 2406
2333 4746
2333 8930
2389 2694
2399 2529
2406 2694
2406 3634
2406 4370
2406 11101
2406 12144
2562 3634
2599 12140
2650 10900
2660 6429
2694 4523
2919 6109
2956 8445
3171 10061
3195 12144
3307 4157
3307 5720
3313 12148
3355 12111
3484 8093
3634 4882
3636 11629
3677 6203
3745 5720
3745 12026
3887 8093
4031 11925
4092 10531
4117 4523
4117 12146
4325 11251
4325 12145
4507 4746
4536 8197
4536 12111
4546 8272
4546 12124
4546 12144
4632 10465
4746 12026
4822 4917
4949 8197
5215 11953
5265 7382
5265 9888
5468 9573
5487 10304
5615 12111
5720 12026
5720 12148
5831 11803
5831 12148
5857 12148
5966 12124
6203 12146
6400 12143
6596 11629
6596 12111
6618 10304
6618 12140
6619 11066
6619 12137
6916 12149
6990 8281
7801 12148
7944 12044
8184 11095
8197 8698
8272 10304
8901 11101
9152 9352
9152 12149
9352 9789
10273 12146
10321 11565
10347 12002
11101 12144
11383 11925
11565 11803
11938 12138
