29 839
29 1917
76 4746
88 2583
97 3505
117 455
117 2156
117 9789
153 5127
153 8124
153 12206
201 5439
201 12236
348 4546
348 4746
348 12239
383 3636
455 1768
455 12236
461 3484
621 1514
621 2319
621 11066
621 11962
736 11533
762 1206
839 4746
839 11066
852 11436
881 12067
968 7855
1002 1768
1002 5127
1002 12240
1036 5550
1057 10265
1206 2529
1206 3992
1206 4641
1242 12238
1242 12242
1256 11436
1268 11489
1359 2762
1375 4746
1531 7311
1877 11489
2027 11723
2070 3158
2070 4536
2070 4746
2122 12240
2123 11305
2215 2628
2215 3030
2319 8197
2319 11489
2529 3992
2529 4746
2627 3992
2640 12206
2767 12243
3636 12193
3673 11489
3707 3992
3893 12241
4031 11141
4064 12206
4092 5439
4092 7311
4092 7957
4419 11489
4536 4746
4544 9827
4746 11214
4783 11066
4924 12007
7311 12237
7391 8379
7855 11489
8124 12238
8124 12240
8197 11489
8197 11723
8197 12240
8197 12242
8379 9323
9143 9529
9292 11436
10592 12206
10868 12022
11037 12231
11141 11489
11340 11533
11489 11938
11938 12240
