43 1786
43 9282
76 221
90 3107
95 12288
117 455
134 4117
138 1904
178 839
178 8197
221 1540
221 6448
221 8197
221 9978
236 6448
267 9161
290 3648
374 2064
383 641
442 11851
455 12236
461 5065
467 10730
528 7801
572 8197
577 5824
610 6817
708 839
762 11376
762 12282
837 1076
837 10040
837 10969
837 12272
839 5824
846 1527
846 3377
852 1256
852 2529
852 2583
852 4092
852 5720
852 11376
852 11851
866 4187
1002 8340
1057 1812
1076 12286
1193 9299
1226 8340
1256 11376
1268 12276
1709 2956
1709 5012
1709 12292
1737 7128
1804 9449
1812 5824
1812 12284
1831 2342
1831 12282
1854 2255
1854 11074
1904 5270
1972 3107
2062 9161
2062 12287
2245 11340
2342 5065
2342 12282
2529 8093
2529 11376
2529 11851
2529 12283
2582 2583
2582 4011
2582 12284
2627 12291
2762 9565
2956 8197
3086 9868
3329 12281
3533 12059
3700 12281
3751 5720
3887 4731
3943 12281
3984 6203
3984 10969
3984 11340
4092 12283
4117 5065
4117 7281
4187 7801
4414 5065
5065 6713
5065 7801
5065 8197
5119 7128
5265 12236
5265 12258
5270 12287
5362 7081
5471 8197
6203 12293
6373 8014
6448 8124
6618 11340
6945 10273
7090 12280
7157 11383
7290 12287
7311 11376
7634 12278
8014 8190
8197 8272
8197 9896
8197 12140
8197 12289
8281 12290
8613 9161
9352 9789
9449 12245
9865 12265
10789 12277
10913 12281
11326 12293
11340 12278
12253 12288
12281 12285
