25 2158
26 3160
29 12222
37 9235
76 6885
76 9776
117 7081
134 1361
138 6429
140 4746
158 12222
158 12299
158 12327
201 2062
208 11848
221 5471
287 12329
338 821
383 1831
383 8981
412 6203
412 12321
455 7081
455 12313
565 2158
608 1917
618 11848
729 1177
762 4949
762 12328
839 1804
852 2158
852 2529
852 4452
852 4949
852 12323
852 12330
897 1369
897 1561
928 1527
1002 12313
1006 1177
1144 9425
1144 12319
1177 1206
1177 4092
1177 7290
1177 10465
1198 5471
1198 8466
1206 2158
1206 2756
1206 5720
1361 12330
1417 12337
1527 12334
1531 8466
1636 4949
1636 6596
1636 6945
1636 12326
1831 4949
1831 8197
1831 8981
1831 12328
1985 3030
1985 4873
1985 5362
1985 11848
2057 12304
2062 8024
2124 12333
2158 2674
2158 2767
2158 6203
2529 6448
2529 12330
2529 12338
2582 2739
2583 9152
2627 12332
2674 4873
2762 4092
2767 12279
2767 12333
2767 12336
2825 4216
2956 10293
3030 4873
3160 11565
3526 12316
3526 12331
3573 12324
3636 7801
4092 10018
4117 4949
4117 5616
4117 6618
4117 9633
4117 12328
4135 11340
4216 12328
4949 5616
4949 7634
4949 11103
5100 9235
5272 5616
5362 11848
5616 11758
5616 12328
5616 12335
5699 12327
6203 9757
6203 12222
6373 10846
6389 11680
6448 12222
6448 12319
6448 12327
6596 12299
6618 12222
7034 12325
7471 9757
7942 12125
8197 9888
8409 12330
8686 11340
8712 12327
8824 12320
9633 9888
9633 11340
9776 12326
9940 12172
10018 12255
10465 12092
11340 11848
11340 12222
11340 12327
11340 12332
11683 12328
