6 9697
26 338
26 2149
31 12126
42 4643
43 8272
76 8272
94 4456
96 897
96 8197
110 897
110 12374
132 11605
138 1255
158 5100
158 12428
191 1831
258 1709
258 3030
258 9152
318 2215
444 12018
455 12018
455 12398
563 8379
568 3356
572 5249
573 12245
573 12430
577 8379
618 8379
641 1140
686 12418
729 5249
762 1256
762 3313
762 5100
762 11297
836 12356
852 1256
852 2529
852 3313
852 3388
852 6817
852 12419
881 9152
897 2158
897 2255
897 3528
897 5012
897 7335
897 8197
911 12255
1002 1517
1002 6779
1002 8124
1057 1179
1115 11548
1144 12420
1255 5270
1255 6467
1256 3388
1280 1563
1280 8272
1365 6916
1369 2669
1392 1786
1395 12426
1413 5616
1413 8484
1527 2158
1527 2694
1527 12409
1709 2694
1709 3030
1709 9978
1745 4643
1786 4390
1786 8521
1786 12429
1787 3856
1824 12430
1831 5362
1831 9565
1917 2326
1985 10592
1985 12414
2086 12430
2191 3254
2197 12414
2256 4643
2313 12312
2468 4419
2468 5012
2468 12422
2504 11360
2600 10409
2756 3388
2767 8298
2767 12434
2845 5100
2902 4126
2956 5721
2956 11533
3065 12128
3110 10409
3313 3388
3405 12430
3484 4419
4117 5249
4117 12366
4117 12418
4187 12022
4187 12434
4386 12429
4488 5706
4632 12425
4731 8272
4746 12432
4968 12366
5065 8484
5065 10409
5100 5270
5127 12373
5249 5440
5249 6373
5263 12426
5272 12022
5362 12418
5439 12388
5479 9152
5720 12431
6203 11533
6373 12356
6448 11605
6498 12422
8124 8197
8197 11533
8379 12262
8484 10409
8521 10293
8955 12433
9000 12430
9152 10465
9152 12427
9152 12430
9195 12424
9323 12421
9573 12245
9697 11703
10068 12423
10409 12388
10465 12427
11172 12424
11533 12128
11779 12435
12245 12430
12380 12381
12381 12426
