19 7491
43 656
43 8068
43 10378
43 12340
73 3624
97 1255
138 12345
153 11383
191 11115
383 641
383 1531
383 8981
383 12338
461 12343
467 1255
572 8197
572 11938
573 12345
762 12332
823 2627
823 12339
836 8068
836 11141
852 3707
852 4949
866 2767
866 4382
866 11061
928 12070
1144 9425
1200 2223
1200 12344
1395 12336
1413 11489
1527 3041
1527 4419
1527 6108
1531 5616
1804 2255
1831 12348
1877 6108
1917 11383
2057 12304
2062 8024
2199 11489
2223 8093
2223 12344
2256 12299
2313 12313
2313 12341
2389 12346
2424 4523
2465 2627
2465 4187
2529 4216
2529 11383
2583 5487
2583 9152
2627 7801
2669 12346
2674 8197
2674 11489
2767 3160
2767 7801
2902 8197
2956 5272
3041 6108
3160 7647
3239 5065
3322 5471
3707 4949
3745 11383
3801 11799
4011 11789
4018 5629
4117 6596
4117 6618
4117 12343
4419 6108
4746 12349
4839 11789
4924 10321
5272 5616
5272 11696
5373 12340
5468 8068
5706 11068
5720 12344
5966 7034
6373 10378
6373 10846
6448 7984
6618 12222
6618 12349
7034 11383
7391 12345
7801 9789
8093 9633
8147 9152
8197 11489
8197 11696
8550 11340
8686 11340
8712 9868
9683 12070
9683 12202
10321 11340
10321 11779
10378 11340
11037 11789
11340 11696
11340 12332
11489 12342
11779 12332
11881 12341
12346 12347
