7 12353
12 1709
12 4419
19 729
46 1540
95 4126
95 12345
134 4117
135 12352
138 2529
138 4544
138 12350
153 11136
153 12351
158 1170
158 1917
158 11340
158 12351
201 1657
374 11548
383 641
383 1531
383 12338
405 696
412 4949
434 4709
434 12351
442 4382
461 6467
467 3953
467 4117
467 4949
467 5816
532 12314
536 2762
536 2767
539 572
572 3158
572 8197
573 12345
577 4949
618 4879
618 6429
762 12090
774 4949
774 5616
821 5439
836 8068
836 11141
852 1256
852 4949
852 5427
852 5616
852 9565
866 11061
928 1527
968 4783
968 5468
968 9462
1002 5824
1170 1917
1170 8197
1255 7290
1256 2488
1359 5824
1361 12351
1361 12354
1365 12338
1527 8121
1527 12346
1531 9185
1539 10475
1636 4092
1636 4117
1636 4949
1636 5065
1636 9185
1657 2057
1657 3856
1657 6223
1657 9323
1657 11136
1657 12341
1812 12351
1831 12348
1917 2970
1917 7034
1917 12353
2027 9462
2111 8197
2389 8121
2529 12350
2534 4187
2582 2756
2582 5065
2756 4187
2756 4949
2762 2767
2767 12279
2767 12351
2888 9462
2902 6596
2956 5824
3239 9559
3283 4882
3380 11136
3800 8197
3856 6223
3865 9610
3953 5816
3984 5065
3984 6498
4031 12345
4038 5439
4117 12357
4187 4949
4188 9958
4353 11548
4879 9323
4879 10730
4949 6498
4949 9168
5065 9185
5065 9323
5065 12126
5272 12351
5427 5720
5720 11136
6223 8093
6373 10378
6373 10846
6373 12356
6429 12358
6448 8272
7391 12352
7398 12353
7944 9217
8137 9868
8241 12355
8712 9868
9462 12245
9855 12349
10139 11848
10321 11779
11340 12332
11548 11763
11848 12355
