28 3166
42 5272
43 221
43 852
43 12090
43 12467
76 1831
76 12469
76 12473
79 7593
83 12469
88 1255
96 3166
153 12471
158 11226
315 1854
405 1917
405 11938
455 5272
455 8197
455 12473
467 11129
577 11226
610 12459
621 12471
729 852
762 10273
852 2057
852 4117
852 4846
852 10660
852 11000
852 12178
1070 4846
1198 4117
1198 4839
1255 11037
1264 9698
1268 12465
1298 3166
1321 5720
1359 12178
1539 2767
1570 12474
1657 1854
1657 9998
1831 3947
1831 5720
1831 9958
1854 2389
1854 4117
1854 6817
1877 12435
2256 12475
2669 7760
2669 12442
2767 3388
2767 5375
3030 10651
3545 12476
3707 8093
3707 12471
3947 12468
4011 12477
4031 5468
4092 6284
4092 12178
4117 12178
4382 12476
4632 12471
4746 12469
4839 11848
4886 9877
5065 10399
5272 8197
5487 7792
5616 11203
6017 10409
6134 7104
6284 8446
6284 11129
6448 7792
6596 11808
7104 12442
7190 11993
7190 12478
7391 12460
7855 9721
8093 12471
8955 12022
9721 11464
9998 11340
10273 12473
10399 11340
10416 12471
11144 11340
11340 12460
11340 12477
11848 12355
12090 12442
12307 12372
12468 12472
12470 12471
