14 6109
29 4026
43 7741
43 12674
117 5119
128 10268
134 5616
138 4802
138 10706
151 4026
206 3887
304 2231
315 1985
370 12421
374 455
374 9168
412 839
412 2231
455 2767
455 12671
467 6284
467 6596
467 11808
467 12523
568 12421
610 1013
610 2158
618 1177
618 2954
618 12523
762 2816
762 12665
781 10293
846 3405
852 3707
1206 12665
1242 5362
1242 11533
1255 2255
1255 2888
1255 11305
1256 3707
1268 2053
1321 2603
1375 12660
1531 3636
1531 10040
1605 12664
1636 6324
1709 5948
1709 12090
1786 5272
1877 11489
1917 6596
1917 12651
1972 12421
1985 4188
2027 11489
2053 2204
2158 4771
2158 7391
2231 3636
2231 8067
2231 8197
2231 12672
2488 12670
2603 12676
2767 11908
2767 12669
3072 3984
3072 4839
3072 6109
3072 7741
3072 11779
3195 4026
3487 10730
3636 12640
3707 11037
3984 6109
3984 9596
3984 11779
3984 12395
4026 5560
4117 12675
4157 12666
4731 12090
4731 12674
4771 7391
4771 8197
4839 6324
4886 5065
4924 12668
4924 12669
5100 9596
5119 12667
5362 11533
5616 11203
5769 12629
5831 9596
5948 7855
6373 8768
6448 12674
6498 12675
6618 11340
8197 11489
9037 12678
9152 12395
9152 12421
9168 12355
9323 12677
10555 11340
10632 12245
11808 12614
11943 12629
12300 12673
12372 12421
12395 12586
