0 2
0 48
0 461
0 570
0 1106
0 1523
3 14
14 618
14 1139
19 48
19 59
19 1510
19 1518
25 1520
26 1366
29 1523
30 189
30 1198
30 1255
42 1177
42 1404
42 1523
46 461
46 1268
46 1404
46 1520
48 108
48 1521
68 1051
68 1523
73 1456
76 506
76 729
76 1177
76 1349
76 1404
76 1456
80 1139
88 103
88 124
89 610
94 1106
97 108
108 1519
121 1177
124 133
124 315
124 329
124 618
124 1300
133 221
133 423
134 1300
136 1520
140 1140
140 1526
153 1520
174 1410
189 1523
191 1051
196 610
196 1128
196 1520
196 1524
201 659
221 348
221 461
258 1359
280 289
280 461
280 1361
280 1520
281 950
298 1459
311 950
348 461
348 1164
348 1361
367 1523
368 903
383 1465
408 1243
414 1525
423 461
423 570
423 852
423 1039
423 1256
423 1361
439 1528
455 950
461 504
461 539
461 565
461 948
461 963
461 1177
461 1268
461 1300
461 1404
461 1520
506 613
506 1106
539 729
539 1051
539 1268
565 1518
565 1520
570 852
570 1456
570 1523
610 1523
610 1524
613 1164
613 1366
621 1520
647 1140
647 1504
659 1520
694 1410
694 1523
696 948
696 1520
729 1300
729 1413
834 1051
836 1036
852 1456
903 1523
946 1268
948 1268
948 1404
948 1520
950 1115
1036 1522
1051 1361
1067 1361
1106 1349
1106 1361
1106 1523
1128 1524
1139 1140
1140 1361
1164 1519
1171 1527
1196 1349
1214 1501
1214 1511
1243 1520
1243 1523
1256 1523
1256 1528
1268 1300
1268 1404
1268 1519
1268 1520
1300 1520
1300 1523
1349 1449
1361 1517
