19 7749
28 8363
42 3107
43 9658
43 10846
72 1255
76 412
76 5278
76 5616
76 12729
83 703
110 12733
115 2529
115 11779
117 4822
120 3381
138 2786
138 12680
138 12729
151 5785
158 2786
158 12680
172 12731
412 11340
455 1831
455 3381
455 4746
455 6448
577 12718
618 703
621 762
621 12680
703 1917
762 852
762 6817
762 10846
836 9321
846 6108
852 3313
852 6947
852 12680
968 7710
1036 4997
1057 11666
1206 1256
1206 4187
1206 6203
1206 11340
1206 12721
1242 2786
1242 5125
1242 5616
1255 12565
1256 11340
1256 12721
1268 12680
1365 4771
1539 12729
1540 2245
1540 4117
1540 12734
1724 7749
1879 12718
2019 3125
2027 6108
2245 4117
2245 12734
2299 11037
2428 8732
2472 9610
2529 3313
2529 4117
2529 12729
2599 12727
2650 11340
2650 12728
2767 12728
2786 4216
2787 7855
2816 12702
2820 7961
2820 12702
2820 12729
2845 7782
2919 12680
2956 5616
3072 12698
3166 4031
3239 4026
3380 12729
3381 4746
3405 7127
4092 12723
4117 5616
4117 11340
4117 12734
4187 12698
4188 4746
4236 4382
4456 12725
4615 12729
4746 4765
4746 6448
4746 11340
4746 12730
4882 7127
4882 9610
5065 12732
5125 5366
5125 6779
5468 12729
5616 12726
5785 7398
5966 9649
6203 11340
6203 12721
6203 12722
6203 12726
6373 7059
6619 12718
6644 9625
6947 12718
7127 10268
7127 12719
7391 12725
7391 12728
7534 12729
7749 7782
7749 9958
7749 11779
8570 12488
8698 12733
9037 12729
9152 11907
9543 12245
9649 12463
11340 12706
11340 12721
11340 12722
11340 12724
11728 12720
11779 12723
11881 12731
12355 12356
12434 12734
