43 76
43 1877
43 2453
59 153
59 5041
59 12811
73 4226
88 201
88 12811
110 12805
138 12811
153 8085
153 11340
153 12819
158 5041
201 12811
348 2513
348 9610
348 12793
383 4507
432 1144
432 2762
618 6389
621 12816
636 12810
729 12817
789 1169
803 3708
803 3882
852 12818
1002 4058
1057 12070
1256 12813
1256 12818
1290 2437
1359 2762
1365 2762
1365 2919
1365 12810
1531 2762
1531 12734
1804 12804
1877 4997
2148 12812
2437 4058
2453 11514
2529 3578
2529 10068
2603 9829
2762 11340
2767 5272
2888 11489
3158 12810
3313 12813
3578 12813
3578 12818
3595 12746
3636 12469
3708 3882
4058 10273
4058 12747
4090 12814
4839 12820
5041 12811
5362 12815
5468 11489
5550 12804
6203 6779
6203 12817
6389 7391
6916 12804
7391 12816
7742 9474
8085 11340
8387 12804
9596 10868
10068 11826
11115 12804
11340 12814
11340 12819
11489 12245
11826 12070
12341 12814
12727 12795
