13 12202
37 1256
37 2313
37 2762
37 4117
59 1321
59 8197
88 12811
158 1319
158 3030
201 8197
201 12811
221 549
221 1242
221 1268
302 2437
351 9683
423 1256
432 2762
442 1256
442 3636
442 12469
447 12255
577 2821
577 7391
577 11489
618 11397
621 6650
729 12824
736 12821
789 1169
801 4011
801 6448
817 8197
837 6373
837 12824
852 3595
904 12816
963 12821
1002 2762
1144 9596
1256 2762
1319 3030
1359 12822
1413 2762
1413 12824
2158 12824
2428 2762
2529 6650
2762 4117
2762 5041
2762 10273
2767 5615
2816 2919
2816 12245
2821 7391
2821 9323
2888 11489
3381 9683
3595 12746
3708 3882
4058 5366
4090 12821
4117 5041
4117 12796
4187 9596
4419 12785
4839 12820
4882 12823
5041 7391
5157 10040
5362 12815
5471 9683
5550 9683
5831 9596
6108 8712
6108 12245
6203 6779
6203 9565
6203 12817
6373 12801
6373 12824
6596 12817
7391 12821
7391 12823
9565 10273
9596 10868
10040 12253
10737 10868
