7 12882
42 2313
64 1365
64 2488
64 2756
73 762
73 1169
73 1255
73 1256
73 2488
73 12747
110 348
110 1824
110 6108
128 572
138 12906
138 12911
141 1732
153 1335
158 4746
158 10604
158 12858
196 12709
348 1824
348 11381
455 12882
467 659
467 6982
572 599
572 1268
572 1996
618 2816
618 12871
618 12910
729 762
762 1255
762 1256
762 1786
762 2437
762 4116
789 6203
836 12906
837 5682
852 2437
852 5720
852 11760
897 5682
897 12022
897 12888
1002 6108
1115 12501
1115 12905
1144 4746
1144 10604
1177 2762
1206 2437
1206 3388
1255 4746
1255 5100
1255 7457
1255 10889
1256 12747
1256 12858
1335 12911
1365 2529
1709 6108
1709 12785
1786 1917
1917 2255
1917 10930
1917 12299
1917 12912
1972 4746
2334 5682
2334 5831
2334 9152
2437 3313
2437 3856
2437 3954
2437 5270
2437 6947
2437 11103
2455 10314
2488 12747
2529 5102
2529 9882
2529 10068
2816 12871
2868 12909
2915 9245
3313 5270
3313 6947
3313 8732
3313 12747
3313 12858
3381 12888
3573 4117
3573 4216
3636 12913
3648 12245
3648 12902
3826 9472
3856 6817
3984 5682
3984 9394
4113 12747
4187 5272
4216 6448
4216 12904
4562 7391
4746 5831
4746 10604
4746 12469
4746 12906
4839 12901
4924 10314
5065 12299
5362 6800
5362 12904
5471 11340
5682 6373
5720 6800
5720 12419
5831 6982
5831 7434
5831 9152
5831 9882
5831 12906
5926 6108
6108 11568
6203 10314
6288 12760
6373 12719
6448 12904
6596 8912
6618 10166
6779 12906
6779 12907
7391 12871
8298 10314
8469 12908
8494 10930
9882 10347
9882 12550
9909 12881
11340 12653
11568 12719
12299 12358
12358 12901
12550 12905
12747 12858
12785 12883
12840 12882
12883 12910
12897 12903
