28 138
28 12896
46 729
64 762
64 2756
64 6800
64 9292
76 3947
110 134
110 2825
110 11340
110 11568
117 6373
133 5468
138 2845
138 6816
138 12896
153 6816
153 12894
158 10347
158 12760
158 12905
196 12898
338 559
383 3636
383 4507
412 11220
577 1563
577 4798
729 1177
729 12895
836 12896
852 6816
881 4117
968 12785
1106 8466
1140 4092
1144 12902
1177 12840
1205 2437
1255 2437
1318 12896
1321 1459
1321 3947
1531 12797
1709 12785
1804 12899
1877 12883
1877 12895
1917 3541
1917 10930
2299 2845
2355 12895
2437 4507
2437 11340
2598 11340
2762 6982
2767 5615
3041 12727
3113 3313
3313 6816
3380 9245
3515 7230
3545 3592
3592 6945
3636 5615
3636 12797
4000 7434
4092 7491
4117 12903
4187 12356
4393 10409
4419 9610
4536 12358
4746 12469
4746 12760
4798 7391
4839 11259
4839 12901
5065 12895
5102 12903
5272 12356
5440 6448
5560 12903
5616 11203
5699 12779
5966 6916
6373 9868
6429 12837
6448 12465
6448 12904
6596 12255
6619 10347
6779 12887
6800 6817
6982 7434
7034 12892
7391 12902
7634 12894
8494 10930
9152 12469
10268 12895
10347 12760
10604 12903
11141 12903
11340 12434
11340 12900
12245 12902
12253 12903
12255 12299
12299 12358
12416 12881
12434 12900
12787 12897
12883 12895
12883 12897
12895 12897
