0 90
0 1232
2 455
2 1384
2 1564
7 1564
14 773
30 516
30 1564
30 1568
42 659
42 1566
43 852
43 1562
59 809
76 80
76 461
76 509
76 565
76 728
76 809
76 1140
76 1564
76 1566
80 852
90 289
103 565
103 1305
108 158
108 810
108 1384
124 133
124 315
129 1366
132 903
134 659
134 1527
135 505
158 1559
158 1566
158 1569
159 570
175 195
175 1527
184 659
184 728
196 1278
198 1290
233 831
233 1369
233 1571
238 671
289 565
289 1570
295 621
295 1366
302 1177
302 1539
302 1570
348 1278
348 1551
348 1560
370 621
370 671
370 839
370 1265
370 1543
374 809
374 1565
414 878
423 881
423 1566
432 1562
455 1565
461 852
461 1140
461 1177
461 1558
461 1563
505 1558
506 1557
506 1562
509 570
509 839
509 1164
509 1527
516 1455
516 1563
516 1568
539 1564
565 1559
570 729
570 1564
659 1361
728 852
728 963
728 1070
728 1185
728 1570
729 820
729 852
729 1329
729 1551
781 1305
809 903
809 1198
809 1300
809 1510
809 1573
824 1384
836 1564
852 1070
852 1177
852 1185
852 1214
852 1570
859 1205
859 1338
859 1369
859 1527
859 1557
875 991
891 1369
891 1455
903 1214
903 1558
903 1566
904 1507
948 1361
952 1561
963 1562
1140 1566
1164 1527
1177 1539
1214 1566
1255 1390
1268 1527
1271 1361
1278 1474
1300 1369
1329 1392
1359 1374
1359 1550
1361 1566
1361 1569
1369 1527
1446 1570
1539 1570
1566 1567
1568 1572
