7 1786
7 12469
29 12943
43 12940
73 2816
75 8121
76 6122
96 97
96 226
96 2650
96 3505
96 5468
96 8363
110 10558
117 1917
117 5966
117 7391
117 9323
138 12913
158 2255
158 6619
158 10040
190 3951
201 4886
374 3984
383 3364
467 4536
467 12944
506 12941
528 10040
577 7097
577 7391
577 8197
618 2816
618 12323
634 12719
682 9565
700 3107
729 11947
836 2962
852 3313
852 4846
852 6800
873 2756
873 10789
897 9565
897 11326
897 11947
911 5272
1002 2286
1002 6779
1002 10631
1036 4591
1036 5550
1255 5658
1255 5992
1256 4846
1375 10631
1531 3364
1531 10040
1531 12944
1571 8197
1571 12839
1657 7391
1786 12469
1879 3030
1917 12928
1960 12522
2052 9446
2255 2437
2255 3158
2255 5948
2529 6122
2650 12469
2767 12323
2767 12942
2868 12909
2943 12946
2956 7097
2956 9323
3122 12532
3364 3636
3573 12358
3636 12691
3636 12913
3951 12719
3984 5265
3984 6373
4187 12844
4200 5272
4536 5272
4536 12944
4746 10040
4846 6800
5272 12944
5471 11340
5471 12941
5720 8433
5720 10789
5720 12358
5862 9152
5862 11779
5862 12940
6122 6467
6122 10347
6160 12946
6373 12931
6373 12947
6429 12943
6817 7396
7097 9323
7335 8121
7391 9323
7391 11267
8158 12945
9425 12945
9559 12913
9565 12851
9877 11141
10268 10558
10409 12943
11203 12321
11779 12532
12372 12941
12532 12719
12881 12943
12934 12948
