26 158
42 5366
110 12895
138 1255
138 12896
145 1255
158 2598
158 6429
240 1255
289 12501
304 6161
311 1115
383 572
383 3636
383 4507
394 12269
394 12883
608 852
608 3313
729 8843
729 12895
762 12891
897 3816
1002 12719
1002 12895
1115 12501
1177 12840
1255 6498
1255 8043
1280 12856
1361 12892
1365 6982
1531 12797
1877 11340
1877 12895
1971 11568
1972 5864
2053 12465
2529 5864
2762 12174
3030 8043
3238 7391
3238 11577
3313 12747
3541 12881
3573 4117
3592 9152
3727 6885
3826 12881
3975 12269
3984 4092
3984 4187
3984 12434
4117 12797
4157 11568
4187 5272
4187 8711
4239 12306
4382 6982
4507 8067
4536 12358
4632 8043
4723 12429
4746 6982
4891 8382
4909 12760
4924 5864
4924 12891
4971 6203
4971 7391
5065 12891
5102 6885
5119 5864
5267 11568
5366 5616
5699 12779
5720 9431
5864 11340
5926 6108
6203 12018
6429 8043
6619 10347
6619 12893
6640 12857
6779 12887
6782 6847
7034 12892
7230 12747
9882 12760
10068 12893
11340 11568
11340 12883
11340 12887
11568 12795
12416 12881
12465 12735
12760 12881
12883 12894
