26 559
37 12952
75 2674
96 2111
96 3505
110 10558
122 5265
131 11779
131 12532
135 10409
138 12913
151 1255
151 9421
153 873
153 12959
158 873
158 11340
158 12839
158 12952
158 12957
190 3951
201 12959
271 10040
455 8796
528 10040
528 12959
559 3283
621 1622
656 2472
656 12719
729 4419
730 1365
730 2756
873 11340
897 12885
1002 10040
1106 12959
1177 12962
1255 5658
1321 1972
1321 5308
1365 6982
1365 12358
1437 12953
1531 10040
1786 5215
1786 12469
1904 3856
1972 11205
2089 10040
2111 2650
2268 2455
2730 12954
2756 7041
2767 12959
2767 12960
3283 4390
3283 4964
3364 3636
3636 12691
3636 12913
3943 8740
3951 12719
3954 12961
3973 8373
3984 8197
4031 6223
4187 6223
4232 12501
4419 4546
4419 6708
4536 12928
5308 9152
5427 12839
5560 12952
5699 12779
5720 8433
5831 6223
5831 12958
5992 12469
6223 7093
6223 8225
6223 11565
6362 10040
6596 12957
6596 12959
6618 7093
6916 7443
7071 7391
7093 12471
7281 12913
7443 11340
7611 10558
8197 12955
8259 8632
8281 12957
8740 12951
8885 11267
8981 10040
9152 9789
9152 11267
9425 12957
9469 12954
9559 12913
9789 12956
9882 10347
10040 12253
10347 12501
10409 12955
10846 11779
11291 12913
11340 12952
11340 12959
11568 12582
11683 12913
11779 12532
12410 12954
12501 12952
12582 12812
12719 12946
12881 12959
12949 12950
