26 12928
42 10040
42 12927
43 12934
64 2670
73 1169
76 3856
96 5468
96 8363
110 2324
110 11568
117 1255
117 7391
138 4886
153 11422
158 5041
196 11335
201 4605
201 12918
201 12936
348 6389
403 4860
568 12934
570 3856
573 12345
577 7391
613 12939
618 2816
730 1255
730 4188
762 852
762 1256
839 12090
852 1256
852 2756
852 3313
852 12924
1036 12532
1057 5065
1057 12932
1115 12937
1144 4188
1144 8974
1206 10592
1255 12931
1256 6817
1571 8197
1610 12935
1788 10347
1804 12865
1879 3030
1879 12090
1917 11779
1917 12090
1917 12245
1917 12928
1972 10438
1985 2428
1985 12924
2334 9152
2389 12927
2399 12927
2437 4723
2437 4886
2529 3313
2650 5831
2694 3856
2739 12930
2767 12942
2816 12871
2956 12915
3030 12920
3158 12785
3313 4886
3364 3636
3515 3856
3592 7391
3592 9152
3636 4200
3636 12913
3636 12933
3843 12932
3856 4886
3856 5353
3882 12929
3954 5801
3975 11489
4200 5272
4382 12332
4382 12364
4605 10068
4731 10604
4746 12881
5041 11422
5041 12936
5065 10438
5065 12932
5270 7230
6373 12931
6779 12934
6873 9877
6945 12934
7230 10068
7391 9323
7391 10438
7391 12924
8197 11489
8197 12883
8472 12931
8917 10202
9152 11335
9425 12937
10068 11422
10347 10604
10347 11228
10347 12937
10438 11340
11422 12940
11464 12785
11489 12883
11489 12927
12245 12345
12245 12865
12332 12372
12372 12941
12532 12719
12614 12934
12785 12883
12865 12883
12912 12938
