0 1300
2 1580
3 1404
3 1527
19 1300
19 1575
25 1572
26 338
29 1392
30 43
30 124
30 159
30 516
30 597
30 824
30 1035
30 1572
42 476
42 824
42 852
42 1381
42 1527
69 852
69 1177
69 1563
73 1256
75 1148
75 1300
76 124
76 432
76 461
76 528
76 570
76 613
76 729
76 824
76 954
76 1106
76 1300
77 84
77 370
77 729
77 1563
79 289
80 881
80 1579
83 621
83 954
96 954
97 516
97 621
97 1572
97 1581
103 565
124 286
124 570
124 824
124 954
126 1251
133 348
133 671
133 729
133 760
133 1164
133 1300
135 954
135 1186
135 1527
153 621
153 954
158 954
158 1251
158 1300
158 1384
158 1575
159 1036
196 836
196 954
196 1179
221 461
221 1404
225 1349
233 1268
238 671
240 1028
240 1300
240 1404
289 570
289 1570
302 1164
302 1268
370 476
370 1179
370 1392
370 1574
374 998
414 878
431 1002
432 1579
455 729
461 1248
461 1295
461 1300
476 703
505 1295
505 1300
505 1404
508 1564
516 1568
519 659
528 954
565 1251
570 621
570 1251
570 1300
570 1384
570 1570
593 824
597 1036
610 1577
613 998
613 1251
613 1366
621 729
621 954
621 1574
659 694
703 1179
728 1185
728 1570
729 954
729 1300
729 1381
729 1392
801 824
801 1563
809 1300
809 1359
809 1573
824 954
836 954
852 1177
852 1185
852 1256
852 1381
852 1570
881 1361
881 1566
954 1028
954 1251
954 1321
954 1578
1024 1575
1035 1582
1249 1415
1256 1539
1256 1575
1268 1300
1295 1300
1300 1404
1309 1527
1361 1381
1369 1455
1384 1563
1481 1506
1481 1581
1566 1576
