8 7230
8 9565
26 6161
153 13038
158 12469
221 2919
240 5682
258 7230
448 1917
448 9776
577 2919
577 4968
577 7230
610 12801
729 6549
729 13049
837 11340
839 10846
881 13009
1106 6549
1242 2919
1242 12735
1256 1466
1256 12746
1466 4562
1501 5308
1501 10139
1658 12881
1709 1854
1917 9776
1917 10846
1917 11360
1917 12883
1917 13049
1917 13058
1971 4419
1979 8885
2248 5308
2324 5966
2529 8367
2529 13055
2694 9610
2756 4113
2756 12746
2820 2919
2821 4968
2919 5362
3032 4031
3032 13056
3171 4092
3171 5501
3171 6435
3171 6506
3171 7290
3171 9323
3204 13028
3329 12981
3415 6161
4031 7290
4031 13053
4092 7290
4177 4419
4283 13038
4781 13052
5084 5119
5272 6506
5362 12128
5362 13057
5615 13001
6373 9469
6373 10846
6373 13050
6817 12746
6910 12891
7230 9323
7230 12881
7230 13054
8164 12735
8472 9683
8885 9152
9152 13056
9323 11340
9323 11397
9323 13051
9323 13054
10068 13047
11340 13042
11340 13054
12245 13053
12471 12885
12683 12801
12719 13054
12735 13049
12735 13057
