14 1013
73 762
73 1235
96 5141
97 2111
109 3636
110 8197
110 10558
110 12968
131 12973
133 1365
138 1255
139 3856
153 5119
153 12332
158 7982
158 10347
280 3636
287 7699
315 9246
374 12959
573 2437
573 10409
573 11489
586 12961
621 12961
730 1365
730 3856
730 4092
821 1786
898 6779
898 10268
898 12967
968 11489
1106 12966
1359 3636
1359 12797
1365 12358
1466 7041
1531 12885
1531 12965
1570 12961
1657 10789
1709 12963
1872 12961
1877 11489
1917 3283
1917 9920
2053 3283
2158 7982
2437 2619
2529 12957
2529 12965
2598 3283
2730 12954
2767 12942
3283 5699
3313 10984
3364 3636
3707 10984
4092 11797
4140 12965
5031 10409
5119 12332
5119 12469
5119 12971
5616 11797
5699 12779
5831 12970
5966 9868
6161 11644
6373 9868
6548 10984
7041 10984
7281 12913
7391 11397
7699 11464
7982 8197
7982 12885
8121 12070
8144 10347
8197 9610
8197 12719
8197 12885
8197 12964
8197 12968
8472 12963
9152 12970
9323 12832
9559 12913
9848 12582
9920 12614
10197 12972
10409 12969
10789 11397
10939 10984
11340 12832
11489 12787
12582 12812
12959 12973
