29 9529
42 10231
43 12106
83 9529
108 762
110 846
110 2453
110 3405
110 6108
110 11489
138 1255
138 2868
153 7801
153 8197
158 7534
158 12881
158 12997
190 3158
196 2868
196 4216
196 9746
198 1854
226 9529
258 9529
444 4731
556 13084
573 9529
577 6429
577 13074
577 13095
610 3453
647 7790
762 1255
762 3158
762 5270
762 8843
762 8941
762 10321
762 12702
839 6373
839 12881
1144 3166
1144 9829
1206 12106
1223 2767
1255 8197
1255 8941
1255 9529
1268 4981
1322 1604
1413 13093
1514 2868
1521 3158
1531 1636
1531 2762
1531 3947
1531 9529
1540 4981
1577 6373
1636 2756
1636 13085
1687 4731
1755 5599
1786 10409
1917 12881
1985 13020
2406 3634
2453 11464
2453 12795
2488 3313
2488 9292
2534 10231
2650 3158
2756 2956
2756 3707
2762 10789
2762 13090
2767 10040
2786 9529
2868 3030
2868 5267
2868 9323
3030 13092
3041 9610
3158 5599
3313 7230
3313 9292
3740 8912
3947 10813
4031 9529
4116 9425
4216 12106
4419 9379
4419 12031
4731 9529
4771 4981
4981 5966
4981 12214
4981 12719
4994 12881
5278 9157
5615 13085
5720 9292
5720 11836
6108 11489
6373 10846
6596 7290
6942 13020
7213 13083
7290 13095
7398 8642
7398 9529
7760 13096
7801 8197
7839 11565
7855 13081
8281 13098
8469 12760
10321 12985
10347 12997
10347 13094
10416 12471
11103 11951
11141 12987
11251 13099
11565 12355
12106 13097
12718 12997
13083 13096
13083 13098
