17 2669
17 3484
28 4358
42 114
42 1106
48 73
59 138
59 4731
73 157
94 563
114 138
114 153
129 897
129 2888
138 774
138 2650
138 11751
153 11964
196 573
196 1106
196 1152
196 1206
196 1786
196 2767
196 12858
247 946
258 434
258 3980
258 9757
297 9789
297 13213
348 4943
407 1300
434 1058
506 2785
528 3636
528 13212
556 4839
556 12233
565 10908
568 1917
572 13211
573 13216
577 12760
577 13209
618 13184
686 729
729 3935
729 4943
729 5948
762 3313
762 4956
774 2437
774 2650
823 4358
897 1255
897 5550
946 13204
1002 13218
1036 12760
1057 12858
1058 2432
1058 3381
1106 2943
1106 3935
1106 11703
1170 2598
1206 8298
1255 13208
1256 10440
1369 2489
1369 3484
1531 4971
1531 8298
1531 10440
1540 11751
1687 2313
1687 12358
1742 5550
1786 13201
1825 10908
1872 12961
1877 13215
1917 13203
1972 11779
1972 12985
2027 6277
2149 8197
2158 4366
2313 12358
2333 7306
2437 2529
2437 5012
2437 5948
2529 11078
2534 4038
2650 11751
2756 12858
2762 8298
2767 9152
2767 13214
3636 8298
3648 9444
3707 5720
3935 5816
3935 6708
3935 8272
3935 9157
4031 5550
4092 8298
4117 10440
4117 11751
4117 12469
4117 13184
4187 13210
4248 4924
4536 13209
4546 6277
4731 12760
4771 4956
4858 6947
4882 11203
4924 13213
4924 13217
4943 6429
4971 5720
5100 5948
5119 13199
5362 11751
5427 6328
5550 8197
5550 9444
5816 10409
6277 12719
6328 8515
6431 9158
6548 13154
7034 13197
7290 10908
7290 13118
7335 13208
8080 10592
8124 8197
8124 10902
8272 10409
8433 12312
8608 13209
9152 13214
9425 11779
10409 11340
10477 10592
11779 13200
11799 13213
12426 13020
12760 12784
12912 13196
