12 4826
42 12356
42 13309
59 108
59 1312
59 2062
59 2816
59 10139
108 4117
113 8682
121 3648
123 7939
138 904
138 13302
140 10440
153 12126
158 10440
158 12881
158 13295
190 2062
190 3528
196 9543
201 1321
290 3030
297 13307
374 1812
374 5900
510 836
528 4168
556 13285
610 7391
610 13279
612 6984
613 9024
618 10440
634 13261
730 11951
762 11548
774 13259
781 10293
805 13281
836 13305
852 1185
852 2057
852 3707
904 5179
904 5362
904 10440
963 10999
1002 13298
1115 9147
1144 13306
1148 13306
1206 1657
1206 4113
1206 5270
1206 5427
1206 10440
1206 12126
1255 3381
1255 3670
1255 10440
1268 7939
1312 13265
1321 11951
1321 13299
1365 3381
1365 10440
1622 7391
1636 2313
1636 11779
1636 13259
1636 13297
1658 3670
1709 7939
1717 8409
1917 13058
2019 9308
2122 3670
2146 5849
2146 9168
2146 13301
2254 6108
2313 10440
2313 13298
2355 13307
2369 8515
2437 2821
2437 9323
2529 3708
2529 4168
2598 3528
2598 7391
2650 2821
2650 6373
2650 12746
2650 13295
2692 5329
2694 4826
2694 6108
2739 13218
2821 12801
2821 13308
3104 7391
3165 4171
3239 13297
3377 4826
3381 4113
3381 10440
3381 12126
3405 6108
3457 8515
3484 3670
3636 13259
3707 6548
3727 9573
4031 5236
4031 13310
4113 10440
4117 4589
4117 9610
4117 10440
4117 13302
4117 13303
4382 5900
4536 7391
4562 7391
4632 5141
4632 5236
4746 13235
4826 5849
4826 12388
4826 12735
5119 5329
5141 9573
5720 13298
5831 10684
5831 11565
5849 12421
5966 11751
6373 11779
6373 13294
6373 13295
6429 11779
6429 13295
6779 11779
6779 13259
6800 10999
6916 10440
7391 10347
7391 11779
7391 13294
7749 11779
8093 13299
8093 13307
8411 12126
9024 9472
9122 13229
9152 12356
9425 13272
9427 11548
9469 11267
9469 13275
9543 11141
9610 12735
10347 11548
10347 13300
10440 11568
10440 12126
10440 12735
10440 12881
10684 11565
10789 13254
11382 13309
11779 12126
11779 13295
11779 13307
11908 12358
12358 13298
12358 13304
12421 12735
12469 12746
12649 13061
12746 13302
13016 13308
13061 13300
