2 1053
26 29
26 30
26 302
26 859
26 1616
29 76
29 950
29 1053
29 1573
29 1619
29 1620
30 248
30 1053
30 1106
30 1361
30 1517
30 1546
42 302
42 647
43 406
43 461
43 577
43 950
43 1053
43 1594
43 1604
56 1602
59 886
60 304
73 852
73 1256
75 1413
76 729
76 1177
76 1425
76 1510
80 455
80 729
95 1053
95 1612
95 1614
95 1617
123 302
123 1300
126 1404
134 195
136 1614
153 1604
158 886
158 1053
158 1177
158 1510
158 1518
158 1611
158 1618
167 461
167 539
167 1361
167 1510
179 1621
181 1551
189 1177
195 302
195 330
195 577
195 1268
195 1300
195 1613
195 1615
240 1235
289 950
302 461
302 539
302 836
304 1510
330 593
345 1361
348 1404
367 1421
374 950
374 1115
374 1361
406 461
406 891
446 1115
446 1421
455 506
455 694
455 881
455 1271
461 570
461 577
461 729
461 1290
461 1300
461 1361
461 1517
461 1615
461 1622
499 1300
516 1510
539 903
539 1619
570 875
570 1106
570 1366
570 1510
573 1404
577 773
577 1242
577 1599
589 1361
613 950
613 1053
621 1591
647 729
647 1140
714 1510
729 881
760 886
773 1612
789 1106
789 1404
789 1611
852 1256
852 1381
852 1622
875 1335
886 1361
891 1510
903 1605
903 1619
928 1551
1002 1510
1035 1615
1036 1543
1102 1510
1148 1596
1164 1615
1206 1381
1223 1300
1255 1618
1268 1404
1268 1594
1268 1615
1300 1413
1300 1563
1300 1591
1300 1616
1337 1366
1348 1623
1510 1540
1614 1617
