13 11723
26 13354
28 1281
28 13352
88 1058
153 12875
153 13353
158 1002
158 5468
158 13354
226 8768
258 13353
338 968
374 539
391 8197
412 10869
455 13351
536 4746
536 13066
556 13312
573 13194
618 13329
621 9851
729 5550
729 9924
729 10850
774 13066
852 2057
852 2529
852 3313
852 4846
852 6108
852 6947
852 7290
852 11836
852 12875
852 12878
881 13350
928 5468
928 13352
968 1877
968 5468
968 11326
1041 13061
1177 2762
1185 12878
1206 2529
1255 5468
1256 10939
1281 7335
1359 13351
1510 9625
1527 11384
1527 13337
1657 1854
1971 11384
1977 13352
2019 8197
2019 9625
2081 2762
2081 13357
2123 11723
2158 5143
2158 9322
2437 2669
2534 11929
2650 8068
2762 6885
2762 10869
2762 13061
2762 13066
2789 13061
2970 4026
3171 6108
3171 13339
3405 6108
3841 4216
4032 13355
4117 12875
4117 13356
4216 10409
4731 6189
4771 9924
4826 7391
4826 10409
4826 11203
4910 13061
4910 13258
5012 13352
5468 9851
5468 9924
5550 10850
5912 10409
6108 6160
6108 7290
6373 8768
6373 13309
6619 9920
6619 13061
7311 13061
7391 9625
7391 10409
7531 10558
8197 10558
8197 12388
8768 9958
9292 11836
9323 13066
9486 13061
10409 11203
12355 13354
12358 13329
13061 13066
13061 13280
13066 13171
13066 13280
