59 621
59 729
59 2529
59 4117
59 5912
59 8515
76 4577
95 1177
95 2762
122 13476
134 3239
138 621
157 762
158 10062
190 6705
191 13488
196 3298
199 572
221 13489
348 13494
374 1115
374 13400
407 13489
460 13484
467 4562
511 3636
556 13066
556 13474
577 813
621 1177
621 13488
729 7290
762 10352
762 10970
836 897
839 881
839 13400
852 5720
852 13467
852 13485
881 1057
881 13495
1002 13400
1002 13489
1002 13491
1057 6945
1106 12434
1122 13493
1206 8298
1206 13496
1255 12883
1256 3313
1256 4064
1256 6800
1256 13490
1281 12614
1370 12125
1636 13400
1636 13482
1658 3461
1774 13487
1786 6708
1788 10970
1794 4562
1917 3030
1917 3107
1972 4949
1972 9152
1972 13497
1973 7391
1973 11779
2027 13483
2149 13488
2158 4949
2249 12614
2256 4949
2286 5703
2313 9712
2437 11751
2437 12434
2692 4577
2692 4949
2956 3330
2956 5703
2970 13496
3030 9771
3041 13447
3107 9334
3113 4771
3239 8298
3239 9161
3298 9841
3298 11779
3330 7391
3330 10409
3381 12959
3381 13400
3579 13479
3648 5141
3800 8197
3800 11203
3923 5141
3923 13355
4092 13482
4117 4187
4117 6945
4117 8466
4117 9712
4117 12434
4117 13400
4117 13489
4117 13496
4187 13400
4216 11305
4280 13488
4390 12139
4419 9217
4419 11703
4577 11779
4632 13484
4731 13489
4949 11214
5159 12425
5375 13492
5703 8124
5703 10472
5720 13467
5849 9217
5912 10062
6108 10558
6160 6705
6203 10061
6203 11565
6448 13489
6800 13425
7190 13469
7290 10061
7290 11326
7290 13400
7335 13477
7391 13487
8093 13422
8097 13462
8515 11565
8613 13484
9334 11326
9516 13485
10352 11305
10352 11723
10766 11269
10846 13486
11464 13477
12434 13400
12471 13497
12614 13477
