26 1917
26 3107
28 5468
43 5468
43 12760
59 2529
59 4117
59 8515
73 2062
83 13501
95 2081
95 13466
129 11305
129 13510
138 11378
138 13503
153 852
153 1177
153 8550
153 11051
153 13061
158 13500
196 4949
196 9323
196 13466
280 1322
348 13494
349 9292
349 13511
383 2762
528 12255
528 13500
577 2954
613 1972
618 13508
621 1177
621 8197
636 12760
659 5699
762 2816
781 1788
839 1359
852 2756
852 13503
881 1057
881 1917
1002 13400
1002 13491
1035 4419
1057 3381
1177 7391
1177 9323
1177 11742
1206 11340
1206 13111
1256 4064
1281 3484
1321 4113
1331 3975
1359 5493
1359 7760
1359 9158
1359 13505
1370 12125
1481 13471
1552 2081
1636 13505
1636 13507
1763 13497
1786 1972
1786 6708
1788 9421
1794 12471
1877 13506
1917 3107
1972 13499
2081 3980
2156 9158
2158 7391
2256 11565
2286 5703
2389 12409
2534 9323
2628 13456
2674 13498
2816 9444
2970 13496
3030 3166
3030 8363
3041 13506
3166 5141
3166 8363
3166 9122
3166 13420
3313 13503
3381 10321
3487 13508
3636 12304
3882 8682
3984 13400
4011 13489
4031 13407
4092 13507
4113 13498
4187 13500
4382 13400
4390 12139
4419 13504
4419 13506
4577 11779
4839 9712
5141 8363
5159 12425
5362 13462
5468 9421
5493 13505
5703 8124
5703 10472
5849 13440
5912 12760
5966 11531
6124 11378
6203 10062
6448 10321
6498 12304
6498 13420
6800 13485
6885 13400
6945 7391
6945 8197
7290 7534
7335 13477
7391 11742
7487 11728
7593 11415
8238 13066
9323 12255
9323 13509
9425 12760
9444 11269
9771 12358
10321 12985
11340 13466
11340 13500
11565 13088
12070 13337
12355 13088
13189 13502
13390 13506
