7 2149
28 1206
28 7714
28 8941
36 110
36 509
42 110
42 6779
42 7674
83 3156
124 4910
151 531
153 7674
158 4216
158 13619
287 7984
509 621
528 2692
528 8190
528 13626
610 13618
618 2392
621 13617
641 5616
659 2688
729 1255
729 9462
774 11565
837 13623
839 9610
852 2057
852 13422
898 6203
968 4419
1002 5400
1057 4731
1115 6917
1115 13619
1177 2762
1206 3856
1255 10293
1255 12126
1300 4032
1361 11848
1361 13613
1418 11340
1552 13615
1598 10293
1636 9425
1636 13602
1636 13616
1636 13622
1658 7659
1724 2297
1854 11364
1959 5550
2019 7674
2057 3313
2089 10869
2089 11532
2111 8197
2149 13603
2248 10869
2583 13616
2694 13629
2956 5400
3171 13617
3239 9446
3245 9425
3313 6816
3816 13623
4031 7366
4092 11565
4092 12844
4117 5493
4117 7674
4216 4731
4419 9610
4536 13617
4538 12985
4632 12126
4771 9462
4771 10352
4924 13306
5272 13249
5493 13628
5493 13629
5494 13128
5550 7647
5550 11364
5720 13623
6867 9157
6867 11364
6917 13619
6945 13622
7034 13622
7290 9462
7290 13617
7760 10425
7984 12126
8093 13618
8411 8843
8515 13617
9143 13622
9152 13583
9308 9625
9323 13617
9444 9633
9444 11364
9462 10293
9746 11364
9789 13236
11340 13625
11943 13620
12525 13618
12985 13624
13110 13226
13236 13627
13249 13621
13602 13615
