0 1457
2 610
2 1177
2 1361
2 1638
7 29
19 206
19 403
19 570
19 610
19 621
19 1242
26 30
26 42
26 158
26 729
26 963
26 1600
26 1633
26 1647
29 30
29 43
29 73
29 76
29 90
29 403
29 516
29 621
29 1361
29 1370
29 1543
30 597
30 771
30 1572
41 1644
42 280
42 286
42 302
42 461
42 570
42 1366
42 1630
42 1636
43 370
43 403
43 1198
43 1419
43 1588
43 1631
43 1637
59 1361
73 1256
76 461
76 1631
76 1645
90 1045
95 1617
96 1642
97 1581
115 280
124 432
126 1361
136 167
136 374
136 406
136 461
136 1242
136 1510
138 691
158 1115
158 1177
158 1205
158 1256
158 1361
158 1456
158 1588
158 1600
158 1617
158 1634
158 1639
159 1543
162 1361
186 1639
189 902
189 936
196 1115
201 570
201 1235
206 286
206 570
259 417
259 1177
259 1639
259 1643
259 1645
280 303
280 1002
280 1148
286 289
286 1164
302 621
302 708
302 1361
302 1419
315 610
315 621
315 1334
345 1361
348 610
368 729
368 1636
370 1198
370 1214
370 1637
374 1361
374 1510
386 1361
403 729
417 1177
423 506
423 963
423 1361
432 621
434 1419
449 461
449 565
449 963
449 1636
455 1091
455 1642
455 1643
461 936
461 963
461 1177
461 1268
461 1366
505 1419
509 963
519 1617
531 954
531 1361
531 1419
565 1600
568 1374
570 834
570 1255
570 1268
570 1361
570 1370
570 1563
570 1605
570 1617
570 1638
570 1646
573 1198
573 1205
593 1636
608 1638
610 1214
610 1242
610 1510
610 1638
613 621
613 1057
613 1419
613 1588
621 1198
621 1300
621 1419
621 1638
656 1630
659 691
682 852
691 1419
728 1115
728 1635
729 1177
729 1637
729 1643
771 1527
824 1641
834 1361
852 1070
852 1177
852 1419
878 1640
881 1361
881 1636
884 1361
919 1588
1006 1419
1035 1615
1036 1198
1106 1370
1115 1242
1115 1361
1115 1635
1144 1588
1177 1381
1233 1419
1234 1642
1242 1243
1242 1638
1255 1268
1255 1370
1268 1527
1300 1419
1321 1361
1361 1370
1361 1419
1361 1605
1361 1631
1361 1639
1370 1642
1374 1632
1381 1419
1419 1510
1563 1641
1606 1642
1617 1637
