36 9421
36 11305
59 11305
74 11305
110 4570
117 410
117 2156
117 3574
138 621
138 6630
138 7290
138 8131
138 11562
153 1321
158 11562
196 1144
196 10525
204 13601
348 12366
444 5682
444 11340
839 13603
852 3707
963 13603
1002 10651
1144 10846
1177 2762
1255 2650
1255 3636
1255 4135
1255 8197
1599 13600
1854 11797
1854 12883
1877 11305
2027 13603
2255 13607
2428 11011
2437 3673
2529 3707
2529 11214
2650 6945
2650 8197
2762 13598
2767 11370
2956 5237
2970 10651
3041 8197
3041 9610
3041 10558
3166 4632
3166 4935
3636 4117
3636 5237
4031 7710
4092 13599
4117 6800
4117 10651
4117 10846
4117 10866
4117 13334
4460 13605
4632 5236
4632 5468
4632 9444
4771 13599
4771 13604
5141 9444
5143 11340
5373 11305
5386 12434
6779 10866
6779 11370
6800 10651
6867 12760
6945 13607
7034 13599
7464 13280
7546 13602
7710 11305
7984 8630
8197 9610
8197 12883
8281 11562
8484 13355
8515 10651
9444 11269
9446 13355
9565 10651
10068 13422
10558 11797
10558 12188
10866 13334
11203 12366
11241 13603
11340 11370
11548 11562
12188 12719
12885 13572
13325 13606
