59 3381
59 4187
59 7093
59 9152
61 921
76 4423
77 1170
77 13531
129 13510
134 2600
138 1170
138 1206
138 4771
138 13525
140 4765
153 1170
153 1206
153 12735
191 315
191 577
196 2733
196 10592
267 8411
374 13530
377 2027
377 2472
407 1170
407 11452
432 5593
447 11051
510 1941
528 13532
528 13533
544 2437
577 6429
621 2437
621 2733
762 2816
852 1206
852 13318
921 12719
946 3528
948 4419
1002 6108
1170 4117
1177 9323
1206 2756
1206 3313
1206 6124
1206 13525
1232 2527
1268 11452
1413 1917
1426 13528
1481 13471
1552 3420
1636 11954
1788 13508
1875 13458
1940 9568
2258 13355
2437 4771
2437 6498
2472 8197
2529 13523
2627 3313
2627 13523
2816 4771
2956 5703
3166 6062
3330 7391
3377 6108
3381 6108
3381 13400
3405 13529
3420 4117
3420 9565
3574 13535
3636 10062
3639 10314
4057 13521
4092 12193
4117 9326
4117 10040
4117 13530
4117 13534
4187 10040
4280 13488
4419 6108
4536 8608
4536 13515
4570 5596
4839 10040
4866 13530
5362 13534
5386 8197
5703 8124
5831 10592
6108 9152
6128 9446
6413 10062
6413 13534
6429 9323
6619 13508
6785 13529
7034 13530
7290 9326
7391 8068
7391 9323
7391 13429
8068 12295
8298 13527
8411 12126
8515 9915
8912 13527
9323 13536
9326 12735
9568 11452
10040 11565
10040 13524
10216 13526
10592 11565
10592 12355
11051 13534
11299 13529
11565 13524
12355 13088
13017 13522
13355 13530
13537 13538
