26 3653
43 2669
43 13305
48 9444
59 9425
82 2258
88 6498
110 11377
117 613
117 5272
134 2526
138 1787
140 3368
153 573
153 12366
158 12366
174 12126
188 774
206 6984
226 3648
273 9483
304 3389
318 3648
348 13698
349 13704
383 10197
509 13305
573 13701
621 12366
696 2970
696 4113
696 13200
762 1787
773 8298
803 3147
817 13200
839 7790
839 8298
852 12665
859 1255
881 6197
969 12844
1057 3325
1106 1894
1106 6498
1115 13683
1206 6124
1235 5270
1255 3368
1255 10409
1255 12795
1264 7760
1361 4471
1361 6203
1361 8298
1361 13698
1365 2820
1636 6332
1664 5678
1702 10874
1702 11326
1709 9543
1787 7230
1831 3313
1917 8371
2081 13305
2258 13577
2406 4419
2428 4377
2504 12358
2529 13703
2562 11340
2692 13562
2762 10911
2762 13698
2767 12084
3032 5141
3166 5141
3171 12126
3307 3636
3325 9143
3368 4783
3368 12735
3381 6373
3405 4787
3515 13485
3636 5132
3882 10347
3882 13683
3984 5616
3984 13705
4057 13521
4157 4419
4187 13705
4193 5362
4632 6197
4632 12126
4731 6189
4771 8411
4924 13706
5141 9444
5144 8298
5270 9444
5272 13562
5400 13662
5468 5616
5468 8298
5494 12735
5616 8912
5658 9444
5678 8197
6124 13525
6373 9868
6373 13702
6429 7000
6429 7391
6448 9771
6618 13697
6867 9868
6885 8298
6942 9543
7000 7290
7000 7391
7034 13693
7340 13683
7391 8306
7790 13486
7984 12126
8093 13689
8298 9444
9143 12358
9323 12366
9425 13683
9543 11779
9832 11565
10293 12126
10409 13700
11340 13697
11851 11858
12092 13699
