17 839
59 13362
74 12252
76 13642
88 13647
151 5616
151 13366
158 13619
172 10278
190 859
190 1255
196 13362
267 4632
370 13646
374 13641
412 13643
577 4731
577 12125
618 13651
621 1177
621 12662
621 13362
621 13583
729 1177
729 1958
736 4731
762 9000
852 3113
852 13184
852 13645
898 3239
898 6203
904 4280
904 12662
928 9942
1115 6917
1177 1958
1177 4377
1179 13642
1198 3107
1198 6779
1198 13453
1255 1836
1255 3166
1255 8197
1255 8298
1359 8515
1510 4589
1571 12126
1636 13648
1779 9323
1807 13648
1917 4731
1917 11269
1985 2256
2019 4384
2019 10409
2027 11972
2027 12643
2149 6108
2255 10278
2319 5494
2369 9143
2437 4731
2437 13646
2437 13651
2821 12662
3030 9444
3107 13649
3113 7230
3113 10006
3171 8411
3195 11947
3195 13651
3405 10278
3882 11531
4031 12252
4059 13362
4216 13648
4325 10139
4419 4882
4589 13184
4632 8411
4632 10293
4731 6448
4731 10604
4731 11269
4910 12341
5308 13619
5352 8411
5720 12366
5828 12126
6373 13650
6429 10409
6498 12525
6619 13651
6867 9444
6867 12662
6867 13649
6942 13644
7034 13482
7034 13647
7034 13648
8197 12643
8225 12525
8298 10068
8298 11305
8364 13641
8515 13647
9158 13645
9323 10068
9323 12341
9323 12662
10068 12252
10409 11797
10604 13637
10653 11214
11103 12366
11269 11779
11269 13644
11340 13625
11779 13362
11779 13646
11779 13647
11947 12760
13083 13646
13312 13641
13318 13635
13368 13644
13508 13552
