28 88
29 1235
36 3030
42 43
42 4117
42 9446
43 12434
59 621
59 1235
59 7391
59 11565
72 2682
76 10440
88 3166
110 573
110 839
110 2149
110 8197
117 613
120 4765
138 1235
138 1483
153 2313
158 4731
158 6498
158 12434
158 13619
158 13636
172 2406
172 8197
258 6498
311 6917
315 10409
407 13184
408 1917
408 5816
408 6692
410 2124
410 13638
444 11340
456 10889
572 8197
573 8197
573 13633
577 12341
577 13640
618 4031
618 10409
618 12341
621 11340
621 13583
621 13640
729 3030
729 12434
729 13632
837 1235
839 11269
852 2057
898 1636
928 9942
1002 13639
1057 9425
1115 6917
1235 6498
1235 6779
1235 11340
1235 12434
1365 12434
1483 4117
1483 5272
1483 5816
1636 7034
1717 2756
1831 10869
1917 11269
1985 2256
2089 9143
2089 10869
2111 8197
2149 8197
2313 12341
2313 13639
2369 9143
2406 4419
2437 7659
2956 5400
3030 11364
3041 4157
3041 4419
3528 13632
3631 4765
3636 7674
3707 6800
3707 12341
4031 4632
4031 7391
4032 6310
4117 11947
4157 4419
4187 8582
4187 10440
4216 4731
4384 7659
4702 10231
4731 10604
4771 9462
4839 13641
5550 12341
5720 13635
5720 13639
5785 12712
6429 10438
6594 11947
6779 13639
6867 9444
6867 11269
6867 11364
7034 7230
7034 13622
7156 13636
7230 12341
7290 12341
7391 10409
8197 13631
8494 8843
8682 12345
9027 11947
9143 10440
9143 12653
9143 13468
9444 11364
9462 10293
9472 13511
9789 13634
10068 12341
10347 13630
10409 10438
10409 11269
10604 13637
11565 13630
11947 13636
12355 13088
12385 13635
12985 13624
13630 13634
