29 3088
29 3160
43 573
43 1179
76 1792
110 3676
138 3160
158 3160
158 3707
158 4924
158 12760
158 13525
158 13841
304 13840
528 13822
545 5119
556 13831
568 13837
577 8379
610 8119
618 3882
656 8151
669 1517
669 4536
669 5468
669 8494
669 10604
669 12735
729 1359
729 1563
729 3707
729 12883
821 1812
852 6817
891 3107
1035 4419
1106 13846
1179 4923
1198 13820
1242 13707
1256 13525
1256 13842
1359 1563
1361 13820
1361 13831
1361 13843
1413 12461
1752 13361
1768 3030
1792 1917
1792 3528
1792 8567
1792 12883
1812 3088
1812 3160
1812 4117
1812 5272
1812 8912
1812 12883
1877 13839
1917 12602
1959 4110
1985 13595
1985 13773
2158 9323
2243 9469
2243 10168
2605 13825
2628 13844
2650 8151
2692 13562
2756 11675
2970 8197
2970 12461
3030 8918
3107 3865
3160 4117
3160 9565
3171 13838
3313 13525
3355 10730
3528 12883
3574 13847
3636 5616
3636 13825
3636 13840
3636 13842
3636 13847
3676 12442
3707 13841
3969 13707
4390 13676
4731 12205
4855 8918
5065 10730
5616 13825
5831 13838
5859 13525
6203 13595
6373 13155
6817 13525
7034 13838
7120 8119
8119 11383
8119 11779
8151 9444
8197 13845
8272 13708
8515 13226
9444 10366
9469 9613
9613 11763
9868 12760
10347 13121
10690 13733
10737 13121
11203 13707
11340 12059
12735 13707
13017 13595
13595 13773
13732 13818
