13 6770
14 5007
46 1709
76 4523
76 8604
76 13422
123 2694
138 4117
138 13763
280 12366
348 7230
383 2306
447 4187
610 4349
613 3707
618 13226
659 13764
743 2919
837 13756
968 4419
968 11464
969 13766
1255 3707
1255 4771
1255 12795
1361 4523
1361 6779
1392 4018
1392 13767
1593 12366
1604 3030
1604 3171
1604 4866
1604 5272
1604 6779
1636 6435
1636 13753
1709 7335
1709 8197
1861 13184
1985 10925
1985 13155
2027 3935
2245 13765
2488 7230
2529 10925
2762 12358
3030 8918
3113 3707
3113 5270
3113 7230
3113 10347
3113 13184
3171 10231
3707 4771
3707 6800
3707 7230
3935 12735
3975 12874
3985 13763
4031 13749
4058 13522
4058 13713
4090 13759
4092 13758
4187 12306
4187 13757
4187 13759
4216 8566
4216 12366
4507 6779
4523 6435
4771 13756
5119 13753
5119 13765
5331 11548
6203 6435
6373 6867
6373 8014
6429 10604
6643 7391
6867 13765
7391 8306
8197 11340
8197 13595
8197 13760
8306 9152
10604 12550
11340 12366
11340 13760
11565 12970
13755 13756
13761 13762
