28 3461
28 9152
28 12643
36 460
36 2027
36 5468
36 12643
56 11340
97 1788
109 4058
138 4187
138 6779
138 12906
138 13809
153 8981
221 2111
297 12655
405 12424
460 5828
460 12643
573 11489
613 12599
613 13816
618 3171
729 7000
821 1451
852 13422
852 13799
1041 3607
1106 1786
1106 11921
1106 12906
1177 2428
1206 12880
1242 2956
1242 4216
1242 5031
1242 12735
1256 10068
1256 13812
1268 13794
1333 1451
1359 13154
1361 2240
1361 2692
1361 3607
1361 4707
1361 11848
1361 11921
1361 11929
1361 13804
1661 6596
1742 5141
1742 11159
1788 4187
1788 5141
1818 3461
1825 13808
1879 12442
1879 13814
1894 11159
2027 12643
2313 13812
2453 5270
2692 11929
2956 13794
3065 7708
3171 7290
3171 13805
3409 9323
3409 11929
3442 12205
3515 13799
3636 13804
3707 12880
3707 13815
3824 13806
3865 8067
3865 13807
3882 11848
4117 10231
4187 9017
4680 10808
4746 7708
4783 11159
4866 11929
5031 12442
5119 13811
5305 9152
5308 13711
5366 13791
5468 12643
5560 13721
5828 12643
6678 13807
6692 8981
7034 11929
7290 10068
7335 12643
7391 11763
7708 9323
8197 12735
8515 8981
8515 12434
8981 11340
8981 11779
8981 12253
8981 13017
9041 13813
9466 13791
9466 13817
9476 13791
11340 11763
11340 13803
11464 12442
11464 12709
11762 13811
11763 13372
11929 12253
11929 13773
12434 13482
12599 13017
13773 13810
