28 12425
43 12111
46 1709
70 9323
70 13733
110 13772
158 10604
158 11851
190 859
383 2306
467 2762
467 3171
467 12111
506 3707
573 13770
610 4349
610 11383
712 2089
968 4419
968 10027
968 11464
1106 1604
1106 4216
1115 11851
1144 1179
1148 12008
1255 2762
1255 6800
1413 3171
1625 12008
1658 1709
1774 9323
1794 2762
1794 6596
1825 2762
1861 13184
1917 13767
1972 10604
1985 9469
2027 3935
2156 13769
2256 5900
2313 3388
2313 13766
2437 13103
2529 9257
2529 13774
2669 13103
2674 3707
2762 2956
2762 3171
2762 4117
2762 6596
2762 8515
2767 11779
2767 13771
2888 13103
2919 13636
3030 8918
3113 6165
3171 10231
3171 13769
3380 5616
3707 5549
3707 6800
3707 12878
3707 13768
3707 13769
3935 8197
3984 13771
4000 13767
4032 5141
4187 12306
4507 6779
4731 9836
4771 13769
4839 7109
4839 13768
5272 8428
5272 13733
5415 12111
5493 12008
5616 5649
6165 7230
6203 13771
6373 8014
6429 13775
6779 13768
6942 13767
7396 13769
7748 11779
8067 13768
8097 12125
9257 11851
9281 12125
9323 13733
9613 10027
11340 13760
11565 13773
11779 13771
12735 13769
