28 97
28 12425
29 13733
36 781
41 5859
59 196
59 11548
61 921
66 410
72 1255
76 3166
76 4390
76 5272
76 13752
96 3166
97 13747
110 13748
123 2694
138 4216
196 3856
258 4216
258 13743
297 13754
338 13563
348 13750
383 2306
410 7110
545 10925
610 1985
613 1972
621 13733
712 13733
743 11548
762 13563
803 4058
921 8197
1106 8630
1144 1179
1144 13642
1242 4216
1255 4392
1256 4117
1361 13733
1593 3856
1612 6498
1877 9152
1972 6462
1985 10925
1985 13155
2255 5305
2280 4771
2280 7855
2529 10925
2694 4690
2762 7391
2762 12358
2888 4771
3049 5270
3065 8849
3166 12425
3171 4493
3171 7000
3313 6947
3856 5141
3856 9855
3856 10836
3975 12874
3984 13626
4031 13749
4058 13713
4419 9152
4419 9993
4493 7391
4507 6779
4632 13743
4641 8197
4909 13726
5062 13746
5119 13753
5384 5828
5560 13745
5966 8634
6203 13626
6429 8608
6498 10293
6498 13578
6596 8608
6619 13744
6867 8014
7000 12623
7290 13415
7391 8014
7391 10333
7674 9446
8014 11340
8124 12358
8197 10925
8197 12409
8197 13747
8298 13751
9308 13716
9466 12358
9466 13748
9469 12304
9789 13744
9962 10416
12735 12874
12801 13155
13595 13683
