4 5476
42 10268
76 13939
110 2645
110 9698
138 5352
156 2107
156 11269
158 2885
226 5468
408 7000
408 13680
467 536
467 3104
467 4746
505 4591
536 1825
536 4117
536 7534
536 9961
536 13739
536 13941
536 13949
613 13951
621 5911
634 13939
729 2107
729 4632
729 7000
729 13936
762 13931
773 9444
839 13931
852 12366
881 10612
928 2027
969 10612
1185 12366
1200 1593
1268 13708
1361 4117
1361 13943
1369 3093
1552 8197
1552 13935
1636 13945
1687 7034
1687 8433
1996 4589
2019 13947
2027 5029
2027 8151
2027 11489
2027 13390
2027 13939
2122 2389
2122 3104
2156 8197
2255 9568
2256 8272
2324 8197
2324 9466
2333 13707
2389 5468
2522 13941
2529 13945
2645 4333
2645 7855
2730 13932
2762 13950
2821 4677
2821 7391
2885 4382
2885 10520
2970 4216
3023 13937
3041 13707
3088 8197
3093 4216
3093 7855
3093 10387
3104 4746
3405 13944
3487 4031
3636 8197
3680 9698
3887 6429
4059 9285
4059 12366
4116 10268
4117 7534
4117 7674
4117 8433
4117 10789
4117 10846
4187 10868
4187 13948
4419 9698
4536 13933
4546 13922
4677 7391
4746 10268
4888 10789
4948 6800
4948 8566
4948 12366
4949 9168
4968 12366
4968 13934
5181 9698
5362 13947
5468 11489
5605 13938
5720 6800
6373 13930
6373 13940
6596 13933
6746 13946
6779 13820
6779 13947
6816 13347
6867 13851
6867 13940
7000 10846
7000 13533
7034 8197
7119 10878
7699 8197
7718 8281
7855 9698
8067 12716
8093 12434
8093 13937
8151 10846
8151 11269
8151 12866
8197 9698
8197 11103
8197 12716
8197 12878
8197 13936
9958 13940
10387 12883
10520 11779
10730 12716
10789 13943
10846 11269
10999 13920
11410 12434
11531 13088
11582 11779
11582 13942
12425 13332
12885 13943
13563 13944
