43 12366
43 14034
48 4116
138 14030
158 14029
204 407
297 14029
298 14026
407 4117
531 14035
563 618
563 12366
572 1268
572 2111
573 14018
621 12366
621 14030
660 1552
660 2504
762 1879
837 13987
852 2057
859 1106
897 1958
897 3329
897 13955
948 13390
1002 14028
1060 13033
1144 12366
1144 14029
1255 7760
1255 11779
1255 12090
1256 3887
1256 13184
1256 13935
1335 4632
1359 14039
1361 5119
1361 14039
1369 14041
1539 4116
1552 14030
1786 14030
1836 8197
1879 9888
1908 14037
1970 13953
2027 7074
2255 14030
2256 6373
2256 12366
2333 14036
2389 13390
2428 14012
2529 13083
2650 9993
2756 12366
2767 14038
3166 3648
3166 9444
3224 14041
3368 11751
3381 14040
3608 9045
3636 14032
3843 4047
3856 4948
3887 13355
4092 14032
4116 5141
4117 11533
4216 10071
4216 12366
4216 13184
4216 13973
4216 14037
4349 11779
4349 12366
4731 6017
4731 12366
4731 12465
4771 13390
5119 12366
5119 14039
5119 14040
5471 12366
5494 10042
5550 14030
5720 14002
5938 14027
6373 12366
6467 14030
7120 14027
7290 14039
7391 12366
7760 14034
8433 13793
8613 13531
9152 12366
9152 13548
9449 14041
9841 12709
10027 13955
10068 14006
10321 14029
10492 13548
10520 14033
10789 11533
11340 13548
11340 14031
11548 12366
11943 14026
12070 14034
12366 13184
12366 14032
12655 14042
13083 14030
14010 14034
