26 14235
48 88
72 110
72 3484
72 12388
76 11360
83 140
88 1235
110 120
138 510
138 3707
138 10061
138 10293
172 3634
196 13082
204 4216
280 14233
447 7290
467 7122
528 14224
573 14227
610 10399
610 13082
618 12125
652 8962
652 14207
837 10035
852 2762
1002 13514
1035 3634
1060 7122
1106 1996
1106 13699
1144 14238
1148 4216
1256 14062
1256 14230
1361 4839
1361 12924
1361 13514
1361 14228
1361 14241
1552 2627
1552 3687
1552 8433
1612 6498
1622 7122
1636 7000
1658 3484
1831 2956
1831 4092
1831 14234
1917 2333
1917 2729
1917 4059
1917 7122
1917 10705
1917 14235
1996 14030
2027 3900
2057 14231
2070 6708
2255 4771
2437 6435
2453 3484
2529 2756
2529 14230
2674 10409
2934 13760
3171 7122
3307 5720
3313 3856
3329 6945
3329 7391
3381 6708
3381 14232
3528 5093
3574 13811
3636 4092
3636 14217
3707 10061
3996 9323
4117 14234
4187 13829
4216 13082
4632 8484
4771 11269
4839 14228
5119 14242
5468 14227
5809 9326
5859 14230
6143 14197
6373 14223
6498 13281
6945 7391
6945 9152
7007 14236
7034 13514
7122 10816
7190 10399
7190 14240
7690 11184
7991 13082
8712 14235
9285 9961
10040 12721
10061 10293
10268 14232
10347 14229
10399 14240
10409 13654
10724 12460
11214 14030
11779 14239
12022 14232
12178 13082
12253 13178
12434 14237
