29 1990
46 1877
79 13061
83 13082
88 12295
108 11352
110 656
110 14208
110 14216
134 572
153 5396
158 2019
204 14211
221 13082
304 886
374 9469
467 1917
490 13184
568 1917
568 3107
610 2822
618 7391
618 12341
656 14208
660 3636
729 7034
736 4866
736 5362
736 10789
762 13082
837 5119
846 5125
852 8566
858 6373
886 6817
1002 2313
1002 7097
1002 10015
1006 11125
1035 3969
1060 9913
1106 5396
1106 14219
1144 7749
1144 10329
1268 3935
1361 3636
1361 4886
1361 12672
1361 14212
1365 10040
1375 13676
1539 2816
1539 11257
1552 10040
1552 13061
1563 1917
1763 14025
1836 2453
1917 2437
1917 4731
1917 10816
1917 14214
2027 14208
2124 9913
2124 14215
2255 7963
2255 14216
2313 4216
2589 3313
2598 14196
2598 14208
2627 3307
2692 14215
2704 13082
2756 3313
2756 12672
2767 11125
2775 8682
2796 12672
2845 6124
2888 11125
2956 13082
2957 4839
3165 7097
3165 10015
3166 10918
3307 5720
3313 5720
3313 8566
3313 12672
3344 7097
3344 14208
3636 4886
3636 14217
4059 11105
4092 10040
4116 10040
4117 10040
4117 13082
4187 14217
4216 13516
4283 13066
4390 4731
4546 6570
4731 14206
4839 8682
4866 7034
4866 8134
4882 12749
5040 8298
5040 8969
5119 10040
5119 14107
5396 7034
5468 10918
5720 14209
5859 14201
6143 10068
6448 14214
6498 10780
7034 14217
7097 8197
7391 9073
7855 14216
8197 12672
8197 14210
8272 10015
8272 11125
8364 13476
8565 14084
8567 11125
8712 14208
9152 9913
9152 14218
9469 14218
10040 13312
10040 14209
10068 14197
10268 13676
11066 13382
11340 14218
13061 13313
13959 14213
