2 5616
26 2650
42 2355
43 134
43 3104
43 6124
43 7787
43 14332
110 580
110 5948
122 703
134 1563
134 7097
134 8197
138 2621
153 2767
153 10068
158 14326
172 8513
196 1990
196 14333
226 14329
239 904
287 14319
370 2650
370 3177
510 9444
536 613
563 3075
610 4059
703 1636
703 4839
703 9323
703 11943
837 4126
846 1854
852 2355
852 4680
852 8208
852 10068
852 14323
897 3329
1002 3484
1144 12719
1200 11607
1256 2355
1359 12885
1359 14327
1514 11645
1552 14317
1568 4031
1628 14298
1636 5845
1636 10492
1687 4731
1709 7659
1742 7787
1779 7391
1818 7787
1854 3405
1854 4216
1917 6596
1917 7391
1917 12712
2019 4731
2057 6817
2111 12125
2124 4092
2124 6889
2124 13831
2124 14322
2124 14330
2158 14332
2256 4092
2256 4924
2319 12643
2355 3484
2369 5165
2627 14325
2650 4187
2756 4680
2767 5831
2767 11565
2767 14325
3195 11066
3381 6708
3412 11607
3707 4680
3707 8459
4031 7104
4031 14329
4057 5684
4057 6889
4059 5966
4059 9323
4092 4924
4092 6889
4135 14329
4151 14323
4187 14107
4349 11779
4485 7391
4589 10366
4731 4752
4731 11197
4731 12125
4839 10492
4924 14332
5009 12712
5018 5084
5119 14322
5270 14262
5468 7787
5468 12719
5468 14329
5615 5845
5737 6780
5831 11565
5845 10440
6373 14275
6373 14332
6596 12712
6867 11738
7096 14106
7403 11066
7659 12388
7963 14331
9168 11738
9285 12719
9446 14332
10068 14308
10139 14322
10347 14135
11835 14324
12672 14330
13773 14117
13773 14325
14062 14328
