43 2627
43 3093
43 13844
88 14278
138 2621
153 14251
240 6300
374 2231
461 14274
556 6351
556 13061
573 12869
577 4798
610 11738
610 14244
729 14282
736 14280
839 4731
839 5432
839 12023
839 14208
881 13844
1012 14272
1144 12376
1144 14238
1200 4339
1200 9220
1276 13184
1345 13184
1359 12885
1361 4117
1361 4466
1365 13318
1369 14281
1392 14002
1552 11738
1778 13844
1778 14002
1778 14276
1831 2956
1854 12869
2122 4731
2156 4339
2255 14279
2256 11901
2256 13844
2256 14280
2267 14279
2529 14268
2534 7000
2583 5551
2592 14280
2627 5615
2627 11738
2956 4632
2956 11103
3093 5551
3171 13184
3171 14244
3307 5706
3543 13844
3943 12376
4011 12053
4011 14275
4031 8224
4228 5362
4234 9444
4339 14272
4783 8224
4798 6429
4798 7290
4798 7391
4949 14272
5141 9543
5362 11197
5468 9543
5720 8197
5831 12376
5859 9711
6161 8391
6351 7391
6351 11943
6373 14275
6389 7382
6498 9444
6596 14277
7000 14282
7290 14280
8197 14273
8367 10068
8367 13844
9285 14275
9323 11738
10040 13667
10347 12022
10520 14064
10931 13061
11340 14284
12358 14272
12885 13844
13318 14272
13595 14283
