26 14235
30 3344
43 3865
43 11269
46 12550
46 12709
88 108
138 1200
138 11676
140 762
153 14251
153 14256
221 2111
315 7391
510 9444
510 11159
528 7003
556 1361
572 13707
573 4771
577 671
618 4031
652 10636
652 14207
671 3843
671 4731
671 8119
729 8190
762 14246
852 2627
852 5615
1002 13514
1106 14251
1115 6203
1115 9427
1115 14256
1171 1921
1200 11676
1361 2627
1361 6779
1361 7541
1361 14241
1365 14253
1413 7541
1514 7391
1658 3484
1825 4031
1877 14250
2019 14249
2019 14250
2122 12709
2148 3313
2156 7541
2156 14251
2256 12801
2256 14254
2286 6248
2313 12358
2627 3226
2627 5615
2627 9168
2627 10273
2627 13061
2694 13707
2694 14245
2730 7122
2756 14243
2816 14199
2956 5720
2970 14235
3307 5720
3456 14244
3528 4771
4031 4536
4031 11779
4031 12709
4031 14251
4092 10040
4092 11901
4187 13829
4187 14244
4216 4731
4228 4731
4228 5362
4589 14187
4632 5720
4632 14252
4731 5362
4731 6448
4765 9285
4771 8197
4771 11269
4909 13807
5119 9737
5119 13889
5119 14242
5366 6248
5468 8054
5859 6203
6203 11061
6248 14213
6373 8190
6498 11920
6945 9152
7000 12358
7000 13514
7034 12358
7034 13514
7097 7855
7190 11383
7190 14240
7391 9152
7391 9444
8054 10293
8197 14256
8363 13707
8513 14188
8712 14235
8912 14227
9152 13082
10061 10293
10068 14197
10332 12434
10409 14249
10558 13451
11184 12434
11273 14239
11340 12434
11504 13061
11901 13061
12022 14232
12358 13514
12388 12709
12672 13061
14247 14248
14254 14255
