0 13422
42 8197
43 14334
46 7213
83 13515
94 4135
108 1879
134 897
134 1115
134 8197
134 12672
140 10273
140 14352
153 312
153 5441
153 5616
280 14337
312 2756
312 4339
354 13844
532 546
532 3072
532 4746
532 11255
532 12630
536 12161
536 14334
556 14334
563 14343
608 823
729 2956
729 10293
729 14332
736 8659
762 9896
823 3166
823 5468
823 7855
823 14355
839 1917
839 12090
852 14264
897 1361
897 14345
1005 1361
1115 13061
1144 3177
1200 13184
1242 5633
1256 12358
1268 4216
1268 4731
1550 14340
1552 2762
1625 5616
1818 8941
1879 12090
1985 14307
2019 14344
2124 13436
2256 12655
2389 13707
2529 12630
2529 14264
2627 14350
2762 14350
2868 8364
3029 4092
3171 4798
3313 13422
3405 13261
3461 10273
3461 14337
3461 14353
3692 14041
4092 5362
4092 13470
4092 14334
4113 4746
4135 10366
4187 8197
4216 14348
4339 9599
4636 8197
4731 8659
4746 7000
4798 6429
4798 14337
5119 14341
5362 9446
5439 14354
5441 12366
5831 12655
6223 13422
6373 11548
6413 9168
6498 7787
6498 14213
6779 14341
7000 14344
7391 12358
7391 14343
8137 14338
8197 13955
8197 14347
8197 14350
8225 12419
8364 13998
8659 14338
8752 12869
9017 14351
9152 14266
9323 14343
9851 14309
10068 14308
10283 14148
11340 14343
11779 14239
12161 14334
12304 13707
12985 14356
13061 14349
13261 13707
13773 14303
14303 14346
