3 9896
43 14439
76 3856
76 10068
88 2062
94 14342
108 11066
110 12719
138 8093
158 14062
196 3856
196 9469
196 12672
196 13889
196 14448
258 2816
258 4536
258 7391
258 12358
258 14062
610 6373
621 6373
621 14443
729 813
803 10440
813 9323
852 2057
852 4858
852 14338
904 14062
963 14445
1106 10718
1200 1242
1200 1861
1200 5270
1200 6498
1200 7090
1200 12919
1256 10939
1256 14338
1361 4048
1361 4771
1361 14267
1361 14381
1552 7034
1879 9027
1917 9787
2027 6945
2057 2529
2057 3707
2057 14338
2062 5270
2062 9122
2062 11727
2062 14443
2114 6360
2149 12719
2256 6373
2527 10440
2529 14448
2627 9800
2650 11727
2694 14448
2694 14449
2775 9469
2970 6945
3086 3166
3166 5270
3166 6498
3180 9292
3388 14447
3707 14338
3804 14444
3984 14042
4048 6373
4048 7391
4536 12358
4589 14426
5119 13889
5119 14439
5141 6498
5141 9787
5831 14042
5831 14436
5831 14452
6373 7391
6498 12919
6596 14451
6779 10440
6945 13361
7000 10718
7000 14451
7034 14435
7290 14224
7335 14450
7391 8093
7391 9800
7391 13361
7924 14062
8014 14452
8093 13653
8224 14443
8838 11383
9122 11727
9257 10440
9444 14442
9896 14447
9896 14451
10347 12550
10347 14338
10370 12672
10409 14394
10461 14224
11728 13272
11999 14042
12295 14446
12672 14447
13681 14267
