42 76
42 12878
76 258
76 524
76 573
76 904
76 2970
76 6448
76 12878
88 12550
88 14278
110 2255
110 14454
153 1365
258 839
258 1413
258 4783
258 5362
258 8197
258 13914
315 13020
434 14490
524 4771
524 6448
524 12878
572 1831
573 12878
613 12434
613 14418
621 11531
729 7311
736 2650
762 3313
775 1836
839 5334
852 3313
904 1539
904 9896
904 10387
904 11159
904 12878
928 7096
1015 1232
1039 14024
1041 4771
1057 4092
1057 14487
1144 14491
1242 14396
1321 5308
1361 14381
1361 14468
1361 14486
1365 2529
1365 2970
1365 3313
1365 12878
1517 13654
1552 4126
1552 14492
1636 7311
1831 9152
1831 14487
1836 14485
1972 4523
2089 11809
2102 14476
2111 14442
2122 3484
2122 3591
2223 14278
2255 2389
2255 14450
2255 14484
2313 13061
2333 14450
2389 11269
2389 14484
2522 3439
2522 13914
2534 12434
2756 5038
2762 12672
2786 12878
2970 4771
2970 11531
2970 12878
3030 6062
3123 3166
3123 14493
3166 6498
3171 7311
3313 12878
3313 14488
3405 8197
3515 14338
3608 12672
3648 6062
3900 5334
4090 14489
4092 11809
4117 7034
4117 14482
4117 14492
4187 14482
4309 11531
4419 8197
4523 9027
4523 9152
4523 11066
4752 8197
4771 6817
4771 12878
4783 14490
4831 13088
5007 12878
5263 14457
5468 7096
5560 5616
5616 7000
5616 14492
5658 12878
5703 6779
6643 6945
6643 7391
6779 14479
6817 12878
7000 7034
7000 7311
7000 14492
7034 14492
7143 13868
7311 8608
7391 12018
8197 12672
8197 14492
8566 14488
8824 11925
8870 9540
9152 12878
9323 10789
9540 10620
9540 14308
9789 14466
9896 12878
10027 10860
10027 14450
10273 14494
10440 13061
10789 11531
11103 12878
11531 12366
12358 14492
12434 12878
12442 13654
14042 14303
