41 8281
41 9152
42 2313
43 233
43 12672
43 14183
70 5615
76 6108
83 14403
90 108
94 108
94 4465
95 5615
113 3107
113 9195
117 12434
117 14183
140 4465
153 8281
153 13681
153 14334
172 11498
196 6108
240 6498
258 10636
280 7000
280 10220
280 10999
280 12434
280 13422
280 14338
412 14334
467 14408
467 14409
532 12748
556 6576
556 8887
556 14381
577 14409
610 11340
618 14409
621 12662
647 4507
652 9598
682 2756
729 12672
729 12878
729 14406
762 5270
762 13983
837 13838
839 12213
881 13422
919 8093
1002 11498
1106 6108
1115 8119
1198 2543
1206 6124
1338 5658
1359 2111
1361 3636
1361 14381
1365 2522
1552 7000
1552 14404
1636 12672
1797 6498
1854 10864
1877 14400
1879 14338
1917 8642
1985 13061
2027 13510
2062 3166
2062 7290
2070 11376
2123 9109
2156 14403
2199 4783
2220 13184
2255 10243
2255 14405
2694 11972
2821 14338
2956 5362
2956 14408
3171 11742
3313 5270
3313 6124
3354 4200
3354 7290
3415 3634
3636 14381
3843 11383
3984 14338
4200 8870
4216 12672
4465 9109
4465 10273
4465 14342
4492 14042
4507 6779
4507 12672
4536 12213
4536 12672
4536 14409
4731 14394
4783 10789
4783 11340
5270 6124
5291 8494
5291 13184
5362 8221
5362 10268
5615 12125
5615 13061
5849 9708
6108 7391
6108 8363
6108 13061
6189 14404
6351 11943
6373 8190
6576 14403
6596 11376
6596 14406
6618 13084
7000 12672
7034 8221
7274 10366
7274 11779
7391 8061
7391 14409
7839 12434
8093 8225
8119 11779
8281 13272
8367 13422
8438 14042
8824 9540
9332 14381
9540 14042
9540 14302
9540 14373
10243 11305
11195 11779
11376 14337
12213 12672
12366 13983
13061 14335
13061 14403
14042 14303
14042 14346
14042 14410
14403 14404
14406 14407
