2 3107
2 14059
42 3409
42 5616
42 5849
42 12723
43 839
113 4031
113 7000
138 1369
158 1369
158 4536
158 5119
158 10456
172 3049
191 9432
196 1369
204 6779
297 14662
304 852
374 10520
412 5706
467 4904
467 6779
524 5100
528 14660
532 14453
618 11343
618 14658
647 1854
647 1877
647 2158
647 8197
686 1365
686 2756
729 14666
774 12253
852 6779
852 11103
852 14666
963 14658
1106 4771
1106 7000
1115 9147
1206 1256
1206 9829
1206 11947
1206 14338
1256 2287
1256 12672
1365 5493
1365 6467
1365 8604
1369 3573
1369 4187
1369 12358
1413 6779
1552 10268
1636 2102
1972 14583
1972 14610
2102 4092
2158 14666
2256 13878
2287 4783
2389 10860
2619 4232
2756 5493
3030 14583
3107 13954
3239 8197
3254 7034
3254 14661
3380 5616
3439 13954
3545 5120
3545 9336
3707 14666
3882 13878
4031 7000
4187 12672
4577 14631
4882 14663
4904 5362
4904 5493
4904 6779
4904 13914
4924 14662
5119 12672
5270 14666
5362 6779
5363 14659
5493 5720
5493 6779
5493 12253
5550 7104
5616 6779
5788 13380
5849 7000
5849 14654
5849 14664
5859 14656
6779 14654
7000 14660
7000 14665
7034 10456
7391 8272
7391 11343
7391 14665
7797 8119
7855 14667
8061 13878
8119 8281
8119 14338
8197 14481
8515 14658
9086 10068
9168 12351
11779 14660
12351 14631
13681 14516
13965 14583
14064 14660
14637 14657
