7 29
29 1319
42 6189
43 14709
56 196
56 3313
56 6448
56 14695
108 8175
109 1636
158 2529
158 2598
158 14710
307 14338
315 7391
315 11343
315 14713
407 636
407 14703
618 12434
618 14713
659 14525
729 14706
736 2674
839 3592
881 14714
904 2592
904 4216
904 5119
938 14711
1002 2286
1002 8604
1264 4445
1319 14677
1359 14706
1365 8119
1365 14338
1413 14715
1505 3501
1552 14717
1604 14712
1694 3030
1694 5141
1694 5468
1694 8175
1877 12463
1971 4230
2062 9122
2158 14677
2437 13846
2529 9431
2529 10347
2529 14338
2529 14695
2529 14712
2529 14716
2529 14717
2529 14718
2650 14677
2669 12090
2733 14433
2750 14485
2756 5089
2756 14696
2930 3592
2956 14690
3024 14633
3030 5141
3545 13785
4171 11340
4216 5119
4216 13954
4216 14703
4230 7855
4445 12795
5100 8688
5119 14373
5141 5658
5141 8175
5831 10684
5831 13785
5859 14712
6596 14715
6779 14696
6779 14715
6817 14712
6947 10006
7096 13578
7290 8688
7391 7942
7391 11343
7611 14663
7611 14664
7742 12881
8067 12358
8121 10860
8347 14712
8387 14695
9431 14712
10347 14708
10557 14712
11103 14712
11141 14695
11381 14709
12090 12442
12795 13232
14338 14718
