56 14789
95 2762
110 7128
138 14763
158 453
158 8282
158 10520
304 6576
315 1737
315 14788
374 11565
528 14783
546 1854
556 2762
573 11269
730 4731
803 11565
837 2287
837 8054
837 8272
859 8224
1002 8197
1057 1636
1057 2313
1057 3253
1057 14787
1198 1365
1255 2158
1255 5468
1255 11305
1374 5831
1374 11565
1374 14338
1483 5615
1622 2756
1636 8961
1917 11269
2156 2762
2169 9829
2223 11565
2287 3984
2453 5788
2756 7167
2762 4382
2956 7444
2956 12114
2956 12358
3065 14733
3253 9323
3253 11103
3415 12614
3484 7128
5119 14786
5615 14787
5616 12358
5715 13178
5857 11565
6373 6650
6373 14784
6650 11779
6779 9158
6779 14763
7000 12114
7034 14769
7128 11464
7128 12795
7444 12614
8197 14783
8298 9444
9323 14784
10558 14743
10558 14785
10930 11269
11565 12550
12114 12358
14417 14583
