0 1422
0 1617
1 1448
2 1757
3 810
14 659
17 1338
19 103
19 121
19 461
19 1745
19 1759
26 789
26 1757
29 1540
29 1655
42 461
42 505
42 839
48 84
48 315
48 370
48 1765
59 1115
60 903
68 1244
68 1646
73 201
73 1745
75 1422
76 1655
76 1754
80 196
80 1292
88 461
88 1268
88 1543
90 656
129 1572
158 286
158 1115
158 1761
175 1753
184 218
196 461
196 1268
196 1763
201 240
201 1392
201 1745
206 1754
206 1765
218 600
218 1655
221 810
221 1268
259 600
286 289
286 669
287 1268
289 1655
289 1761
315 570
330 461
330 610
330 621
335 1766
370 1759
370 1763
431 1268
442 914
461 505
461 539
461 1422
461 1497
461 1710
461 1759
475 1746
503 1691
505 948
539 1497
539 1558
565 1689
570 1256
570 1268
570 1349
618 1690
656 1340
662 1321
703 1539
703 1661
762 1539
762 1745
789 1764
810 1205
810 1572
810 1646
810 1759
824 1268
852 1256
852 1388
852 1653
852 1745
852 1757
948 1035
948 1051
948 1231
948 1268
948 1764
950 1115
1054 1762
1057 1106
1106 1759
1135 1161
1177 1256
1177 1552
1177 1691
1198 1656
1205 1759
1242 1755
1244 1392
1244 1684
1247 1765
1256 1388
1256 1653
1256 1745
1268 1338
1268 1754
1349 1755
1388 1717
1390 1540
1418 1756
1536 1558
1617 1760
1726 1752
1745 1757
1745 1760
1757 1758
