7 2958
43 12715
83 2650
83 5468
83 9425
83 14717
97 8363
108 138
108 4332
108 10846
115 14761
138 158
138 14710
138 14741
157 573
157 1454
157 2389
157 2529
158 1115
280 14233
453 852
453 1552
453 10068
453 14062
461 528
556 14759
621 712
730 2762
730 4731
730 14756
762 1206
762 12090
789 12614
839 4080
839 8197
839 14757
852 1206
852 1552
852 2756
852 14338
852 14418
885 1206
885 10347
995 1115
1106 7326
1198 6769
1198 11184
1206 5684
1206 10347
1361 14759
1454 2389
1454 8197
1483 5615
1551 2583
1552 4216
1552 14419
1636 14755
1636 14760
1658 8197
1854 3377
1854 6360
1877 6108
1985 5833
2149 3528
2255 12090
2255 14757
2256 9323
2324 4216
2324 13954
2406 6373
2472 7699
2592 7000
2692 14765
2756 14716
2762 5833
2956 6779
2956 12358
3065 4171
3065 10293
3072 14142
3122 6373
3166 4572
3166 14754
3442 9536
3545 14766
3592 14770
4080 12090
4092 14759
4117 9633
4117 14753
4126 7779
4216 14748
4309 10604
4339 10231
4546 9649
4572 14588
4731 9633
4882 13718
5362 7534
5468 14758
5550 14758
5724 12715
6373 6650
6373 14764
6429 7000
6429 10604
6596 11195
7000 14373
7000 14769
7034 12114
7136 13707
7326 7391
7391 14748
7674 14760
7699 8197
8197 8347
8703 13097
8712 14767
9323 10604
9323 11343
10068 14717
10068 14763
10236 10846
10604 14338
10846 12066
11305 12614
11779 12656
12434 14767
13014 14768
14373 14762
14583 14770
