43 56
43 2603
43 9469
43 13566
43 14889
48 318
48 762
48 4031
48 4783
59 4783
76 6779
84 573
84 839
84 6779
84 13707
84 14886
138 12366
138 14829
138 14877
158 12620
158 14877
158 14884
298 2256
298 11082
298 11392
390 2603
412 14887
531 5672
573 2694
573 13707
610 11531
610 12018
659 2762
729 14880
760 14162
762 2650
839 14889
852 2670
852 14880
946 2027
970 2694
1148 14883
1256 14880
1256 14881
1359 14884
1361 14871
1365 13061
1552 2739
1552 12366
1709 13707
2225 11779
2256 10040
2256 14871
2412 12614
2529 14880
2650 6448
2694 3166
2756 10846
2756 14880
2762 14861
2816 8298
2956 14882
3023 14626
3171 6779
3313 14880
3501 14829
3501 14876
3515 10859
3515 14880
3737 11016
4090 14879
4117 13631
4135 14885
4216 6779
4280 5550
4280 10387
4536 14873
4546 9649
4615 11779
4771 11951
5616 5649
5616 6189
6373 8712
6429 14886
6593 14781
6779 14886
6867 11531
6867 14890
6917 12620
7000 14877
8281 14516
8608 14886
9536 14887
9628 9649
10293 14888
11101 14868
11340 14883
12070 14876
12090 12614
12499 13097
13954 14882
14215 14525
14829 14876
