0 3088
26 946
29 414
48 9444
59 2223
59 9425
83 14905
84 133
96 6784
97 14908
110 903
110 14910
110 14915
133 6429
134 2816
138 14735
138 14885
138 14905
158 14905
258 14906
287 2612
297 14904
318 839
318 1514
318 14866
374 14903
475 11392
510 6498
570 14905
602 8281
610 14062
729 2607
729 14751
781 2674
794 903
852 2756
852 3313
852 8225
852 14905
859 13707
881 14496
892 7391
897 14866
903 1413
903 1636
946 1742
946 2027
1057 14906
1060 6429
1115 13807
1140 14907
1144 1763
1256 2148
1256 14905
1268 6505
1268 8868
1361 4746
1514 5550
1517 14848
1604 4924
1636 4589
1636 13061
1636 14906
1763 14685
1763 14914
1877 14915
2148 2756
2148 3313
2223 3545
2256 11531
2313 13061
2381 6505
2389 14675
2522 4589
2534 13061
2607 13061
2607 14338
2612 4771
2729 10409
2756 14870
2756 14905
2762 3088
2762 3636
2762 14912
2767 9722
3076 11696
3088 6498
3088 13061
3439 12501
3545 11696
3948 5141
4031 8688
4057 14806
4090 8364
4090 14879
4216 9285
4731 14892
4746 4949
4783 6429
4783 9444
4783 11808
4904 14906
5119 14760
5265 14909
5468 6498
5468 14891
5655 9073
5720 13061
5831 14911
5831 14917
5849 14915
6062 13624
6169 7674
6429 14902
6498 14891
7000 8515
7000 11344
7000 11808
7000 12114
7000 14906
7290 7534
7290 14901
7292 14901
7391 14911
7398 14734
7398 14765
7454 14916
7674 13707
7674 14265
8119 11779
8364 14841
8378 12940
8712 8868
8868 14915
8870 14130
9124 10283
10040 14765
10040 14913
10068 14905
10068 14917
10231 14760
11184 11344
11203 12928
11344 12996
12070 14876
12358 13061
12550 14062
12719 14915
13061 14418
13061 14911
14130 14906
14755 14918
14892 14910
14892 14915
