0 4585
2 13813
41 298
43 809
48 318
48 4783
84 948
110 809
133 2149
140 5682
145 14876
158 4216
158 6917
158 12620
158 14895
287 2612
297 14904
318 4783
374 4798
374 14903
383 14335
700 839
700 1917
729 809
762 14891
789 14899
809 2437
809 14892
839 6945
852 2670
897 1691
946 2027
948 13447
996 6429
996 14886
1115 4798
1140 1763
1264 2334
1381 2411
1381 14898
1551 2529
1640 14824
1763 14896
1818 4783
1985 14610
2019 9920
2149 4783
2158 14418
2297 13288
2389 2888
2412 4171
2451 5468
2451 8472
2612 4771
2756 11392
2762 5849
2762 7034
3039 14879
3171 6429
3171 13226
3415 12614
3501 8197
3578 11334
3737 11016
3787 6746
4090 14879
4615 11779
4731 10409
4731 14653
4746 6779
4771 9337
4783 9444
4783 14891
4798 14903
4839 5493
5468 14899
5616 6189
6373 9322
6373 14866
6429 13226
6429 14902
6640 14894
6942 11779
7391 14885
7398 7586
7398 8170
7398 8216
7398 12783
7534 14901
9444 11531
10068 14024
10347 14862
10409 14653
11286 12366
11514 14899
14338 14895
14887 14900
14893 14894
14896 14897
