42 6448
42 14843
59 1763
59 4783
59 5859
158 6124
158 14844
412 9168
412 12161
433 1742
453 5747
467 14802
634 14853
729 11645
837 11344
839 11645
839 13981
852 2095
852 7230
950 13061
963 3415
1041 13178
1115 9425
1198 1413
1413 13178
1552 12358
1552 13514
1606 14688
1636 3501
1636 10268
1636 12358
1636 13178
1636 13514
1636 14851
1687 7000
1877 14858
1917 10911
1917 14802
1966 9323
1971 3166
1985 2256
1985 14845
2095 3707
2158 14796
2223 14849
2256 4059
2256 11184
2256 14784
2324 13178
2488 9829
2669 3049
2692 8870
2756 5431
2756 14160
2762 14784
2821 14847
2888 9683
3166 7391
3171 12358
3183 14831
3313 3707
3405 9683
3405 14858
3415 12614
3545 14779
4117 14848
4126 6124
4171 13178
4536 12358
4546 8512
4546 9649
4731 6640
4731 14338
4731 14847
4746 14847
4771 11645
4771 14844
4771 14848
5119 14844
5141 14856
5366 14846
5560 14851
5720 9829
5844 14855
6124 9829
6373 11779
6429 12358
6448 6640
6498 14842
6498 14856
6779 14846
7000 12358
7000 13253
7391 14845
8870 9168
9168 14850
9323 14845
9829 14418
9888 14727
10027 13447
10068 14849
10273 13017
10624 14854
10789 14848
11344 14660
11779 14727
12342 14852
13322 14853
14160 14338
14175 14857
14338 14847
