13 1517
28 8363
42 14130
43 3528
61 14946
96 110
96 762
96 3405
97 3458
108 14928
110 1640
138 524
158 1321
158 12075
158 14945
158 14956
196 14923
226 4615
280 13631
298 11392
335 3458
370 14958
383 14335
524 5270
546 14957
573 762
618 1198
618 14928
729 14943
762 14943
809 3856
852 2529
852 3313
852 6223
852 14931
1115 4809
1135 14342
1268 6505
1268 14950
1335 4783
1402 7924
1517 3841
1562 6505
1636 9168
1636 9312
1640 14929
1732 9809
1787 2529
1787 10347
1877 2437
1877 14951
1917 14957
1985 10040
1985 14610
2095 3856
2223 5831
2406 4532
2488 9124
2529 6223
2692 2950
2756 14931
2762 3636
2762 6576
3107 4117
3161 5100
3177 5468
3177 12358
3313 14944
3368 14937
3528 14939
3623 14947
3636 14338
3636 14940
3737 14938
3841 4731
3856 13061
3887 14935
3943 14956
4117 14304
4117 14885
4201 14952
4615 5468
4731 13230
4839 14936
5270 14944
5362 9920
5468 9633
5468 14944
5720 10347
6596 11195
6618 14943
6640 14934
6779 7034
6779 13061
6784 14941
7000 8596
7000 11568
7000 14913
7000 14953
7290 7534
7290 14901
8093 12341
8197 11498
8197 13033
8225 14931
8272 14953
8712 9809
8712 14204
8712 14957
9124 13978
9124 14606
9285 10040
9323 9633
9444 14944
9469 11214
9714 14949
10068 14024
11016 14938
11101 14928
11286 12366
11383 11531
11514 14942
11779 14923
11947 14148
12531 14948
13033 14959
13981 14937
14304 14753
14338 14940
14606 14943
14740 14933
14755 14918
14922 14925
14954 14955
