76 461
76 729
76 1604
76 2334
76 10706
138 258
138 14062
140 446
140 3690
140 8298
140 14906
158 5451
158 14030
158 14204
190 14928
226 1697
258 1413
258 1792
280 2756
315 8298
370 14958
399 1140
434 14753
461 2674
461 6429
461 8197
467 14204
546 14957
577 10706
610 897
613 2437
682 2756
729 1402
729 1563
729 1604
729 2529
729 14030
762 5550
781 5468
781 10706
852 1563
881 1604
881 4589
881 10409
881 14062
903 14964
1002 14964
1057 14962
1115 1256
1115 5451
1115 8298
1115 14062
1144 2930
1144 11779
1144 12784
1256 2529
1359 14928
1402 9195
1402 10268
1413 8596
1539 8298
1539 14955
1563 2762
1563 5560
1593 3458
1604 2095
1604 13061
1636 14062
1787 3458
1788 2095
1788 11392
1877 14951
1877 14963
2027 14963
2095 3313
2095 3636
2095 4090
2095 6498
2095 10939
2223 13061
2256 5550
2334 2930
2437 14062
2529 11340
2529 14062
2529 14617
2529 14965
2670 3458
2762 6576
2762 7391
2762 11340
2762 13061
2762 14062
2930 5550
2930 12784
3023 14964
3030 14944
3053 8281
3171 14204
3313 9956
3313 14338
3405 9683
3545 7190
3592 14948
3627 9472
3627 10461
4090 9168
4117 14885
4589 8124
5468 8298
5550 5692
5550 7749
5550 11779
5550 12784
5550 12985
5692 11779
5692 12784
6223 9956
6280 13061
6429 14204
6576 13061
6779 14030
7000 8515
7000 8596
7000 11568
7000 12114
7000 13033
7000 14964
7190 11531
7290 14901
7391 14885
7840 8666
8197 14892
8298 13061
9337 12550
9444 14944
9703 14804
9789 14956
10273 14062
10347 14617
11340 14062
11340 14956
12090 14892
13514 14204
14062 14716
14338 14940
14740 14933
14906 14961
14953 14960
