29 226
43 110
59 5692
72 6404
73 1256
76 6435
83 7534
110 2389
110 12090
115 10040
115 13631
138 14816
568 4771
636 5560
659 2081
839 2408
839 2650
1256 7480
1268 1413
1268 2408
1359 3984
1359 14875
1413 14816
1552 3984
1552 14876
1636 13631
1636 13821
1636 14870
1985 14878
2256 14871
2319 2408
2408 2472
2428 14872
2472 2930
2529 6435
2603 4771
2603 11381
2650 14872
2756 14870
2816 5468
3171 14873
3412 14872
3616 14655
3707 6435
3707 7741
3984 14875
4117 13631
4117 14848
4216 7444
4536 14873
4771 11565
4771 11951
4771 14816
4949 7741
5036 7924
5468 14655
6203 14878
6203 14879
6332 14878
6429 12358
6435 14874
6692 14877
6917 7924
7034 14816
7398 9919
8484 13821
9168 10040
10846 14871
11061 14387
11565 12550
12090 12614
13061 14877
14064 14829
14338 14816
14829 14876
14876 14877
