0 4117
0 14949
56 15058
108 762
108 2730
108 10846
108 15050
108 15053
158 2762
172 15055
195 7855
196 15051
297 9168
348 6373
374 15054
456 9789
510 1206
546 10846
573 2825
577 15031
618 12164
729 10846
729 15048
762 15050
852 15057
946 4746
1006 2762
1006 15040
1115 13807
1144 7801
1206 5658
1255 7190
1256 2057
1256 5065
1312 8119
1636 14794
1658 2762
1854 15056
1877 15051
1908 9446
2057 2529
2057 3313
2057 3707
2124 14930
2149 15041
2149 15047
2319 15051
2529 6817
2529 10273
2650 10846
2676 2730
2756 3313
2762 4216
2762 8363
2786 5468
3041 6315
3313 6817
3313 10273
3368 15033
3458 15057
3528 15051
3976 15049
4117 6817
4117 14024
4117 14949
4746 15056
4783 15048
4783 15051
4866 5065
4924 15046
5065 5824
5065 15059
5306 13298
5658 8298
6429 12341
6640 15046
6817 12878
6817 15057
7290 8298
7855 15023
8298 8912
10347 11562
10409 14653
10846 15053
11568 15037
13838 14930
14017 15057
15051 15052
