12 14461
14 2919
14 4216
28 3648
46 110
46 1242
46 3405
56 14418
73 9888
103 14677
108 4746
108 10846
110 1268
110 6569
110 15065
138 904
141 5065
158 1255
158 4731
158 8567
195 2313
195 15073
196 8969
201 3281
204 659
253 8119
253 8567
258 15070
280 1002
280 8298
280 15076
297 3636
382 8969
408 4731
478 2149
499 1824
499 9649
528 5065
532 11255
577 7391
613 8298
659 15064
729 1604
729 11255
753 5494
762 4845
781 8197
837 15040
852 5720
904 8298
904 8969
904 13889
938 15070
1002 7444
1002 10311
1097 1242
1097 2599
1206 2816
1255 2762
1255 3368
1255 6005
1255 13881
1256 15077
1359 1422
1369 2645
1763 15067
1917 11269
1917 14469
1917 15074
2056 15054
2057 6548
2149 8969
2313 5616
2592 14677
2756 6817
2762 13889
3380 13838
3573 15070
4231 9536
4231 14748
4310 15030
4536 5065
4536 15074
4663 8281
4746 7749
4845 6640
5065 14949
5065 15022
5065 15066
5105 15072
5141 5658
5366 15077
5468 8969
5652 10846
5831 12183
5831 15071
5849 15065
5900 14064
5900 14965
6315 8121
6448 15038
6498 8969
6498 15075
6569 8197
6779 7326
7000 8298
7000 14469
7000 15068
7290 13881
7326 10273
7391 15031
7749 10846
8119 8567
8298 8969
8364 13838
8969 10604
8969 14501
8969 15022
9285 15066
10040 14965
10409 15063
10409 15066
10789 15073
11340 14948
14064 14965
14892 15065
14930 15069
14949 15064
15033 15034
