14 4216
19 108
29 724
42 837
42 15087
59 1256
59 2756
59 3313
76 1413
76 8298
83 724
83 904
97 5141
103 2650
103 2930
103 14677
108 15050
110 2149
110 15081
110 15086
126 5831
158 2057
158 2820
158 8674
158 9444
195 4117
258 15081
280 1002
338 1298
467 15074
499 2930
506 15077
577 5550
621 724
621 5065
729 1198
729 8567
817 14738
823 15039
837 15085
839 4746
852 7290
852 13881
852 14906
891 7444
1002 2600
1097 1242
1097 2599
1144 5065
1198 2762
1198 8969
1198 15039
1198 15081
1198 15089
1206 12015
1255 3158
1255 3368
1256 2756
1256 3313
1256 5720
1256 15077
1298 13981
1335 5468
1359 15077
1422 1563
1636 15085
1917 8642
2118 3158
2118 3505
2118 15022
2225 10766
2340 3158
2592 14677
2756 10347
2762 14992
2762 15083
2762 15090
2786 15022
2930 14677
2950 6576
3313 10347
3405 15086
3458 14992
3458 15077
3505 15033
3636 15077
4031 8969
4116 15089
4117 14469
4117 15073
4117 15077
4157 7000
4187 5900
4523 15022
4577 7867
4731 13489
4783 15084
4845 8824
4845 11340
4962 12463
5065 15039
5141 8298
5560 12670
5658 15075
5831 5900
5831 15071
6315 8121
6429 8682
6448 15039
6498 12784
6779 15084
7290 8298
7290 13881
7290 15091
7326 11203
7391 11360
7738 9444
7855 15065
8119 8567
8197 15084
8567 15013
9285 10850
9649 12463
10040 15085
11037 15092
11340 15039
11340 15080
11779 15078
13017 15077
14418 14992
14892 15065
14949 15079
14949 15082
15039 15088
15084 15087
