19 6945
28 7714
42 412
43 8930
56 158
61 3680
76 577
76 1917
83 6945
96 97
96 3505
109 15028
138 8298
153 8119
158 2256
158 8197
158 15023
195 7855
196 8119
196 14927
226 3505
315 15027
414 8119
433 2215
453 546
453 9536
467 7208
467 11853
467 14204
546 568
546 9536
568 729
577 618
577 6912
577 11853
781 5468
781 10918
852 14748
897 5468
1002 3950
1006 2599
1144 8119
1144 14927
1255 5831
1264 2787
1361 4746
1521 10846
1604 3636
1636 4589
1737 11286
1763 7252
1794 7181
1794 11421
1877 15029
1917 11853
1972 11286
1972 12372
2023 8197
2095 3856
2124 8119
2215 2816
2215 3648
2215 6498
2256 8119
2529 14748
2674 8298
2676 2730
2762 15026
2767 11562
2787 14892
3158 15021
3166 5468
3166 6945
3545 15017
3636 4589
4092 15019
4092 15020
4116 8363
4171 7480
4171 11421
4523 6945
4546 9649
4589 7034
4731 12366
4771 8298
4783 8298
5366 15023
5468 6945
5468 10918
5831 12183
6062 11286
6373 15027
6448 11286
6779 9446
6779 15024
6867 10311
6867 15025
8293 15026
8981 14748
9245 15019
9446 15022
10311 10409
11141 15027
11286 12372
11340 14373
11565 12550
11779 15027
11853 13515
12366 12372
13368 14871
13893 14688
14338 15027
14892 15023
