2 467
19 729
29 573
29 7290
29 8298
42 195
42 4117
42 4589
43 158
76 138
76 1413
76 14469
88 2256
93 929
108 15050
110 258
110 1002
110 5267
110 14469
110 15081
117 311
117 14418
138 15105
153 3717
153 5007
153 15089
158 408
196 15106
304 10273
338 1298
374 3329
374 9168
391 13489
456 9789
467 6429
467 15099
477 837
502 1140
502 3636
510 8298
573 875
573 15109
577 3329
613 5065
613 7000
613 15105
621 15095
729 1255
729 3313
729 7290
729 10293
762 15050
823 9323
851 1657
904 5550
921 4731
1002 4589
1002 14949
1115 10347
1140 2762
1198 2131
1198 3717
1198 5720
1198 5849
1198 6779
1198 9598
1198 15081
1198 15089
1232 15098
1256 5859
1335 5468
1361 15100
1413 8015
1413 10231
1908 2600
1917 8659
2225 9649
2225 11779
2340 6618
2389 15096
2592 14677
2762 15095
2930 7391
2930 14677
3166 5141
3171 5065
3171 15094
3329 7839
3405 7855
3636 15089
4000 7714
4059 14934
4116 15105
4117 14469
4187 5900
4216 14469
4248 11531
4523 5550
4589 4771
4589 5065
4731 8659
4771 14965
4783 15105
5065 7000
5065 15022
5065 15105
5100 8298
5119 14978
5125 7000
5306 9598
5306 15089
5472 11531
5550 7391
5551 15102
5720 9598
5831 15071
5859 9775
6429 8682
6448 8659
6779 15095
7000 12125
7000 15098
7147 9168
7290 8298
7391 8642
7391 8682
7647 11531
8494 15092
9444 15087
9598 15089
10068 15103
10347 14064
11273 15095
11440 15093
11568 15022
11779 14965
11779 15101
12125 15098
12672 14771
12672 14965
13017 15101
14340 14934
14771 14965
14771 15105
14794 15108
14906 15104
15036 15097
15099 15107
