26 5614
29 1169
29 4234
42 15197
42 15203
73 253
117 8712
138 3624
138 5270
138 15203
147 15184
157 12341
226 1539
318 14856
318 15184
318 15203
408 15196
565 11779
565 14469
572 1540
573 4031
577 3738
577 7290
729 6650
729 8567
729 12341
729 15148
789 1256
852 2169
852 2529
852 2756
852 5089
852 8208
886 4187
1002 15202
1122 1365
1256 10203
1256 15120
1633 1917
1633 10409
1633 15120
1636 12672
1792 12643
1792 15120
1794 15205
1804 15201
2019 15202
2313 5065
2529 2756
2529 14983
2674 15149
2756 5089
2762 15198
2845 3624
3030 4031
3065 5616
3122 9469
3171 12341
3254 4000
3254 12372
3415 3975
3417 10068
3727 7391
4031 15203
4523 12341
4523 15203
4536 15205
4731 10409
4731 15203
4746 9469
4924 13088
4924 15207
5065 10203
5065 15205
5308 6947
5308 15206
5394 9469
5394 15200
5831 15207
5859 10203
5926 15201
6373 6650
6373 11779
6429 6436
6650 11779
7290 12358
7391 14337
7391 15201
7391 15204
7989 12643
7989 15189
8119 15203
8298 15203
8567 10409
8567 11779
9122 14589
9285 15184
9444 12341
9444 14856
9789 15196
10203 15022
10409 15120
10558 12643
11164 15199
11779 12643
12262 15204
12341 12525
12342 15202
12643 15120
14340 14934
15033 15185
15087 15205
15120 15148
