2 8981
25 4731
28 8567
73 7290
75 2599
76 2730
83 15211
88 138
94 6498
94 13017
108 9888
138 2350
138 8298
568 11141
568 14338
568 15229
712 8379
801 7000
801 10409
852 7290
852 12770
904 15184
1002 5596
1036 9649
1057 9782
1144 15226
1255 10068
1359 5616
1359 15211
1611 15227
1636 14848
1807 2692
1818 8298
1877 15228
1985 14597
2169 15228
2256 2840
2529 8567
2529 14514
2650 14338
2756 3707
2762 6373
2762 8298
2762 8831
2762 14597
2840 7391
3030 15203
3122 9469
3313 3707
3458 13280
3592 10592
4059 15226
4117 15211
4117 15223
4187 8119
4370 5596
4771 13280
5065 8625
5119 7522
5119 13280
5265 8119
6108 6373
6108 8712
6203 13280
6373 14871
6779 14597
7290 8298
7290 10068
7290 14906
7391 8379
7391 14337
8298 15184
8625 14906
8682 14337
8712 12550
8918 14337
8918 15120
9649 11141
10558 15120
11779 14871
12885 15211
13280 14906
14338 15211
14338 15229
14340 14934
14906 15187
14906 15211
14965 15222
15120 15221
15120 15224
15223 15225
