2 467
14 15150
29 138
29 13889
76 253
76 2114
76 2762
76 8298
76 15157
110 1709
110 15051
117 8712
138 1200
138 8093
138 9285
138 14419
138 15151
184 14621
196 444
196 917
196 11779
239 13889
253 2650
258 11851
383 3088
408 6867
444 15106
456 15140
621 13889
636 13889
712 14621
781 5468
781 13508
836 15128
837 4187
891 13298
1002 2762
1002 15149
1106 1255
1106 1786
1106 13259
1106 15115
1242 2762
1255 15121
1636 15133
1709 15051
2114 3030
2124 2945
2223 11531
2762 5065
2762 5849
2762 14597
2825 15148
2930 15155
2945 15153
3041 10249
4092 8071
4138 14948
4746 15115
4771 14597
4771 15147
4783 13889
5065 8298
5065 15144
5362 12685
5551 15102
5560 15147
5747 13280
6373 13280
6448 6569
6569 15022
6576 11851
6640 15152
7000 15154
7034 15115
7371 14142
8119 11531
8298 14621
9245 13259
9444 14597
9444 15152
10347 14338
10347 15156
11340 15115
11340 15152
11549 14906
12672 15144
12672 15154
13280 15144
14338 15156
15120 15121
15120 15148
15120 15149
