0 108
3 897
19 7714
26 461
29 13930
29 15165
41 5308
42 15131
56 1972
73 1256
73 5270
73 6498
80 15183
96 897
110 897
110 1854
110 12643
138 2845
138 8298
153 5308
158 8666
158 10347
158 14956
158 15174
196 14904
258 5493
287 10249
435 2650
461 7000
510 3030
510 3528
524 1255
545 15175
568 1854
613 15183
729 7989
837 4187
837 15169
852 3707
921 4731
1002 15149
1002 15182
1106 15178
1206 2816
1255 2123
1255 5100
1255 15120
1255 15170
1255 15174
1256 1742
1256 7290
1256 9649
1312 5308
1312 15173
1361 4589
1625 5616
1636 11340
1755 2428
1755 3707
1763 14956
2236 2319
2256 5308
2650 12556
2692 12022
2756 10347
2762 12372
2762 14597
2767 5308
2820 7000
2845 5270
2845 6124
3023 6947
3171 4536
3415 12614
3458 15176
3501 14956
3528 5270
3592 11340
3707 8831
3843 15184
4031 12134
4110 5574
4187 15169
4536 6429
4589 11943
4731 15151
4731 15180
5065 10477
5065 15079
5084 15181
5308 8298
5362 5616
5692 15175
5720 10409
5906 7391
6062 15180
6448 6569
6448 14338
6448 15120
6498 15120
6640 15152
6708 15179
6947 8225
7000 10040
7000 15154
7000 15177
7290 12358
7290 15178
10347 14677
10409 15170
10558 15154
10569 15123
11037 15092
11779 15175
11943 15123
12614 15120
12940 14904
14309 15180
14338 15176
14906 15174
14906 15182
15022 15172
15120 15149
15120 15164
