28 15124
29 1604
73 1206
73 15118
76 1818
93 168
93 196
93 2156
93 5560
93 14338
128 15107
138 15124
153 407
153 5308
158 407
158 8363
172 6453
315 7749
407 545
407 1256
407 1517
407 1658
407 2319
407 6618
528 15138
568 14677
568 15135
613 1972
621 904
621 8969
621 15128
729 7290
781 5468
781 15132
891 2307
921 2307
1002 15131
1177 15134
1206 2627
1206 15121
1256 2488
1256 5859
1298 10930
1312 10491
1321 15133
1359 15079
1361 15131
1407 4140
1407 5859
1413 3224
1604 5308
1604 7574
1636 3224
1636 8484
1636 15114
1824 13981
1831 15123
1917 2102
1972 5065
2023 6771
2044 15104
2057 9309
2102 7897
2156 9762
2202 5270
2223 3313
2389 15062
2389 15127
2488 5859
2592 14677
2627 3233
2627 5859
2650 5550
2650 14677
2692 12022
2692 15126
2756 2902
2756 7391
2756 15133
2756 15136
2762 4059
2762 5065
2762 13280
2762 14621
2902 11947
2902 15136
2930 14677
2958 14677
3023 15123
3065 14949
3088 14621
3171 6429
3171 7391
3171 14747
3313 15133
3636 15089
4059 7749
4059 11779
4138 5308
4138 14948
4248 11531
4523 5550
4536 14747
5065 7391
5065 8298
5065 10040
5065 11565
5119 8816
5270 10918
5270 15121
5720 15131
5824 8969
6429 7391
6498 8969
6498 15133
7000 8363
7147 10690
7290 15137
7335 15127
7391 8298
7391 15114
7749 11779
8298 8712
8298 15114
8712 15129
8824 10491
9168 15115
9565 12366
10930 13981
11184 15026
11340 14948
11779 13807
11779 15129
11779 15132
12643 15120
13061 15114
14062 15115
14340 14934
14794 15108
15036 15097
15105 15130
15120 15121
15120 15125
