29 8298
30 7397
42 1256
42 4339
42 14251
43 15298
110 2324
110 15289
110 15302
158 9789
158 14677
172 15289
258 15242
461 10409
461 11203
461 14469
573 11195
577 3171
641 15294
781 4544
875 921
968 2741
1256 9789
1359 9444
1514 15289
1640 2541
1640 4546
1917 13553
2044 4230
2057 9469
2529 10730
2670 15260
2762 9469
2767 7034
2845 15296
2919 14677
2930 9469
3104 8608
3171 8515
3509 11943
3592 5550
3592 6373
4059 6373
4092 4530
4092 10268
4092 10748
4092 13280
4092 14806
4092 15297
4117 15299
4230 14918
4230 15304
4339 5065
4507 5362
4507 14906
4530 10268
4909 15269
4924 15288
5065 10040
5065 15237
5362 15299
6280 15292
6453 9683
7000 15303
7290 8515
7391 8515
7391 15289
7855 14892
8093 15275
8197 10293
8515 10730
9444 15275
9789 15287
10789 11340
10913 15237
11194 11195
12760 14677
12940 14806
13553 15120
14906 15297
15261 15302
15300 15301
