29 708
29 8298
29 13533
42 3811
42 14992
46 15283
59 15279
70 13533
76 258
138 1365
138 2845
138 3749
138 9431
138 15238
140 4117
153 9245
158 8634
158 13760
158 14064
158 15026
226 13533
253 14767
258 9722
267 729
302 312
315 15214
374 13178
524 13694
546 15127
568 14767
577 15249
618 3171
659 3639
682 12366
682 15274
729 13760
762 3707
762 7097
762 13694
762 15238
852 10068
886 4187
904 14992
1365 2756
1365 3707
1365 7924
1636 2762
1636 3104
1636 8179
1774 5912
1787 11203
1787 13735
2023 3811
2023 4117
2057 2762
2057 15144
2086 14871
2102 6596
2255 8121
2529 7097
2529 11851
2599 14767
2756 14677
2762 9168
2762 14767
2762 14906
2845 3749
2845 15238
2930 15281
3104 7000
3158 8634
3171 3456
3171 14337
3313 3707
3417 9323
3456 7391
3811 4117
3931 10068
4057 14767
4057 15274
4230 5065
4230 7000
4397 13515
4397 14407
4731 7463
5065 5912
5065 9245
5065 10869
5119 13178
5362 14755
5362 15282
5615 9245
5912 9431
6203 15277
6213 15239
6328 14992
6779 9245
7391 11779
7391 15277
7487 15276
7647 15046
7855 15281
8093 15275
8197 13515
8712 8796
9431 14906
9431 14966
9444 15278
10040 13735
10040 15273
11184 15026
11184 15273
11203 13735
11352 15127
11779 15277
11851 15103
11943 15163
13061 14992
13178 14906
13760 14064
14755 15266
14767 15274
14767 15280
14906 15273
14983 15240
15182 15244
