0 7760
0 8197
3 15330
7 14677
13 8197
28 8197
42 14251
43 1879
43 3636
43 6779
43 8197
43 12090
138 570
138 15231
158 14677
289 15317
383 1041
383 15309
423 15315
455 922
461 11203
524 2845
546 6435
546 13355
573 15327
577 2762
577 13735
613 15309
836 8460
836 9469
837 10748
852 12358
1002 5065
1002 15330
1206 15311
1256 10203
1256 15260
1359 5616
1392 1917
1636 15317
1640 10766
1640 15285
1644 15316
1658 15325
1788 2650
1788 5530
1818 8460
1879 1917
1879 6373
1879 8061
1879 15120
1917 5272
1917 15120
1917 15319
2089 11943
2124 8281
2149 14972
2156 12358
2256 5308
2256 14972
2256 15317
2355 12358
2650 13533
2756 13595
2762 2825
2762 3636
2767 15317
2845 5100
2845 13694
2930 7194
3104 7000
3171 5272
3171 8515
3388 4117
3416 8460
3456 14677
3636 14906
4031 15327
4117 15317
4231 15324
4615 8460
4746 15320
4765 7399
5065 14251
5065 15317
5159 15319
5272 6596
5272 10293
5308 11851
5340 8460
5362 10203
5362 11184
5616 6189
5831 8460
6388 10268
6388 15321
6429 15328
6448 7194
6448 8460
6779 8197
7391 8515
7391 15329
7760 8197
8061 9152
8179 13735
8197 10203
8197 15317
8298 15326
8460 10766
8460 11779
8567 15317
8870 14755
9152 9649
10520 14677
10748 15316
11103 12358
11943 15326
12253 15322
13280 14906
14340 15317
14906 15260
15305 15318
15312 15323
