42 5065
42 8625
42 9543
42 9649
42 13253
42 15244
73 510
73 3166
73 9888
96 510
135 15240
138 6435
138 15238
172 2149
172 6453
196 12022
196 14340
258 2995
407 6373
407 9152
407 15242
444 5065
531 15243
577 4702
636 6435
659 881
659 2428
712 8379
729 3177
729 9444
736 13653
736 15241
794 5366
837 10040
839 2149
839 8197
852 2529
852 2756
852 6947
852 11103
852 12770
1036 2086
1106 9543
1144 8567
1144 15234
1256 12770
1636 6435
1636 9948
1636 13253
1687 15240
1763 15234
1824 3405
1824 3969
1917 6429
1917 7897
1917 10409
1959 15114
1994 15236
2027 15185
2086 9649
2149 5366
2149 7855
2149 8197
2149 12716
2149 15022
2529 8567
2674 2825
2756 6947
2762 8298
2762 9948
2868 5065
3313 10203
3405 15127
4011 15234
4187 12022
4924 14340
5065 11340
5065 15237
5065 15244
5362 15245
5550 15245
5560 6435
6448 15234
6917 15243
6942 8918
6947 14308
7034 15220
7391 15231
8298 15232
8494 15236
8712 9322
9483 14718
9543 11779
10040 15138
10068 15241
10203 15120
12358 15236
12358 15240
13061 15231
13088 15239
13280 15233
14870 15235
