42 4339
43 8363
43 11195
43 15306
59 12550
90 8586
110 2324
138 713
138 1845
138 2845
138 4544
138 15287
158 10347
158 14677
383 1041
383 15309
423 15315
461 4879
511 15310
546 6435
773 15184
801 921
963 15305
1002 5065
1002 15312
1115 10347
1115 14677
1256 15311
1786 2284
1994 15315
2256 15308
2286 5125
2592 12550
2670 15260
2694 4634
2756 10011
2762 2767
2762 3636
2762 5065
2762 13280
2845 8363
2934 14677
3171 8515
3456 14677
3458 10011
3592 6373
3636 6779
3636 8197
3636 14906
3841 4117
3986 15184
4092 13280
4171 5125
4765 7399
4839 5065
4879 7335
5065 6435
5065 8197
5065 13280
5065 15237
5065 15305
5065 15312
5119 7399
5119 15235
5119 15292
5352 8197
5560 6435
5616 6779
5849 15314
6435 13355
8515 10730
8712 11269
9152 9649
9789 10347
10011 14906
10011 15307
10040 13280
10748 15316
10913 15237
11269 15313
14442 15184
15169 15305
