4 14767
12 15120
29 14062
36 108
42 14677
43 10918
43 14677
43 15050
76 15406
83 4092
108 781
108 7392
108 10918
108 15050
110 1255
110 15407
110 15412
123 6867
134 12760
138 201
138 14062
140 12856
253 10198
286 14677
433 946
444 5487
573 1268
618 4031
729 15402
852 3313
852 14338
1002 15403
1097 1242
1152 14535
1242 8272
1268 4216
1359 15402
1526 6867
1630 11779
1763 8140
1917 8642
1917 15405
1917 15408
2102 15405
2102 15408
2118 15402
2156 14062
2355 12358
2389 12760
2529 10203
2529 14338
2534 12928
2534 14771
2762 2915
2767 15409
2767 15411
2816 4092
2970 10198
3104 5912
3107 10198
3171 13515
3313 5089
3313 14062
3313 14338
3377 15407
3405 10278
3405 11101
4031 5912
4031 6429
4092 5658
4092 7290
4092 8515
4092 15087
4216 15149
4536 5912
4813 15416
4839 15404
4882 15330
4917 10558
5065 14930
5308 11851
5560 6448
5560 14062
5616 6779
5692 10636
5692 11779
5831 12366
5831 14662
5849 12643
5849 15403
5911 7290
5911 9323
5911 12262
5912 6328
5912 7290
5912 7391
5912 8515
5948 12643
6162 6867
6162 11779
6448 14062
6498 7392
6498 8712
6498 9407
6498 12643
6548 15206
6624 9469
6640 13735
6769 15415
6867 9994
6867 12760
6867 15413
7000 13515
7000 14062
7392 8688
7939 11101
8179 13735
8179 14062
8197 11568
8197 14677
8281 15409
8472 15127
9143 14930
9152 14972
9152 15409
9152 15410
9323 15087
9958 14062
10027 11489
10203 11436
10203 14062
10278 11101
10409 15408
10502 12643
10636 11779
10918 14981
10918 15414
12760 15185
12928 14062
14930 15331
15127 15412
15405 15408
