7 5215
26 1161
42 5065
42 8197
42 15102
42 15215
43 14563
43 15278
159 8197
383 852
447 528
511 15310
524 1177
568 809
568 15360
577 3648
610 6624
610 6867
610 7391
610 9469
618 4031
809 15360
836 7335
852 2919
852 13566
852 14906
903 15215
1106 15354
1106 15360
1148 15345
1198 11340
1223 1481
1232 15360
1256 1359
1268 5849
1268 15360
1359 4187
1359 5125
1359 9312
1359 9444
1359 13074
1359 14338
1481 7000
1636 5125
1636 6189
1636 9312
1917 8642
2102 8642
2286 5305
2355 12358
2599 15350
2718 15359
2756 5089
2767 7413
2820 5616
2882 15364
2919 14677
2930 15365
3155 5686
3155 9309
3155 12770
3171 3749
3171 15361
3171 15364
3380 14030
3648 9444
3707 15360
3707 15362
3749 13061
3790 4187
3790 5065
4187 7000
4187 15102
4230 5681
4230 11203
4390 10293
4536 15364
4924 15365
5065 15215
5065 15336
5065 15369
5125 8453
5560 15360
5616 8197
5849 15363
6429 15364
6435 15370
6624 9469
6867 9469
6867 13889
6867 15365
6945 15360
7000 15367
7391 9469
7391 15358
7413 15366
7855 12719
8197 15371
8494 15367
8688 12217
9152 15365
9152 15368
9789 15365
11376 14030
11568 15215
12651 13735
12719 15302
13017 15360
14062 15360
14064 15361
14906 15361
15261 15302
