29 15389
42 14677
42 15422
43 15438
46 2529
76 15406
138 15438
151 2762
151 7290
158 14677
318 2118
433 2118
444 9152
573 5468
573 14142
577 2919
577 5094
577 11340
577 13017
729 2062
762 852
852 3707
897 15437
1255 2845
1268 14062
1321 15431
1365 2756
1365 2919
1514 15442
1636 8179
1636 9045
1636 15430
1636 15434
1742 2118
1788 2062
1788 9341
1917 15303
2062 3107
2062 7391
2062 11779
2081 2930
2124 15404
2255 15443
2756 4908
2756 13318
2756 15421
2762 3945
2762 4577
2762 9958
2767 15434
2816 3648
2816 5550
2845 15406
2934 4232
3104 13515
3171 4187
3171 15432
3171 15434
3329 9469
3446 9469
3446 15433
3676 6448
3707 4908
3707 15260
4117 15438
4187 8298
4187 15429
4546 9649
4589 8197
5065 7480
5065 9469
5065 11203
5065 15431
5065 15434
5065 15441
5471 13735
5658 15440
6102 8712
6498 14142
6498 15433
6867 7399
6917 9427
7190 7399
7311 10117
7391 15441
7516 15240
7991 15430
8472 15127
8796 15439
9152 15434
9444 15438
9469 11548
10636 11779
10690 15419
10730 13515
10766 15435
11103 11340
11779 15395
12460 14972
12784 15435
13355 15432
13735 15436
14062 15430
14142 14417
15244 15434
15293 15441
15405 15408
15425 15436
