0 1177
0 1753
2 1786
3 1753
7 461
7 1636
19 42
19 48
19 729
26 801
29 73
29 121
29 1786
42 48
48 729
48 1164
59 189
59 249
68 1807
73 852
73 1786
76 79
76 461
76 505
76 1290
76 1768
80 1795
83 1214
96 461
97 236
97 1510
109 1057
118 539
118 613
118 1268
132 1636
146 1634
146 1661
146 1806
153 461
158 201
158 461
158 1115
158 1164
158 1785
158 1795
170 712
189 446
189 1422
196 423
196 461
205 621
205 694
206 801
206 810
206 1563
206 1798
226 1745
282 1451
289 613
289 1795
302 1713
311 1636
330 539
330 1753
348 1448
348 1702
348 1802
374 461
374 1795
394 461
394 891
394 1540
405 1753
423 461
431 968
447 613
461 618
461 729
461 1002
461 1128
461 1140
461 1256
461 1290
461 1540
461 1545
461 1617
461 1636
461 1753
461 1774
461 1794
461 1797
461 1801
461 1807
505 1359
505 1768
539 570
539 1256
539 1268
539 1540
539 1545
539 1636
539 1753
539 1800
539 1807
570 1177
570 1539
570 1636
570 1800
613 1606
613 1808
618 1634
618 1805
621 1804
687 1361
687 1636
729 1164
729 1510
729 1691
729 1807
810 1290
824 1451
839 1753
852 1039
852 1256
852 1774
883 1805
890 1753
948 1811
1041 1803
1115 1785
1128 1797
1177 1256
1205 1796
1214 1290
1214 1581
1214 1636
1214 1753
1214 1768
1214 1779
1214 1799
1242 1268
1256 1745
1256 1774
1268 1290
1268 1540
1268 1800
1268 1807
1318 1810
1331 1800
1359 1768
1359 1796
1361 1795
1361 1809
1390 1691
1448 1702
1455 1753
1539 1774
1540 1636
1545 1753
1563 1786
1606 1622
1636 1768
