2 570
4 412
4 1051
4 1636
19 1826
26 1179
26 1786
26 1793
26 1812
29 48
29 1539
31 729
31 1822
41 253
43 1818
74 570
74 1539
76 80
76 412
76 1051
76 1333
76 1786
80 289
80 455
80 1148
80 1214
80 1304
80 1335
80 1787
96 408
97 1510
97 1773
97 1827
118 1268
121 839
121 1051
121 1636
123 823
129 570
129 1298
133 570
153 461
153 1606
156 570
158 1785
162 570
162 1768
184 939
184 1812
191 1787
196 253
196 610
196 841
205 442
205 1691
258 1787
268 810
280 1335
302 948
302 1646
315 610
370 1179
370 1622
370 1819
370 1826
374 1335
374 1812
376 1820
383 1478
408 613
408 1814
442 546
442 1787
455 1334
455 1577
455 1821
461 729
461 1256
461 1300
461 1413
461 1812
461 1822
461 1825
506 1787
519 939
539 1359
539 1636
539 1823
546 1057
546 1540
556 1051
570 810
570 839
570 1268
570 1290
570 1820
610 729
610 1115
610 1256
613 1179
613 1201
618 1815
662 1422
690 1422
691 1787
712 1051
712 1214
728 1606
729 1822
773 1335
810 1290
836 1083
836 1422
852 1820
881 1811
891 1540
948 1422
948 1811
950 1115
1035 1823
1057 1540
1057 1768
1057 1812
1198 1812
1214 1335
1214 1753
1214 1768
1231 1786
1268 1558
1268 1824
1321 1787
1334 1821
1335 1817
1361 1813
1361 1821
1369 1527
1395 1525
1413 1773
1422 1816
1478 1606
1478 1825
1552 1606
1552 1828
1563 1786
1606 1636
1606 1763
1636 1787
1724 1805
1724 1819
1768 1794
1773 1827
1787 1826
1797 1818
1823 1824
1826 1829
