43 9245
76 1255
97 1755
153 5859
172 15457
253 6373
399 12672
399 14627
455 5493
524 2845
546 7000
572 1877
573 5788
613 2762
621 2762
621 3158
621 15454
836 6373
852 2529
852 14338
852 15452
1002 5788
1106 13696
1242 4987
1242 15457
1268 4589
1390 4727
1514 15442
1636 4727
1732 12760
1824 4546
1824 9649
1877 5788
1917 3381
1917 15303
1972 11751
2027 4546
2027 12090
2027 15412
2027 15456
2389 5788
2389 11489
2529 10203
2741 15450
2756 3707
2756 10203
2762 6945
2762 15419
2762 15458
2845 15406
2930 13361
3158 15451
3281 3381
3313 10203
3381 13696
3495 15398
3578 15444
3707 15452
4140 15422
4232 9323
4536 9323
4546 9649
4546 15412
4577 15458
4727 5006
4727 14906
5788 5849
5788 15302
5849 10989
5859 15260
6429 15441
6448 15287
6779 15458
6894 15287
6945 7391
7097 8197
7097 11568
7119 15459
7391 15441
8197 12672
8298 15454
10277 15357
11475 15453
13280 14627
13651 13696
14906 15317
15022 15457
15303 15424
15389 15455
