42 14903
43 9245
84 839
84 2027
84 9599
117 383
158 15661
338 11269
383 12358
411 7658
461 7801
556 3503
621 14767
729 7391
839 2027
839 11269
852 2052
852 2796
852 14323
946 8796
1006 4981
1115 15641
1300 2756
1300 6945
1312 12531
1359 15720
2313 5616
2437 13061
2687 10558
2767 13686
2934 10383
3171 14767
4011 5386
4031 15742
4092 11844
4092 15592
4187 13686
4187 14903
4216 8298
4839 5386
5125 5616
5125 15604
5386 14903
5615 15039
5616 5649
5616 6810
5616 15553
6373 14903
6448 8659
6692 14767
6810 15553
7097 14535
7208 7391
7208 12125
7230 14981
7391 8298
7391 10558
7391 12125
7391 13061
7391 15114
8015 13316
8093 15567
8197 15302
8298 15705
8515 14767
9323 10558
10068 15311
11127 15714
11340 14767
11376 14767
11568 13061
11808 15453
11844 15316
11844 15740
12531 14948
12655 15316
13026 15592
14906 15553
14906 15741
15206 15567
