40 12287
41 15206
42 15505
70 108
75 2019
96 1742
97 1255
108 5270
117 5720
133 1232
138 6431
297 15700
374 8604
382 3505
382 5270
519 10911
573 3158
573 15707
577 15460
682 8630
852 6817
852 11158
897 2027
1057 4727
1232 2930
1232 15702
1255 2027
1264 1529
1529 15302
1875 6598
1917 15039
2019 2413
2199 8272
2199 15120
2199 15708
2231 15472
2389 15701
2412 15120
2535 8630
2705 5720
2705 13154
2762 8586
2762 15702
2767 15714
2825 15063
3030 3415
3158 12342
3158 15707
3355 6429
3811 6598
4011 10596
4546 15711
4702 10789
5065 14767
5065 15672
5089 14253
5102 6708
5119 11751
5119 15373
5119 15702
5272 15698
5272 15706
5340 6373
5366 10558
5615 15039
5831 15713
6143 8364
6373 10766
6498 15715
6624 9469
8272 15708
8298 12513
8298 15705
8604 9469
9599 10198
11340 15113
11751 15505
11908 15713
12342 15707
13017 13088
13017 15715
13061 14906
13061 15113
13963 15709
15041 15710
15206 15567
15302 15707
15689 15712
