70 1370
70 15668
110 4080
110 4783
138 1255
158 15633
184 15668
201 14142
383 455
383 8197
383 10730
455 6246
455 15671
461 4565
528 8979
573 13016
573 14142
774 15666
794 3415
794 6640
852 15206
875 1106
875 5049
875 8363
1057 4092
1057 10730
1057 15673
1106 5049
1106 8630
1255 10203
1256 4565
1636 8494
1792 13578
1804 5012
1836 15537
2124 8264
2529 10068
2529 14142
2762 3152
2762 4771
2762 15592
2822 14677
2930 11340
3254 11340
3313 6947
4011 6246
4080 11751
4092 10869
4092 15666
4749 6779
4749 14597
4839 5900
5021 14142
5049 8363
5119 15675
5560 10177
5560 12104
5615 6189
6429 8515
6779 7281
6867 15674
7326 9469
8197 10730
8197 12090
8515 10730
8630 15675
9323 14677
10203 10314
10203 13578
10314 11340
10558 11340
10869 14948
11340 15299
14771 15675
