7 11568
26 6009
26 7290
29 9487
83 10342
95 15668
110 2771
138 15560
158 15525
158 15665
195 3572
204 1667
280 15505
287 7290
383 455
383 10730
455 3509
455 5616
455 9312
455 10314
455 14992
455 15657
455 15671
461 1256
461 4565
573 11718
592 4130
592 12579
592 15670
729 1792
729 15664
729 15665
774 15666
781 9487
837 15667
839 15664
883 14713
968 6714
1106 8630
1198 11184
1256 2762
1341 15672
1636 14631
1636 15665
1773 15669
1792 4113
1792 10203
1804 3479
1804 5012
1972 10314
2313 15671
2428 15666
2529 10314
2529 15206
2756 2762
2756 10273
2762 3442
2762 4377
2762 15616
2767 3509
2930 11340
3155 15536
3313 14323
3313 15661
3707 6435
4130 14001
4232 4731
4232 5468
4377 15668
4419 15654
4536 15525
4536 15592
4565 5720
4702 10789
4702 13017
4783 15664
4839 15671
4860 10347
4860 15269
4924 15662
5065 15664
5119 10314
5616 11184
5720 15658
5822 6779
5900 15663
6009 7290
6189 14597
6779 11184
7034 10314
7190 15619
7391 15302
9385 14001
10068 15206
10198 15645
10203 10314
10558 11340
10730 15592
11340 13803
11340 15299
11340 15664
12358 14631
12358 15525
12358 15633
12525 15615
13026 15592
13280 14597
15474 15662
15669 15672
