26 258
26 8197
70 4135
70 8068
76 15553
122 1126
153 1636
153 2650
258 1106
258 1917
258 15708
297 1763
370 2334
447 15309
455 5692
571 852
573 15813
618 621
618 5065
621 9323
729 839
729 1812
729 8298
729 11096
839 1106
839 1812
839 8298
852 2529
852 3023
852 3313
852 5757
917 15714
948 11096
968 3158
1147 1255
1148 2240
1148 15505
1242 15553
1255 1792
1256 5757
1361 5012
1540 15553
1612 2767
1636 2767
1636 4589
1788 2650
1831 15592
1917 15405
2019 15813
2255 15814
2313 4011
2313 5119
2313 5616
2529 3313
2529 8298
2756 5089
2767 6782
2767 8666
2767 10558
2767 15714
2767 15800
2767 15811
2785 9851
2845 6124
3023 6947
3572 5188
4370 4390
4536 10018
5012 13735
5119 15553
5188 15714
5270 9888
5272 10018
5272 15525
5616 5822
5822 6779
6189 8197
6867 15808
6867 15815
7391 8068
7391 15748
7532 8515
7532 15805
8093 11851
8515 15805
8567 15800
9444 13378
10018 15525
12888 15453
13735 15525
14948 15788
15127 15815
15525 15709
15708 15814
