2 7
26 76
26 6448
26 11066
28 7290
43 1790
76 2868
76 11066
110 3405
110 12090
138 7290
138 15849
298 5065
467 4536
577 14535
577 15848
618 813
618 15846
621 2762
659 5119
659 14948
729 11066
781 2809
846 11344
852 10984
852 12419
968 5658
1005 5065
1115 5089
1140 4382
1140 8887
1255 6569
1255 10558
1255 15299
1361 2868
1365 2868
1604 13735
1636 2767
1636 3171
1636 4589
1676 15845
1763 14784
1790 7290
1831 15846
1917 11642
1995 8298
1996 3226
2019 9236
2102 10802
2156 3171
2256 4839
2313 5119
2762 14748
2868 4866
2868 6779
2868 11103
3168 7647
3171 4839
3405 10789
3636 4866
4031 6509
4168 5119
4168 13735
4523 5141
4523 12287
4536 15525
4589 6779
4589 15505
4866 15846
4924 8093
5012 15558
5065 5272
5615 15039
6413 6779
6448 11066
6799 9444
6799 15847
7230 14748
7290 8197
7290 15557
7391 15031
7391 15848
8197 14771
9101 15714
9444 10428
10040 15846
10203 11644
10203 15849
10789 11340
10984 15838
11066 15127
11340 15031
11344 15840
12358 15525
14948 15850
15842 15844
