30 10203
42 14597
43 11344
76 11066
76 13276
138 13017
138 15389
138 15870
172 15261
196 1990
258 1365
258 14767
258 14906
315 8512
383 412
383 6801
383 14572
410 15714
455 6801
516 1255
852 2756
852 3313
852 5757
852 13298
946 2027
968 1255
968 13281
1002 9446
1002 15593
1002 15869
1106 13735
1144 8197
1242 1540
1242 4216
1242 14906
1242 15389
1255 2970
1310 1990
1365 5757
1636 14767
1658 15558
1869 5065
1917 4216
1917 11066
1917 11421
2158 15714
2256 15871
2489 4216
2489 15708
2694 14767
2730 11066
2868 10273
2930 15453
2943 11066
3171 6801
3171 13298
3426 10846
3444 15872
4216 15389
4370 15261
4370 15558
4536 12836
5065 12125
5065 15871
5065 15876
5119 15873
5119 15876
5270 6594
5272 14260
5305 8197
5757 11836
6189 8197
6373 11241
6373 15871
6801 15709
6867 8512
8197 15869
8298 15593
8654 14948
9041 15645
10203 13017
10203 13276
10203 14459
10203 15389
11203 14677
11340 13017
11344 14504
11751 13276
11751 14918
13276 15121
13653 15389
13735 14767
13735 15877
14062 14767
14767 14976
14767 15389
14767 15636
14767 15645
14767 15870
14767 15874
14948 15873
15022 15869
15108 15418
15261 15558
15453 15868
15558 15875
15708 15869
