7 2650
26 15899
28 2959
28 4615
28 5658
29 5173
43 4749
43 6940
43 15553
43 15891
43 15898
70 621
70 11750
76 1106
76 15892
95 2762
95 5912
95 11750
95 15044
95 15893
110 2406
110 15902
156 9446
179 8473
315 8512
407 2406
407 13097
407 14906
577 1483
618 9323
618 15896
621 11750
852 1206
852 3458
852 14748
852 15599
897 14856
948 2406
1115 8682
1206 3349
1206 4615
1206 14002
1242 13903
1255 5100
1255 5345
1325 1622
1325 5009
1361 10273
1361 15861
1361 15890
1369 2027
1369 12643
1483 2313
1540 12126
1763 15039
2118 14867
2286 14213
2313 5119
2389 15763
2627 10068
2650 2767
2650 8567
2718 2756
2756 5720
2762 5173
2762 14748
2762 15893
2816 13903
2959 9444
3307 5299
3405 6940
3405 11751
3405 15854
3458 14748
3484 5049
3636 7290
3636 14983
4092 15505
4092 15883
4187 10273
4242 10273
4431 4731
4437 9469
4749 15891
4855 10323
4924 15839
5065 15893
5119 5912
5119 13166
5119 15900
5166 5550
5265 8604
5468 15892
5550 15892
5757 9292
5822 8961
5831 15897
5912 7290
6189 8197
6429 10604
6867 15854
7290 8298
8654 15897
8824 13735
9140 15887
9444 9977
9948 15839
9985 10068
9994 12760
10040 15592
10203 12126
10203 13276
10273 11947
10273 12358
10789 13107
11103 15880
11587 12982
12253 15886
12643 15885
13061 15883
15900 15901
