28 3846
28 10068
42 14597
76 1255
76 2062
76 14420
83 15997
96 13578
304 12097
383 14597
528 5900
577 3125
618 15997
712 3137
897 1612
948 14446
1242 4987
1255 1732
1256 12770
1359 2762
1359 5616
1361 2692
1709 6629
1717 16003
1763 3846
1917 2995
1917 6596
1917 15940
2027 6629
2062 4615
2062 9122
2619 15820
2692 2868
2692 4187
2692 14017
2756 10347
2762 15998
2767 15973
2767 15986
2868 15712
3107 8796
3125 14631
3195 11066
3313 10347
3707 15422
3828 6498
3846 10068
3900 8796
4187 4931
4187 5900
4187 11127
4187 15955
4727 8900
4771 15979
5173 8197
5616 5900
5831 15973
5938 13361
6203 15973
6596 15940
6629 15302
6708 8796
6779 8961
7000 16001
9469 11641
9789 11340
12885 15672
13578 15820
15453 16002
15505 15993
15505 16000
15887 15979
15973 15999
