43 507
43 4837
43 10846
46 280
61 837
83 16083
97 14946
108 959
110 6708
110 11269
110 15558
138 16042
138 16113
196 16090
258 9948
280 4117
298 2762
298 3764
298 6618
298 13735
315 16090
374 14596
408 7647
455 2762
455 4113
641 11549
762 16102
904 3381
959 5270
1012 14966
1185 16096
1206 10347
1206 14966
1255 16102
1256 16096
1264 16104
1636 14596
1636 15886
1636 16110
1818 5468
1877 13707
2057 2529
2057 10347
2064 5065
2102 4536
2223 3313
2627 9299
2762 11340
3186 14946
3322 16101
3381 6817
3381 14417
3707 16096
3930 6429
4092 15886
4092 16083
4113 14596
4117 14596
4135 8914
4216 14596
4397 16023
4419 16044
4536 12358
4536 16023
4702 8093
4731 16109
4964 16111
5065 16083
5065 16090
5065 16098
5119 9905
5119 12885
5119 16106
5119 16107
5141 8119
5471 16099
5616 5849
5720 10347
5849 11203
5849 11568
5859 16114
5911 6429
5911 7290
5943 14677
6692 16001
6708 11269
6769 11549
6800 16096
6867 10846
7000 16062
7290 7616
7391 16112
8119 11001
8272 14596
8824 16110
10789 16078
10846 11269
11161 15941
11184 16110
11203 16113
13017 14596
14948 16108
15261 16044
15388 16096
15764 15839
15854 15875
16042 16058
