2 16121
8 12810
13 1255
42 1232
42 6708
59 4242
59 16121
76 2756
95 16120
110 6629
110 8941
110 15558
138 12885
138 16121
368 4090
385 959
432 16121
455 4242
577 12760
613 8370
621 4242
659 16121
729 1413
762 16127
762 16132
803 16132
839 2408
839 6940
839 11269
852 16121
852 16136
959 1012
1012 14966
1048 12090
1242 8586
1255 5373
1321 16138
1369 1658
1369 5119
1369 6594
1369 8119
1369 12885
1369 15022
1540 10718
1636 14597
1657 16131
1917 3107
1973 4092
1973 16135
2019 9836
2057 10347
2064 5065
2256 14469
2389 16012
2408 11269
2621 16121
2756 16121
2762 4589
2868 4242
2868 16121
3221 16120
3313 6800
3313 12760
3381 12760
3405 14469
3648 16086
3707 16134
4090 16138
4092 4536
4117 16137
4126 12253
4382 16138
4390 16117
4536 16125
4731 15494
4771 16070
4839 16132
5065 13210
5119 8370
5119 16106
5125 5493
5362 15382
5554 5912
5948 6629
6429 14469
7000 10718
7000 16141
7290 16121
7364 7738
7391 14469
7855 9836
7961 12126
8370 14143
8370 14948
10589 11568
10789 16137
11340 12760
11409 13851
12253 16139
13061 15028
13838 15420
14948 16120
16138 16140
