42 6708
59 153
59 1144
59 2223
59 5265
59 5859
59 6429
59 8370
59 14338
73 16102
76 16153
95 659
95 12760
95 16157
110 573
138 16163
298 374
298 455
315 3648
455 2762
455 4839
499 1012
499 9122
499 9444
610 16147
659 9285
659 11340
729 7999
729 16155
837 16122
852 3313
852 5089
1012 1877
1012 16152
1013 15299
1359 10273
1636 15196
1657 16131
1831 15886
1877 4746
2019 8272
2223 16154
2313 16160
2627 5652
2756 6817
2762 4419
2762 8298
2816 4116
2868 16159
3023 16161
3155 16161
3313 15196
3405 16156
3707 6124
4092 6137
4092 14597
4187 12760
4448 12358
4771 16155
4839 9587
4866 16113
5089 12718
5550 16158
5606 7391
5672 16163
5859 6429
5946 6160
5946 11779
6137 11146
6429 16163
6429 16164
6779 16122
6779 16152
6779 16162
6947 8936
6947 9956
6947 16136
7000 16164
7290 15398
7364 7738
8298 13903
8466 9390
8824 16157
9156 15987
9156 16155
9285 10846
9444 14597
10068 16163
10347 12488
10789 16155
10850 15592
11779 16155
12345 15184
15505 16160
15593 15729
15887 16151
