59 16249
73 959
73 1012
83 16254
138 571
138 837
138 1644
138 3624
138 4615
153 1256
153 5430
196 7252
315 16247
349 2669
349 6009
455 15886
516 4915
546 729
571 803
571 1369
577 12366
729 1972
729 3707
729 12309
801 1242
801 8272
803 837
837 1369
839 9613
963 14062
1036 5119
1106 11344
1255 5345
1256 5430
1295 2583
1540 15553
1636 11568
1972 15147
2583 15505
2762 11103
2762 12358
2762 15114
2762 16246
2767 3329
3195 15075
3313 3707
3313 5089
3405 16255
3624 5658
3653 5550
3690 16218
3707 16251
4092 7808
4187 15750
4456 7252
4546 9649
4615 5270
4837 5119
4866 7808
5119 7399
5119 7428
5119 16218
5270 12309
5340 13590
5368 5849
5368 6779
5430 5859
5479 7399
5822 6779
5822 11568
6203 15505
6429 10555
6498 10571
7097 12366
7464 15518
7464 16252
8473 12309
9323 16254
9888 16253
10293 11037
10555 16250
11269 14972
11340 11835
11340 12760
13061 13771
14418 16246
14755 16256
