4 16083
59 8370
76 14469
76 15708
76 16201
108 15121
110 16194
138 13013
153 16199
156 1917
156 16201
162 16201
172 1369
258 834
258 1170
374 5119
432 16176
528 4589
528 16083
618 15775
621 4031
621 16204
659 16083
729 16206
760 14709
762 14469
837 16204
839 16203
852 3707
852 6947
897 1193
1006 4589
1006 16200
1006 16207
1012 4615
1106 13013
1170 4117
1206 16165
1232 13590
1242 1917
1256 7534
1369 1836
1369 15875
1392 16199
1540 16201
1551 4650
1636 16083
1788 1818
1854 3041
1854 3405
1854 15875
1904 15121
1917 11269
1972 4523
2156 16208
2236 16206
2389 10558
2389 11376
2529 13013
2582 14597
2762 14879
2888 16202
3030 15097
3313 16165
3405 16206
3707 6947
3856 16176
3967 15839
4011 4117
4092 7924
4092 9540
4382 16157
4523 16196
4746 16209
4771 16205
5065 9540
5065 14597
5065 16208
5362 15382
5366 7480
5368 15505
5468 14469
5471 13590
5616 11203
5681 14469
5831 16210
6189 16207
6232 15839
7190 9994
7534 11751
8067 15886
8121 10027
8197 16201
8912 16083
9444 11605
9925 12253
9948 14784
11269 14709
11340 16197
11344 13042
11344 16122
11943 16083
12885 16165
12987 16194
13590 16206
14572 16083
14597 16208
14879 16165
15302 16177
15697 15839
15875 16202
15886 16195
