42 1917
43 3405
43 4283
43 5294
43 7839
43 8604
43 13922
73 5270
76 2919
76 5270
76 5294
76 7190
76 8604
76 10203
76 15914
76 15960
108 13276
138 5125
138 11862
155 6708
156 3107
162 6708
172 16323
196 15839
298 1200
318 14717
455 3356
455 5362
455 14621
455 16189
461 1242
461 5849
461 15914
577 16314
618 15299
618 16254
729 8604
852 6817
852 8208
852 16320
891 16332
968 13281
1200 5270
1200 14062
1200 16294
1200 16326
1242 3368
1255 7096
1361 16325
1365 5757
1365 8604
1365 11947
1365 16313
1483 16331
1599 3368
1636 5125
1636 6189
1636 9742
1640 9649
1763 5362
1807 2582
1854 4216
1917 6708
2027 13707
2223 15589
2286 2582
2406 11299
2582 11835
2669 6708
2762 9742
2762 11203
2762 16318
2767 14611
2782 6978
2868 4242
2868 8604
3023 16319
3313 8208
3405 7122
3545 16318
3707 10203
4092 16324
4187 4283
4283 16321
4589 12253
4632 10164
4727 5125
4924 13088
4924 16330
5125 6203
5270 14142
5270 16326
5362 9742
5362 15960
5468 14142
5720 10203
5849 15914
6429 9421
6498 16326
6624 16327
6789 14418
6800 10068
6867 8061
6867 10846
6867 14717
6867 16318
7190 8119
7190 10399
7274 9152
7335 13922
7839 8604
8119 16318
8912 13970
9292 16313
9323 16313
9421 13922
9469 16327
9683 12424
9742 11203
10027 13922
10203 16326
11203 12253
11340 16318
11495 16292
11568 15553
12355 15839
12358 16328
13061 16297
13088 15839
13325 16314
13922 16322
14717 16184
14948 16296
15022 16329
15239 15839
15474 15916
15875 16323
15886 16042
16099 16294
