42 15102
43 1854
43 5294
43 10846
43 15826
76 1365
80 6779
138 444
138 5125
138 16328
138 16336
156 839
156 16051
172 1854
172 16026
196 10846
383 15593
383 15886
444 16328
455 7487
455 8515
455 16328
455 16331
573 2472
577 2959
577 13325
610 1990
618 16254
618 16312
729 2762
729 16337
760 14717
781 2730
852 1177
852 1717
852 2756
852 5089
852 5720
852 15474
852 16336
897 1854
1036 2627
1148 8197
1148 16332
1148 16334
1177 5720
1200 6124
1200 8515
1200 16326
1200 16336
1256 16336
1392 4924
1426 4187
1426 5065
1636 7534
1818 14251
1985 2762
2027 8144
2158 16046
2256 2627
2598 14251
2627 7391
2627 8197
2627 16046
2669 6708
2730 5682
2762 5049
2762 6779
2762 8197
2762 12844
2762 13061
2762 15114
2762 15505
2762 15553
3401 13061
3707 10203
4092 16324
4092 16336
4187 8763
4187 16321
4187 16333
4419 8144
4771 16337
4839 16328
4924 16330
5125 7534
5487 16339
5560 8515
5560 16336
5720 16336
6124 15444
6124 16326
6429 8608
6596 16023
6624 9469
6779 7534
6810 16336
7128 15474
7190 16046
7290 16336
8144 15875
8197 16332
8197 16334
8208 11943
8515 15593
8515 16336
8608 12358
8763 12021
8763 14948
9292 16313
9469 16327
10491 15474
10846 11141
11340 16046
11340 16328
11340 16335
15022 16329
15113 16272
15675 15875
15875 16196
15875 16329
15875 16337
16272 16338
16328 16335
16332 16334
