26 2762
26 10930
59 1115
76 15949
76 16346
96 3166
138 16345
153 2762
156 16341
196 315
196 563
196 2762
196 7391
196 10846
286 16250
297 2767
297 16298
315 9323
383 15886
546 15949
573 6629
573 15875
610 1990
621 2762
621 6867
659 2762
729 16343
852 1177
852 2762
852 3707
852 8197
852 16336
968 13281
1012 4187
1036 2627
1115 16347
1200 4391
1255 5270
1256 2756
1256 3313
1256 12366
1359 2762
1359 14930
1361 15114
1413 5822
1636 2762
1636 16099
1636 16345
1812 16099
2102 16099
2158 16349
2197 16340
2197 16342
2256 9323
2256 10491
2333 15875
2627 7391
2691 14251
2756 3313
2756 8119
2756 12366
2762 2767
2762 7391
2762 8197
2762 9323
2762 15114
2767 16298
2767 16347
3030 16348
3313 12366
3401 8119
3405 16345
3545 16340
4187 5162
4187 16321
4305 15114
5065 5822
5065 16344
5083 16099
5100 16250
5119 16209
5141 16343
5692 16298
5822 8197
5822 11568
5822 14930
5911 6429
5911 10730
6429 12885
6619 16345
6629 15875
6779 7534
6779 11568
6779 14930
7122 10293
7122 11241
7290 16336
7290 16345
8231 15875
9292 16313
9683 12424
9789 16344
10491 15474
10730 16345
10918 16326
11340 16340
11340 16344
11568 14930
12358 16345
12885 16345
13061 16297
13653 16000
15505 16329
15875 16026
15987 16112
16272 16338
