3 15453
26 7852
28 11103
41 1126
42 258
42 8197
42 15453
59 2223
76 434
76 13533
76 15875
76 16488
76 16494
96 8197
97 16488
110 6002
110 13707
110 16466
110 16490
122 1787
153 659
153 4377
223 1990
383 467
383 14621
434 15875
467 4467
467 14621
467 14906
510 16488
546 14597
573 15453
659 3226
839 2650
839 11912
839 13533
881 2669
881 4930
881 11103
897 16488
898 2313
1056 9994
1115 15683
1115 16486
1255 14944
1264 4419
1298 2786
1392 2669
1392 15453
1393 16385
1420 4382
1657 9285
1794 2669
1917 2943
1917 13533
1990 3422
1990 9152
2223 16485
2324 7699
2333 12749
2650 16488
2669 3405
2669 5353
2669 10018
2669 11340
2674 11103
2957 14337
3030 16488
3041 15763
3107 7852
3145 11565
3155 6947
3155 16493
3313 16493
3422 9152
3648 8298
4092 7487
4117 15584
4187 7487
4242 14597
4507 4771
4507 5941
4615 5270
4615 12912
4656 15593
4783 16488
4885 11565
4930 8197
5065 7487
5065 14597
5089 16261
5119 16484
5141 14442
5162 16489
5859 8370
6124 6498
6448 13533
6594 16492
7190 8512
7699 15453
8197 11103
8608 16487
8763 13838
9122 14420
10040 15505
10040 15593
12358 16491
13061 14597
13707 15875
13707 16220
15121 16494
15584 15875
15593 16462
15698 16382
15908 16457
