28 11103
41 1126
59 1321
59 7093
59 16495
73 432
76 5270
76 5345
76 5468
97 16488
110 2437
122 2762
172 16497
196 5353
201 8298
383 467
412 16155
447 16499
467 4467
510 5270
729 1115
729 16494
730 8093
762 5345
801 1242
801 9896
839 2027
839 5270
839 8298
852 2756
921 1877
928 15928
1012 9573
1057 2762
1115 15683
1256 3152
1264 1896
1540 8272
1640 6002
1717 5089
1831 2762
1896 4419
1896 5366
1896 8514
1917 3690
1917 13533
2027 3405
2256 14597
2534 4467
2650 16488
2756 8208
2957 14337
3155 6947
3405 12719
3856 5119
4080 5373
4397 9776
4397 16487
4467 14621
4507 4771
4507 5941
4507 15593
4589 5616
4589 12358
4771 16494
4839 16498
4924 9152
4924 13990
4924 15875
5141 6498
5141 16488
5345 6498
5353 10846
5362 14906
5362 15593
5468 15121
6498 9977
6498 15121
7290 14337
7585 12953
8099 15928
8197 9285
8197 15875
9285 15875
9789 16500
9896 13572
10273 14597
11340 16496
12355 16365
12953 13817
12987 13061
12987 15875
13061 15875
14017 16155
14582 15472
15505 16036
16042 16455
