13 172
29 6945
48 2816
48 4358
75 904
110 16424
110 16430
120 15010
138 442
138 2845
138 4615
138 10706
138 14677
156 15708
172 1854
303 1818
383 15886
385 1235
442 1636
444 11340
444 15031
572 4585
573 16424
618 16423
837 4187
837 5162
837 8666
837 15299
904 15299
1206 3313
1242 16421
1256 3313
1359 7104
1361 8110
1365 4589
1365 7924
1365 9185
1365 10492
1369 16351
1517 16034
1636 11184
1636 14597
1636 16415
1717 3313
1854 1917
1854 2333
1854 3381
1854 3405
1896 16422
1917 16417
1972 4640
1977 16399
1985 7274
2044 16413
2333 3377
2756 3313
2756 5089
2756 7350
2762 8298
2762 16426
2767 15031
2771 15010
2787 3484
3171 16418
3195 11066
3377 15558
3405 16423
3414 11184
3636 5125
3648 3882
3882 8298
4031 16423
4117 16413
4187 5162
4187 9469
4187 16414
4358 9444
4384 5703
4585 16420
4640 9323
4771 16399
4839 8110
5065 5162
5065 9469
5119 7487
5141 7852
5162 7391
5162 9469
5162 9905
5162 14948
5270 7122
5362 16413
5366 7480
5757 16313
6277 16412
6429 16417
6438 11605
6448 11605
6594 15854
7000 7104
7000 11851
7104 10409
7104 12856
7104 15708
7290 16427
7391 16423
7487 14948
7689 15010
7749 9469
8110 16302
8110 16425
8147 13889
8409 15388
8767 16419
9469 15127
11184 16420
11299 16415
11340 11605
11340 15031
11835 16416
12358 16351
15708 16417
15875 16424
16428 16429
