26 1364
26 3333
75 11565
110 3405
110 8244
138 2762
138 2845
138 4656
138 15955
138 16434
196 9469
302 16434
304 2762
304 16236
423 13061
444 11340
528 4656
577 7924
608 1369
729 16434
762 16433
852 3313
852 16261
897 9152
897 11565
1057 9317
1057 9809
1115 11078
1364 4746
1364 5353
1364 7749
1365 4589
1365 10492
1369 16351
1375 5703
1636 16236
1636 16426
2062 16433
2156 6448
2582 9559
2756 3313
2762 3137
2762 4656
2762 15560
2762 16236
2762 16426
2767 11340
2775 13061
3377 16295
4187 9469
4187 16435
4382 11078
4585 16420
4656 11943
4771 15955
4839 8110
4866 16385
5141 6945
5468 6945
5560 16236
5757 16313
6175 12358
6448 16260
6498 16426
7924 12760
8472 14677
9444 14442
11340 15031
11565 12434
12358 16351
13479 16209
14906 16436
15121 16295
15593 16431
15854 15885
16130 16432
