43 110
43 1792
43 16553
103 2650
103 14677
108 15050
110 1792
110 15875
110 16572
110 16580
138 2627
138 16579
184 2627
196 3545
204 2627
383 4507
383 13280
383 16573
436 9444
546 3893
621 4507
771 16581
781 16574
839 2762
852 3313
852 8515
1242 5366
1242 11751
1242 12760
1375 2313
1413 6189
1413 8604
1413 12760
1540 3023
1540 16576
1563 1792
1724 15184
1792 5049
2256 3545
2256 16575
2313 6779
2437 6779
2534 14323
2627 16571
2650 14064
2650 14677
2762 15453
2762 15852
2767 14748
3313 15464
3377 9610
3545 16575
3707 8604
4187 16318
5065 14597
5065 14903
5065 16318
5089 14323
5119 16217
5119 16577
5125 5493
5125 14918
5173 5659
5366 6189
5493 16571
5616 16577
6189 6779
6373 16318
6373 16555
6373 16566
6448 13859
6448 16260
6779 8272
6779 16569
6817 15464
7516 14597
8067 14597
8604 12760
8604 16564
8877 16090
9152 16578
10039 16090
10476 16090
11340 16187
13889 16090
14677 16574
14906 16573
14918 15867
15558 16572
15875 16490
15875 16580
16547 16578
