2 16530
26 839
26 16537
28 1365
76 1392
76 1972
76 14142
76 16537
83 4419
83 11343
87 904
88 6498
110 573
110 7851
138 1200
138 16530
258 2845
258 16541
286 14677
302 16534
374 7397
461 16538
568 7749
573 7851
610 9469
656 3900
659 6779
659 11103
729 4419
839 11269
839 13707
839 16545
846 9610
852 14272
886 2333
921 9896
1057 9245
1115 8654
1144 9421
1200 15124
1206 14142
1256 5089
1365 2534
1365 5720
1365 8409
1365 16455
1426 7391
1426 14337
1600 7391
1612 5468
1636 9245
1657 14677
1657 16216
1717 8409
1763 16533
1877 12784
1917 2326
1917 16537
2223 16529
2324 13707
2326 7000
2326 12716
2333 12784
2355 14272
2389 13707
2389 16544
2810 14879
3041 15763
3313 10203
3690 7000
4382 16529
4419 10846
4536 5065
4536 11051
4731 16540
4731 16541
4949 14748
4949 16536
5065 8411
5065 9948
5065 13707
5065 16529
5119 16484
5353 8712
5353 9789
5353 11362
5366 16544
5720 14272
5720 14338
5849 9469
5879 16539
6429 16535
6436 11343
6779 15505
7000 16537
7391 16535
7391 16543
7487 11344
7947 16542
8297 9958
8654 14418
9540 9789
9896 13707
10293 10383
10846 12784
11184 14597
11184 16545
11943 14948
11943 16545
12245 14281
12358 14879
12358 15700
12385 14272
12784 15453
14270 14386
14272 14386
14879 15839
15124 15708
15708 16537
15839 16532
15875 16542
15875 16544
16540 16541
