26 12602
29 3177
29 16511
42 1198
42 4507
42 16510
73 432
76 1972
76 2762
76 3624
76 5065
76 8197
76 16214
110 16473
113 16520
118 805
138 6594
201 9956
226 1742
258 16130
383 15453
467 4467
573 13707
641 1831
729 15875
801 1242
886 16518
946 16513
1012 3648
1012 10918
1012 16521
1057 2762
1198 11340
1359 2762
1636 16504
1644 11127
1657 11340
1657 14677
1742 3177
1812 2762
1854 13707
1854 15875
1917 4536
1917 6708
1972 5065
1972 9948
2081 8912
2192 16515
2324 7000
2324 8596
2324 13707
2389 13707
2756 15615
2756 16524
2762 5065
2762 7545
3177 5119
3177 12245
3313 10203
3690 7000
3900 4419
4080 4419
4090 16512
4092 16516
4135 6624
4187 16515
4467 14621
4507 16516
4536 5812
4536 11568
4839 16514
4924 9152
5065 8197
5089 15615
5125 15505
5682 10198
5720 16130
5720 16522
6498 16520
6618 9616
6686 15839
6708 8515
7000 16523
7545 16519
7738 8404
7855 15708
8067 16517
8197 11751
8197 15505
8404 15875
8608 16446
8792 12602
9168 13272
9444 16511
9789 11766
9948 16515
10808 11549
11103 11943
11344 14721
11836 16313
12090 15875
13707 15875
13735 16246
14017 16130
15299 16130
15382 15505
15505 16514
