26 7290
43 3093
56 2582
76 5065
83 9285
90 897
110 8836
138 1563
138 1908
138 7290
188 11809
385 1198
385 3245
456 5353
461 1908
577 1198
577 5065
618 2292
621 1751
621 5065
762 2773
794 9152
803 16695
839 2773
852 1636
852 2158
852 4187
852 5720
852 14323
852 15388
881 16649
886 2333
968 6498
999 5353
1140 5353
1232 1774
1256 1636
1359 5467
1369 5366
1393 14597
1563 15720
1636 16592
1680 16693
1751 15875
1763 3737
1917 3107
2027 3676
2124 16698
2223 9143
2286 14213
2292 2773
2324 10472
2324 15505
2389 16580
2529 15388
2720 3093
2773 12940
2789 8067
2789 14418
2821 5065
2970 16580
3093 5294
3226 15114
3676 5468
4011 16695
4092 15505
4216 5119
4397 16446
4419 16580
4731 8816
4731 11061
4731 16700
4839 11683
4839 16697
4915 8836
4964 12643
5065 15720
5119 9143
5119 16532
5119 16688
5230 16670
5366 5599
5440 16580
5467 13061
5468 12643
5471 9683
5558 16232
5720 15388
5831 16692
5831 16698
6373 16327
6373 16555
7290 12341
7934 16694
8197 15453
8197 16580
8197 16695
8773 11779
8816 10347
8870 13469
8912 16649
9143 16316
9285 15113
9425 16692
10068 16690
10293 14653
10489 10766
10489 11779
11164 15941
11184 16700
11489 16564
11809 16699
12125 12366
12126 14213
12358 14492
12643 15121
13461 16580
13707 15875
14653 15771
14955 16696
15033 15121
15299 16701
16102 16671
16670 16700
