28 10293
41 9587
43 14213
43 16654
59 16656
76 11565
76 15311
94 904
110 16649
131 15113
138 1206
315 10293
315 15113
315 16070
315 16648
370 16655
414 5353
414 7399
577 10633
610 5408
610 11565
621 15664
669 6429
852 3313
881 16652
904 13014
1057 11751
1125 4187
1206 15852
1256 2767
1256 16070
1265 5682
1291 5353
1291 15852
1302 3166
1322 6867
1359 5408
1361 3893
1366 9366
1392 1554
1413 4507
1563 5353
1576 16653
1604 8515
1604 11103
1749 5353
1917 16564
2102 11565
2166 11565
2223 16656
2256 15664
2313 15064
2529 16114
2762 5366
2762 15664
2787 3484
3065 8604
3177 11779
3224 4589
3224 7741
3224 15761
3313 5089
3636 16652
3893 8067
3893 15593
4092 16657
4187 16658
4231 7491
4507 16593
4707 15757
5065 5408
5065 8712
5089 6947
5119 12149
5119 14597
5173 5659
5353 16654
5373 16564
5386 9299
5408 6867
5468 14213
5616 6640
5912 8515
5912 10293
6373 7851
7000 16648
7290 16254
8197 16651
8613 16267
8712 15113
9122 16613
9323 10633
9323 15664
9352 10558
10600 16652
11164 15941
11203 16647
11751 15875
12126 14213
12149 14930
12358 15064
12358 15505
13017 16645
13017 16646
14213 15875
14930 15952
14976 16650
15875 16254
16232 16613
16564 16633
16592 16652
