13 16623
28 5049
28 10293
28 15113
76 5353
76 15113
110 647
110 16629
138 490
153 15286
184 10600
315 15113
351 4860
506 1787
608 2529
637 16639
731 2529
801 1242
839 16631
852 2756
852 3313
897 15121
904 13014
1144 15286
1256 5270
1264 1793
1264 2962
1413 15956
1413 16304
1636 16626
1664 9610
1763 16090
1774 9326
1831 3980
1875 7516
1914 16640
1917 15498
1917 16638
1985 7237
2062 5270
2062 6124
2256 15664
2389 15885
2668 4731
2668 8567
2762 14535
2762 15027
3177 11779
3377 9610
3405 16044
3501 4187
3545 15664
3554 5720
3554 10068
3624 6124
3636 16624
3963 12287
4092 10600
4106 11340
4187 16641
4231 7491
4507 11052
5119 16144
5173 5659
5270 15615
5272 15286
5720 6800
6002 11101
6062 8061
6429 10383
6429 16634
6453 15875
6453 16633
6810 11052
6947 8409
7190 16090
7237 16601
7290 15311
8067 14597
8067 15553
8197 16044
8613 16267
8613 16564
9152 16637
9352 10558
9444 15113
9952 15168
10347 15113
11779 13990
11779 16318
11943 16592
12253 16642
12662 14417
13889 16090
15027 16090
15113 16554
15240 16635
15719 16090
15875 16044
15956 16304
16564 16631
16592 16636
