28 16757
42 8494
42 16731
46 108
76 172
76 823
76 2460
83 16759
117 4731
138 14062
153 10492
172 573
172 2324
196 14062
201 16744
204 15448
412 14062
461 823
461 6629
467 823
467 852
467 6436
546 12126
573 857
573 1264
577 3107
577 14597
678 968
801 2204
823 1636
823 6779
839 16752
852 5720
852 6436
852 6947
857 4031
857 6945
857 16754
1006 2158
1006 14062
1006 16628
1012 2100
1012 2930
1012 15388
1115 15683
1312 2223
1312 13838
1312 14948
1359 15720
1361 13838
1369 15987
1369 16758
1393 7281
1407 10592
1413 10730
1426 16469
1709 16742
1763 14062
1831 9431
1917 16752
1971 16472
1980 4419
2019 16628
2100 2158
2100 2816
2100 4615
2100 8298
2100 16618
2122 14213
2158 7000
2223 15388
2256 5757
2286 8124
2286 14213
2437 6629
2460 6109
2460 8773
2460 10347
2460 16730
2582 2739
2582 5195
2582 15604
2592 16760
2650 5692
2692 16744
2762 5065
2762 14631
2888 14062
2930 4031
3030 8298
3107 6779
3184 4106
3313 15388
3501 5119
4382 16745
4536 6436
4731 16628
4771 13838
4771 16744
4860 14677
4866 16750
5031 7000
5065 14631
5493 14597
5699 16260
5720 15388
6429 14213
6429 16469
6436 11943
6629 15875
6912 7391
7000 15209
7391 16755
8364 13838
9168 16751
9469 14062
10268 16752
10347 16730
10789 15113
11184 14062
11340 14062
11340 15113
11340 16695
12126 14213
12149 15941
13393 14418
13838 14948
13838 15474
14062 15299
14062 15505
14062 15839
14062 16756
14361 16511
14631 14948
14716 15388
15050 15087
15114 16751
15209 15505
15299 16756
15453 16751
15505 16260
15505 16734
15875 16754
16712 16745
16751 16753
