43 10724
83 773
83 16783
84 839
95 12341
95 16786
134 577
138 16786
247 773
304 12341
312 16791
315 15113
315 15299
370 1058
461 1636
461 2762
461 8630
461 10040
461 12643
577 621
610 1985
618 2821
621 773
839 10724
852 2057
852 2529
852 16781
1023 14417
1058 2268
1058 6470
1058 6867
1115 11061
1206 2086
1242 16785
1312 13838
1359 2868
1359 16765
1361 16782
1365 3158
1393 14062
1393 16764
1413 15525
1514 16775
1539 2821
1539 12341
1636 15525
1636 16782
1709 10724
1709 12643
1751 6624
1751 9168
1877 16628
1917 7071
1917 8796
2057 2756
2057 5720
2156 2582
2158 2821
2223 16596
2256 8298
2268 2868
2286 8124
2313 4193
2324 2694
2389 16628
2389 16776
2489 16785
2529 5757
2529 16783
2567 14948
2582 3572
2582 4949
2582 15382
2650 2821
2650 5353
2650 16564
2694 8244
2756 5720
2762 4589
2762 5616
2762 11340
2767 15645
2786 16628
2821 6942
2821 8712
2868 16747
2888 3509
2970 10724
2970 12341
2970 14062
2970 16764
3158 16785
3313 16781
3329 11565
3377 8244
3509 16762
3707 16781
3887 16762
4193 11947
4193 15947
4589 6779
4731 5699
4731 11061
4731 16260
4866 16790
4924 16786
5272 9425
5366 5616
5467 15720
5616 16777
5616 16786
5720 16783
6124 16783
6708 16564
8197 12643
8298 9143
8604 11565
9952 15839
10673 16780
11061 16771
11565 13889
12341 14906
12358 16782
14062 16784
14062 16787
14062 16789
15113 15299
15114 16751
15505 16734
15645 16786
15875 16788
16753 16778
