13 16742
42 6108
46 12749
76 1198
76 2199
76 6708
76 16297
76 16695
117 4731
153 16695
172 573
172 16773
204 5125
297 15299
374 16392
461 6708
571 12760
573 1264
573 16759
577 836
577 3107
760 6108
839 6108
1012 2100
1041 16034
1312 13838
1359 1413
1359 15720
1359 16765
1361 13838
1361 16297
1369 16156
1369 16628
1369 16758
1375 8124
1393 7281
1514 10766
1514 15875
1514 16775
1636 3636
1636 16695
1742 5141
1751 9168
1831 11851
1917 5031
1917 15826
1917 16752
2027 6108
2158 2389
2199 15875
2204 7741
2204 16671
2324 2694
2333 8244
2389 16776
2437 6629
2437 6708
2460 8773
2489 16758
2529 5720
2529 5757
2529 15388
2582 5164
2582 6246
2650 5353
2650 15299
2694 8244
3158 6108
3226 16765
3239 16774
3487 10383
3572 9444
3636 15505
3636 16624
3636 16695
3858 15299
4216 8197
4384 16472
4384 16773
4419 15649
4702 14062
4731 16628
4731 16771
4860 14677
4949 16592
5065 14903
5125 5616
5125 15064
5362 8515
5362 16691
5366 5616
5366 16034
5366 16767
5440 7741
5467 15720
5518 16459
5560 15299
5616 6640
5616 11943
5616 14418
5616 16034
5616 16772
5616 16777
5699 16260
5720 15388
5720 16753
6108 8197
6254 16742
6373 16689
6984 8484
7000 15826
7000 16691
7071 11203
7290 16297
7391 14062
7945 11340
8244 15875
8515 10040
8515 11184
8515 16691
8912 16649
9431 11851
9536 16297
9562 16392
10273 16008
10383 10730
10789 15113
10789 16772
11061 16771
11203 16770
11340 16695
12358 16763
12358 16771
13451 15875
13838 15474
14062 16762
14062 16764
14062 16766
14062 16768
14337 16760
14748 16761
14906 16772
15050 15087
15184 16610
15839 16763
15875 16773
16695 16714
16753 16778
16764 16769
16764 16779
