7 5049
7 16293
76 172
83 13032
95 16047
205 1744
205 4397
302 4749
304 762
304 1896
304 2583
304 6779
315 318
315 577
315 773
315 9444
467 16821
610 16828
618 5911
618 6429
803 16834
852 10347
1006 16819
1006 16837
1006 16838
1312 13838
1517 16837
1917 14226
1917 16687
2019 10203
2111 16293
2158 4031
2158 16829
2223 16816
2313 5493
2488 11836
2669 16776
2676 4031
2676 16830
2756 5233
2775 9215
2906 16839
4092 15305
4339 14142
4523 6498
4924 16695
5049 8494
5065 16829
5119 16831
5215 7491
5263 16695
5263 16836
5267 11568
5305 8197
5366 16837
5493 15505
5616 10600
5616 11103
5616 16835
5720 11836
5831 16807
6108 15087
6246 9789
6373 16832
6429 10730
6429 13032
6448 6708
6576 9431
6942 16827
7487 15199
8494 16293
9332 16829
9431 11851
9444 16830
10409 13032
10409 13653
10600 15593
10600 16514
11101 16826
11269 16327
11340 16827
11340 16831
11863 16827
11972 15875
14906 16810
14948 16793
15213 16833
15839 16763
16187 16836
16322 16564
16322 16776
