14 2724
76 16327
83 5173
138 5173
138 13566
153 5308
196 1013
196 15113
196 16931
304 2762
461 16695
461 16875
1036 10846
1115 7616
1322 3627
1359 16923
1361 2762
1361 16175
1361 16929
1392 13566
1917 7290
1917 16903
2095 16698
2223 16398
2243 15505
2313 16181
2582 5119
2582 16181
2730 6429
2730 16875
2762 13280
2762 16933
3107 6429
3624 15372
3657 14767
3764 16929
4488 16175
4731 6189
4839 16889
4866 16929
4908 16814
5107 12672
5125 5616
5173 5659
5267 16628
5308 13965
5468 16923
5831 16677
6373 15113
6373 16327
6429 16875
7290 16327
7523 16932
7616 12672
7699 15453
7822 16610
8363 16564
8515 16934
10846 11269
11340 15113
12126 16934
14042 16807
14906 16349
14948 16175
15672 15867
15875 16929
15875 16935
