0 1413
0 1981
0 1988
2 383
2 570
2 1675
2 1981
4 1985
14 729
19 370
26 788
26 859
29 1822
29 1981
46 302
46 1413
48 1572
70 1818
73 121
75 93
76 96
76 124
76 275
76 618
76 1106
76 1551
76 1820
76 1831
76 1839
76 1983
76 1984
76 1987
80 442
88 98
88 1036
88 1979
96 1942
97 1572
109 1057
115 903
115 1605
121 201
121 928
121 1941
122 659
124 546
153 461
158 565
191 618
201 928
201 1941
206 570
218 259
218 600
221 1540
259 600
302 910
302 1831
303 1605
315 370
334 1057
334 1393
370 1214
383 1608
423 1256
442 1990
442 1993
461 570
461 779
461 1349
461 1563
461 1753
461 1988
502 1657
506 1983
519 1987
539 1540
565 1988
570 729
570 810
570 875
570 928
570 1214
570 1563
570 1753
570 1877
608 1675
610 1657
610 1976
610 1985
613 1963
618 1688
659 873
659 1115
659 1361
659 1616
659 1986
682 694
708 1642
729 839
729 1563
729 1636
729 1753
729 1831
729 1982
729 1983
729 1992
771 1413
771 1982
788 1161
788 1980
810 859
823 1615
824 859
859 1822
903 1976
928 1563
928 1820
948 1369
1002 1962
1057 1970
1106 1991
1118 1393
1128 1392
1140 1984
1164 1349
1164 1392
1164 1616
1179 1543
1206 1983
1214 1753
1242 1540
1251 1957
1256 1981
1268 1540
1349 1794
1359 1605
1359 1905
1392 1973
1392 1981
1393 1608
1393 1984
1413 1675
1413 1988
1517 1981
1540 1753
1563 1820
1572 1894
1622 1675
1636 1965
1657 1989
1675 1988
1817 1922
1962 1983
