46 8124
46 13735
73 897
76 4746
76 12734
76 15113
76 16989
83 10347
83 17015
95 17017
96 16306
138 11340
204 17017
258 15324
315 4113
315 11340
531 2762
659 17015
662 7699
662 15252
682 2582
729 4117
852 5119
852 17017
897 7855
1012 16306
1206 15012
1278 14767
1361 11184
1375 12760
1454 15022
1515 4117
1636 3023
1636 4216
1636 15324
1636 16592
1640 5125
2245 16993
2286 14213
2286 17023
2582 3828
2582 17018
2756 17015
3023 17020
3313 16096
3681 17019
3828 16592
3882 11340
3882 16993
3893 4117
3893 14767
4117 4216
4117 9629
4117 10347
4117 11340
4117 13017
4117 14767
4216 14767
4305 17014
4523 17021
4746 6160
4746 8197
4746 9421
4924 13646
5100 16981
5119 17017
5440 12760
5616 9245
5699 12760
5720 17019
5831 13646
5912 16999
6373 6624
6624 6867
7000 16989
7855 9421
8197 8272
8197 15921
9958 10846
10273 16947
10347 16695
10347 17015
11340 14767
11340 16148
11863 16994
12090 16564
12097 17022
12358 15302
13735 15875
14213 17023
15168 15761
15324 15505
15324 17020
15505 17015
16989 17016
