0 16877
28 12953
110 5125
118 4746
138 1636
138 16877
196 6373
249 2786
304 12672
482 12358
608 7822
618 5911
659 6279
659 7695
659 10016
682 2598
837 16952
852 8586
852 14906
852 15299
852 16003
852 16960
910 16306
1023 16877
1206 16960
1256 12114
1256 16950
1361 14906
1361 16003
1392 16953
1413 5125
1454 7822
1454 8197
1563 14046
1636 12358
1749 16596
1875 5616
1917 16026
2027 16026
2095 14906
2095 16003
2095 16960
2582 5119
2640 15388
2756 3171
2762 14906
2762 14978
2821 12182
3405 12643
3458 13280
3627 7749
4092 16003
4216 5125
4242 16943
4339 16907
4468 5143
4731 16954
4746 11269
4964 16026
5125 5362
5125 5366
5125 7000
5125 8768
5125 10273
5125 15505
5127 5270
5143 11340
5179 10918
5366 16958
5501 11269
5501 15875
5912 16958
6124 16003
6189 7000
6225 16956
6373 15113
6429 11851
6505 8768
6692 16953
6779 12672
7000 16937
7822 16942
7947 11269
8197 16960
8363 16877
8768 16957
9421 16877
9649 16953
10068 16954
10273 14046
10592 16952
11269 15875
11269 16564
12114 16003
12358 14046
12358 14621
12358 16946
12358 16947
12358 16951
12358 16955
12643 15875
12672 16959
14621 16951
14906 16003
15185 16877
16003 16327
16003 16948
16003 16950
16293 16949
16349 16944
16564 16949
16592 16954
16695 16952
