0 184
2 570
2 1735
6 1642
6 1997
12 1214
12 1753
14 904
26 72
26 136
26 859
26 1735
26 1996
26 1997
30 1646
37 1881
41 1395
42 72
42 123
46 1140
46 1742
65 136
65 1242
68 1994
72 83
72 134
72 490
75 80
76 123
76 461
76 613
76 1242
76 1268
76 1359
76 1361
76 1413
76 1753
76 1908
80 291
80 1787
80 1939
84 881
87 1831
95 254
96 153
96 852
97 390
124 315
124 1268
124 1972
129 1995
133 153
136 461
136 539
136 1268
136 1422
140 1572
141 1742
153 289
153 1370
174 682
179 1058
184 291
190 1732
190 1735
196 1972
206 330
206 461
206 539
206 570
206 875
206 1268
206 1563
206 1877
225 1742
226 539
226 570
238 315
259 600
280 1361
280 1831
280 2001
289 1370
291 1361
291 2004
302 570
302 1106
302 1205
302 1646
302 1818
302 1971
307 1977
307 1992
315 1268
315 1972
330 539
330 570
367 1510
370 1179
370 1606
370 1646
370 1786
370 2003
374 570
374 1818
390 570
390 1572
412 952
435 1831
449 1106
449 1214
449 1980
461 859
461 881
461 1006
461 1242
461 1413
461 1753
461 1877
505 1994
519 694
519 1987
539 1268
539 1753
539 1905
539 2000
562 881
562 1379
565 2000
570 1036
570 1242
570 1268
570 1413
570 1583
570 1735
570 1818
570 1881
608 1818
610 1636
610 1816
610 1831
621 1787
662 1905
699 952
729 1268
729 1413
729 1642
729 1997
788 1161
852 1206
859 1606
879 1972
881 1831
881 1994
882 1997
903 1361
903 2000
952 1905
952 1999
959 1206
959 1831
1002 2002
1006 1413
1041 1992
1057 1422
1057 1994
1106 1413
1106 1642
1106 1831
1140 1494
1140 1831
1140 1984
1242 1268
1242 1413
1242 1753
1242 1907
1256 1510
1256 1831
1256 1992
1268 1971
1304 1822
1361 1831
1361 1866
1361 1939
1361 2000
1393 2000
1413 1540
1413 1905
1540 1818
1572 1995
1606 1786
1622 1786
1636 1831
1636 1994
1636 2000
1642 1992
1642 1998
1646 1747
1646 1818
1691 2003
1732 1735
1763 1822
1763 1972
1787 1993
1818 1881
1822 1917
1822 2002
