43 6189
138 17100
140 240
179 1636
221 712
442 14767
528 677
577 2057
610 17093
618 970
659 2762
677 16984
686 13735
1006 17069
1170 17100
1206 17103
1242 15022
1268 14142
1300 3979
1361 11779
1365 14767
1636 2756
1636 3636
1636 12341
2019 17069
2095 16003
2107 16564
2256 16689
2762 8197
2762 14906
3636 4839
3636 9245
3636 10293
4746 9245
4746 17059
4839 9245
4964 17095
5119 5912
5119 17098
5468 15113
5468 17094
5522 8281
5757 6817
5757 11851
5864 17097
5912 17073
6062 16984
6640 11340
6640 11531
6867 17092
7647 11531
8137 10846
9245 11103
9245 17008
9245 17099
9633 16671
10347 17015
10918 17094
11340 11531
11340 12358
12341 13061
12358 17102
12643 15875
12928 16097
12940 17098
15022 17096
15916 17101
