42 839
42 5065
83 17051
83 17059
95 4924
95 17017
95 17058
97 17047
110 1854
134 11155
138 1278
138 5065
138 17027
153 14278
204 16989
258 839
528 11565
532 16928
573 15875
577 3460
659 14976
817 14278
839 1256
839 8632
852 1393
852 1432
852 4585
852 14264
852 15398
852 17017
852 17043
852 17044
1012 2095
1256 16960
1256 17043
1256 17050
1361 5616
1361 17046
1365 16960
1393 6279
1393 10347
1393 17059
1476 5949
1539 1551
1539 5845
1636 5616
1763 14046
1904 2816
1917 7071
2095 4231
2095 7199
2095 17043
2102 4746
2256 17046
2406 15113
2529 5845
2529 16096
2598 3636
2598 5065
2598 8632
2756 17050
2762 3636
2762 8067
2767 5616
2767 9323
2767 17041
2767 17058
2868 16960
3076 17049
3097 5565
3195 17051
3293 6867
3313 16096
3313 17050
3405 17053
3636 5616
3707 16877
3707 17008
3707 17040
3707 17044
4048 15299
4187 5007
4187 9469
4216 17051
4397 4746
4397 17000
4615 5468
4924 13838
4924 17058
5007 5065
5065 17027
5468 17057
5501 7399
5652 14278
6160 17051
6429 10383
6505 17054
7000 17042
7194 8567
7199 9431
7199 12385
7290 12523
7391 10383
7391 15887
7391 17040
7391 17046
7516 17056
7855 17042
8197 8632
8632 16984
8712 16928
9323 17059
9425 15561
9425 17048
9469 15113
10068 14278
10472 15875
10541 11344
11203 17056
11269 16928
11565 16984
13017 17041
14264 17050
14418 17034
15398 17043
15839 17006
15839 17052
16302 17055
16877 17045
17008 17044
