42 677
42 2406
84 2406
95 6203
95 13067
110 17137
153 16033
184 16933
196 12022
201 17103
226 1990
413 852
455 3415
467 9905
677 5021
682 12341
722 17124
762 17097
803 15618
837 8787
837 12022
852 2756
852 3313
852 14906
852 15311
970 12125
1115 11851
1206 17103
1256 3707
1359 17121
1413 12523
1636 17125
1917 10409
1917 17130
2095 17127
2128 15875
2256 17116
2313 9312
2406 15875
2650 5021
2650 17097
2756 11851
2762 6373
2762 14748
2767 3388
2767 5119
2767 9425
2767 10918
2767 17092
2825 3068
3113 17136
3388 11751
3388 16695
3707 16907
4113 12523
4179 15518
4382 17097
4382 17112
4839 17072
4924 17126
4924 17133
5100 17135
5119 9425
5119 17106
5159 17130
5308 5849
5720 12523
5816 17130
6203 17128
6373 6624
6429 10604
6448 12037
6867 17128
7852 11779
8067 17129
8567 17097
8567 17132
9285 16033
9285 17097
10068 12523
10347 17015
11340 12760
11340 15929
11340 17126
11751 13067
11751 15114
11943 16933
11943 16977
12022 16629
12090 13981
12523 14906
13773 17111
14976 17127
14976 17134
15406 17123
15474 16033
15505 17121
15839 16596
15839 16807
16033 16695
16033 17097
16984 17131
17097 17112
