42 5616
88 14278
153 2650
201 6431
528 677
573 682
618 970
618 3456
641 677
729 1361
859 15299
897 6619
897 14469
970 6713
1057 2120
1115 2650
1115 10347
1144 4562
1206 4562
1281 7699
1359 9421
1359 15656
1361 1413
1361 2120
1361 17099
1393 10347
1466 5912
1972 6062
1972 12985
2095 4839
2095 15746
2095 16233
2223 17048
2389 6629
2406 9379
2428 9245
2437 3456
2489 17104
2581 4839
2650 10347
2650 17097
2762 5493
2785 16386
3322 9245
3405 9421
3456 4116
3456 6429
3505 17094
3545 17093
4031 16984
4031 17109
4212 14042
4562 11340
4746 17099
5119 17106
5352 15887
5493 8197
5493 14906
5493 15114
5560 15324
5757 11851
6062 12985
6498 17047
6618 11340
6709 17108
7071 10409
7534 9245
8099 11203
8197 17107
8567 17097
8630 16689
8712 17106
9245 17099
9245 17110
9425 17092
9789 16596
9905 10600
9952 17092
10068 14278
12643 15875
12885 16970
12885 16984
12928 14906
13707 15875
13707 15887
15636 17072
15761 17105
15839 16596
15875 17095
15887 16942
15916 17101
16564 17104
16730 17066
17008 17109
