42 1604
42 8272
43 14709
76 15875
110 17227
113 2437
138 2158
153 12844
153 13735
153 15151
184 9245
201 5119
258 9257
374 1115
412 5272
467 4536
510 1788
524 15400
618 1097
618 2095
618 4117
671 4048
721 17224
839 16580
852 2705
852 2756
852 3313
852 5089
852 8208
852 10690
852 17222
881 13735
897 15151
897 15875
1106 10589
1177 4187
1359 13280
1365 11340
1393 1604
1413 4117
1604 8067
1604 11103
1604 15709
1640 16664
1854 2389
1917 2307
1917 4536
1928 8225
1972 15151
2019 10472
2019 12685
2095 4924
2095 15151
2158 17229
2197 9299
2197 17076
2286 2324
2286 6189
2324 15022
2324 16564
2428 9245
2529 10925
2529 16129
2705 3707
2705 8208
2756 4140
2919 8580
3816 12126
4011 5065
4048 17220
4059 4702
4092 17205
4092 17226
4117 12126
4117 15151
4140 5720
4187 15151
4467 14621
4523 15113
4615 5468
4615 15022
4746 5159
4839 16033
4924 17092
5119 15151
5270 5468
5272 15538
5272 17188
5616 11751
5720 16129
5938 15151
6360 15875
6619 15151
7000 15113
7071 7290
7194 9152
7944 9143
8119 17167
8124 15151
8197 9143
8197 16580
8197 17167
8298 15875
8596 13735
9143 12059
9722 17221
9905 14596
10018 17215
10592 14596
10730 12523
11103 15151
11565 16807
11751 15151
12126 15151
12126 17199
12253 15022
12523 16592
12760 15079
14042 16807
14418 17226
14948 15538
15022 15151
15113 15875
15151 15887
15151 16843
15151 17210
15293 17228
15839 17092
15875 17225
16057 17188
16060 16242
16564 17227
