42 12844
43 2767
76 5179
131 15113
138 5179
153 11779
201 5179
258 5616
258 15448
258 17149
307 6984
307 15010
315 17147
461 15241
461 17147
577 1514
577 10604
577 14748
636 1514
641 6867
729 11340
729 14906
852 4858
968 7335
970 12125
1060 17148
1106 11340
1144 7194
1365 11340
1392 7194
1393 6431
1413 6810
1470 5125
1470 12523
1636 5363
1917 15311
2095 5100
2124 17119
2158 7194
2529 17135
2627 11751
2674 13708
2739 17015
2767 9425
2767 11340
2767 17126
2767 17151
2868 16318
2868 17147
3624 5179
3882 17072
4113 5720
4117 9312
4397 10730
4523 17147
4615 5270
4615 9888
4731 9425
4858 12718
4924 16893
5125 8453
5125 16042
5363 5757
5363 17150
5366 15453
5415 5468
5616 8272
5720 6431
5720 10203
5822 6779
5900 6576
6189 17150
6289 13280
6596 10730
6817 17153
6867 8836
6867 17147
6916 8836
7290 10730
7290 12523
8067 17129
8298 13170
8409 16942
8712 17106
9098 11340
9098 11779
9312 15505
9323 10730
9323 12523
9352 9789
9425 9888
9425 17097
9888 17135
10203 15505
10730 12523
11340 17126
11340 17147
11568 16961
11779 17142
12523 13892
12525 17153
13170 17152
14042 16807
14148 17135
15022 17147
15252 16646
15406 17123
15875 16435
15887 17155
15987 17148
16161 17156
16695 16807
16961 17159
16984 17126
16984 17154
17157 17158
