42 17160
43 4746
76 5179
108 7749
134 5471
138 201
138 434
138 15113
138 17161
577 6429
577 14751
662 2389
729 5179
729 14046
762 15875
968 16877
970 12125
1106 7000
1144 7194
1144 8567
1144 9425
1206 15525
1278 8836
1361 5179
1361 15862
1393 1470
1393 15113
1413 15113
1470 12523
1625 2044
1917 4746
1917 12126
1971 6779
1971 16984
2529 3226
2582 7822
2692 4048
2762 14906
2762 15114
2816 5179
2816 7571
3313 16096
3322 12319
3515 12718
4092 17165
4117 17168
4216 4746
4536 9323
4536 17167
4746 7991
4746 11340
4746 15875
4858 12718
5125 12523
5125 15113
5179 7738
5179 8567
5179 16610
5363 15593
5366 10203
5616 6810
5720 6800
5720 10203
6203 17128
6373 12126
6429 14751
6596 7290
6596 10730
6640 17126
7290 10730
7749 9152
7749 15875
8992 17164
9098 17163
9425 11779
9425 17163
9540 17165
10203 11340
10592 17162
11203 17167
11340 17162
12233 15794
12319 17163
12760 15636
13202 17165
14771 17160
14906 17015
15505 17141
15875 16435
15875 17166
16428 16822
