1 6315
42 5720
42 9161
42 10203
42 15504
42 16826
59 1206
59 5100
76 839
76 4746
76 4964
76 15372
76 15557
110 17263
110 17267
113 2437
153 2254
153 16114
280 3760
390 17227
536 4187
546 13280
577 2593
577 15987
610 2762
610 6373
610 6779
775 2437
837 2783
839 6362
839 11269
897 4615
1060 15372
1115 8281
1206 9888
1256 17266
1264 15875
1321 6712
1333 11103
1359 2437
1365 14002
1392 15372
1413 6246
1413 15453
1422 13061
1718 13061
1763 3177
1971 8197
1972 11565
2086 6373
2086 9130
2086 10766
2118 5141
2286 14213
2313 6246
2324 16026
2437 4216
2437 8124
2437 10472
2437 16382
2437 16907
2593 7391
2676 6429
2783 5294
2868 16986
3158 17263
3177 5468
3177 10918
3330 10589
3456 15372
3528 13477
4117 13280
4117 14418
4117 17262
4187 13280
4187 17265
4216 6246
4317 4839
4317 17260
4419 15875
4615 12912
4771 17263
4839 17260
4924 17257
4964 5305
4964 16026
5065 15987
5065 17264
5119 16986
5119 17245
5215 7000
5305 15875
5362 17265
5616 5649
5616 10472
5616 15553
5720 10203
5720 16114
5720 17199
6246 15505
6362 15875
6373 9469
6373 16327
6429 15557
6618 15635
6779 15504
6852 17234
6867 12760
7000 10846
8159 17261
8197 10592
8197 16026
8347 15504
8364 16986
9130 10766
9469 17245
10409 15504
10472 15875
10589 17148
10592 15944
12358 17168
13318 17222
14596 16428
14976 16836
15022 15875
15875 17259
15883 17254
17218 17262
