2 25
2 137
2 304
2 1958
2 2031
4 2013
7 75
25 2025
26 75
26 1179
26 1786
29 1797
29 2026
30 1017
46 493
46 1551
59 1265
68 2026
69 461
73 1742
75 539
76 1730
76 2030
76 2031
79 1268
79 1787
80 1738
90 2031
95 1179
95 2033
123 302
123 370
123 461
123 729
123 836
133 1198
137 275
148 1517
148 2032
153 1551
153 1738
158 280
158 1984
170 1958
175 836
184 1812
184 2009
196 258
196 836
196 1017
196 1265
197 2009
206 836
225 2009
226 539
235 1753
236 280
236 2009
258 1017
258 1128
258 1265
258 1543
280 1002
280 1106
280 2009
281 1960
289 373
289 610
289 1965
289 2018
302 493
302 1413
370 1017
370 1198
388 903
397 2009
410 801
434 839
436 1958
461 836
461 1242
461 1413
461 2019
482 729
493 1980
539 1214
539 1404
539 2019
539 2026
570 1017
610 1265
621 1551
729 1198
729 1242
729 1727
729 1844
729 2028
729 2033
771 2023
773 881
773 1551
801 2018
824 1753
836 1017
836 1128
836 1265
836 1753
836 2030
839 1551
852 1214
875 1404
1002 1369
1005 1761
1013 1561
1017 1543
1017 1753
1057 2018
1106 1198
1128 2017
1140 1214
1140 1984
1140 2020
1179 1786
1198 1361
1198 1563
1205 1922
1214 2031
1214 2032
1242 1379
1265 2030
1332 1992
1332 2034
1335 1727
1338 1551
1338 1971
1374 2018
1404 1413
1413 1422
1413 1517
1691 2017
1691 2018
1738 2029
1786 1958
1812 2009
1958 1966
2012 2016
2022 2027
