43 14469
43 15388
73 1644
76 15388
103 5550
103 14046
122 4048
124 17401
138 647
138 5248
138 15875
153 1636
153 16665
370 4746
412 4488
412 9245
528 5065
577 10866
610 2762
610 13280
641 5065
839 10846
852 10925
968 17240
1041 10040
1148 5065
1321 8370
1359 2762
1361 17398
1606 2753
1636 4488
1636 8305
1636 11504
1657 14469
1661 2102
1788 12556
1875 5616
1917 6708
1931 16212
2223 17400
2333 4048
2406 15127
2472 7136
2650 14046
2676 6650
2687 6071
2762 8305
2762 14906
2786 16513
3380 14030
4031 13095
4092 5065
4092 16596
4216 5455
4216 15505
4419 17397
4488 7147
4488 14906
4562 5305
4839 11344
4839 14481
4866 5021
4924 17388
4964 16513
5065 11340
5065 14469
5065 16989
6373 17353
6448 14469
6650 15538
7340 16596
10293 16026
11269 15887
11269 16026
11269 16564
11340 16261
11340 17329
11340 17398
11565 17351
12381 15538
13095 16610
13241 14046
14017 17072
15039 16184
15127 16513
15875 16026
15875 16044
15875 17399
16026 16564
16905 17329
16984 17351
16989 17396
