19 6984
26 13361
26 16513
69 17466
76 7820
90 17433
146 1636
151 16513
412 4092
434 6373
446 17433
506 1058
618 3707
729 8494
762 1622
852 3313
852 7186
968 2786
968 4216
1200 4117
1256 2095
1256 3707
1604 3152
1709 16513
1787 16281
1804 16513
1922 14906
1922 15505
1985 15113
2027 16513
2095 11376
2095 17455
2406 7391
2406 15113
2406 17152
2488 6817
2488 11836
2489 17468
2529 10925
2529 11836
2529 17470
2756 3515
2756 17173
2762 16236
3041 8613
3293 7391
3405 17465
3501 9245
3707 16134
4092 4536
4092 10293
4092 16233
4092 16281
4092 17469
4113 6373
4390 17433
4397 8197
4507 16233
4536 14677
4964 17420
5007 10645
5263 10645
5620 8494
5720 11836
6373 13361
6498 8068
6779 15883
7000 17459
7000 17468
7391 15687
8930 17433
9245 16281
9326 16233
9425 14359
10645 11376
10939 11836
11340 14034
11835 14034
15875 16513
16233 16984
17433 17467
