37 14906
43 8792
43 17445
64 1854
83 9326
83 15044
108 1844
138 9985
138 17436
153 3856
153 11340
258 3329
383 1312
544 3856
618 7391
618 8792
618 17440
729 1058
736 5119
736 11340
852 1206
852 2095
852 5859
852 14906
852 17444
963 1058
1115 2543
1395 17449
1551 4523
1636 5119
1636 15324
1917 2324
1972 3856
1985 15113
2019 17069
2095 2488
2333 17451
2488 5859
2529 10925
2756 3313
2756 5089
2756 17172
2762 11184
3039 3856
3293 6373
3293 7391
3313 5089
3313 17444
3484 4419
3760 13922
3856 10068
4048 17453
4157 11409
4157 15114
4157 15875
4234 17428
4419 17430
4523 5468
4523 16554
4731 17425
5012 8613
5089 8208
5089 10925
5089 17409
5119 11340
5119 17437
6373 7391
6429 13382
6568 17450
6629 14417
6640 17447
7000 13382
7093 17431
7391 17445
8093 16134
8124 14165
8208 12718
8792 15875
9152 15113
9427 17436
10068 10925
10068 17444
10596 17443
11103 17425
11228 14657
12126 17425
12525 17153
14002 17413
14906 15883
14906 17015
15041 15887
15569 17429
15635 17448
15875 15887
15875 16580
15875 17397
15875 17445
15883 16057
16026 17193
16382 17216
16382 17452
16596 17322
16695 17432
16888 17413
16984 17450
17163 17436
17428 17446
17441 17442
