2 6448
2 16165
2 17532
28 17563
42 17568
43 5822
43 15498
46 2027
75 17554
76 1709
76 17526
76 17563
76 17565
88 138
88 13533
97 5468
97 17563
110 2324
110 12482
130 11103
138 17568
140 1242
153 4167
153 12366
153 13380
196 10040
196 17551
315 13851
446 4187
736 3076
837 1106
837 10040
852 3707
1041 17563
1393 14597
1406 4092
1413 3065
1413 17555
1539 17563
1636 3065
1709 17565
1877 13276
1917 2324
1985 4317
2095 2756
2095 2762
2102 5215
2158 11017
2223 5041
2223 17557
2297 13851
2324 3900
2406 7014
2406 9379
2733 17564
2756 4839
2756 17548
2762 17560
2970 15875
3065 3707
3065 4731
3065 15505
3313 10347
3355 15384
3496 9175
3516 5021
3592 11184
3636 13514
3681 10347
3707 14906
3707 16907
4031 15113
4092 4507
4092 16233
4092 17469
4113 5215
4187 10040
4187 13838
4536 13514
4731 5362
4731 15505
4731 16099
4731 17555
4765 5822
4924 17557
5021 15761
5089 16261
5468 17526
5720 11836
5720 17567
6448 17555
6596 13514
6779 16843
6779 17562
7014 7391
7014 9168
7014 11184
7391 15875
7855 13276
7855 16984
7855 17552
8494 17556
9081 17558
9152 15679
9152 17551
9168 15498
9425 16989
9469 12366
9510 17540
9683 15875
9896 17563
10018 13514
10268 17562
11184 17540
13276 15875
13514 15875
13838 15453
15113 15875
15113 17066
15127 16306
15498 16843
15783 15875
15839 16600
15840 17499
15941 17559
16989 17163
17521 17561
17552 17553
17566 17567
