26 17533
28 2095
42 2650
42 9143
43 1875
43 10725
59 17543
110 10558
138 2095
153 4317
315 4135
315 15113
412 3015
577 7391
729 3588
729 5468
762 6895
839 1792
839 6108
839 17534
852 2095
852 9888
852 17541
881 13514
881 17544
1106 15041
1206 6982
1256 2095
1256 10068
1322 8067
1361 2762
1392 13514
1413 2437
1413 8363
1562 17525
1604 15505
1636 13514
1792 2437
1792 6108
1875 5362
1875 17533
1877 6108
1879 4031
2027 17397
2095 9425
2095 9472
2095 9888
2095 10068
2095 17476
2223 17543
2256 7107
2324 12643
2529 6947
2582 15504
2692 5900
2762 4839
2762 9469
2762 12844
2762 17538
3041 6108
3204 6982
3221 16165
3313 6947
3405 10558
3405 12643
3592 15114
3893 17540
4031 6945
4135 7391
4317 6429
4419 15783
4783 6945
4964 6108
4964 12295
4981 14213
5012 17512
5029 17397
5362 17533
5362 17537
5468 8175
5468 17512
5720 11836
5900 17499
6852 6982
6945 9896
6945 10366
6982 14906
7335 15041
7391 8068
7391 15151
7391 17534
7944 17534
8197 15783
8604 15553
9444 17533
9888 17542
10068 11580
10068 17531
10347 17535
10558 17530
10690 17524
10846 15553
10918 17512
11234 15151
11565 16745
12358 13514
12358 15505
12643 17532
13514 15505
13514 16099
15113 16984
15113 17066
15129 15875
15151 16666
15413 16984
15553 17510
15679 16984
15783 15875
15783 16564
15839 16600
16564 17492
17376 17539
17533 17537
17535 17536
17536 17542
