7 13533
7 16729
26 8613
42 76
42 8124
42 14469
69 138
76 10645
76 14469
287 12523
444 14034
577 10596
618 15687
729 3588
729 15949
839 15804
852 1206
852 1812
852 6548
852 13154
852 16096
859 13240
881 5021
1321 17473
1361 8281
1413 2762
1604 3152
1636 2762
1804 8387
1854 5029
2095 17455
2406 15113
2762 8831
2762 14469
2762 14906
2762 16099
2762 17474
2767 17473
3293 7391
3496 6779
3501 17477
3588 8197
3624 5270
3624 16099
4092 4536
4092 4541
4092 6779
4092 14906
4092 16233
4092 16943
4092 17469
4117 16233
4397 8197
4507 17220
5029 14667
5029 15804
5230 7391
5720 11836
6362 13807
6373 9565
6448 7463
6576 17478
7290 11103
7391 11103
7391 17472
8124 14469
8197 12523
8272 17471
8281 16943
8387 10645
8566 12366
9285 16293
9326 16233
9565 13361
10277 17429
10592 13807
10645 12372
10645 17163
11103 15698
11340 15114
11340 15887
12523 15887
15474 17476
15875 17397
15887 16293
15887 17452
16051 17475
16293 17452
17163 17473
17163 17477
