7 13533
26 76
42 2321
42 6429
43 5616
76 7290
83 1177
138 1990
199 14642
204 258
204 8513
204 17432
258 8513
267 1990
315 15113
374 17505
383 17496
432 7669
446 17460
461 1177
461 1413
678 1857
729 1990
762 17488
773 12287
852 1177
852 1717
852 2705
852 15388
852 16615
879 8119
904 17504
1141 9326
1177 2095
1255 1732
1321 13347
1361 12126
1393 1990
1604 3152
1717 2705
1794 16510
1804 4591
1825 12556
1990 3963
1990 6429
1990 7290
1990 14906
2048 8119
2051 15875
2095 15505
2114 17466
2357 16510
2521 17508
2668 7669
2692 17505
2705 16615
2741 15839
2822 16984
2930 14677
3024 6945
3313 16615
3380 4187
3380 8596
3380 17507
3458 9326
3692 15618
3693 14677
3900 17240
3953 11103
4011 16510
4092 4536
4390 4731
4419 10558
4419 17430
4507 17496
4591 15127
4763 17506
4771 5415
4771 6429
4783 6945
4783 8969
5049 15887
5049 17495
5089 5720
5089 6800
5107 17497
5119 6362
5270 8175
5362 8433
5415 8494
5415 9323
5440 15817
5468 8175
5616 6362
5616 10592
5616 13735
5724 15113
6429 11037
6448 17112
6779 16013
6945 9152
6945 10366
7290 14906
7669 10347
7749 8119
7855 17495
8175 8363
8197 13489
8466 17484
8969 16984
10277 17429
10347 16753
10558 15804
10592 13735
10592 13807
10846 13735
12125 17503
13489 16564
14359 17462
14461 17418
14906 15817
15114 17498
15412 16971
15448 15839
15505 16510
15839 17498
15875 16984
15875 17397
15887 17498
16836 17163
16981 17466
17498 17502
17499 17500
17499 17501
