20 17689
42 1106
42 2493
110 1264
110 17397
122 14077
158 14326
236 4783
315 9977
351 10866
390 2696
408 17515
446 17694
510 1990
528 852
641 10040
729 15302
852 4680
852 17682
1223 1640
1255 1264
1255 1369
1255 5783
1255 16877
1255 16961
1365 17682
1365 17701
1369 2489
1369 16564
1369 16877
1369 16961
1551 4783
1636 5083
1636 7396
1640 6942
1640 16044
1818 12287
2027 5144
2027 5948
2095 17701
2118 12287
2204 17709
2437 8197
2437 16713
2489 16877
2493 11103
2650 16809
2756 3313
2756 11340
2888 3166
2888 12643
2888 15127
2888 16554
3151 17698
3155 3707
3377 10866
3381 12432
3624 5270
3624 5468
3707 17689
4171 17671
4187 11344
4589 17699
4731 15960
4771 17707
4783 15050
5021 17701
5065 16184
5119 17463
5144 8494
5270 12643
5471 11164
5649 7081
5831 17515
5857 10866
6429 17697
6429 17706
6448 15960
7340 13084
9152 15113
9326 17689
9425 13084
9444 17688
9510 17697
9888 14326
9896 17705
10040 12253
10258 17701
10558 13451
10558 15127
10558 17705
10866 17704
11340 17703
11568 17678
12126 17707
12287 17587
12643 15127
12643 16961
13316 16734
13990 15839
14906 17701
15113 16984
15252 17711
15302 17692
15472 17700
16033 16558
16033 17708
16564 16877
16598 17702
16836 17710
16877 16961
16877 17397
16877 17686
17095 17397
17692 17707
