42 76
42 17611
70 2958
76 16843
76 17611
76 17620
110 17618
153 12366
153 15113
153 17611
158 7073
158 12075
158 15683
158 17604
158 17610
374 16057
404 10203
412 17617
434 15453
536 17588
573 9896
577 6429
577 15557
618 13361
621 15113
736 16549
803 4839
837 17192
852 17611
904 13361
1012 12366
1177 5270
1264 17607
1361 4839
1370 12125
1393 6189
1562 17525
1636 17232
1717 8409
1792 16564
1917 11642
1971 2324
1972 17604
2028 15388
2051 7855
2086 9469
2095 17608
2324 17607
2599 16549
2756 17610
2756 17611
2762 4839
2762 8293
2767 12114
2767 17613
2831 8197
3313 17611
3707 17611
3882 8601
4048 8067
4048 17616
4117 5362
4117 6189
4117 12114
4591 15127
4783 12366
4783 16481
4860 7737
5012 7335
5012 8121
5119 16869
5272 17588
5362 12114
5616 9245
5616 13514
5616 14906
5720 15388
5720 17611
6189 7516
6189 12358
6429 15557
6779 8124
6779 17583
6784 17618
6947 17611
7290 15557
7335 8121
7335 15196
7737 17612
8067 17616
8093 15886
8225 17577
8433 15505
8604 12021
9425 12396
9472 17615
9789 17580
10846 12807
10918 17512
11269 15211
11750 16984
12125 13361
12366 15453
12366 16907
12366 17614
12396 12525
12885 17107
14017 17611
14906 17588
14906 17595
14976 17619
15113 15875
15211 15875
15453 16907
15474 17602
15557 16549
15683 17604
15761 17525
16057 16869
16298 17601
16481 17609
