43 4765
118 284
138 13061
190 1147
196 15113
196 16270
284 730
315 15384
528 10040
572 4585
618 15384
659 5616
730 1521
736 9469
762 13061
774 2762
774 3639
774 5616
774 11203
774 11943
774 14906
774 17819
803 2762
852 3707
852 5089
852 13252
852 14418
881 17815
1048 10705
1115 1931
1122 10273
1144 3024
1297 4585
1361 17682
1392 5270
1392 16099
1392 16963
1521 17811
1539 17811
1636 10203
1636 17682
1665 7487
1788 17811
1931 12686
2019 17817
2027 17818
2057 3313
2057 13422
2326 4731
2333 2762
2692 17824
2756 3458
2756 13252
2767 17637
3322 17809
3458 9161
3458 12008
3639 17820
3707 5089
3707 13252
3707 17816
4031 9818
4092 10040
4092 17682
4216 4731
4216 17821
4419 17545
4591 5340
4839 16228
4839 17825
5083 17828
5119 17823
5267 16594
5267 17761
5270 17558
6289 17814
6618 10592
8494 12422
8688 17811
9425 17824
9948 10299
10040 12136
10203 11340
10203 13252
10203 17813
10347 17452
10592 17814
11340 17816
11340 17827
12358 14677
13422 15567
14976 17821
14976 17825
15113 15875
15242 17177
15839 16270
15875 17818
16184 17822
16242 16302
16963 16984
17761 17805
17816 17823
17823 17826
