0 138
42 16564
43 16099
43 17397
95 2762
110 7699
110 15453
138 3004
156 17725
158 17600
196 671
258 2529
412 839
436 16830
641 10040
641 17059
671 6373
712 15672
712 17090
729 4488
729 8494
1012 2663
1144 2816
1144 4783
1144 17719
1256 2095
1256 2158
1256 2488
1256 14677
1361 2095
1361 6500
1361 13028
1361 16753
1369 9444
1392 17724
1636 2158
1896 5649
1971 3950
1990 6498
1990 10706
2019 14213
2027 8197
2027 10558
2095 2158
2095 6500
2095 17476
2095 17721
2158 2488
2158 3313
2158 14677
2223 11580
2406 6373
2488 14677
2767 17492
3004 4783
3707 4140
3707 8928
4031 9152
4106 17191
4135 15113
4187 17711
4419 15127
4839 5162
5012 17723
5018 17715
5119 17719
5272 10040
5272 17059
5471 6505
5720 14677
6373 17345
6429 17712
6448 15960
6448 17090
6945 7391
6945 15113
6945 17641
7097 11203
7391 15113
7391 17090
7391 17724
7855 9421
7855 17171
7961 12643
8197 9421
8484 17701
8604 17720
8712 10846
9421 16961
9421 17171
9444 10846
10040 17059
10068 17641
10068 17718
11580 17716
13028 17688
15113 16984
15113 17641
16564 16961
16877 16961
16877 17723
17487 17722
