0 1616
2 235
2 1616
2 2043
4 134
7 29
7 42
7 76
7 402
7 709
7 1161
7 1361
19 1581
19 1818
19 2059
29 708
29 2051
42 76
42 904
42 1786
42 1882
42 1965
43 124
43 708
43 1024
43 1616
43 1753
43 1831
43 2040
43 2041
43 2051
46 570
48 1786
59 196
72 903
72 1753
75 539
76 618
76 708
76 1787
76 1882
80 423
80 852
80 1691
83 238
84 570
90 156
94 708
109 1753
123 134
123 685
123 1691
124 714
124 800
129 810
136 461
136 878
136 2053
158 565
158 997
158 1616
158 1882
158 2055
174 289
174 2058
184 2058
188 1479
196 1091
196 1644
201 226
235 539
235 1753
238 1581
247 2052
275 1616
275 1753
289 2058
302 505
302 570
302 878
302 903
302 1106
302 1413
302 1921
370 1691
388 2051
434 570
435 1831
446 2055
449 1503
461 570
461 1265
461 1674
461 1691
461 1977
461 2059
461 2060
519 939
519 1987
521 570
521 2062
539 570
539 904
539 950
539 1002
539 1616
539 1674
539 1905
539 1977
539 1985
565 570
570 621
570 762
570 878
570 948
570 1057
570 1106
570 1268
570 1561
570 1616
570 1753
570 2043
570 2058
570 2059
570 2060
617 1561
621 2043
660 1334
682 714
708 1234
709 1636
709 1691
714 1300
714 1578
714 1616
714 1691
714 1863
714 1908
728 2059
762 1521
762 1753
810 1641
852 1691
852 1779
878 1268
878 1309
878 1413
878 1794
903 1540
903 1985
948 1361
948 1527
948 1921
950 1674
992 1002
992 1268
997 1753
1002 2026
1002 2064
1024 1361
1051 1057
1051 2061
1057 1636
1057 1691
1070 2057
1115 2050
1177 2063
1256 1636
1256 2057
1265 1965
1265 2059
1268 2060
1333 1786
1361 1691
1361 1831
1369 1527
1369 1921
1413 2053
1527 1616
1527 1921
1540 2052
1543 1644
1543 1661
1561 1818
1636 1831
1636 2048
1674 2048
1674 2054
1691 1831
1787 1965
1929 2009
1977 2060
1992 2056
