42 1877
73 16099
95 2762
110 17397
138 3992
158 17714
196 671
196 1640
196 6373
284 4860
577 2762
577 12760
610 5374
671 1359
671 1972
729 2027
729 5144
729 8494
729 15211
729 17558
803 10461
837 4187
839 9421
1144 4783
1256 3707
1256 12419
1256 14677
1256 16099
1359 2762
1361 2762
1393 8494
1539 17558
1636 15839
1640 6373
2027 6629
2095 2158
2095 16894
2136 17682
2158 14677
2437 3865
2488 5089
2756 3313
2762 15505
2816 12287
3322 14303
3707 5089
3707 16894
3707 16907
3865 15211
3865 17397
3882 10461
3882 17695
4106 9714
4140 5089
4187 17711
4731 15960
4839 17712
5018 17697
5018 17715
5065 6429
5065 11269
5144 8494
5270 10706
5305 9285
5468 6498
5720 16894
5831 17714
6429 11269
6429 17712
6448 15960
6498 10706
6779 16965
6779 17713
7480 17433
7699 17717
7855 9421
8484 17701
9444 13062
9444 17600
11269 17712
12643 16554
12643 16961
13683 17716
14336 15012
14906 17701
14930 17463
15075 17696
16033 16558
16554 17558
17433 17675
