13 1255
26 3125
29 17763
42 1122
84 3125
95 17763
108 17763
196 671
196 1278
240 16639
258 17177
536 5493
573 15367
618 17755
621 17766
729 3799
729 17765
1115 17764
1144 17765
1256 9775
1278 8119
1359 2958
1972 17613
2027 17773
2095 5065
2095 6435
2095 7540
2095 14748
2095 14906
2095 17548
2095 17767
2313 17770
2529 17765
2694 17754
2958 4536
2958 16564
3166 15367
3707 13252
3707 17611
3799 5471
3799 13017
3799 17059
4090 17771
4382 10592
4507 5493
4523 17112
4771 8712
4771 14767
4771 17765
4839 5065
4839 17379
5065 5362
5065 5615
5065 6157
5065 10690
5065 14906
5119 17771
5493 11835
5493 14906
5720 6435
5720 17770
6429 6436
6435 7290
6435 16907
6448 16986
6917 17764
7000 10846
7399 17758
8695 17769
8912 17749
9446 15875
9789 16986
10268 17213
11907 16298
13578 17765
13735 17765
13735 17775
14767 17765
14906 17300
15114 17770
15505 17300
16099 17718
16986 17774
17213 17761
17465 17773
17682 17772
17733 17768
