26 10268
28 5270
41 13771
109 1636
138 13061
196 15700
446 17846
511 17851
531 536
531 4390
531 14221
536 17540
536 17843
621 15050
659 5616
712 7942
729 16843
837 14221
839 6175
1232 7942
1256 17853
1361 9896
1361 14221
1636 17843
1877 17854
1990 3484
1990 5270
1990 7290
2057 13422
2095 17842
2095 17844
2286 10268
2437 11340
2493 11103
2762 17840
2762 17841
3636 17820
3639 17820
3707 6429
3707 17648
3707 17853
3882 17072
4092 17059
4370 13276
4382 10268
4382 12126
4382 14221
4615 16099
4924 5065
4924 17850
5065 15039
5065 15545
5065 17852
5065 17854
5119 16515
5270 8298
5270 13061
5720 6429
5720 6431
5816 13061
6373 11347
6373 17835
6576 14221
6596 16843
6708 13533
7000 10268
7290 14906
7391 15039
8298 17587
8484 17843
8577 17847
8666 14976
9341 12287
9896 10268
10040 15955
10180 17816
10268 12126
10268 16984
10268 17849
10558 17730
11184 17766
11340 15039
11808 17845
11943 17846
11943 17848
12358 14677
13422 15615
13451 15039
13771 17299
13981 17839
14221 14906
14221 16099
14906 17843
15039 16099
15039 16830
15050 16984
15875 17833
16099 17433
16148 17836
17059 17843
17216 17846
17837 17838
