16 17923
28 88
28 13032
41 10678
42 110
42 8197
42 15646
42 17607
79 17923
88 2650
108 3690
110 15875
255 17923
284 3690
284 5119
345 9586
412 5816
412 12114
444 3107
455 2762
641 5616
647 17920
729 6629
730 1333
730 4866
852 17929
891 2437
891 6779
1090 17923
1144 17923
1392 1400
1400 8067
1400 10268
1636 3838
1665 14755
1709 13981
1763 17878
1818 12287
1824 1877
1824 3673
2107 17923
2313 17925
2428 17876
2567 17869
2627 17928
2650 17923
2767 17177
2767 17920
2820 4783
2919 3835
3065 17925
3545 17895
3636 17820
3838 7516
3838 17930
4031 13981
4092 5616
4092 17928
4216 12114
4216 17925
4589 5616
4838 17886
4838 17922
5065 13032
5065 17177
5119 16998
5119 17923
5141 10966
5270 10918
5362 5366
5366 7480
5616 17927
5616 17930
6618 9245
7000 12114
7252 10347
7252 17869
7340 17917
8197 17216
8229 11587
8333 17433
8484 17906
8666 17929
9245 10068
9446 17923
10040 17059
10255 17926
10277 17886
10293 17379
10789 15305
11184 16099
11269 16984
11863 17920
12092 17059
12114 16287
13061 17853
14418 17919
14709 16984
14879 17814
14906 17059
14976 17803
15113 17433
15114 17935
15505 17297
15839 17932
15875 17926
15987 17856
16184 17933
17059 17177
17059 17853
17177 17814
17177 17855
17177 17931
17853 17933
17886 17924
17920 17921
17928 17934
17930 17936
