43 3614
43 9782
43 14677
87 3110
110 10409
110 17623
110 17956
138 16099
153 659
158 2767
432 6289
433 16830
455 17505
536 15823
659 8912
659 17216
712 17929
837 1854
852 15324
968 14677
1106 12555
1115 17433
1144 4138
1200 15698
1264 1836
1264 16877
1361 2762
1361 15043
1361 16236
1392 17960
1470 13566
1612 17766
1636 8096
1717 2756
1717 12694
1854 3816
1854 9444
1917 17761
2018 17953
2070 10040
2095 3707
2102 17761
2223 17759
2256 4011
2256 11228
2256 12525
2333 9922
2437 17956
2493 8911
2581 2745
2756 17929
2762 17935
2767 15113
3380 16099
3484 15148
3484 16564
3545 17895
3673 6623
3707 6800
3816 16236
4138 4924
4138 15505
4216 15324
4358 6623
4507 8096
4783 14304
5143 16322
5366 17950
5448 11184
5448 15324
6373 13067
6429 15991
6596 15324
6800 7071
6947 10068
7093 17759
7290 17958
7391 15044
7797 17904
7944 15044
8067 17945
8409 17959
8768 16242
8915 17297
9152 15679
9444 15400
9444 17923
10027 15148
10268 17954
10268 17957
10409 10558
10409 15987
10558 15875
10558 17954
10748 16798
10748 17414
11241 15016
11340 17904
12126 17433
12233 17951
14906 15324
15044 15720
15044 15987
15113 17761
15114 17912
15991 17433
16242 17748
16830 17923
16907 17957
16984 17811
16984 17950
17433 17952
17759 17952
17929 17955
