14 42
14 434
14 820
19 762
25 410
25 1510
26 621
26 656
26 839
29 43
29 97
29 201
29 539
29 570
29 1205
29 1539
29 1985
30 42
30 318
30 662
30 836
30 910
30 1540
30 1877
30 1904
42 153
42 836
42 1106
42 1361
42 1995
43 289
43 570
43 1370
43 1985
48 2084
76 153
76 434
76 1604
76 1786
76 2004
76 2086
77 1753
95 1947
97 1753
140 1510
153 1604
153 1787
153 1904
153 2004
153 2074
158 477
158 565
158 2004
174 1002
174 1551
196 1644
197 1140
197 2009
201 410
201 1361
201 1691
201 2084
201 2085
226 570
226 1491
235 1917
236 910
258 1543
258 1763
259 2084
289 2088
318 662
338 824
370 656
375 1788
397 2089
410 1361
410 2084
414 2073
434 1298
434 1604
434 1787
446 841
451 785
451 2083
455 2073
461 1242
461 1413
461 1812
477 565
511 852
519 2089
528 2084
536 1510
536 1540
539 836
539 873
539 1002
539 1232
539 1636
539 2082
539 2084
565 2083
570 836
570 1214
577 659
610 1985
621 1370
634 1877
656 1977
662 836
682 696
682 712
682 903
682 1331
692 1393
692 2089
714 2087
728 2089
779 1232
810 1561
810 1753
824 1563
824 1917
824 2079
836 910
836 1905
839 1793
852 2024
859 1232
910 1753
1002 1636
1002 1904
1002 2086
1041 1057
1054 1361
1054 2084
1057 1361
1057 1539
1057 1812
1057 1904
1057 2084
1106 1231
1106 1786
1265 1947
1361 2084
1361 2088
1370 1985
1385 1413
1392 1985
1394 2089
1510 2009
1540 1904
1604 1786
1604 2004
1606 2084
1616 1947
1636 1904
1691 1730
1727 1793
1774 1947
1992 2074
1992 2078
1995 2081
