19 16318
28 14442
28 17433
42 17789
48 762
75 12126
76 490
76 2451
76 3313
76 14751
83 1514
87 4138
87 10040
87 15079
87 17760
87 18000
138 18004
153 18001
201 2741
201 6189
305 3313
412 455
412 2762
412 3798
412 4917
433 9469
455 17498
490 2919
506 4817
613 2919
729 4080
762 14442
837 1972
837 18000
852 3798
852 16236
881 3798
1256 16099
1312 15746
1361 18001
1369 15875
1392 13990
1636 3798
1636 18000
1640 16318
1687 18008
1763 13017
1763 15679
1877 17997
1971 5366
1972 2919
1972 17903
2027 15675
2095 11587
2100 5270
2223 16033
2389 12643
2682 6629
2694 5099
2694 17997
2762 18000
2820 15252
2839 4031
2919 11340
2919 13017
2919 14677
2919 17432
2919 17903
2991 18004
3456 13466
3707 6548
3707 6728
3707 11587
3707 17432
3707 17548
3707 18000
3798 6548
3798 17548
4080 10558
4138 15505
4216 17433
4216 17789
4536 11808
4771 10304
4813 5272
4839 17903
5049 17789
5049 17991
5065 17997
5099 17997
5107 18000
5162 15472
5162 17999
5272 16927
5362 11146
5616 7290
5616 18006
5816 18003
5831 17784
5831 17998
6047 17345
6373 18005
6448 18001
6618 16984
6629 7847
6629 12643
6746 17358
7274 12784
7461 14751
7491 17358
8768 16242
9152 15679
9152 18007
9326 11340
9444 18004
9775 14677
9896 18003
10040 14677
10040 18000
10558 15875
10558 18000
10995 17997
11103 18003
11184 18003
11340 17814
11344 14660
11587 14323
12643 15875
12760 17814
13061 18003
13280 17903
14017 16148
14751 15114
15087 18003
15114 15698
15518 18002
15618 15746
15675 15875
15761 16148
15875 17433
16099 18002
16830 18003
16888 17650
16984 17873
16984 17997
16984 18001
17420 17997
17427 17650
17433 17789
17869 17993
17896 17998
17994 17995
