42 10846
76 18018
95 1763
95 2762
95 10273
158 18029
247 762
383 852
383 1812
383 16236
433 18025
524 1941
524 4615
573 1917
573 2676
573 16349
621 17834
837 18024
897 16554
968 15000
1065 1198
1065 4092
1235 17587
1255 2669
1312 7742
1636 4216
1636 17604
1636 18010
1636 18026
1763 13773
1763 15679
1763 18013
1788 4031
1836 4216
1836 17433
1836 17789
1917 6628
1917 15668
2197 6867
2287 16242
2529 8225
2627 3405
2694 2766
2756 6947
3072 18027
3405 16099
3573 17433
3950 18026
4187 9469
4187 11146
4216 17604
4615 8298
4813 5272
4813 18028
5119 7742
5176 5825
5448 17548
5616 17957
5616 18026
5831 17784
6373 18019
6596 6628
6628 12712
6629 10558
6867 17603
6947 8225
7340 16033
7391 10604
7409 13735
8484 18003
9896 18003
10255 12092
10268 17604
10520 12552
10558 17545
10789 18023
11184 11203
11184 14906
11184 18023
11203 18003
11340 17834
12643 15875
13017 18023
13773 18013
15041 17705
15114 15698
15823 16956
16463 18021
16554 18022
16592 17976
16608 18018
17433 17789
17759 17834
