43 3368
43 14677
48 83
110 10409
110 17623
117 4839
138 16099
158 17937
196 13067
528 17963
837 4153
852 1185
852 3707
852 6947
852 10068
852 15324
881 10040
999 16099
1256 10203
1392 17961
1604 17964
1636 10268
1636 17957
1636 17963
1917 10558
2027 2418
2140 17966
2418 3528
2418 5468
2529 16236
2669 17956
2762 2775
2762 16236
3041 12555
3177 15127
3313 10068
3368 16564
3506 11587
3707 6800
3707 10068
3707 10203
4092 17772
4138 15729
4419 6899
4771 11533
4839 5125
4924 11533
5089 10068
5692 10068
5859 15324
6373 13067
6429 10409
6429 10558
6596 13648
6596 17960
6596 17961
6917 10347
7290 17958
8225 16096
9431 16956
9444 10040
9977 16830
10040 16956
10409 10558
10748 16798
11214 12126
11241 15016
13017 16236
13030 16956
13061 17853
14303 17177
15823 17955
16236 17962
16242 17965
16956 17967
17059 17853
17379 17761
17468 17591
17701 17853
17816 17968
17904 17952
