41 10678
48 3963
59 10592
59 14677
87 1917
87 15079
87 15668
110 573
201 2741
247 762
313 2313
446 16148
455 17389
573 5747
621 2676
729 5747
837 18010
852 1065
852 16236
1065 18020
1115 16212
1198 12522
1361 4917
1365 2919
1392 13990
1636 18003
1640 16318
1763 18013
1763 18015
1824 18021
1831 3910
1941 4615
2111 3030
2223 13466
2313 6728
2326 5825
2389 12643
2581 11340
2762 4917
2762 10040
2919 11340
3226 9896
3226 18003
3380 16099
3707 6728
3707 11587
3707 17432
3707 18010
3882 17172
4080 4419
4187 9469
4382 5900
4390 4397
4397 4471
4419 10558
4471 6596
4591 5550
4615 6124
4813 5272
5366 7480
5448 6548
5448 17548
5468 14751
5468 15696
5468 15875
5468 16306
5468 18016
5616 17957
5692 9425
5747 7944
5825 13609
5825 16026
5825 16351
6373 15748
6373 18019
6429 18011
6439 17814
6448 12090
6629 12643
6629 17545
6666 16610
6728 13061
6867 15748
6991 15761
6991 16148
7391 18011
8739 16298
9010 16710
9152 15696
9425 13466
9425 17759
9444 16306
9472 16033
9896 11184
9896 14906
9896 18003
10558 17545
11184 14906
11184 18003
12643 15875
12793 18009
13061 17957
13061 18010
13773 18013
14017 16148
14677 18014
15087 18003
15114 15698
15127 18018
15636 17172
15696 16984
15748 15875
15761 16148
15875 17433
16033 17708
16099 18002
16318 17814
16610 16830
16984 17834
17492 18012
17587 18016
17759 17834
17903 18017
