12 2027
12 3405
12 14709
29 6160
43 2313
46 2650
73 2100
76 2650
76 3687
76 6160
110 17960
201 15746
258 2095
267 14657
304 7708
304 9168
304 17682
412 4981
412 17682
528 18117
613 2762
621 11580
729 17558
729 18132
852 3707
852 18130
1041 15087
1115 6917
1144 18038
1235 5270
1361 2762
1365 17682
1636 14900
1657 1854
1657 5386
1709 2027
1714 18038
1774 15557
1794 15557
1877 9896
1917 7071
2095 5173
2118 18136
2223 2762
2223 16725
2223 17682
2223 18134
2324 7071
2333 4783
2333 4981
2493 18078
2957 6189
3636 17829
3636 18061
3636 18072
3727 15557
4011 4731
4011 4822
4117 4981
4117 14906
4187 16242
4226 8494
4536 8067
4536 15557
4731 4822
4731 6448
4783 4981
4839 17477
4981 11943
4981 13735
5018 18133
5065 17960
5065 18131
5272 11017
5550 17960
5551 14900
5551 18038
5644 9469
5825 7391
6448 17069
6810 17682
6917 17803
7290 15557
7290 16242
7372 11933
7391 7944
8197 15240
8293 18134
9168 13158
9299 17955
10347 14670
10477 16242
10789 15113
10789 15720
10789 17477
11017 14784
11565 18116
13017 17477
13061 14906
13061 17829
13061 18137
13134 14670
13735 14670
14418 15636
15472 18038
15852 18138
16242 18089
16610 18136
17069 17761
17377 18132
17477 17955
17981 18135
18038 18126
