12 42
28 4536
37 412
42 11120
43 10312
43 15883
46 2650
46 3313
76 729
76 18141
87 15668
158 13990
190 6160
196 4187
196 18144
201 4048
201 15746
267 14657
304 18077
338 4390
412 14165
434 1877
434 6373
434 18140
461 11933
506 8098
618 15557
729 18141
837 17771
852 1185
852 2705
852 6947
852 16615
881 16233
897 8068
960 4582
1185 1256
1185 3707
1185 6947
1235 5270
1242 16049
1312 18146
1413 15041
1687 2313
1742 12760
1794 18139
1825 15557
1917 7391
1917 15668
1972 18154
2095 5173
2095 18151
2100 5270
2156 2762
2197 18152
2223 13990
2313 3882
2313 12715
2313 18122
2313 18153
2326 15960
2692 18137
2692 18142
2762 17955
3226 3882
3226 17960
3636 18072
3707 18139
3882 13061
3882 14906
3900 7391
4187 16242
4187 17771
4536 15204
4839 5125
5065 8068
5065 9152
5065 13061
5065 14948
5065 17808
5102 18139
5263 9326
5305 5348
5305 8363
5305 12909
5305 16554
5305 17420
5362 5616
5550 17960
5616 15505
5644 18144
5825 7391
6448 17069
6629 15875
6947 16615
7071 16564
7290 15557
7372 11933
7391 7944
7391 16564
7433 8119
7433 9152
8996 17955
9152 17742
9245 17761
9323 18137
9326 12358
9469 17808
9548 16242
10068 18072
10312 18143
10558 18147
10645 16956
10913 18146
11853 18072
12245 17808
12358 18149
13061 17829
13735 17322
13990 17955
14017 17955
14418 18145
14657 16349
14906 18139
14976 16743
15398 18139
15761 17682
15875 18141
16242 18089
16554 16830
16554 18137
16554 18141
16564 18149
16836 18148
16836 18150
17069 17761
