7 76
7 6160
29 762
29 2100
29 5270
29 5658
42 839
42 6885
73 4615
76 138
138 1255
184 10866
315 318
318 13981
318 15087
359 3030
374 14755
383 3401
390 17811
656 2192
839 6885
907 18213
1144 11729
1193 11017
1235 3947
1361 4242
1361 14930
1551 9407
1687 4216
1687 14906
1717 5089
1737 13134
1879 9421
1952 3487
1952 6429
1952 18209
2027 12643
2095 18212
2254 15345
2284 6429
2313 18195
2562 11729
2756 3155
2762 18206
2775 16808
2816 17811
3313 3707
3636 18202
4011 16242
4031 13981
4092 4507
4092 14907
4092 18210
4138 15505
4216 5610
4216 15505
4216 16007
4339 14272
4481 5141
4896 16743
4924 18216
4997 6629
5065 9613
5119 13686
5610 11340
5610 18093
5938 18211
6362 15505
6429 7000
6429 11344
6429 15557
6779 18208
7000 11344
7097 17420
8119 11779
9323 18056
10293 18215
10312 18214
11344 12126
11729 17006
11912 16242
11943 18213
11943 18214
12643 15875
12643 17420
12844 16836
13981 15087
14272 18203
14303 18082
15875 18174
16798 18185
16907 18204
18081 18082
