2 1170
7 42
7 461
7 546
7 1140
7 1901
15 1958
19 29
19 153
19 1539
25 2062
26 37
26 1691
26 1793
26 2099
26 2100
30 570
30 859
41 2098
42 2085
43 76
43 190
43 2093
43 2110
59 565
59 1972
68 881
76 201
76 275
76 461
76 539
76 565
76 613
76 881
76 1214
76 1361
76 1674
76 1793
76 1901
76 2052
76 2102
80 2052
83 570
83 1058
83 1426
83 1561
83 1766
84 1170
96 403
109 1539
124 158
124 1561
130 2038
140 891
140 1517
153 1794
158 2043
158 2085
158 2100
190 2099
191 1036
199 1539
201 289
201 461
201 1426
201 2085
206 656
206 1539
206 2011
226 1539
226 1561
259 736
280 383
289 446
289 938
289 2103
318 1797
338 1917
354 1539
370 414
370 881
370 1763
370 2107
385 2101
404 511
408 1561
408 1674
414 2107
446 511
446 610
461 539
461 1140
461 1674
461 2103
461 2104
518 1268
539 682
539 852
539 1214
539 1812
539 2102
544 1561
565 881
565 1214
565 1972
570 1298
570 1561
610 1265
610 1985
613 618
618 1766
618 2090
619 1539
682 852
682 881
682 1361
682 1561
682 1674
694 1774
736 1905
736 2043
788 801
801 1268
810 2099
824 1917
824 2099
836 1985
836 2105
839 881
839 1298
852 881
852 1256
852 1691
852 2095
859 1905
868 2052
881 919
881 1214
881 1361
881 1377
881 1674
881 1812
881 1818
881 2004
881 2039
903 2102
904 2106
919 1106
919 1901
936 1959
938 2096
970 1561
1028 1561
1028 1674
1028 1908
1036 1186
1036 1539
1036 1561
1036 2052
1039 2101
1051 1214
1057 2102
1058 2009
1106 1793
1106 2109
1115 1426
1131 1243
1140 2009
1177 2064
1214 1905
1214 2102
1265 1985
1265 2059
1268 1298
1359 1972
1359 2102
1361 2052
1361 2102
1413 2047
1426 1766
1543 2107
1561 1905
1655 1752
1655 2108
1753 1917
1763 1972
1763 2043
1786 2100
1794 2103
1972 1985
1985 2059
