28 17811
41 2223
76 17811
83 16525
87 2628
87 18177
110 8596
110 15185
128 17816
128 18078
158 6596
158 15854
158 17760
184 1393
184 2762
383 1361
383 17853
442 2776
482 729
577 7534
610 7738
621 14046
837 17760
839 4092
839 6373
839 17811
839 18181
852 3993
1125 9661
1193 2086
1193 6389
1235 4771
1235 17299
1310 5270
1361 18204
1361 18206
1392 14955
1393 3707
1393 5610
1393 18202
1393 18206
1792 18201
2095 3636
2156 18201
2243 14303
2243 18194
2256 18202
2284 7708
2529 11587
2627 2628
2762 11155
3155 5089
3313 3707
3313 10293
3313 18188
3313 18199
3624 17587
3636 14907
3636 18202
3764 13355
4092 16517
4339 14272
4382 18205
4382 18206
4536 6596
4536 10268
5049 14400
5119 16242
5125 5610
5362 5616
5366 5610
5468 17811
5610 16907
6373 18181
6498 18141
6562 17955
6945 7097
7290 18078
7391 11383
7391 18181
7714 18141
8387 11565
8387 14955
10293 18199
10323 18207
10789 15113
11014 18200
11340 15854
11912 16242
12022 16242
12844 16836
12844 18204
12966 14907
13061 17811
14272 18203
14303 18082
14930 18204
15185 15453
15185 15875
15505 18188
15761 18205
16907 18204
18056 18181
