7 610
7 2628
7 7738
70 6735
73 1255
73 3624
132 5635
138 18188
158 6619
158 15854
190 9809
383 9245
383 17853
532 729
573 18192
610 9407
729 16743
852 4140
852 18190
1012 11587
1193 6389
1207 14903
1310 2095
1636 18195
1877 18192
1971 2406
1971 18192
2095 7541
2107 16743
2313 6189
2313 10265
2313 18195
2333 15854
2333 17397
2716 3226
2762 14906
2762 18193
2767 6619
3405 18192
4011 16242
5254 6779
5574 8281
5616 18195
5635 15505
6047 17345
6203 17299
6429 15139
6448 14747
6779 10265
6867 16743
6947 11587
7000 11529
7097 16554
7534 13061
9245 17761
10068 16099
10347 15079
11101 18159
11340 15854
11340 16743
12966 14907
14303 18194
14906 18195
15875 18174
16830 18195
16984 18195
17299 18196
17975 18191
18197 18198
