26 10846
28 2762
42 1106
43 2820
43 15645
73 1787
138 2762
138 18274
157 2762
158 15113
196 11057
258 1877
258 3950
258 6779
318 18277
370 18267
383 18037
519 2762
528 2256
528 13212
852 1831
852 2762
852 3313
852 11587
852 15464
852 16615
1235 5468
1640 10846
1825 6429
1831 13212
1877 16288
1917 15503
1996 6596
2095 13821
2355 2628
2488 17477
2628 4390
2628 5267
2628 6429
2628 12876
2650 6596
2756 3707
2756 15464
2762 3030
2762 3313
2762 3764
2762 4117
2762 4187
2762 4216
2762 4280
2762 5100
2762 5119
2762 7290
2762 15505
2762 15729
2762 17746
2762 18270
2820 15645
3030 14906
3239 18275
3545 11057
3707 16907
4031 18268
4187 10040
4187 11587
4839 13821
5065 8068
5065 18276
5089 8409
5119 9346
5181 16332
5270 10429
5366 5616
5386 11340
5493 15553
5616 11568
5831 18273
6203 10040
6373 10040
6373 15113
6429 12876
6942 18268
7526 11057
8068 18272
8119 18268
8298 9469
8409 16261
9775 15464
9888 10429
10293 10705
10312 18273
10461 17477
11340 16192
12885 15645
14264 15464
14657 15113
14976 15645
15113 16306
16332 18260
17222 18271
18037 18269
18278 18279
