26 4532
42 3107
48 3785
73 76
73 196
73 3030
73 18150
76 13533
76 18316
83 3030
83 10766
87 18177
158 13990
172 2324
315 10766
467 13515
613 18319
659 4117
712 13686
852 12252
1106 16732
1206 12252
1235 15771
1255 1787
1321 18297
1361 12252
1636 18317
1661 5681
1831 2450
1877 10304
2019 4216
2019 17591
2019 18320
2095 12252
2111 12252
2650 13033
2674 4216
3030 10766
3152 7213
3152 17955
3239 15064
3239 15505
3239 17761
3239 18309
3624 16099
3636 18319
3707 6429
3866 4507
4171 17029
4216 9896
4532 11269
4589 17072
5065 18312
5065 18321
5083 18312
5125 12341
5141 10420
5270 15771
5644 16876
6203 17329
6373 7190
6429 16876
8119 9425
8119 18150
8281 15474
8281 16809
8298 11717
8954 11103
8954 18318
9168 10040
9469 10040
9510 11835
10018 18317
10293 12287
10293 15557
10461 15618
11340 18319
11376 12252
11863 17955
12252 18316
12341 12366
15299 18319
15505 17761
15987 17029
