29 6247
42 18347
43 1255
43 6028
43 11587
43 18349
73 434
83 10168
83 18348
83 18349
84 3484
84 7391
115 18236
123 6817
138 12770
138 18336
138 18340
158 13990
158 18349
162 736
162 1517
162 17171
204 16624
280 2816
315 18343
618 1206
736 3030
736 6429
852 2488
852 6817
907 8712
1060 13033
1070 5949
1106 4370
1106 18348
1144 15195
1198 2762
1255 2669
1256 3313
1612 17587
1661 18123
1661 18289
1763 18343
1813 14948
1971 17199
2223 18341
2324 5825
2460 18336
2488 9757
2762 5083
2762 5938
2762 14906
2767 10168
3030 6429
3405 18347
3484 5825
3506 5949
3545 11057
3624 6498
4011 16624
4031 8068
4216 16624
4507 8197
4536 11203
4771 18342
4924 6203
5119 18330
5162 18344
5692 18150
5720 6431
5720 12770
5720 14906
6373 18343
6429 9469
6429 18350
6498 18340
6596 18341
6947 18340
7290 11203
7399 9425
7399 18150
7532 7616
8119 9425
8363 18336
8409 16261
8423 15453
8549 10068
8549 11587
8712 10846
8712 18340
9152 10168
9425 18150
9469 11779
9757 18345
10068 18336
10168 11340
10168 16984
10168 17955
10312 16624
10314 16094
10461 18097
11203 11568
11267 18348
11340 17973
11340 18348
11568 14906
15505 16624
17199 17761
17294 17870
17420 18342
17869 17870
18124 18348
18197 18198
18345 18346
