0 1413
4 1413
15 1745
26 29
26 570
29 253
29 729
29 810
37 729
41 2098
42 511
43 963
43 968
43 1051
43 2111
46 374
46 621
46 1265
46 1361
46 2110
46 2119
56 881
73 852
73 2114
76 140
76 280
76 447
76 903
76 1057
76 1635
76 2112
76 2121
76 2122
80 1393
80 1831
80 1939
121 2121
122 2009
124 2110
135 226
135 729
135 2117
153 599
153 1742
153 1831
153 1939
153 1957
158 1051
158 1271
162 2118
174 2112
186 1170
186 1271
186 2009
201 1664
226 2117
235 1510
235 1664
240 434
258 2052
280 1057
289 938
289 2112
289 2121
302 2010
307 2115
315 1265
315 1426
315 2110
338 1917
370 2107
374 950
374 1664
394 1753
414 1179
414 2107
434 950
434 1664
447 528
447 729
448 610
449 1664
461 1265
461 2059
508 573
508 1664
511 1608
531 1106
548 938
548 1361
563 1958
565 1051
565 1265
565 1664
570 859
570 1265
570 1413
570 1753
570 2114
599 881
599 1265
599 1361
610 1265
610 1816
621 729
659 1265
682 852
682 1413
682 1674
694 1608
694 2112
725 2095
729 950
729 1265
729 1939
729 1957
729 2110
729 2114
729 2116
736 1985
745 760
801 1563
836 2105
839 1298
852 1256
852 2095
859 1413
881 1265
881 1361
881 1672
904 1957
950 2043
953 2116
970 1106
1028 1561
1040 1106
1051 1361
1051 1985
1057 1635
1106 1917
1106 2109
1106 2113
1177 2064
1179 1786
1205 2114
1242 1268
1256 2052
1256 2095
1265 1392
1265 1774
1265 2114
1265 2116
1265 2121
1268 1298
1361 1413
1361 1635
1361 2052
1361 2088
1361 2112
1361 2120
1361 2121
1393 1939
1510 1540
1510 1664
1510 2052
1608 2009
1608 2038
1655 2108
1661 2100
1664 1992
1664 2122
1763 2055
1774 2052
1812 2114
1831 1939
1852 2098
1917 2100
1939 2114
1985 2116
1985 2121
2110 2119
