26 2027
26 15675
28 6629
42 1413
42 7480
42 16984
43 17212
46 1369
110 18386
138 762
138 1972
138 10347
184 5153
258 18322
312 10706
315 577
318 1737
318 8068
383 9312
453 4370
508 4092
508 4467
508 8712
508 17923
531 5272
573 16984
618 12366
621 8068
690 8630
714 9326
762 4467
762 16589
803 6562
852 1256
852 3707
852 11587
852 17222
897 4465
1144 3093
1255 18379
1256 17222
1359 18384
1365 2762
1369 18378
1369 18384
1514 8068
1514 18328
1663 18381
1709 18380
1773 18328
1773 18352
1972 16589
1972 18388
2019 12366
2019 18391
2062 11779
2118 4031
2389 12643
2627 10347
2756 16589
2762 18390
2767 12527
2783 12366
2888 18382
3024 5144
3093 3377
3093 9888
3093 18380
3107 9469
3166 5144
3313 16261
3405 15675
3648 5270
3707 5274
3707 13952
3707 17222
4001 12126
4031 4392
4092 15886
4092 17923
4117 18367
4382 16242
4465 9977
4465 15087
4467 8298
4467 17923
5089 11587
5119 18362
5144 6629
5144 16322
5144 16554
5270 9888
5616 8067
5720 8409
5720 15388
5816 8939
5831 18377
5831 18383
5849 14747
6389 10314
6498 18379
6596 11203
6596 13514
6629 15211
6629 18382
6947 16261
7093 9152
7147 8423
7290 9326
7399 8068
7647 18387
7961 18388
8068 16610
8197 12527
8197 16920
8409 12366
8409 18388
8423 15453
8712 12126
8712 15698
8712 17923
9888 16639
10293 13514
10314 17591
10347 16589
11017 11184
11103 18388
12366 18388
13318 17222
13735 16743
13952 18381
14165 18381
14747 16984
14747 17923
15025 18340
15113 18360
15211 15875
15252 17973
15505 18378
15761 18390
16984 18389
17029 17994
18021 18385
18377 18383
