26 839
42 7480
42 15675
73 434
73 1256
73 2970
73 3030
110 9896
110 11269
138 16099
196 3030
196 18407
221 9444
221 10846
315 712
318 5340
370 18404
432 6596
528 18416
577 18366
613 15299
618 4749
621 8068
621 18366
712 5065
712 17336
796 15875
839 11269
839 15675
852 3313
852 5089
852 15388
1115 7290
1206 2628
1206 3030
1206 9444
1392 4702
1393 18409
1413 1763
1422 14767
1661 18289
1971 15675
1972 16589
2111 2324
2118 6459
2122 17969
2208 5658
2208 17804
2650 16099
2762 11340
3405 15675
3707 18409
3861 7652
3984 11103
4090 15299
4092 18416
4117 18411
4419 5021
4589 18414
4723 5021
4723 18417
5065 18413
5089 5468
5179 8712
5181 15675
5340 15875
5616 18416
5644 11001
5720 8712
5720 11234
5831 18410
5938 18211
6373 9469
6429 17718
6429 18404
6629 8012
6629 15675
7000 15195
7000 18366
7097 8379
7097 16758
7391 8379
8068 16984
8409 16907
8409 18409
8409 18412
9469 10198
9896 15675
10018 18317
10312 13990
10846 18419
11234 17718
12358 18408
13990 15839
14002 15388
15113 16984
15113 18360
15113 18393
15675 16984
16236 18418
16589 17587
16907 18409
16984 18366
16984 18413
17299 18173
17299 18411
17322 18361
17548 18173
17587 18173
17627 17932
17969 18415
18007 18414
18093 18173
18173 18420
