26 2027
26 2888
26 9366
42 18367
43 5816
73 434
73 2692
73 2970
73 3030
73 6124
73 16564
76 9323
76 12527
76 18374
93 762
97 18367
138 1206
138 16589
138 16907
158 16306
184 18368
249 15113
258 2762
258 9457
258 17591
621 10036
621 18366
762 16589
762 18367
852 1122
852 1393
852 7290
852 11587
852 17222
1144 10314
1167 2694
1255 18379
1312 2762
1359 2762
1413 2019
1413 2762
1413 11936
1514 10036
1636 2762
1636 14906
1636 18367
1773 18352
1917 8642
1990 12527
2019 18370
2027 18376
2051 2086
2111 2324
2223 7290
2223 10918
2324 3707
2583 17955
2762 7290
2762 8067
2762 11912
2762 14906
2762 15505
2821 18371
2888 4783
3158 6596
3158 9457
3545 11057
3636 18319
3975 16589
4591 10168
4771 14906
4771 18367
4783 9366
4866 12527
5119 18362
5119 18369
5270 16589
5720 7290
5816 7071
5816 16564
5831 18377
5859 17222
5949 8225
6373 12662
6389 10314
6389 17591
6429 6596
6429 11452
6431 7290
6435 7290
6596 8642
6596 18375
7041 16447
7071 18372
7109 18365
7290 11103
7480 17994
8068 16610
8831 10273
9299 18056
10168 11340
10789 18377
11267 18363
11587 16099
11936 18375
12396 18362
13017 16589
14906 18322
14906 18367
14976 16589
15113 18360
15252 17973
15505 18378
15875 18376
16193 17857
16306 18373
16589 16984
16589 17587
16984 18366
17955 18377
18273 18364
