42 73
42 158
42 1604
42 8567
43 13735
73 76
73 621
73 1106
73 1612
73 3388
73 3516
73 4507
73 5366
73 5652
73 6885
73 9896
73 9958
73 17761
76 1198
76 3030
76 3900
76 4187
76 11344
76 12358
76 12620
76 18466
95 407
95 13061
110 1390
110 11344
141 17814
141 18072
158 16589
172 18516
196 6650
196 18022
280 9156
297 1832
297 4924
383 18037
407 1636
407 4216
444 6779
455 4924
455 12556
455 17436
573 2019
573 11568
577 618
613 18520
618 12358
621 4216
621 12358
682 14767
690 10231
762 2650
762 16589
762 17666
821 5247
898 18519
907 1200
1012 16471
1115 4187
1115 6779
1177 6842
1177 16099
1177 16992
1198 4839
1198 14572
1200 3624
1256 6885
1365 18515
1514 8068
1612 2650
1640 2334
1697 9469
1697 18517
1737 4216
1763 3579
2019 2051
2223 5119
2223 6885
2292 15557
2650 9896
2718 12245
2762 17741
2767 13735
3313 3984
3456 3727
3624 6842
4048 18510
4057 15729
4057 18514
4092 6596
4171 14165
4187 5107
4187 18022
4507 9896
4507 18022
4536 12358
4731 18516
4924 15839
5065 17436
5065 18518
5119 6885
5119 9836
5306 12932
5340 10766
5366 8409
5366 11565
5521 10321
5699 16589
5720 18501
5926 17666
5938 13361
6429 12358
6448 8567
6779 18022
6885 17761
7391 16206
7839 18022
8272 14165
8484 9896
9649 12760
9789 17436
9789 18514
9888 12620
10006 17153
10312 13735
11568 14165
12245 18308
12245 18515
12620 18511
13735 18022
14657 18511
15505 17300
15729 18514
15790 16414
16801 18480
