0 18486
19 5270
43 1255
43 9214
43 13580
43 17420
48 2272
73 12686
109 6435
117 3727
153 2741
158 9214
162 7071
318 18466
390 18466
455 18478
577 621
577 852
577 17955
621 2284
621 6362
729 3790
762 3125
1002 5616
1144 18477
1256 5065
1361 17466
1413 6779
1413 15108
1436 2529
1436 4140
2650 9214
2756 3764
2762 18482
2915 8630
3226 3501
3690 5926
4031 17368
4059 11531
4092 4536
4092 9605
4187 6528
4370 13276
4507 4949
4562 5938
4839 9214
4924 11348
5065 6528
5065 15064
5065 15108
5065 15505
5093 18480
5119 18459
5119 18483
5204 18466
5362 17969
6362 16094
6362 18471
6373 18484
6429 17368
6448 18081
6528 15064
6708 15885
8912 16665
9214 17955
9425 18458
10312 18471
12126 17789
15108 15505
15113 17955
15214 18466
15675 18470
16984 18465
17471 18485
17955 18019
17955 18055
17955 18081
17955 18471
17955 18479
18055 18081
18081 18445
18466 18481
