42 76
42 536
42 15656
42 18137
70 2437
70 9323
76 18137
103 1788
108 2868
108 17420
113 6708
128 3764
134 2297
138 1255
158 12556
158 16589
158 17558
196 370
196 6650
206 5471
315 5644
318 18466
370 762
370 2650
370 6650
370 6942
412 18344
455 18445
536 1779
536 2820
536 5362
536 11568
577 5471
613 4423
621 6650
682 1510
736 17112
762 10347
762 16589
837 17439
879 5644
1232 9706
1268 12760
1392 17112
1413 14832
1483 14906
1622 4536
1636 5616
1636 16791
1709 16580
1788 2934
1845 6947
2019 18466
2027 16580
2628 12876
2650 6650
2762 10690
2762 14906
3030 4562
3166 5992
3579 8119
3579 8387
3737 9706
4423 4839
4423 18055
4536 18487
4731 8567
4839 18494
5065 10036
5065 16791
5065 17718
5065 18492
5065 18498
5079 17112
5089 15800
5119 9836
5119 17955
5119 18459
5362 6779
5616 18502
5699 16589
5720 18501
5938 9706
5938 18498
6373 18484
6596 18503
6629 13451
6708 15885
6942 18503
7000 17718
7290 15557
8119 15448
9469 15790
9469 18504
10231 10304
10293 18503
10347 16589
10472 17761
13226 18492
15302 15875
15656 17761
15885 18507
16099 18495
16322 17558
17420 18506
17548 18494
17761 18502
17866 18081
17955 18055
18344 18505
