28 11394
42 4218
73 4397
138 510
138 18303
138 18721
140 18722
206 15453
258 5125
258 9045
258 18276
267 12488
467 6596
467 14451
573 10930
730 10911
762 8298
762 9948
796 6643
801 4731
801 13057
852 5089
852 6362
852 8208
852 8409
852 11587
1002 15875
1056 15875
1177 10273
1361 3226
1526 6810
1612 1995
1763 17112
1812 16757
1917 18589
1971 18724
1972 9948
2052 2839
2158 3405
2158 15875
2223 9948
2223 15593
2286 18724
2437 7760
2437 10930
2489 7399
2529 9948
2567 5637
2767 17112
2785 18684
2786 10930
3030 15045
3065 17329
3077 18604
3155 3707
3226 9559
3226 15505
3226 17955
3405 16564
3405 17420
3707 17548
3882 9948
3893 17302
4138 18654
4218 18726
4283 18706
4370 8784
4382 18551
4465 9948
4600 10273
4731 18643
5089 13735
5119 18664
5362 18702
5637 18276
5637 18595
5720 6362
5816 18589
5938 16988
6448 18716
6596 14451
6629 17269
7399 10930
7399 18725
7526 14303
7526 18648
7714 8298
7942 16988
8298 18725
8484 15593
9948 12125
9948 15618
9948 18711
10293 17558
10930 13981
10930 18466
11565 16298
11943 18276
12488 12620
12620 14657
13061 17300
13074 16349
14303 18648
14906 15593
15045 16830
15618 17329
15618 17955
17785 17955
18081 18648
18723 18724
