26 5157
26 5672
26 15557
30 6984
42 93
42 8197
76 93
76 5157
76 8272
93 1002
93 1413
93 2019
93 2437
93 16564
138 16525
138 18700
157 1198
158 9565
162 10930
172 948
190 16525
412 18705
467 14451
577 16051
610 18704
613 18706
618 897
621 1281
762 16525
762 18439
789 18681
839 948
852 1361
852 3313
852 4117
897 16525
948 2437
948 14129
1002 2437
1361 18698
1365 3313
1572 6984
1877 9565
1917 14747
1972 11228
2019 18702
2437 4157
2529 3313
2762 5119
2762 15505
3155 5089
3270 18703
3313 5859
3313 10273
3313 14906
3501 17955
3545 16051
4031 16610
4117 6203
4117 10633
4783 7371
5119 12923
5119 17932
5157 6596
5272 15557
5362 6189
5362 18702
5621 10866
5720 6362
6189 17329
6203 10633
6448 18643
6779 12718
7097 18701
7290 15557
7371 13016
7391 7851
7851 9323
7851 16184
8099 18109
8566 9565
8613 18550
9326 15618
9444 18704
9565 14767
10293 14446
11228 14657
11565 16298
12712 15557
13074 16349
15241 18255
15505 18702
15557 15875
18429 18700
