7 1198
26 1917
43 762
43 823
43 10624
43 17923
43 18589
43 18755
70 5652
70 7290
76 138
76 823
76 2762
76 5305
76 17923
76 18755
138 4465
138 17923
158 9427
191 7942
201 11587
226 17923
240 18733
258 16270
412 4339
412 18681
412 18745
412 18755
528 16084
823 17761
852 3707
1002 18701
1056 15875
1115 6917
1115 15683
1126 18764
1144 18731
1256 3707
1361 4339
1413 2762
1422 4688
1636 1972
1636 2762
1636 12116
1636 18681
1763 4248
1763 17112
1763 18752
1831 18745
1877 3756
1972 2762
2111 18762
2223 18754
2437 17430
2437 18701
2621 2762
2692 18122
2692 18756
2762 8298
2762 11376
2762 11912
2762 13061
2762 13280
2762 14906
2762 17923
2762 18761
2767 18754
2786 10930
3313 10273
3405 4339
3405 17269
3636 4339
3636 5560
3707 4339
3707 5720
3707 18745
3727 10596
4092 16084
4187 8298
4187 18751
4339 6203
4339 6373
4339 8478
4339 15729
4688 9466
4935 11587
5119 18669
5270 17923
5362 18153
5362 18757
5362 18760
5616 5720
5616 14906
5720 18757
5938 8565
6189 6641
6917 14278
7290 10624
7526 18081
7718 16327
8347 13280
8712 18115
8884 11340
9045 18751
10035 18764
10231 18745
10273 18731
10312 13061
10789 18755
10918 17923
11383 13061
11646 18763
11943 18736
12116 18105
13061 17300
13735 16327
14303 17784
14303 18620
15505 18760
17029 18753
17923 18589
17955 18344
17955 18752
18081 18758
18206 18759
