26 11269
42 3093
48 97
84 15547
93 2111
108 18539
158 18716
158 18719
195 3158
206 15453
206 15875
206 16564
258 2739
258 13061
267 2460
280 18681
412 18344
461 12760
573 2111
577 7851
577 18343
774 4092
774 5672
774 14906
839 4135
852 4117
852 4585
852 16436
852 18714
1006 5440
1321 18612
1365 2694
1413 6596
1413 18715
1657 18672
1831 5621
1831 10866
1854 4536
1877 18720
2313 16791
2694 3405
2762 11184
3405 15675
3405 16564
3405 17420
3636 16791
3764 18714
4031 16610
4523 16099
4783 7371
5119 18664
5362 18702
5621 10866
6189 16791
6373 8119
6569 18539
6596 15557
7391 18343
8484 15593
9326 12965
10068 18714
12090 16564
12488 12620
13074 16349
14303 15448
15505 16791
15618 17955
15675 16564
15839 18479
16592 18714
17329 18718
17715 18294
18628 18708
18681 18717
