43 9671
43 18701
48 4135
48 4783
70 5652
70 7290
108 1836
108 2297
108 18466
132 18748
134 4390
138 18745
153 16327
153 18745
153 18747
157 762
258 8093
266 16530
286 4798
315 7391
351 18741
412 4771
412 6419
412 17420
412 18745
455 14930
573 2464
610 18735
613 7277
762 8298
762 18744
875 4216
1002 17430
1115 6917
1393 12116
1413 2694
1636 4216
1636 14906
1763 15299
1763 17112
1763 18745
1877 12760
2111 18741
2650 9440
2694 3030
2762 14906
2762 18717
2775 13061
2868 18750
3636 4216
3707 4248
3727 10596
3764 16615
4339 6362
4731 18543
4771 18745
4798 14657
5100 7277
5119 7277
5270 18743
5340 15753
5720 6362
5720 15388
6203 7277
6779 15069
7195 11244
7195 18742
7277 7839
7327 18641
7364 16615
7976 10273
8093 18745
8119 17814
8974 18746
10293 17558
10312 13061
10706 14223
10930 10966
10930 18744
11943 18736
13735 17955
14323 16436
14906 17761
15041 15875
15041 18748
15269 17815
15753 18466
15839 18479
16099 18743
16297 17761
16327 17955
17112 17955
17302 18749
17430 18723
