42 1170
42 2930
42 8197
73 2111
73 7371
76 1198
76 8197
76 16525
83 16525
108 4031
108 16525
138 16525
138 18602
138 18700
141 16525
153 18678
158 8197
172 2324
196 3056
196 8119
201 8197
258 6362
258 8119
258 14303
287 10818
467 6596
510 18691
729 4117
762 18475
762 18602
968 18687
1002 12718
1115 6917
1115 18679
1144 17923
1198 3707
1198 5859
1206 18684
1255 16525
1361 16791
1361 18698
1365 1877
1365 3405
1563 8197
1763 18602
1763 18666
1763 18692
1788 16480
1788 18684
1977 16525
2111 3405
2192 14446
2437 4157
2437 17420
2583 18694
2650 15127
2650 18602
2795 18665
2839 18012
2845 12760
3056 15700
3501 15729
3545 16051
3707 12449
3707 15044
4031 16525
4031 16610
4031 18691
4125 18693
4234 16525
4280 18662
4465 16525
4615 12074
4771 14446
4924 14303
4924 18685
5119 12923
5119 17932
5294 16525
5530 12421
6009 16327
6429 16327
6779 18689
6917 18686
6945 8197
7097 18701
7110 17814
8197 18689
8298 17587
8802 14879
9427 18686
9920 15505
10068 11037
10293 14446
10293 17558
12074 16525
12358 14451
12449 18699
12923 14948
12940 18666
14303 17932
14879 16057
15127 16525
15505 17761
15505 18689
15505 18700
15618 18697
16057 17955
16298 16695
16525 17420
17968 18198
18429 18700
18439 18658
18662 18688
18662 18690
18695 18696
