7 284
26 151
30 16639
42 18681
43 2704
43 9896
43 18509
43 18864
48 284
110 8721
110 18862
110 18869
134 312
134 455
138 6498
151 18657
151 18863
151 18864
184 18681
370 6650
374 17878
412 6373
455 1361
455 18816
461 1359
573 1369
621 1612
1144 18556
1206 18547
1256 3313
1268 16639
1359 2704
1365 15299
1369 9896
1539 16293
1612 4092
1742 2357
1877 12245
1917 16563
2111 13061
2111 17311
2254 16549
2357 9444
2691 18855
2692 18867
2704 15720
2762 14621
2868 14767
2930 18865
3041 8721
3226 17487
3313 10273
3313 17641
3405 9896
3405 16639
3501 6576
3673 16639
3707 6917
3707 10068
3707 17641
3756 6897
3882 10333
4839 18811
5009 11203
5119 13082
5272 6596
5720 6448
5938 8565
6373 11344
6373 18865
6373 18866
6596 11203
7391 10333
8119 11779
9896 12245
10198 17814
10198 18865
10383 18868
10789 18866
11779 18801
11943 14184
11943 18173
12844 15472
14906 18674
15472 15986
16610 17311
16610 18154
16861 18827
17955 18866
18723 18862
