41 2970
43 3541
43 10620
43 18877
76 1804
110 3541
110 18873
138 789
138 1028
138 1994
138 18873
151 857
151 1972
151 6431
153 18873
162 5501
184 3636
312 1863
315 10333
329 18203
348 18872
370 6650
374 17878
444 18874
461 1359
577 18864
618 15557
708 6945
852 3707
857 7290
1002 18873
1006 5917
1028 18720
1125 8703
1255 2437
1255 6362
1359 2704
1359 15720
1359 17761
1369 16049
1514 1804
1636 6779
1640 18231
1640 18723
1640 18869
1640 18871
1804 4523
1804 5938
2256 10766
2669 18723
3107 18869
3484 18871
3636 18861
3673 16639
4092 16530
4092 18870
4135 17152
4366 17814
4523 6945
4536 15557
4783 17638
5009 11203
5119 6332
5119 10620
5119 13082
5468 18873
5938 18878
6203 18876
6448 18873
6506 10068
6596 11203
6942 18869
7340 17036
7851 9299
8067 18681
8147 15113
9070 17814
9565 13082
10198 10766
10198 18865
13838 17814
15631 18810
16033 17814
16049 17761
16381 18872
16530 18863
16610 18154
16610 18875
16610 18877
16984 18869
17152 18869
18723 18871
