42 5501
43 7097
43 18823
73 76
73 18825
75 7104
76 1122
113 18824
122 10258
236 1413
258 9565
285 1917
285 8494
285 10293
304 10690
351 434
370 8190
412 18826
455 18804
455 18816
455 18818
968 18805
1393 17121
1413 18815
1612 2762
1612 14906
1636 18509
1640 2334
1763 5119
1917 10293
1917 13478
1917 18814
2142 17761
2142 18470
2192 18814
2324 18815
2333 18823
2437 7097
2534 5501
2674 18804
3107 7000
3381 18556
3405 16639
3639 18807
3707 18817
3707 18818
4031 18818
4187 17027
4465 9573
4546 12760
4731 5616
4839 18811
4860 8190
4924 17027
5009 6596
5119 12624
5119 18819
5230 18736
5270 7097
5270 18825
5272 6596
5272 18736
5272 18810
5272 18822
5362 18815
5468 18823
5501 11103
5574 8119
6373 8190
6373 15127
6373 16327
6917 18779
6947 16261
7391 18820
7399 17381
10293 18814
11184 18509
12253 13298
12253 18822
12760 18821
13298 15299
13298 18822
13478 18764
14906 18818
15108 18798
16861 18827
17427 18825
17761 18815
17955 18817
17955 18819
18681 18828
18821 18827
