3 16665
7 18895
28 117
42 11340
73 11498
110 2309
117 1002
138 158
138 1200
138 5308
138 10061
138 18674
196 1144
286 9851
286 14657
412 2762
556 826
634 3072
647 5917
810 12760
852 3313
852 5089
852 10347
897 1561
1144 18056
1144 18892
1170 15382
1206 3856
1255 6362
1514 18897
1561 18715
1636 2762
1831 18736
1966 7391
2107 15802
2111 6362
2223 5308
2309 4419
2529 10347
2650 9469
2669 18723
2718 18893
2739 10061
2762 5938
2762 11340
2762 14906
2868 5127
3313 17444
3381 18556
3456 15113
3545 17569
3673 16639
3707 4832
3707 5720
3707 6435
3707 17444
4216 18516
4280 5021
4731 15079
4783 18357
4832 6435
5127 5471
5272 18713
5720 6435
5720 11340
5720 13280
5720 18889
6373 18056
6373 18865
6629 18896
6746 11340
6984 18080
7190 18869
7290 11340
7991 18056
9444 18056
9851 10347
10061 18891
10295 15720
10347 17444
10789 18892
11203 18674
11340 13280
11565 11943
11565 18736
14303 18082
14906 18889
15448 17955
15593 18736
15709 18894
17955 18819
17955 18827
17955 18887
18501 18889
18638 18827
18674 18681
18870 18888
