43 19030
73 76
73 5658
110 18920
138 6506
138 18721
138 18723
138 19019
196 18387
226 3030
226 10966
390 4771
573 3405
573 18920
579 5294
579 19023
678 5141
729 17558
729 19032
852 3707
852 5089
852 7290
881 4746
892 15113
1015 11587
1144 12022
1144 19013
1206 7290
1206 11587
1312 17389
1361 19019
1369 2019
1369 5366
1369 16758
1413 1877
1539 19032
1561 12760
1640 7245
1640 19024
1825 14902
1877 10293
1877 18466
1917 16813
1952 6429
1952 17874
2223 19026
2309 2389
2350 16665
2529 4746
2529 7290
2529 9120
2529 18190
2582 8197
3313 18190
3313 19019
3636 14906
3636 18935
3707 5089
3882 17389
4216 19034
4382 10636
4397 15557
4507 9347
4507 19030
5119 17955
5270 6506
5270 11587
5305 19027
5362 8197
5362 9347
5616 15324
6203 19020
6596 15557
6629 18920
6779 9347
7290 8298
7290 11587
7290 16665
7851 19024
8119 19031
8197 9347
8197 19030
8363 10966
8494 14446
8712 11587
9018 11340
9257 19030
9469 19019
9565 11587
10068 11587
10068 17955
10068 18302
10068 19028
10966 13016
11203 19021
11587 19029
12319 15108
12760 14014
13082 18928
14303 19015
15113 15453
15729 19019
16843 18319
16843 19019
18082 19025
18319 19019
18466 19022
18466 19035
18723 18831
18774 19019
19019 19033
