28 10068
43 18986
76 1198
97 1788
110 1369
117 4798
153 5065
153 9245
158 9156
158 16212
158 18951
158 18982
570 16592
852 13485
852 18985
1002 7802
1002 8197
1002 11010
1115 16212
1177 2984
1223 6945
1256 2057
1256 16212
1393 16770
1413 15515
1636 18775
1788 18986
1825 6429
1825 10604
2019 18987
2057 3707
2057 6947
2062 18723
2095 8409
2140 15875
2324 11010
2324 15557
2333 18959
2528 10347
2529 6917
2762 13280
2767 5065
3065 4691
3155 13485
3158 8197
3313 16592
3381 11010
3484 18965
3541 17955
3573 18987
3893 5065
4187 18983
4231 5720
4671 18986
4839 5065
4839 16242
5065 12358
5065 15113
5065 16242
5348 18969
5366 11010
5681 10268
5720 10203
5720 18985
6199 15557
6203 16770
6429 18854
6429 18988
6779 11010
6779 14983
6779 16770
7802 11010
8298 17587
8996 17955
9156 15515
9156 17814
9156 18984
10068 14906
10203 18985
11010 15949
12114 15235
13280 18968
14906 18509
14983 16242
15113 15912
15505 18509
15505 18674
15648 18038
15729 18038
16212 18936
16242 18713
17985 18987
18081 18947
