26 108
28 10347
28 15113
28 19047
29 2762
48 2062
73 678
73 9573
73 15045
73 19023
76 19041
96 97
96 10966
96 13016
108 2062
110 19054
138 1540
138 3506
138 18721
158 7526
158 16099
196 18387
196 19048
545 8175
549 5305
621 13942
839 2243
839 17958
839 19050
852 13157
881 1413
881 2243
898 15557
1144 12022
1365 18968
1393 2095
1393 2762
1393 11587
1540 15299
1551 17674
1825 2529
1825 12876
1825 18854
1877 8197
1877 11642
1877 18466
1917 19053
2062 5270
2078 3226
2095 13157
2223 7526
2223 13646
2223 17603
2223 19048
2243 9536
2297 5100
2582 9347
2650 3507
2650 8175
2739 6498
2762 6203
2767 17674
2820 8824
3023 13112
3107 12358
3107 17674
3405 18814
3507 16099
4031 17674
4031 18893
4126 18585
4231 5720
4231 18105
4382 5725
4688 9466
4746 11642
4783 10966
4783 17674
5089 9428
5089 16261
5100 10293
5100 16099
5107 18585
5362 17674
5366 16099
6373 11580
6506 17587
6692 17674
6947 13112
7290 11587
7396 17674
7399 15875
7526 9257
8119 13646
8175 13017
8175 13280
8175 15252
8197 9896
8197 14677
9896 15875
9977 10966
10347 17432
10347 19047
10966 13016
11269 15087
11533 18775
11644 18968
11779 18457
12358 17674
13112 16261
13157 16099
15252 18908
15875 18814
17603 17814
17955 19045
17955 19048
18770 19051
19019 19049
19039 19052
