42 18992
73 76
73 2118
73 2995
73 5141
76 4465
76 9573
95 19006
108 3177
110 16127
158 5125
158 8868
158 13990
158 18821
258 2313
325 403
370 3177
444 11340
455 18978
531 17008
577 2762
618 7290
618 17179
621 2822
839 18078
852 3313
852 13157
898 15557
1144 12760
1144 18081
1206 13157
1365 19008
1392 12523
1393 2583
1393 5125
1831 19011
1864 18771
1952 6596
1952 12523
1952 16665
1952 17179
1972 12760
2062 16099
2102 19004
2313 8197
2455 16298
2583 4092
2583 15453
2756 13485
2762 11184
3065 4691
3313 5089
3313 6947
3405 13735
3405 16127
3541 18466
3764 18997
3882 16843
3882 17389
4031 13310
4092 18968
4397 12523
4536 6596
4536 12523
4536 19004
4668 15941
4783 18821
4999 19003
5089 5859
5089 13735
5125 11340
5125 17955
5267 7760
5362 18173
5468 19009
6108 10273
6203 10789
6362 8197
6373 15113
6596 12523
6779 19006
7097 8197
7290 12876
7290 15557
7391 11340
7399 15875
7399 18723
8208 13485
8472 9671
8494 19005
9018 11340
9671 18723
10068 12876
10293 16592
10293 19010
10674 17465
11340 15559
11340 18970
11533 18775
11779 18457
12694 13485
12760 18723
14529 19006
14903 18674
15299 19010
15898 17569
16322 19007
17771 19002
18821 18827
