7 29
7 1255
28 18975
29 76
30 1413
43 18977
76 881
76 15949
117 3727
117 9257
129 10293
129 18975
158 16212
158 18982
196 2868
204 4011
204 16017
455 18957
455 18978
467 6596
531 17955
577 5065
708 18974
852 15709
1106 7353
1115 16212
1295 5720
1361 10268
1393 15709
1393 16184
1904 18981
2057 2650
2057 17955
2319 15875
2319 18723
2389 16956
2650 8298
2762 13280
2762 15453
2868 18971
3107 16327
3381 11010
3882 18966
4117 18982
4216 12114
4783 15709
4838 5720
4838 18977
4839 8110
4839 12114
5065 5560
5065 15113
5065 18983
5119 16327
5119 18038
5270 8298
5616 18038
5658 18975
5720 18977
6373 10198
6429 18854
6596 8912
6596 12114
6779 18968
7119 18976
7391 18854
7391 18887
7616 17955
7855 11010
8119 18978
8197 12114
8298 17587
8364 18971
8409 13485
9156 18971
9156 18982
9375 16184
10203 18976
10268 12114
10268 15453
11010 12358
11340 18973
11340 18979
12114 12358
12114 15235
13280 18979
14906 18854
15875 18955
16212 18936
16327 16813
16813 18854
17955 18972
17955 18973
18038 18637
18466 18687
18713 18887
18960 18980
