46 839
73 15075
76 2122
76 8604
95 2762
108 141
108 859
108 18466
140 19161
158 9427
318 19137
577 18466
641 9245
712 19168
729 14142
1048 19117
1053 19147
1198 19153
1255 2468
1256 17955
1636 5362
1636 19006
1636 19064
1804 6002
1877 3541
2062 2786
2062 18723
2107 16206
2111 18466
2122 19160
2324 19117
2493 5469
2599 15282
2694 7461
2762 18319
2767 6189
2888 7461
3541 12245
3707 15174
3707 19040
4011 19153
4092 16894
4092 19164
4126 17072
4382 5125
4536 15918
4577 9565
4577 19147
4783 8473
4783 11269
4924 19064
5021 19164
5036 16716
5065 6203
5065 19166
5107 19170
5125 7290
5125 7399
5125 7516
5125 11103
5125 17994
5125 19116
5366 6795
5567 15918
5692 19162
5720 19126
5926 5938
5938 15113
6203 9245
6203 19158
6292 17534
6373 16206
6373 17666
6548 7364
7749 19162
7851 16206
8131 19147
8473 17587
9809 19167
10347 18827
10409 15282
10412 18319
10846 17923
11362 19147
11751 15875
12385 16236
12940 19163
13735 19116
13735 19161
14342 17558
14906 16236
15465 18319
15875 19161
15918 19165
17618 18723
17923 19147
17955 19170
17958 19161
18056 19156
18466 19159
18466 19169
18723 19161
19047 19109
19047 19116
19114 19137
