2 2428
7 48
29 19078
42 48
42 1198
42 4092
42 17011
42 19089
42 19093
48 1319
73 5270
73 19023
76 138
76 390
76 15367
76 15709
76 17587
76 18263
76 19023
76 19091
81 2428
138 1206
138 2529
138 19006
138 19023
138 19086
158 17558
158 18062
158 18263
158 19077
158 19081
158 19088
174 15240
184 3322
196 3322
201 1365
240 2598
242 2428
284 1319
374 4092
442 1636
467 4117
467 12358
512 2428
678 19084
729 1319
733 2650
774 3239
852 13485
881 15453
938 6991
1041 1636
1041 8484
1208 2428
1256 19080
1256 19087
1361 17955
1361 19059
1361 19081
1365 19072
1636 3636
1636 5362
1636 6228
1636 7028
1636 10589
1636 16813
1636 19006
2062 5270
2095 10866
2095 19081
2326 3322
2529 19087
2650 7391
2705 19087
2820 16526
2820 19086
2961 18354
3239 11943
3313 19087
3322 9469
3322 14906
3322 17955
3329 13061
3405 15185
3636 6228
3799 4231
3882 16184
4057 19079
4092 10866
4092 17955
4135 15127
4188 7391
4216 18263
4403 19085
4746 6362
4783 18992
4839 19081
4866 5021
4866 10866
4866 15453
5021 15453
5021 18770
5270 19086
5308 19026
5468 9540
5471 19019
5692 10636
5692 18082
5720 19081
5926 18992
6124 19023
6203 9540
6203 10866
6203 14906
6203 15453
6203 19076
6228 6596
6362 6942
6629 17545
6640 8119
7059 11010
7290 9323
7516 8272
7516 19083
7526 19031
7961 19090
8082 12523
8082 15875
8197 15185
9143 19082
9565 19019
9565 19079
9573 15367
9683 19090
10068 19092
10347 19088
10604 15367
12698 15937
13253 17011
13735 15453
14418 19072
14613 19079
14677 19067
14948 16596
15505 19081
15898 16639
16261 19087
16610 19084
17558 19088
17955 19077
18082 18946
18770 19086
