30 19090
43 19068
46 4741
46 19104
75 4839
108 167
138 5471
158 15113
158 18307
196 610
196 2650
196 2762
196 2767
196 4117
196 9326
196 9565
196 18770
258 6435
258 19080
433 3166
577 17741
621 15127
712 2821
712 15127
803 9472
851 1640
852 18307
881 5305
1041 19110
1144 4117
1144 18056
1144 18307
1275 16099
1361 19105
1365 3313
1393 1831
1393 6228
1640 19108
1709 9722
1831 19110
1894 8175
1894 13477
2095 2762
2124 16596
2192 9922
2192 18723
2243 10495
2313 5362
2529 19102
2534 8566
2598 12760
2762 10277
2762 14906
2786 9366
2821 15127
2970 13061
3030 12245
3239 16770
3380 8433
3578 6223
4117 9565
4117 19109
5270 11727
5362 13821
5362 18307
5362 19102
5479 18992
5652 15113
5692 18082
6203 9245
6429 15557
6945 13061
7170 15174
7391 12245
9245 19095
9888 16099
9922 18723
10333 19103
10789 15113
12760 19104
13061 18307
13212 14906
13259 14789
14677 16729
14906 18307
15875 19104
18056 18307
18082 19025
19106 19107
