42 48
42 19074
43 19041
48 284
48 2650
75 16770
75 16843
110 6108
138 691
138 19067
138 19069
158 9427
158 18062
158 19077
195 19054
201 1365
201 4783
201 14418
201 19072
226 4632
390 2062
434 4000
442 1636
531 839
531 16236
577 6781
774 3239
781 11228
803 15618
839 6108
839 17011
968 18466
1115 1392
1170 17969
1206 1792
1256 4117
1256 16592
1281 19069
1364 15941
1365 11103
1365 19072
1393 15618
1476 19070
1636 5125
1636 6203
1636 14677
1636 19072
1742 9977
1792 5270
1804 19071
1864 4981
1917 6362
1952 2272
1971 4688
2027 19071
2081 16770
2128 11092
2313 10866
2526 19075
2650 7391
2650 12525
3307 16592
3313 13990
3799 4231
4187 12698
4188 7391
4188 9323
4382 7647
4382 11728
4523 11228
4536 19021
4746 6362
4746 11642
4783 17129
4783 19072
5065 5366
5331 14948
5362 14677
5366 16843
5720 12523
6108 6629
6203 17329
6203 18304
6203 19059
6203 19076
7399 15875
8067 9431
9245 17761
9285 19051
9427 15108
9444 11751
9466 11758
10198 19073
11228 18062
11533 18775
11751 17545
11758 15885
11943 14677
11943 19059
12940 19068
13990 18928
14418 19072
14677 15505
14948 17955
14948 19059
15618 17955
15875 19071
17558 19071
17994 18959
18506 18969
18748 19069
19041 19069
