48 19178
73 6498
76 1012
76 4226
76 15075
88 3030
88 9573
108 4226
108 4783
108 8363
110 2107
110 15875
110 18918
110 19180
141 762
151 8018
157 2762
158 19176
226 4031
258 4382
315 18920
370 16206
410 19175
531 5125
762 1106
762 5125
839 4226
852 18199
920 4382
920 8197
928 968
968 2324
968 15875
1053 8824
1144 19134
1198 19153
1198 19168
1256 5720
1365 5125
1365 16236
1612 5125
1636 5065
1636 5125
1636 16017
1636 18750
1825 19179
1879 19117
1972 5125
2062 2786
2062 18723
2107 16184
2256 11751
2599 10347
2762 4839
2762 8197
2762 14906
2762 16236
2762 17955
2784 6984
2934 19172
2970 18969
3030 4226
3030 9573
3707 15174
3707 19040
4092 19170
4226 4465
4397 8433
4731 19177
4783 19174
4924 19064
5119 13838
5125 7399
5125 17955
5692 7749
5720 10999
6203 7490
6203 15618
6596 19179
7433 19104
7749 19162
7851 16206
9977 19174
10203 16904
11203 19179
11751 15875
11779 14142
11779 15113
11912 16236
13061 16017
13074 19153
13422 15615
14906 16017
15875 16206
15875 18969
15918 19173
15941 19134
16242 18713
17761 19181
18056 18920
18199 19164
18723 18969
18723 19169
18750 19176
18764 19170
19164 19171
