19 2202
26 29
26 442
26 1243
26 1786
26 1917
26 2209
29 302
29 2211
30 1268
30 1804
37 2140
37 2187
42 206
42 1145
42 1971
42 2213
42 2214
46 302
46 1145
46 1732
48 121
48 2215
75 1831
95 670
100 570
100 1268
100 2158
121 2035
121 2215
128 592
158 1256
158 1653
158 2208
158 2211
159 2158
170 577
196 2209
201 852
201 1653
201 2140
206 1145
235 1793
286 2208
289 2195
295 1786
370 729
374 613
374 1106
374 1653
411 859
442 1140
461 613
461 686
461 696
461 729
461 1214
461 1413
461 1636
546 2140
565 1636
565 2096
565 2208
570 729
570 1268
570 1894
570 2035
621 729
621 1636
621 1742
621 2209
660 2210
670 1418
686 2052
686 2102
690 2140
724 1622
729 1145
729 1177
729 1622
729 1763
729 2208
729 2215
760 878
801 1268
810 1145
852 1256
852 1379
852 1831
852 2052
852 2057
852 2216
875 1268
885 2191
938 1312
938 2217
991 1894
1036 1147
1106 1205
1106 2211
1140 1636
1140 2209
1145 1268
1145 1732
1145 2122
1177 1214
1177 1831
1205 2215
1206 2191
1206 2210
1214 2198
1231 1418
1268 1755
1312 2057
1333 2187
1374 2178
1379 1831
1413 1540
1448 2149
1561 2187
1607 2140
1636 1831
1636 2209
1636 2210
1646 2215
1742 2106
1763 2187
1779 2148
1787 2207
1812 2209
1818 2209
1866 2212
1905 2208
1917 2126
1917 2198
1958 2195
1985 2057
2140 2207
