0 17683
42 802
42 3355
42 6373
43 11366
43 13981
43 17718
43 19219
48 1235
59 18827
70 4031
76 138
76 19210
108 18466
110 4230
110 19197
138 3624
138 19218
153 6435
158 3624
158 17718
158 19214
196 3624
412 6435
432 16505
531 16695
613 17338
682 6781
802 6373
852 19212
1002 14902
1002 19219
1359 6435
1361 6435
1361 19207
1388 4545
1610 2223
1636 6435
1917 3787
1972 5141
1972 8298
2095 8071
2111 11751
2122 5174
2223 19216
2234 9559
2389 19208
2406 16218
2606 13760
2762 18729
2934 14677
3104 11853
3226 6435
3313 16695
3405 6779
3405 11972
3405 15875
3624 5468
3624 10293
4031 4562
4031 11366
4135 9323
4135 19207
4188 8586
4188 17955
4230 11568
4230 18466
4465 17214
4838 6435
4839 6435
5065 19223
5146 16592
5174 6448
5270 19218
5272 17718
5362 6435
5362 17761
5366 5849
5366 15453
5720 17433
5720 19209
5720 19212
5720 19216
5938 11366
6117 14195
6203 6435
6435 11751
7028 17761
7290 19214
8197 15453
8197 19205
8298 9323
8460 9469
8654 18038
9323 19207
9573 13016
10293 19217
10558 19197
10705 18466
11751 19219
12643 19208
13157 19216
13646 19221
14906 15100
14930 19224
15875 18571
16232 17420
16242 16420
16420 18399
16695 17955
17397 18723
17873 18056
18571 19197
18770 19197
19197 19220
19221 19222
