28 13157
42 8712
76 18417
76 19235
97 19236
153 1636
153 6203
153 6435
153 11751
158 552
370 16327
461 1335
589 16955
618 15557
621 8460
762 18466
837 19237
879 3107
1002 17495
1041 19234
1198 3790
1200 18825
1206 4092
1877 19239
2057 3707
2529 3707
2529 6947
2529 18729
2529 18825
2767 18953
3107 8460
3707 13157
4092 9245
4216 11751
4216 16639
4382 13210
4860 9462
4971 6373
5362 17015
5720 13157
6373 19230
6429 14657
6429 18466
6435 11751
6596 19238
8197 17420
8298 8460
8460 9573
8460 18466
8484 11821
9896 17495
10347 14677
11155 15655
11821 14906
13157 14906
15247 15698
15698 18729
15875 19235
17420 19235
17814 19192
17955 18953
18417 18539
18681 19093
18809 19233
19110 19234
19116 19230
19208 19235
