42 802
42 19197
43 3756
43 10966
73 19023
76 1972
76 3624
110 19197
153 6435
158 5831
174 7230
174 10273
303 6435
383 15883
383 16233
600 19206
613 8586
613 17338
762 2111
762 2286
762 5366
762 11779
762 19213
802 6373
852 18797
1057 9536
1057 11103
1057 19110
1106 11821
1144 18166
1198 5560
1256 18797
1278 17338
1361 19207
1539 2062
1636 6435
1896 18466
1917 3787
1971 2324
1972 7290
1972 19104
2122 5362
2192 3756
2223 19026
2389 11489
2606 3636
2762 10866
2762 18729
2762 19197
3107 15113
3693 19179
3756 17587
3856 19216
4000 19197
4116 19210
4135 13016
4135 13981
4135 19207
4382 19104
4839 13760
5174 5362
5174 6448
5270 19210
5362 6448
5366 15453
5692 19104
5720 18797
5720 19209
5720 19212
5831 12366
6203 6435
6429 19214
7290 19214
8197 15875
8586 14906
10293 19210
10347 19203
10789 15113
12366 17624
12643 19208
13157 19216
13486 19205
13760 15453
13981 19211
14062 17955
15875 19210
16420 18399
16639 19204
17397 18723
17465 19197
17468 18466
17955 19206
18617 19208
18723 18831
19026 19116
19214 19215
