42 839
84 1792
109 226
158 16861
158 18969
158 19300
195 15113
226 1792
258 412
258 531
258 19299
370 19301
412 434
412 531
412 613
412 2762
412 4187
412 7674
412 10273
412 13280
412 19304
412 19305
610 7647
839 18831
1002 5065
1057 19276
1144 10347
1413 15557
1636 7674
1640 4069
1687 5065
2019 9236
2111 4232
2111 6429
2111 18723
2286 18619
2715 13942
3177 16218
3388 16017
3707 18190
3707 19221
4188 19298
5065 15415
5107 19300
5119 6434
5119 19297
5270 19306
5471 15729
5471 19302
5550 6434
5616 19304
5720 19297
6629 9568
6779 16017
7471 17158
7516 11751
8824 19292
8981 19280
10604 19080
11080 19300
11116 19280
11203 19290
11751 17761
11972 15875
13061 16017
15252 17158
15474 19303
15557 18723
15636 18116
15875 17749
15875 19265
17955 19299
18619 18770
18723 18724
18723 18831
