28 5270
28 6124
28 17558
29 2650
42 18831
43 490
43 7097
83 2256
110 7097
297 837
315 4232
412 2762
412 3409
412 5616
412 5857
412 6947
412 8712
412 9245
412 11103
412 11751
455 13088
455 14529
455 19289
839 19296
898 6429
898 11751
898 15557
1106 5616
1264 18969
1361 19289
1636 16017
1657 7593
1709 18831
1812 3409
1877 19293
2095 17955
2149 2762
2256 3893
2256 15474
2529 19291
2656 6429
2762 11751
2767 19289
3030 19289
3313 16096
3461 11751
3461 15299
3636 15918
3636 19290
4232 6429
5089 9309
5100 19023
5119 19290
5270 9573
5616 9245
6429 11751
6429 15557
6596 19271
8824 19292
8981 19280
9236 16549
9236 18723
9366 9573
9573 16232
10705 19225
11751 15553
11751 17761
13088 17955
15557 18723
15875 18969
17955 19294
18079 18723
18723 18831
19294 19295
