28 6429
28 11751
28 18681
28 19186
73 19272
110 18230
138 2062
271 2771
383 412
412 11116
412 13768
412 17955
412 19280
434 2650
618 3935
621 15415
659 4117
712 17856
823 5362
1002 18681
1057 19276
1185 15206
1278 3107
1281 19069
1365 9565
1365 19273
1825 16770
1877 15875
1917 19283
2150 19279
2197 19268
2286 18619
2656 6429
2694 15415
2694 16525
2741 4783
2762 16099
2762 19273
2762 19275
2785 17542
2786 9366
2934 14677
3239 19271
3239 19276
3313 15206
3388 19280
3692 19281
3935 5432
3935 6429
3935 8097
3935 18723
3946 5468
4031 19277
4126 4971
4216 10293
4216 19283
4536 16770
4783 8993
4783 15698
4838 18681
5141 5658
5141 11269
5270 9366
5270 17618
5305 8197
5305 19279
5306 11863
5362 10569
5362 19271
5432 18723
5432 18831
5468 9366
5672 19261
5720 8596
5720 15206
5720 19281
6429 15557
6434 8712
6596 16770
6779 17602
7097 16099
8596 19282
8912 15918
10293 19283
11116 19280
11943 19281
13646 15589
13879 15415
14976 19277
15282 18723
15875 18230
16242 19273
17495 19274
17602 17955
17741 19273
19221 19278
