28 17558
42 412
42 5720
42 18681
43 12366
43 19265
88 16861
122 1057
158 9427
196 19313
412 1011
412 9245
412 12358
412 19307
434 1206
434 12366
455 19289
762 18466
839 4080
1002 5065
1002 5305
1002 11568
1057 19276
1106 14062
1206 8688
1206 12366
1640 19309
1657 7593
1792 8688
1794 17718
2019 9236
2019 16549
2389 12643
2389 17749
2583 19310
2762 19309
2930 9469
3023 16096
3030 19289
3158 11568
3727 6005
3727 11228
4242 19240
5065 11568
5119 19312
5119 19313
5366 19279
5720 19297
5857 14062
6373 19268
6434 6916
7000 19309
7107 9425
8197 17749
8197 19265
8824 19292
9565 12366
11587 12366
14062 16099
14529 19307
14677 16729
14879 19270
15474 19303
15875 19265
15875 19309
16549 19311
17955 19308
18056 19309
18466 19186
18723 18831
19164 19171
