26 155
42 412
48 11267
138 19254
155 2027
157 8567
158 9168
315 10206
370 6373
412 573
412 1636
412 9168
412 17300
412 19261
506 18490
546 1206
573 19261
641 9245
762 2650
802 6373
837 9905
837 19257
1002 1041
1041 11751
1106 8567
1115 6917
1115 6945
1115 11078
1198 1636
1198 4117
1198 4216
1206 19231
1235 19254
1256 10068
1281 17885
1361 19105
1636 6189
1636 18490
1687 17300
1807 6429
1807 15875
1807 18723
2062 11267
2313 11751
2389 17300
2529 6328
2762 3226
2762 4188
2762 16099
2762 16732
2786 9366
2934 14677
3065 19259
3107 11821
3624 9366
4092 9245
4783 5102
4783 5272
4783 9742
5129 17885
5176 9122
5270 19255
5362 6189
5362 19259
5362 19260
5468 9366
5720 17300
5720 19231
5720 19259
5720 19260
6189 14906
6189 17300
6189 17761
6189 19258
6373 16327
6498 19255
6945 9147
8460 9469
8484 19259
8567 17587
8993 15698
9147 10068
9152 19263
9366 11066
9742 17671
9905 19248
9905 19257
10347 11078
11078 17741
13162 19262
13280 19256
13760 18490
14906 17300
15505 17300
15505 19259
15875 17465
15875 19253
16628 17885
16813 18490
17465 19253
17761 19231
17955 19264
