42 17300
43 13061
73 19272
95 4110
103 14677
138 19231
158 18585
412 18681
412 19037
434 2650
577 1825
621 17856
641 9245
652 803
712 17856
823 5362
823 19266
839 19271
1002 19266
1115 18585
1198 4011
1206 19231
1278 8460
1361 19105
1540 17468
1636 17765
1825 4216
1825 15557
1917 16734
2062 2650
2197 19268
2223 18454
2286 19265
2762 17765
2785 17542
2786 9366
2934 14677
3313 10068
3405 19267
4031 14980
4117 19265
4536 6328
4536 16734
4783 14980
4839 18454
5041 19269
5270 17618
5272 5616
5362 5720
5362 19266
5362 19268
5362 19271
5479 19268
5658 11269
5672 19261
5720 19028
5720 19271
6124 19254
6189 17761
6203 17602
6203 18454
6947 16534
7213 18454
8586 12316
9147 10068
9905 19257
11078 15309
11568 15038
11751 15282
11751 15557
11943 18681
12316 15108
12316 17955
13061 17671
14906 19271
15252 18454
15282 18723
15875 17635
16242 19270
16904 19028
17955 18585
18190 18681
18770 19265
