28 13061
28 18627
42 13061
42 19373
43 13061
56 19116
76 6203
76 19287
95 17509
110 18969
138 9565
151 13016
153 1359
153 1636
158 17558
258 19371
297 17710
297 19116
307 19375
383 19323
412 5616
412 19376
524 1206
524 6124
574 10273
712 2284
730 19287
837 17509
837 18770
852 1177
852 13157
852 19201
852 19381
881 4390
1177 2529
1206 5270
1206 9425
1256 6817
1539 16683
1636 13061
1640 6203
1917 14006
1917 19353
1972 19378
2027 18969
2158 19377
2243 19298
2284 13014
2350 18466
2529 6817
2676 8460
2767 6332
2767 13061
2775 3882
2775 19380
3313 5089
3501 19373
3636 19368
3882 19380
4011 7690
4171 19017
4339 6203
4339 13760
5089 8225
5125 13186
5362 17761
5468 18627
5692 11779
5720 19371
5938 12125
5938 17311
6203 7213
6203 17066
6332 17511
6332 19258
6373 19369
6498 19372
6624 7391
6624 19366
6817 13157
7213 17311
7371 19174
7760 12876
7760 17509
7760 18641
8460 16327
8613 19373
9977 18912
10520 15113
11155 15655
11751 17311
12358 15240
12668 19116
13061 15593
13061 18770
13540 19116
15113 19116
15113 19378
15147 17814
15448 17710
15875 19370
15875 19373
16615 19381
17011 19373
17066 19116
17420 18969
17509 18770
17511 19329
17714 19378
17761 19356
17923 19355
17955 19378
18466 19370
18466 19379
19116 19362
19116 19382
