12 18466
26 7289
26 14342
42 3541
42 4419
42 6171
96 10966
158 13990
158 17558
158 18908
184 1831
338 3541
349 19354
573 9573
1002 1875
1106 19355
1115 17955
1144 19197
1256 4188
1792 12643
1831 2762
1831 8682
1875 8197
1877 12643
1877 19350
1917 3541
1917 19350
1917 19355
2057 17955
2095 19330
2350 18466
2650 5119
2762 13280
2787 19350
3179 4031
3405 4080
3541 11103
4080 19350
4332 16683
5119 19352
5119 19355
5362 16017
5362 19356
5720 6596
5720 15464
5720 16017
6596 15464
8567 14342
9896 18681
10040 11103
11384 19350
13251 15415
13990 17710
14342 18681
15505 16017
15505 18770
17158 19351
17511 19329
17761 19356
17814 19298
18585 18908
18908 19288
19116 19197
19350 19353
