7 2250
26 570
26 2158
29 42
29 303
29 2102
29 2193
30 1561
30 2158
42 1390
46 76
46 303
46 1214
46 1335
46 1361
46 1636
48 539
48 1521
48 1664
48 1793
56 1992
68 2102
73 1561
76 374
76 382
76 539
76 570
76 729
76 852
76 1268
76 1392
76 1636
76 1768
76 2111
76 2220
76 2235
95 539
95 1422
97 570
97 1894
100 1561
114 2250
121 1561
128 539
128 1540
128 1664
128 2052
129 1561
133 303
133 729
133 1839
133 1994
133 2130
135 2235
137 539
153 852
153 2250
158 809
158 1335
170 1664
195 206
195 1404
195 1877
201 1994
206 1561
226 2130
236 382
236 516
238 2193
280 506
280 938
280 2234
286 2246
295 1398
295 1451
296 1992
302 1732
303 729
303 1839
303 1985
318 1774
374 938
382 506
382 1197
414 2233
442 1335
461 539
461 1361
461 1561
461 1839
461 1905
461 2189
465 1561
475 1561
487 1561
502 2250
506 539
506 1656
506 2193
507 1361
507 1636
507 1787
507 1958
507 2079
519 939
539 1268
539 1563
539 1877
539 1980
539 2052
539 2193
539 2244
546 1335
546 2102
562 1379
563 1561
570 1205
570 1422
570 1768
570 2189
570 2193
570 2250
593 1540
613 1335
613 1958
634 1197
686 1656
696 1335
729 1335
729 1745
729 1768
729 1787
729 1868
729 1985
729 2102
729 2245
786 1992
810 1398
810 1787
810 1994
810 2024
839 1232
839 1404
852 1335
852 1561
852 1636
852 1947
852 2216
859 2244
875 1992
881 1561
928 2201
928 2250
948 2239
960 1992
1002 1563
1036 1268
1054 2245
1125 1361
1170 1404
1170 2237
1177 2064
1214 2158
1256 1947
1256 2102
1256 2243
1256 2246
1290 2193
1300 2250
1331 2250
1335 1422
1335 1636
1335 2062
1335 2084
1335 2234
1361 2243
1458 2193
1540 1563
1540 1636
1561 1636
1563 2192
1656 2247
1664 1742
1664 2219
1730 2243
1732 2245
1742 1958
1774 1779
1786 1958
1793 2158
1817 2227
1868 1972
1917 2192
2052 2246
2140 2249
2226 2227
2245 2250
2246 2248
