7 14677
42 8197
42 19093
70 13533
83 2256
95 9245
96 2357
103 14677
110 17269
140 19213
153 2767
158 12469
158 17718
159 13240
248 17635
258 16327
297 19487
390 5270
573 18056
577 10273
618 19379
729 4761
839 10168
852 8093
968 16639
1125 19482
1179 19292
1206 9985
1359 5267
1413 4585
1539 19498
1717 17112
1763 13735
1763 19487
1763 19499
1792 16601
1854 3543
2223 18648
2256 3543
2313 5616
2357 5141
2650 19379
2762 9245
2762 19494
2762 19500
2762 19504
3313 8409
3484 5012
3636 5833
3636 15823
3707 5690
3707 5833
3707 19491
3910 17328
4097 19318
4536 19179
4536 19379
4761 5065
4924 15288
5119 18513
5119 19500
5141 16601
5270 9122
5272 13838
5362 17015
5720 7186
5831 19499
6124 19377
6373 15113
6373 19499
6429 19379
6596 19379
8119 19499
8293 15505
8293 18105
8409 19502
8688 19355
9347 15382
9586 19495
9851 19503
9985 16099
9985 19501
10846 11779
11523 15941
11751 15823
11779 18513
11779 19499
12358 15293
12358 19379
12469 14677
13201 15593
13280 13838
14042 19497
14573 19496
15382 16017
16601 19287
16639 18466
18513 19116
18681 19093
18770 19379
