26 5469
42 84
42 1917
42 5469
42 17980
73 17420
76 10910
76 15982
83 10366
84 8974
95 6513
95 19441
96 5550
110 19443
110 19448
158 15113
226 15982
318 18627
383 4097
539 10472
568 12435
573 1854
647 19180
773 19334
801 10409
852 3313
852 4930
852 19116
852 19450
1002 18674
1002 19443
1058 1390
1058 3745
1106 4368
1106 19436
1177 5720
1256 19428
1505 11001
1636 4368
1763 19447
1773 2821
1773 4135
1773 5065
1773 15163
1877 11489
1917 4536
1917 6596
1917 18770
1971 10472
2149 11489
2158 10347
2762 19438
2786 17420
2821 5065
3107 15044
3206 4092
3313 19450
3501 7516
3624 4465
3624 17420
3707 14906
3745 7399
4593 19057
4746 5720
4964 19444
5065 19437
5119 19439
5125 19449
5141 19436
5241 19447
5270 17420
5272 5469
5362 6779
5362 8961
5362 9347
5362 15505
5362 19441
5366 9559
5366 18674
5366 19426
5469 6629
5469 10730
5550 18466
5672 19261
5706 19428
5720 19441
5880 18038
6203 19442
6373 11001
6373 16327
6429 6596
6429 15044
6429 19436
6429 19449
6435 11568
6596 19440
6917 7760
6991 19405
7000 10910
7760 12876
7855 10472
7944 19444
8484 15557
8654 15559
9559 19426
10273 13061
10409 15044
10558 18248
11269 19444
12940 19439
13061 13157
13061 19377
13088 17955
13533 16099
14677 19446
15113 19116
15698 19358
16099 19450
16610 18627
17151 19429
17674 19221
17761 18674
17955 19151
17955 19442
17955 19451
18887 19437
19258 19449
19350 19443
19395 19431
19444 19445
