42 4216
42 4822
42 5362
42 16293
108 17923
118 13533
122 19454
138 7726
153 2767
153 13280
158 19477
172 17420
258 2313
434 2767
730 1256
730 1563
730 5720
730 8197
837 16236
837 19476
852 1177
852 1185
852 1636
852 3313
852 3707
852 5690
852 6947
852 9147
852 17718
897 9977
897 19474
904 11228
928 10966
1002 2313
1002 16758
1002 19462
1002 19476
1115 19477
1177 3707
1179 16218
1256 5690
1413 17468
1563 5720
1787 3910
1818 19394
2158 8363
2158 10061
2223 18648
2313 19462
2519 5119
2529 9579
2529 19475
2650 11228
2704 17741
2705 3155
2756 6947
2930 6362
3107 7749
3155 3313
3155 16096
3313 9579
3313 18797
3322 13280
3707 17718
3910 6779
4097 19318
4216 6779
4216 19473
5065 16236
5119 19475
5362 17856
5362 19476
5366 17468
5521 19116
5616 19462
5857 6947
6062 11779
6779 19473
6810 16236
6947 9579
7302 17420
7302 18466
7487 15698
8197 17956
8272 17468
10068 15464
10293 16043
10520 11228
10725 18466
10725 19287
10866 15324
11101 11299
11127 19478
11269 19449
11779 13280
13061 14539
14906 17718
15875 19449
17420 18466
17420 18617
17468 18466
17955 19427
18723 19350
19423 19478
