0 236
0 461
0 893
0 1636
2 461
2 1198
4 1561
18 2192
19 570
19 1446
19 1561
26 158
26 159
26 236
26 948
26 1170
26 1231
26 1521
26 2052
29 236
29 893
29 1691
29 2264
30 120
37 403
37 1198
42 2264
59 2256
76 88
76 95
76 423
76 1035
76 1283
76 1563
76 1917
76 2243
76 2264
76 2266
80 1051
80 1636
88 1256
88 1521
94 236
120 2158
121 403
121 893
121 1521
121 1787
121 1917
124 1561
133 236
140 1972
158 669
158 1198
158 1521
159 544
159 729
159 1147
195 613
195 1972
196 236
196 696
196 1561
196 1972
197 1051
205 1985
236 280
236 461
236 570
236 573
236 691
236 1057
236 1255
236 2192
295 1198
295 1786
298 2052
298 2243
370 1561
423 1803
446 2256
461 570
461 1118
461 1214
461 1256
461 2253
461 2259
539 801
539 1361
539 1563
539 2052
539 2253
539 2255
539 2260
539 2261
546 1197
546 1466
565 669
565 2260
577 1958
577 2030
610 2256
613 1474
613 1917
613 1972
621 1035
621 2106
621 2263
659 1243
669 1788
696 1636
729 1787
796 1958
809 1473
810 2192
839 1787
852 1053
852 1256
852 1283
852 2243
866 1561
883 1035
891 1051
948 1147
1002 1561
1031 1521
1031 1917
1051 1128
1051 1198
1051 2243
1053 1787
1057 1214
1057 1636
1060 1422
1197 1466
1198 1786
1198 1995
1214 1636
1214 1753
1231 2192
1231 2260
1245 1561
1247 2256
1256 1521
1256 1691
1256 2259
1283 1787
1361 1691
1393 1691
1393 2264
1474 1972
1521 1959
1523 1561
1561 1959
1561 2196
1753 2253
1787 1972
1787 2243
1899 2257
1917 2192
1942 2255
1958 2258
1958 2263
1958 2265
1965 2253
1972 2256
1985 2246
1985 2262
2052 2246
2052 2254
2052 2260
2052 2261
2114 2189
2250 2254
