43 15823
70 13533
76 370
76 16601
76 19547
108 18056
110 11066
110 17420
140 19568
158 5065
318 19564
345 5065
383 19560
391 1413
391 5362
412 19561
461 15505
546 18638
762 16601
773 1144
837 12065
837 19563
881 4092
881 19561
968 10966
1057 1232
1115 5065
1144 2149
1359 5065
1359 5720
1359 15823
1365 1807
1365 19562
1413 4585
1451 19569
1610 3910
1636 19562
1807 2111
1807 6596
1807 18417
1972 16601
2027 17635
2095 5119
2111 2650
2256 19552
2286 8961
2324 19566
2756 19568
2762 19562
2816 16601
3381 6448
3636 14906
3707 12065
3950 19551
4157 15706
4187 9905
4839 5065
4839 14755
4924 15299
4924 19545
5065 9152
5065 17955
5065 19563
5089 8093
5119 19026
5626 19552
5720 15823
5720 18638
6203 6596
6373 19559
6916 10235
7230 12065
7290 19518
7290 19558
7290 19561
8067 19046
8159 14903
9057 16271
9152 15299
9317 19518
9888 19565
10040 12672
10347 16212
10846 17635
10966 16601
11203 15505
11340 12065
12065 13061
13061 17498
13735 16601
14017 19560
14906 19552
15505 15823
15875 17420
16601 17420
16601 18056
18055 19567
18723 18831
19116 19559
19552 19560
