25 6984
26 968
26 11203
43 1281
43 1792
43 19591
43 19592
108 16206
138 17328
153 6435
196 1144
253 17835
391 1413
412 13061
442 1636
490 1413
490 4117
490 5366
546 16297
573 2027
573 13533
610 18641
621 19590
641 6596
641 14906
729 13735
729 15706
824 15196
1057 6435
1115 6917
1223 9425
1265 12459
1265 13061
1359 18641
1413 4585
1483 5633
1514 16206
1636 19586
1763 19411
1917 7399
1962 6203
2019 4216
2019 19587
2111 5681
2223 19303
2389 19593
2762 6435
2762 19547
2762 19594
2771 17420
3107 6448
3158 16156
3313 12419
3501 5616
3501 17995
3636 6203
3636 17995
3707 17641
3950 19551
4092 5720
4092 19576
4117 5366
4117 6203
4117 16297
4332 19292
4382 19589
4855 8363
5065 19590
5065 19594
5089 12419
5119 19580
5141 5144
5144 16610
5468 8363
5720 18638
5720 19589
6203 8124
6203 15240
6203 19583
6435 11340
6596 11203
6624 18005
6629 19595
6817 12419
7000 16297
7290 17789
7399 8712
8067 18729
8298 18007
8596 15240
8703 11344
9245 16904
9896 16563
10068 17641
11953 19590
11963 17015
13061 19586
14017 14621
14906 17015
14906 19586
15384 19585
15698 19589
15875 19581
15875 19593
16099 17587
16297 19582
16500 19588
17390 19584
17511 19329
19116 19583
19292 19447
