42 1413
43 2786
76 16349
88 15269
108 2786
158 9789
158 15539
158 18357
370 11228
577 5157
577 15384
610 15384
618 10198
712 15384
773 1612
852 5720
1057 16904
1824 13061
1917 8272
1917 13061
2197 13280
2324 8596
2450 6618
2450 13061
2529 13061
2786 10352
2786 17420
2966 4924
3041 19471
3313 5089
3509 13061
3613 18038
3707 5089
3856 4045
4031 19544
4216 13057
4419 8121
4924 19361
4924 19545
5065 19546
5119 19544
5157 6596
5366 6448
5681 6596
5690 5720
6429 15384
6448 6491
6619 9789
6624 16743
6917 18931
8121 10420
8197 11203
9789 18685
10068 15269
10235 17635
11228 15875
11418 18038
11953 12097
13061 16904
15252 19496
15453 17269
16281 18038
18038 19536
19116 19361
