42 5362
42 17950
76 19474
76 19604
76 19607
95 2762
138 9565
153 1365
158 19612
226 19474
383 1515
490 4117
490 19609
852 1256
852 2095
852 14002
881 19598
968 19614
1106 16001
1144 17835
1232 19607
1255 13384
1361 2762
1361 6435
1361 12844
1361 17160
1413 2019
1413 19489
1604 9168
1917 7399
1917 17069
1917 19603
2019 19489
2095 17388
2256 10995
2287 11565
2762 19560
2786 19474
2825 7760
3405 15557
3636 14002
4187 19615
4382 10911
4536 19558
4589 7399
4589 19608
5362 17950
5362 19489
5468 19474
5720 19606
5938 13533
6203 6435
6429 16099
6429 19607
6435 19610
6817 12419
6945 16218
7290 15557
7399 8712
8067 18729
8887 19303
9152 15299
9152 16298
9152 18007
11203 14906
11641 19609
12186 17890
12253 12844
12372 13942
13061 14943
14017 18162
14606 19606
14906 19586
14976 19610
15505 17160
15698 19615
15982 17587
16281 18038
16420 18399
17420 19614
17856 19303
17955 19612
18466 19613
18723 19611
