26 8567
42 76
42 2070
42 2333
42 10818
42 18723
76 7944
76 18723
76 19670
153 2762
158 9961
258 2534
330 2158
412 1333
444 1657
573 762
577 11343
618 15557
762 17958
837 17317
852 1185
852 1365
852 2583
852 5690
852 8093
852 13061
881 3177
898 5816
898 7944
898 18466
1002 15823
1002 17300
1002 17727
1002 19526
1115 1185
1126 8067
1185 2583
1185 5720
1185 8093
1185 9323
1333 3636
1365 2583
1365 5690
1413 15505
1636 15222
1657 11340
1657 19660
1709 19664
2019 19669
2095 2762
2095 13280
2286 19657
2286 19663
2313 5125
2453 6984
2583 13061
2583 14906
2674 15222
2762 6351
2762 9245
2762 14906
2767 19615
2887 13590
3023 16017
3166 8272
3226 8961
3405 19526
4092 15222
4216 19663
4384 19526
5119 6353
5119 19666
5141 18515
5362 5363
5362 15505
5362 17300
5362 19663
5363 17761
5366 15823
5521 15971
5521 17297
6203 6351
6203 19662
6351 14017
6373 19667
6373 19668
6500 6779
6500 9323
6624 19667
6692 19518
7000 16017
7647 13088
7647 17955
8298 19665
8666 14677
8993 9241
9257 9961
9309 12718
10186 15045
10347 17317
10409 10818
10409 15557
10409 18723
12125 12525
15045 16610
15505 17300
15698 19666
15975 16298
17955 19661
18466 19663
18723 19664