43 19672
117 618
117 5065
153 16033
158 9565
158 16917
158 19565
315 610
412 1333
412 19690
577 6429
610 773
618 15557
618 19688
621 16917
1002 10492
1002 17468
1185 5690
1359 13061
1359 14751
1359 19687
1369 15875
1831 19679
1917 6429
2019 19693
2095 13061
2128 17635
2234 5616
2292 6429
2324 19391
2333 19391
2437 19579
2583 4117
2583 11078
2762 5065
2762 9245
3013 16033
3177 17741
3313 15615
3636 15823
3692 19692
4011 11751
4011 16808
4216 15706
4536 19689
4839 5065
4839 19692
5065 10492
5065 11203
5065 15698
5065 17807
5065 19692
5272 13280
5272 17807
5362 11751
5471 13590
5616 11751
5672 19690
6373 6650
6373 11343
6373 13082
6429 7071
6429 15557
6448 16917
7071 10409
7290 15557
7779 19691
8119 11779
8298 15698
9245 10690
9425 16033
9888 19565
10040 17807
10040 18908
10789 16917
10789 18723
11340 16917
11340 19579
11779 19463
11863 16146
13061 15367
13061 19687
13280 14906
14906 19673
14930 18038
15557 19688
15875 19391
16917 17955
19634 19663
