0 184
2 771
12 42
12 43
19 48
19 121
19 1742
25 2272
26 158
26 2278
29 76
29 771
29 1742
30 48
30 771
30 1917
41 938
42 76
42 126
42 771
42 1171
43 1298
43 1742
43 1954
43 2234
48 729
48 771
70 2272
74 2272
75 539
76 370
76 539
76 613
76 729
76 1031
76 1036
76 1140
76 1197
76 1244
76 1256
76 1265
76 1958
76 2189
76 2234
76 2266
76 2277
88 121
88 1298
94 771
96 2271
97 539
121 771
121 1256
121 1985
121 2245
126 2270
133 1985
133 2272
141 1954
153 2234
158 669
158 771
158 2243
158 2274
170 1680
170 1958
184 610
184 1361
184 2277
191 2278
196 1972
196 2189
201 805
206 1298
236 1742
238 347
238 1036
238 2265
289 771
302 2272
315 610
367 2277
370 1179
370 2279
374 539
374 2243
447 1774
455 1658
455 2264
461 729
461 1255
461 1268
461 1691
461 2234
461 2273
461 2277
461 2279
507 589
532 2247
539 729
539 771
539 1051
539 1256
539 1521
539 1954
548 2276
565 2279
577 2030
577 2274
610 1985
610 2277
613 2191
618 771
647 2270
670 839
691 873
696 1265
712 1833
712 2278
729 771
729 1958
729 2271
729 2280
771 836
771 891
771 1256
771 2271
801 1954
810 1298
839 1985
873 1985
873 2234
885 2245
1002 1561
1006 2019
1035 1742
1057 1636
1058 1197
1140 1521
1141 2266
1186 2272
1197 1521
1197 2128
1214 2264
1214 2268
1245 2267
1256 1959
1256 2245
1256 2267
1265 2279
1333 1787
1333 2264
1361 2277
1453 1742
1458 2272
1521 1985
1521 2128
1521 2189
1521 2267
1563 1917
1646 2270
1742 2224
1763 2171
1793 2158
1972 2256
1972 2268
1972 2275
2024 2269
2086 2262
2122 2270
2124 2243
2254 2273
2263 2274
