42 11779
123 8974
158 455
158 6109
158 12882
158 16808
158 19659
158 19682
196 4059
196 4918
196 13082
315 610
315 6650
315 12882
315 19686
442 5119
442 5616
610 19686
618 15557
621 19686
741 14767
762 19685
773 19686
898 11078
904 12882
1002 15823
1106 12882
1185 2583
1185 5690
1413 9565
1787 8974
1917 6429
1917 17741
1972 6619
1972 11228
2027 15113
2234 5616
2234 11808
2256 18666
2256 19673
2265 12882
2583 5065
2930 15790
3545 18994
3545 19685
3636 15823
4011 16033
4011 16808
4117 8712
4918 11779
5065 11808
5065 12844
5065 19685
5065 19686
5119 12882
5362 19681
5550 19684
5690 5857
5692 19682
5831 19682
6373 6650
6373 18666
6429 15557
6429 17741
6779 11808
7186 13485
7901 15519
8484 14906
8712 9565
8712 19434
9168 15947
9245 10690
9309 12718
9425 18452
9565 13082
10273 12882
10366 19686
10690 19673
11078 19508
11758 18466
11779 19605
12882 13061
14906 19673
15113 15875
16090 19685
17345 19684
17955 19508
17955 19682
18466 19683
19116 19659
19422 19683
19430 19666
