1 19697
43 1792
43 3882
43 13280
43 14677
43 19699
88 5243
88 10366
103 14677
117 5065
138 10061
158 5243
158 16541
190 13590
240 19377
412 5616
412 19705
434 5720
449 2324
449 18466
528 19488
577 15384
803 13061
803 19698
852 16907
898 4382
1006 2019
1312 12599
1359 11316
1369 13451
1483 5616
1636 2825
1636 11316
1709 19026
1792 3900
1825 7071
1868 6629
1917 2650
1917 10409
2019 4216
2019 8272
2019 17761
2019 19669
2019 19693
2223 19702
2234 5616
2434 2582
2434 7213
2437 19579
2650 3900
2669 15120
2762 19696
2767 16033
3177 17741
3484 19595
3636 15823
3692 19692
3727 14677
3882 11078
4011 6189
4092 19026
4280 8298
4370 8632
4507 19704
4536 7290
4536 13514
4771 6189
4924 19703
5065 5272
5065 10409
5065 19026
5065 19701
5119 19544
5119 19705
5362 6189
5616 11751
5616 12844
5616 19701
5720 18820
5720 19699
5720 19701
6189 10409
6203 11844
6373 19268
6429 13514
6640 19700
7000 11315
7000 11316
7107 10592
7107 19495
7290 13514
7516 11316
9444 19698
10366 19377
10492 17300
10520 18560
10952 11078
11078 11343
11078 12882
11340 19579
11343 19696
11751 19707
12530 17066
12530 17955
15875 19595
16033 16798
16349 19692
18466 19695
18820 19699
19116 19694
19116 19706
19565 19619
