3 31
26 1106
26 8567
29 13533
42 1002
42 1359
42 5362
42 6203
42 6779
43 4242
43 5681
43 15729
196 15975
370 531
506 14767
531 19619
577 19640
618 15557
897 948
1002 1359
1106 1126
1361 12341
1365 15729
1379 2348
1379 19635
1379 19636
1636 11078
1636 19583
1763 17955
1763 18946
1896 5065
1971 19634
2095 19638
2313 6203
2399 15729
2786 19634
2885 3910
2885 15618
3405 15542
3487 15557
3636 19630
3636 19637
3636 19640
3693 19628
4011 4138
4011 4149
4011 10911
4080 6448
4092 13212
4117 6203
4138 5007
4138 6203
4138 8712
4138 9789
4138 10347
4138 17955
4138 19116
4193 15505
4242 8364
4242 11762
4397 19379
5065 5119
5119 13838
5468 19540
5816 19637
6203 9789
6203 19637
6429 15557
6448 8567
6448 9789
6500 6779
6500 15235
6596 19640
6779 19600
6785 16306
6855 16218
7290 19640
7391 15557
7541 11762
8067 9586
8067 16927
8093 10366
8298 19631
8981 13212
9152 19631
9352 19639
9425 16298
10366 19632
10789 19637
11078 11565
11078 18466
11078 19633
11340 12530
11340 19630
12525 19597
12675 19425
13061 19628
14906 19637
15618 19637
15706 19629
15941 18154
17420 19634
18466 19283
18466 19540
