0 18263
42 19704
43 2650
43 19461
43 19713
88 6498
110 19712
158 8567
158 16541
158 17316
370 19461
372 618
412 19705
442 19704
467 8567
510 1539
577 15384
621 5938
621 19714
823 2406
1256 4680
1256 9956
1333 1393
1365 19704
1413 11751
1636 2825
1636 5616
1709 9698
1763 4924
1763 19461
2019 4216
2019 17761
2234 5616
2324 15557
2324 17761
2324 18466
2324 18723
2333 19708
2406 17635
2493 8954
2650 13967
2762 13280
2767 16033
2771 19656
3065 8433
3313 4680
3313 9956
3388 9789
3707 6435
3882 4216
4216 15557
4382 19705
4507 9245
4507 19704
4536 19714
4680 9956
4783 8567
4924 19461
4924 19706
5065 11808
5119 12945
5119 18855
5272 5616
5366 11751
5468 6498
5560 17160
5616 12125
5720 17718
5720 19701
6203 11844
6373 6435
6373 14871
6373 15113
6429 8567
6429 15557
6429 19434
6506 17718
6629 19708
6640 19700
6648 18231
6867 19695
7000 9698
7107 10592
7290 13514
7290 17718
7290 19395
7647 19706
7944 19708
8119 11779
8961 15472
9245 18105
9245 19704
9444 19705
9789 18110
10520 18560
11078 12882
11565 19395
11751 19707
11779 19714
12530 17066
14677 17718
15252 19704
15670 19710
15698 18855
15839 19463
16349 17807
18105 19704
18110 18383
18383 19702
18745 19711
18820 19709
