7 839
17 16306
28 4783
42 4964
42 16306
42 17072
42 19842
43 1255
95 1106
95 1144
122 18122
153 4839
158 15837
158 17558
253 10198
383 19785
412 1606
412 2095
412 19835
531 1996
531 5471
531 12603
546 3405
546 3910
546 15107
573 8224
577 1232
577 2284
621 2284
621 15113
729 4382
837 1606
837 11565
839 8224
852 9309
852 14002
852 19876
1106 15107
1255 3030
1255 3910
1255 4783
1255 16349
1255 19856
1365 3835
1392 19736
1413 7480
1413 17558
1636 5816
1636 19849
1709 3158
1763 19864
1804 8224
1831 15699
1917 19859
1972 14948
2027 8224
2095 6506
2095 19876
2107 15898
2223 3835
2284 2762
2284 5938
2284 12125
2582 19753
2762 9245
3158 4964
3158 17495
3166 17495
3405 13461
3405 17495
3624 5270
3624 5468
3657 19880
3910 12358
3910 19817
3963 19856
3984 15837
4092 15699
4106 19157
4117 19875
4187 9245
4187 15941
4382 9245
4839 19796
4839 19874
4964 6453
5065 18855
5065 19873
5089 9309
5230 18097
5272 19229
5468 15113
5816 12114
5849 17495
5849 17545
6087 9168
6429 19879
6506 17135
6648 9425
6648 11340
6648 19116
6867 19696
7480 8411
9245 15729
10018 19849
10040 11565
10704 19830
10705 19736
10730 12523
10911 15044
11863 17322
12643 17862
13061 19874
13061 19875
14002 19876
14017 19877
15113 19819
15453 19872
15699 16770
16420 19655
17072 19875
18883 19878
19881 19882
19883 19884
