42 5720
42 6108
42 9421
43 4234
43 13061
158 1972
196 19838
304 4234
345 19839
461 2095
510 15982
531 6203
577 1232
621 19849
729 8915
774 4092
803 1359
839 2598
881 19774
904 9985
904 10168
904 13688
1206 1256
1255 2131
1255 6453
1255 7399
1255 15982
1255 16306
1255 19306
1255 19339
1255 19355
1256 19830
1333 8071
1365 19849
1369 11533
1392 13688
1413 1972
1510 18770
1551 15113
1576 19753
1636 2405
1763 13061
1819 16236
1959 6351
1972 4188
1972 19832
2086 19841
2095 5938
2095 13061
2111 5550
2534 13061
2583 5938
2583 8433
2762 8460
2762 14906
2767 5938
2767 15113
3177 13735
3239 8071
3313 9985
3484 5065
3545 19838
3648 19801
3673 19841
3910 5706
3910 15557
3984 19695
4234 13061
4746 18466
4746 19695
4746 19848
4866 8071
4866 19850
5065 6779
5065 17329
5065 19835
5550 15045
5550 16099
5616 5649
5621 19837
5720 19842
5929 14621
5938 12459
5938 13061
6203 19695
6203 19835
6373 19838
6373 19840
6448 12685
6779 7164
6779 19835
7822 9742
7851 19841
8197 16099
9152 15113
9245 16099
9421 13688
9888 19847
11203 19849
11340 19116
11340 19811
12459 13061
13061 14621
15240 16103
16753 19846
17308 19733
17955 19695
19115 19836
19116 19811
19116 19843
19116 19844
19844 19845
