0 42
28 729
28 16399
42 19157
76 1972
76 5267
97 1972
110 15675
138 18746
158 15299
226 1972
315 12882
412 5065
412 19983
510 3624
531 2902
531 19984
546 5144
573 12685
573 19213
577 1972
610 18727
621 1972
621 19977
839 19972
852 1185
1057 2902
1115 16242
1359 4187
1359 9501
1361 17321
1369 11533
1612 1972
1636 19976
1687 19157
1917 19982
1972 2027
1972 7392
1972 9152
1972 16554
1972 17587
1972 19977
1973 19911
2086 4059
2086 13280
2095 19978
2199 5325
2333 7306
2390 19975
2437 19157
2617 19976
2762 2767
2762 3636
2767 3636
2767 19874
2902 8067
3239 5053
3313 3707
3313 5690
3707 14073
3727 19987
3984 19971
3984 19980
4059 5938
4059 13280
4092 19967
4138 4839
4216 11642
4280 19874
4305 19874
4382 6203
4382 15299
4382 18038
4382 18727
4839 8604
4839 15299
4839 18023
4866 5471
5065 5616
5065 8604
5065 18038
5119 15542
5215 13533
5270 7398
5309 9888
5471 8494
5501 18580
5690 10068
5692 7991
5938 12182
6373 16664
8067 19607
8119 11580
8752 12643
8882 17374
9152 10869
9241 19901
9241 19980
10068 16592
10166 19157
10166 19911
10869 16592
10869 19607
12358 19979
13061 15299
14714 14737
14906 19983
15299 16907
15299 19116
15453 19960
17123 19981
17796 19982
17955 19986
19025 19971
19960 19974
19965 19985
