42 546
43 19940
70 18627
76 18627
84 857
84 4746
108 18627
138 7364
138 10293
153 2767
153 18383
158 5265
158 19937
172 1971
226 17135
236 4765
258 1687
258 6189
258 19912
412 10166
432 4585
434 1365
434 14017
434 19933
442 15252
546 857
546 1106
546 19940
577 6199
621 19645
621 19931
686 1206
686 1604
686 15299
774 4866
774 6203
839 15299
852 2627
852 6800
852 16006
852 18610
852 19116
917 16984
917 19607
1115 11061
1115 14846
1144 18785
1177 4188
1206 16639
1252 19930
1256 2223
1365 3226
1365 8347
1365 19929
1365 19934
1392 7991
1392 19116
1413 17650
1763 13735
1787 13735
1804 17635
1819 16236
1917 15044
2223 2627
2223 3313
2223 19116
2256 12932
2272 5550
2650 15184
2762 5272
2762 6779
2762 18729
2767 19935
3313 19116
3515 19920
3624 5270
3636 18122
3648 11228
4110 19941
4135 4523
4171 17650
4382 16354
4523 9836
4523 11228
4771 19924
4783 15184
4855 6199
4924 18785
5065 10409
5065 19923
5089 16261
5089 19932
5119 5471
5270 10293
5270 17587
5305 15184
5362 19940
5468 10293
5857 19116
6203 19921
6800 18610
6917 19937
7991 9425
8752 12643
9241 19936
9565 11255
9888 19935
10166 19911
10293 11037
11228 19801
12770 16907
13061 19937
14002 19116
14417 19939
14771 19928
15113 16099
15299 19911
16006 16261
16984 18729
16984 19645
17300 19681
18383 19935
19076 19116
19934 19938
