0 19874
26 14709
28 18490
48 7398
61 18723
76 3158
80 4866
110 823
110 3158
138 18490
158 12298
158 19989
162 3676
162 13280
184 14640
201 3624
290 8298
290 16984
338 14709
356 19998
377 13280
412 19996
510 3624
531 19979
531 19989
531 19990
531 20000
568 17021
572 19989
573 4116
573 12685
608 3177
613 712
621 712
686 1944
686 19991
712 897
712 1232
712 5550
712 11340
712 19116
729 1996
729 2204
762 823
823 19995
1002 2324
1002 9245
1002 15324
1002 19993
1006 19989
1144 13280
1144 19914
1200 3667
1278 19116
1359 13280
1636 13280
1636 19251
1636 19991
1644 13240
1763 9015
1917 14709
1917 16102
1917 19991
1996 19914
2086 4059
2095 4746
2204 3676
2204 16610
2223 13280
2324 19993
2437 2756
2437 5065
2617 19760
2762 3636
2762 15324
2771 19972
3158 17420
3158 17545
3405 19988
3405 20001
3501 5119
4059 13280
4092 19996
4138 14596
4216 11642
4216 13314
4231 8067
4234 19992
4536 15557
4839 15324
4858 5690
4866 5471
5012 11023
5065 11340
5065 15324
5089 9309
5119 13280
5119 18490
5616 14879
5652 17021
5692 19874
6124 15299
6203 13280
6203 18490
6429 15557
6433 19093
6779 13280
6947 8409
6947 18490
7000 13280
7000 15557
7000 19874
8067 15557
8067 19983
8093 19988
10869 17853
10911 15044
11853 15557
11933 19962
11943 14879
13017 17041
13061 19983
13061 19989
13280 16592
13280 18490
13838 19997
14017 18490
14017 19996
14737 17671
14879 15505
14906 19874
14906 19983
14906 19999
15729 19989
15875 19994
16984 19988
17955 19986
18831 19445
19116 19874
19318 19940
19989 19990
