3 1268
3 2062
7 94
12 2272
19 29
19 73
19 511
19 1521
19 1786
26 29
26 42
29 100
29 196
29 370
29 729
29 2284
29 2307
30 196
30 897
30 1036
30 1422
30 2308
42 1197
43 1197
43 1268
43 1661
46 1170
48 290
59 2243
76 461
76 621
76 891
76 2274
76 2303
76 2304
76 2307
80 1361
83 1818
83 2297
88 948
94 295
94 904
94 1674
98 2284
100 1268
100 1742
103 851
134 2297
153 295
153 1422
153 2274
153 2310
158 2310
184 435
191 2284
201 539
226 2062
227 2297
249 852
249 1256
259 682
280 2294
290 621
290 2297
295 904
295 948
295 2278
295 2284
302 1980
315 577
315 610
315 736
349 511
354 2284
370 948
370 1197
370 2284
374 2294
406 1058
414 2303
435 2064
451 2062
451 2176
455 1141
461 891
461 1170
461 1197
461 1359
461 1379
461 2234
461 2274
461 2304
461 2308
506 1002
511 539
511 546
511 1255
511 1258
511 1381
511 2272
511 2305
539 682
539 852
539 1661
539 2304
608 2308
621 948
621 2308
656 1793
656 1917
682 851
682 1002
682 1141
691 2267
773 2277
801 1563
812 2304
851 1058
851 1197
851 1361
851 1812
851 2157
851 2266
851 2284
852 1256
852 1962
883 897
891 1197
891 1980
891 2304
897 2188
897 2297
904 1786
904 2284
922 2294
948 1002
948 1170
948 1917
993 1422
1058 1954
1141 1787
1141 2304
1197 1379
1197 1390
1197 1517
1197 2306
1205 2304
1206 2272
1276 1292
1300 2272
1312 2243
1319 2309
1359 2304
1378 1390
1378 2279
1392 2246
1422 1793
1422 2304
1521 2297
1551 1818
1636 1656
1661 1917
1724 2284
1763 2308
1787 2304
1793 2307
1818 2272
1883 2307
1958 2265
1980 2304
1985 2303
1985 2309
2052 2246
2155 2264
2250 2254
2265 2284
