7 904
28 7097
28 15113
29 12885
43 19681
48 10293
70 904
76 852
76 3158
76 7097
76 16099
110 1971
110 3158
110 8124
110 16984
138 7097
138 13280
153 1359
153 4924
153 18770
158 13280
158 16420
196 5247
201 5100
290 318
290 773
412 19095
453 823
455 10869
455 19681
510 5100
531 20002
621 5550
621 13851
686 6203
712 19817
736 1687
736 20007
736 20008
852 4382
852 7097
852 19095
904 19681
1002 6435
1002 16777
1106 1365
1115 16242
1148 5305
1200 1972
1200 5100
1200 7097
1200 15113
1200 19817
1256 2095
1256 14073
1365 1636
1365 9168
1365 13280
1365 19940
1413 19991
1636 4839
1636 7000
1636 13280
1636 16592
1763 15044
1819 19095
1917 5144
1972 7097
1996 4536
2204 18831
2223 15324
2256 20008
2313 4839
2437 16777
2839 13280
3239 5053
3636 4839
3636 20004
4187 19817
4234 19992
4536 20005
4924 19817
5049 7097
5089 9309
5100 5270
5100 17587
5272 5471
5305 5362
5305 15079
5550 16099
5560 13280
5616 20006
5690 10068
6203 16420
6435 18770
6779 13280
6918 18056
7000 13280
7000 20009
8093 14073
8119 11580
8272 18687
9152 10869
9168 13280
10068 16592
10869 19878
13061 19996
13280 19336
13280 20003
14017 19996
14753 20004
15839 18479
16206 19556
16592 20003
18736 19996
18831 19445
19505 19641
19520 20007
