2 20054
42 15113
76 118
88 621
88 712
97 18627
103 20054
138 19985
153 1763
196 4159
196 8836
279 334
383 19874
407 4280
467 6596
467 20045
510 3624
549 20051
573 20049
610 14903
621 4159
621 12182
729 16463
852 5720
852 19888
852 20058
964 3624
1106 4187
1206 20059
1359 19940
1365 3975
1563 2762
1636 14930
1636 20052
1763 1822
1763 3313
1763 13061
1763 20061
1825 3636
1825 15557
1917 20064
1990 4935
1990 5270
2019 20062
2156 20052
2333 20051
2762 20063
2767 16395
2957 4280
3313 19995
3401 20057
3624 5468
4092 20056
4117 5119
4126 5119
4126 19550
4140 18190
4159 6373
4159 9152
4187 20050
4187 20063
4456 8836
4839 11751
5065 16395
5065 20056
5119 11912
5119 20048
5362 20052
5720 11751
5720 13061
5720 18190
6203 16395
6203 20055
6203 20060
6373 8836
6429 7071
6429 15557
6596 20064
6800 19995
6917 20061
7000 7071
7290 15557
7749 9425
8067 11436
8567 17955
8688 18627
9064 10409
10040 20050
10409 20062
10846 17239
11203 11751
11751 14930
12125 20060
12358 20052
13061 19940
13061 20055
13990 15839
14017 20044
14017 20055
14677 20054
14903 19317
14906 16395
14906 17955
16395 17955
16463 18466
16984 20050
17244 19950
17853 19874
19116 20052
19742 20050
19888 20058
20050 20053
