43 10040
48 108
110 1563
110 2111
122 19976
138 20032
383 1012
383 19996
434 18190
510 3166
610 20024
736 20037
837 12527
881 9704
1002 17015
1106 1413
1106 16592
1115 2583
1369 20030
1787 11751
1819 2583
1917 11269
1971 11751
2095 20033
2111 15664
2188 20032
2223 18190
2437 11568
2650 6945
2762 8067
3166 11078
3166 11228
3166 20036
3313 8409
3984 18081
3984 20031
4092 7022
4092 19095
4187 12527
4589 8067
5305 5362
5345 17587
5362 17015
5616 16907
5616 17015
5690 6800
6203 11751
6429 15557
6779 10040
6779 18795
7516 16017
8067 12527
9241 9586
9241 12527
9323 13686
10040 11340
10040 17955
10040 18795
10040 20035
10766 13851
10766 15113
10869 15474
11340 20034
11418 12527
14906 19983
15113 16984
15382 15505
15505 19681
16099 17015
17853 19874
19116 20035
