76 108
76 1972
141 16399
153 383
158 9985
196 6373
196 11053
349 20099
412 11340
608 5690
618 6503
682 1256
837 5119
837 11340
839 5966
839 10846
1002 13298
1057 2762
1115 20103
1200 16639
1359 11340
1657 1854
1657 6503
1831 20035
1854 11053
1972 9122
1972 10966
1972 16399
1996 11340
2095 6435
2324 2762
2324 18831
2437 15720
2650 17587
2669 20058
2762 5119
2786 16399
3158 5373
3541 12090
3541 18547
3764 5119
3764 13355
3806 4135
4135 6503
4135 8068
4135 9323
4234 20101
5065 11053
5119 8887
5119 11340
5720 15505
5720 20058
5966 10846
6373 11053
6373 19838
6429 6503
6429 6619
6503 11053
6619 15039
7290 19677
8068 8097
8068 16984
9444 16196
9865 20102
9985 16349
10293 16027
10846 15039
11340 13280
11340 16349
11340 16907
11340 19294
11340 20105
11340 20106
12090 18723
13288 20100
15525 16984
16399 16639
19116 20103
19116 20104
