42 1763
42 6708
43 1390
43 14621
43 19474
70 13533
76 16601
76 19474
93 1636
93 11912
93 14017
93 16706
93 20192
95 20178
97 20197
138 1223
138 7433
138 20201
158 20198
184 14017
184 19560
267 1390
304 20152
383 15593
467 10018
528 19966
570 10293
573 1223
610 11779
621 7433
729 7433
762 2062
762 2786
762 16601
803 11778
837 20188
852 1223
852 6800
852 14326
904 9152
904 14044
904 19560
1002 2286
1002 15557
1002 20197
1144 20191
1214 3158
1214 3484
1214 6708
1214 18723
1223 7433
1223 9444
1390 3636
1390 5720
1390 14906
1390 17761
1514 6797
1604 10911
1636 20193
1640 7245
1763 12319
1877 1917
1917 2149
1917 16463
2027 16463
2062 11779
2095 3910
2095 20201
2286 20197
2650 14621
2650 14677
2650 18961
2676 8068
2739 11644
2762 14621
2762 14975
2786 8055
2786 9888
3107 10846
3107 11779
3107 20174
3107 20188
3516 20172
3579 13290
3636 14906
3727 17718
3900 16463
4746 19741
4855 5270
4917 5362
4917 17853
4924 20191
5065 13735
5228 11779
5228 20194
5616 8596
5966 9649
6203 10492
6203 20190
6373 20202
7433 9444
8151 20195
8688 16601
9425 16145
9444 20199
9649 12463
10789 20198
10846 16463
11644 15557
11779 14017
14044 15184
15113 16099
15839 20196
15947 20167
16500 19588
16984 20200
17968 18198
19058 20178
19116 20199
19614 20125
