29 1058
29 4390
36 76
36 9818
42 509
42 16099
42 16801
42 18723
43 12888
43 14017
76 904
76 1058
76 2650
76 3727
110 20154
153 3984
204 6503
218 5362
218 20151
509 2027
509 16984
546 16801
621 15113
729 18466
736 12888
736 20144
839 6708
839 20144
839 20149
852 1058
852 1361
852 5720
852 14002
852 14017
852 18190
852 20155
948 6708
1002 20151
1057 2767
1057 4707
1057 5616
1058 4390
1058 8151
1058 14771
1058 20153
1185 6947
1264 1755
1365 2762
1393 4707
1636 5362
1636 11751
1687 15947
1709 2158
1755 3405
1763 6373
1763 15239
1763 16743
1763 20148
1917 20144
1971 20154
2086 3614
2107 18466
2199 4216
2234 13124
2406 5119
2406 19974
2437 11644
2676 8068
2767 3984
2767 4707
2786 20137
2845 3910
3158 17545
3158 20137
3636 20151
3984 5065
4135 18466
4138 14596
4216 10409
4536 19886
4707 13312
4924 15239
5052 13312
5065 9649
5065 17955
5065 20147
5362 6332
5362 20151
5616 17761
5720 12523
5720 14017
6203 20050
6332 15252
6373 16743
6373 20144
6448 12319
6945 15549
8197 20137
8608 17059
9444 20156
9649 10409
9649 14417
9649 16639
10409 20144
11340 20147
11644 18831
12358 20147
12358 20152
13061 20153
14017 16349
14303 20150
14417 19968
14677 20138
14906 20148
15875 16801
15875 20154
16525 20153
16743 18466
17059 19290
17751 20148
17955 20147
18681 18887
19116 20157
19614 20125
19968 20149
