7 8666
28 20124
42 8151
43 8151
43 20129
73 5270
74 226
76 18887
95 20133
110 18831
110 19595
110 19668
110 20131
138 15549
138 15683
158 1931
158 20124
304 19796
304 19878
338 8151
467 20129
505 10409
505 19157
549 18831
573 2111
577 2111
621 2111
621 15113
729 2762
837 20126
852 2095
1200 18887
1256 2095
1370 2669
1604 6779
1636 19849
1763 12319
1763 15683
1763 19863
1831 4056
1877 5065
1877 20137
1917 20134
2095 3910
2095 4048
2095 6435
2199 15113
2199 17856
2204 8151
2223 19109
2284 2821
2324 10409
2669 20131
2762 8151
2762 10068
2762 12523
2762 20117
2821 15299
2821 18794
3545 19109
4048 20136
4092 20132
4135 15113
4234 20130
4536 15525
4536 20129
4771 15113
4839 15282
4839 16033
5009 8151
5065 20107
5065 20117
5362 15079
5720 20133
5938 15113
6429 10409
6596 8151
6596 19849
6596 19886
6596 20129
6596 20134
6781 7851
6781 18466
6947 11679
8093 19720
8151 15453
8151 15875
8151 17545
8298 20138
8981 18887
9152 15113
9152 16986
9152 18887
9425 16986
11269 15113
12070 19849
12358 19849
12358 20132
12358 20133
12656 17635
13061 20035
15549 20133
16322 18887
17008 20136
18012 19498
18466 20137
18723 18831
18723 20131
18866 20135
18887 19681
18887 19911
19109 19911
19796 19878
20050 20126
20127 20128
