7 904
12 2330
29 623
29 1763
29 2128
29 2307
30 1036
30 1742
31 140
42 2285
42 2308
42 2330
43 135
43 2158
43 2232
43 2329
46 280
48 370
48 1268
48 2324
59 158
59 552
59 2243
68 851
76 2243
80 1830
80 1835
83 1917
83 2326
87 1041
87 1992
89 1742
96 1742
97 2324
149 1268
153 2283
158 2232
158 2329
196 1145
196 2323
197 2329
206 623
206 2323
221 1540
236 1290
267 403
275 881
275 1786
275 1917
280 682
280 1381
289 2329
410 613
447 1385
455 1985
461 1179
461 2313
486 1145
506 2328
539 623
539 1268
539 1413
546 2284
568 1660
570 1742
613 2264
623 771
623 948
659 1140
682 691
729 1992
821 851
821 2308
851 2334
852 2283
881 1917
891 2232
891 2328
948 1985
948 1992
1041 1985
1041 1992
1214 2243
1214 2252
1268 2317
1268 2324
1342 2333
1359 1793
1359 1835
1359 1985
1359 2303
1359 2327
1413 1561
1413 1908
1413 2327
1536 2329
1642 2307
1716 2332
1753 2324
1763 1992
1763 2331
1786 1917
1793 2307
1793 2327
1861 2325
1877 2265
1917 2326
1958 2265
1980 2327
1985 1992
1985 2321
1992 2124
2052 2327
2062 2283
2128 2283
2245 2325
