42 110
76 6435
138 3195
138 18555
153 2885
158 20250
172 7855
180 20249
410 5545
410 5938
455 3501
546 4783
610 6650
618 1622
682 852
682 1256
682 2529
803 15798
837 7000
839 1917
839 2650
839 16463
852 4140
852 16099
852 18555
1002 12672
1002 15557
1036 20246
1058 20243
1144 3177
1214 15557
1247 18466
1359 20250
1365 2529
1680 20244
1875 20248
1896 5373
1904 9888
1990 20243
2223 11418
2406 3405
2406 18466
2523 18293
2762 3636
2762 17853
2767 6435
2767 17955
3177 5119
3195 12358
3195 12882
3636 17853
3639 5616
3984 8067
3984 18770
4117 18555
4187 20245
4523 18358
4783 6779
5065 7855
5272 6435
5362 20245
5479 13061
5479 20138
5692 20237
6005 10347
6005 17955
6189 8197
6373 20237
6779 20239
7801 9245
8197 15113
9152 20246
9245 15505
9466 11751
9466 15557
11751 15557
11762 20080
12245 18961
12672 15240
12770 18190
12793 18466
14906 15918
14906 20250
15557 17761
16188 16984
16188 20134
16984 20250
17837 18190
18190 20247
19533 19945
20050 20148
20250 20251
