42 573
42 6779
43 20278
43 20279
76 4232
76 12252
109 1255
151 8969
154 2313
158 9427
191 610
218 8067
383 2762
412 1106
412 2762
729 1197
762 2158
852 1256
1041 9422
1106 8067
1214 1755
1255 2650
1361 8067
1680 3950
2111 2406
2111 7120
2158 3158
2158 8688
2256 15113
2389 8613
2930 11343
3158 16127
3313 6800
3764 15337
3910 13061
4232 6429
4536 20277
5009 8969
5012 8969
5065 10382
5125 17761
5127 5471
5530 17112
5550 20285
5616 10988
5616 11751
5822 20283
6005 10347
6203 17772
6640 19700
6746 18855
6779 7097
6779 11751
6800 10203
6867 9958
8067 11751
9619 20070
9888 11762
10018 20281
10347 17112
11943 20281
12252 18928
13735 20282
14642 16907
15525 19886
16127 18723
16984 20280
17389 17685
17958 20278
17968 18198
19322 20276
20278 20284
