14 15130
28 17618
29 5471
42 434
42 11860
70 839
70 8151
76 17618
76 20315
84 5468
280 3984
284 16617
315 4232
383 8484
412 11184
434 11860
455 17866
467 20318
504 2316
610 16364
621 839
621 2762
621 5415
621 20319
773 20021
857 8197
1034 8272
1106 1996
1106 8067
1106 9245
1106 14906
1539 5348
1600 11860
1636 4589
1636 20281
1745 2767
1879 19434
1985 16364
2095 18190
2158 12672
2197 12672
2223 8093
2223 9789
2256 16364
2256 20313
2316 11912
2406 16560
2529 20317
2582 18173
2704 15720
2762 9168
2762 13280
2762 15299
2762 15720
2767 10347
2767 17866
2845 3910
3158 17468
3158 18723
3160 11860
3405 17468
3545 16364
3636 13061
3707 18190
3893 19692
4059 16364
4092 4397
4397 10018
4964 20311
5012 7961
5366 20310
5720 13061
6203 8974
6203 9789
6203 17866
6373 16364
7391 15750
7391 20302
8093 17853
8119 20143
8281 19625
9152 12672
9245 10178
9257 13892
9466 17468
9466 19189
9586 12672
9586 14948
9789 10347
10409 18920
10409 19434
10766 19618
11514 20227
11779 20316
14417 18731
15875 16270
15875 17468
16364 20314
16592 16984
17866 19116
19114 19618
19116 20317
