42 20228
76 7852
110 6453
110 12005
140 153
140 15372
154 2313
184 2762
204 18470
218 5616
318 20264
383 1361
383 8067
383 11103
412 2762
412 8969
412 19076
442 3692
528 20270
546 857
546 9809
546 19550
573 9809
610 852
610 6650
610 11340
610 20268
679 5119
679 17432
823 4771
823 20266
839 857
839 1917
839 2650
839 7947
852 2762
852 14017
852 20155
968 18687
1002 4589
1002 5065
1041 9422
1058 1790
1170 1687
1268 6435
1413 5616
1413 6448
1514 2406
1636 3195
1825 1896
1917 6708
2027 16099
2095 6435
2238 16526
2256 15113
2286 17772
2406 7120
2406 18466
2529 16984
2786 18687
3381 11779
3608 20239
3692 20252
3947 20275
4382 20267
4565 20267
4589 5065
4771 20275
4783 20138
5012 8969
5119 11228
5362 5616
5362 17772
5616 6203
5616 9422
5616 17772
5637 12698
5637 20273
5966 9958
6108 20039
6373 15113
6596 6708
6640 19700
6746 18855
6779 7097
7230 20274
7749 20217
7852 16610
7960 9649
8151 16188
9122 16099
9241 16500
9299 11778
9619 20070
9775 14017
11340 13825
13735 20228
15113 16984
16261 19739
16984 20276
17860 20272
19116 20267
19116 20271
19116 20276
19301 20269
20228 20270
