7 19380
28 7822
29 2762
43 15315
83 2762
88 2062
110 6435
138 1106
138 4589
138 20284
153 2762
158 1972
158 19449
196 6373
196 18844
196 19508
196 20378
218 2762
240 20351
383 11103
412 14017
455 8364
455 17772
546 1917
546 19439
618 7208
852 3313
852 3707
852 5089
1002 20390
1106 18607
1361 8087
1361 14492
1369 18470
1392 20388
1393 19547
1413 20384
1917 19439
1972 2762
2156 2762
2158 13288
2200 2284
2617 14492
2617 20360
2762 4839
2762 8197
2762 10280
2762 10409
2762 17761
2762 20284
2767 19449
2767 20378
3313 3707
3624 20382
3692 19380
3707 5089
3707 6947
3887 18607
3984 20389
4092 13061
4092 20385
4135 19449
4839 19380
4839 20383
4924 20381
4964 15875
5616 10988
5720 17772
5720 20388
6351 14492
6373 18844
6373 19434
6373 20376
6596 20392
6917 15113
6945 20363
7208 20375
7822 8197
8067 17772
8087 18271
8298 19380
8363 16554
9444 19449
9466 16034
10027 10420
10420 13856
10571 20379
11101 17635
11228 15113
11565 20387
12643 15875
13864 20378
15593 18855
15875 19439
16034 17761
16218 20376
16236 16242
16236 17499
16984 19046
16984 19449
17499 18484
19046 19520
19116 20389
19449 20169
20234 20391
20384 20386
