28 3910
28 8093
28 18607
43 11344
70 621
70 20008
76 6945
76 8272
76 20264
76 20369
110 15875
258 2287
412 455
412 837
412 1365
412 1636
412 2240
412 4117
412 18770
412 20371
442 2767
442 12525
455 2767
455 4585
455 9472
455 15309
455 15345
455 18980
455 19116
455 20224
455 20368
613 20089
621 7208
621 20008
762 8272
852 16261
897 15753
898 4589
1002 4589
1002 5125
1115 15683
1321 20370
1390 20284
1395 20370
1413 2767
1413 12525
1636 3195
2107 19156
2200 2284
2200 5938
2287 6203
2650 5119
2650 6596
2650 7839
2650 10592
2650 15683
2767 12525
2943 20369
2974 9472
3107 20351
3910 4117
4059 18844
4135 20008
4171 4589
4234 19309
4443 17853
4536 5125
4589 15875
4707 20284
4783 15113
4866 5720
5125 10273
5125 15505
5362 17300
5616 9466
5616 15557
5720 12876
5720 13061
5720 20372
5720 20373
6108 15875
6160 10409
6429 7208
6429 16984
6448 15044
6746 18855
6779 14529
6779 19520
6947 16261
7208 16984
7208 20375
8097 10409
8613 11394
8613 20220
9152 9466
9425 20370
10409 20369
11203 12299
11344 20359
11394 20220
11565 20374
12525 15698
14529 19520
14906 17300
15044 15875
15875 17873
16592 20372
17853 20358
17860 19439
18512 18980
19115 19814
19116 20362
19445 20367
