29 19309
43 20376
76 7208
76 15039
96 3505
96 6498
110 15315
138 280
158 19508
196 19508
196 20376
196 20378
370 20376
412 1365
455 2095
455 9472
455 15113
455 20377
461 6706
467 16470
506 6984
528 15039
852 7822
852 16261
1106 9245
1106 20321
1115 6917
1126 15472
1144 20376
1333 20358
1390 20284
1636 20373
1794 3910
2243 7093
2287 20284
2389 20380
2617 20360
3171 7208
3313 5089
3515 16592
3636 15039
3673 20376
3727 6917
4059 18844
4536 16470
4589 5720
4866 20358
5089 7822
5362 5649
5362 9152
5616 10988
6373 18844
6779 19520
6917 15113
6917 15683
7208 20375
7855 15557
8197 19520
9152 9466
9425 11912
10420 15875
11269 20379
12070 17692
12643 15875
13170 18953
13461 15875
13864 20378
14417 17923
14529 19520
15039 20133
15113 19116
17955 20368
18607 20372
18844 19116
19508 20378
