4 2348
19 368
19 1214
26 1917
29 30
29 120
29 1426
30 190
30 201
30 370
30 518
30 577
30 580
42 461
42 1879
43 95
43 2309
48 368
48 1298
49 94
49 2258
59 2353
70 618
70 1742
76 356
76 593
76 729
76 1661
83 95
83 97
83 618
83 621
83 1255
83 1839
83 2350
84 356
95 610
95 2256
97 2350
121 893
121 2128
124 1171
128 852
133 621
133 1255
133 2350
154 1006
154 1517
158 1992
174 1604
184 2348
196 1656
196 1958
201 255
201 304
201 506
201 518
201 691
201 1990
238 2030
255 1255
255 1787
255 1835
280 1214
286 2353
291 2356
295 356
315 1298
315 1807
356 573
356 1985
370 518
370 1298
370 2254
374 1312
385 1331
403 948
440 618
444 565
449 1517
455 1359
455 2228
455 2303
461 1335
461 1359
461 1517
461 1661
461 2351
504 1861
506 1426
518 1057
528 2353
539 2199
539 2307
539 2351
565 1413
592 1426
618 1807
618 2350
647 734
691 1331
703 1661
703 2357
712 948
729 826
729 1661
734 948
734 2318
762 2128
779 1517
781 2246
821 1763
823 1661
826 2192
852 2246
904 948
948 1958
948 2255
950 2189
1006 1517
1010 2339
1057 1361
1057 2254
1140 2128
1164 2345
1214 2009
1255 1793
1255 2255
1256 1517
1265 2246
1298 1543
1298 1985
1298 2354
1312 2352
1331 1381
1335 1661
1359 2303
1361 1985
1361 2353
1390 2350
1446 2256
1517 1661
1517 1905
1540 1787
1562 1895
1562 2349
1636 2353
1652 2339
1691 2343
1742 1977
1742 2342
1742 2345
1753 2255
1807 2138
1807 2350
1812 2343
1861 2245
1861 2325
1985 2100
1985 2303
1985 2350
1985 2355
1992 2353
2009 2254
2086 2357
2128 2246
2228 2352
2246 2256
2255 2307
2294 2347
2315 2353
2339 2346
