28 20408
42 6708
42 20408
43 20419
73 13240
76 730
76 3910
76 20417
110 20421
110 20423
158 17866
338 2003
412 6584
412 10273
412 14906
412 17866
432 9762
444 11340
528 13162
536 621
621 4783
621 20264
621 20420
621 20426
730 11376
733 17635
852 3313
852 9309
852 14264
852 15464
1002 8272
1012 5270
1106 17741
1126 15472
1282 17517
1361 11762
1365 15299
1365 19975
1604 11203
1636 13162
1709 6124
1818 20426
1917 8099
1917 14226
1972 20264
2200 2821
2255 4546
2255 8197
2437 6708
2627 3910
2650 20415
2692 17772
2762 3727
2762 9469
2767 5065
2767 8119
2767 14621
3177 7391
3177 14062
3220 20416
3313 9309
3313 15464
3381 18681
3484 6708
3484 8272
3484 20284
3636 13162
3764 3910
3910 6817
3910 8093
3910 13061
4059 18844
4523 6062
4536 7290
4536 17323
4589 5065
4783 20426
4839 20411
4924 20414
4924 20415
4949 20326
5065 11057
5065 18681
5065 20412
5065 20415
5065 20422
5119 14326
5119 14948
5270 18862
5366 20415
5616 20420
5720 15525
5720 20420
5831 13990
5929 6706
5929 16364
6373 9469
6373 11057
6448 16904
6708 20284
6746 18855
6867 20376
7093 20418
7208 14226
7290 17323
8067 14621
8293 20424
8625 14529
9245 20321
9466 20403
9818 20426
11340 20413
11762 20418
12358 20326
12372 14326
12525 20409
14906 20427
15525 18190
15875 20425
16849 19116
16984 20412
19422 20415
20138 20426
