28 2158
40 2256
40 10911
43 7097
43 16166
73 76
73 3624
73 8197
73 13061
76 762
76 1972
76 2816
76 3624
76 3727
76 16349
110 17397
118 13533
163 1604
163 3541
163 3563
163 17796
163 20272
196 20510
338 5581
412 881
412 2762
444 2284
467 5009
507 20458
546 729
610 1604
641 6885
713 11037
762 3624
836 2762
852 1256
852 10203
1057 3910
1057 20509
1144 11779
1198 2256
1198 14948
1198 15293
1198 19294
1198 20511
1200 2158
1256 10203
1392 4822
1636 2770
1657 20413
1845 2529
1917 4822
1972 3614
2019 11514
2057 11340
2062 3910
2086 7749
2118 17923
2223 20507
2256 9336
2284 13312
2489 20505
2529 7822
2770 9466
2770 16984
2770 20512
3158 6779
3158 20284
3158 20508
3484 7097
3484 17397
3614 11565
3624 5468
3624 6124
3707 3910
3764 17027
3843 9336
3900 17397
3910 5621
3910 13061
4031 18961
4048 20468
4264 11779
4536 15557
4577 16999
4783 16831
4822 5272
4822 6448
4822 6596
5127 5471
5468 18961
6124 20437
6624 11276
6640 20460
6779 20508
7097 20284
8974 11779
11080 16999
11565 20507
12804 20169
13280 16999
13590 20169
15505 17027
15875 17420
17545 19595
20220 20492
20483 20510
