36 20433
42 11203
73 13240
76 96
76 730
76 762
76 8688
76 17969
76 20431
97 897
158 20437
189 5720
206 17738
412 536
412 20427
434 17866
528 3636
528 13162
536 3636
618 10730
618 15557
852 3313
852 3707
852 9309
852 20432
852 20434
897 3166
897 16549
897 19422
1002 1198
1002 4688
1012 1206
1144 16936
1198 1636
1198 6779
1198 13280
1198 17866
1206 3030
1206 10918
1206 11727
1636 19583
1636 20220
1636 20427
1792 6199
1877 3616
1877 4688
1917 6199
1917 14226
1917 20284
2313 4507
2324 15649
2357 18466
2650 20415
2669 20284
2669 20429
2692 17772
3030 11727
3177 7391
3239 4971
3239 5049
3239 12835
3313 12366
3381 5065
3381 18681
3381 19595
3456 15113
3484 20284
3707 9309
3947 20418
4382 20436
4419 20401
4589 16984
4589 20427
4688 5366
4688 9466
4688 12366
4839 20432
4924 20436
4971 15240
5270 18862
5362 7674
5366 6779
5720 13061
5912 20305
6124 17587
6199 7000
6199 20284
6203 17969
6203 19583
6203 20422
6373 15113
6373 18844
6429 9985
6584 9168
6596 15557
6708 20284
6779 15557
6779 17867
6867 15113
7208 20376
7399 16936
7464 20406
7573 20305
7749 9469
8119 11863
8197 18055
8197 19595
8625 14529
9444 20428
9565 12366
9565 20434
10409 16904
10531 17674
11066 20419
11340 20413
11378 18745
11860 20432
11863 20435
12366 20434
13061 19583
14906 20220
16349 17969
16849 19116
17420 20429
17969 19886
18774 20220
18908 19285
19116 20428
20220 20430
