14 16993
29 76
40 10911
42 6373
42 17545
76 881
76 5455
76 20376
110 839
110 7127
110 18681
153 16831
153 18731
370 837
610 1604
613 5455
713 11037
781 3453
839 1198
881 2529
881 8969
886 16993
1206 11727
1256 9309
1256 12770
1335 1990
1390 16907
1413 3828
1917 6596
2062 3910
2095 5859
2158 8688
2223 8773
2389 17692
2756 7822
2762 2775
2762 14906
2762 20376
2770 9466
2957 3024
3030 11727
3158 18681
3158 20508
3453 6189
3453 18745
3484 7097
3484 18681
3624 20437
3828 7396
3828 9714
4092 10866
4092 20514
4523 16099
4523 20376
4926 11340
5049 18681
5089 7822
5270 8688
5455 6596
5616 20516
5859 17761
5859 18770
6779 20508
7097 20284
7391 20517
7822 16261
7844 11340
8099 20301
8119 20217
8625 14529
9214 20518
9948 20491
11340 20515
11860 19026
13280 20499
13773 18082
16984 20515
17761 17955
17761 18770
18681 19422
18731 20513
19116 20514
19116 20515
