29 509
42 20514
43 1825
76 11228
76 20531
84 4771
110 7127
110 9599
110 9896
110 11718
110 20220
163 17796
184 1057
184 2767
184 13061
412 8969
412 20529
467 1825
467 6596
610 1604
762 1200
762 1256
762 6124
852 2529
852 5089
852 5720
1041 20529
1057 2767
1057 13061
1106 1917
1115 20533
1281 2389
1365 5089
1390 10293
1628 20438
1636 20529
1825 6596
1825 12358
1877 9568
1896 6448
1971 9896
2102 5100
2102 11228
2256 13280
2389 20527
2650 13061
2762 11340
2762 12844
2762 13280
2762 20229
2767 4771
2767 13061
2930 9336
3158 9599
3405 15113
3484 18681
3545 15113
3616 20532
3727 20530
3984 20529
4117 4771
4589 14903
4652 8298
5146 19770
5362 20528
6373 11276
6448 7659
6629 19595
6867 19116
7290 15557
9152 13280
9280 20498
9599 11718
9599 18617
9896 15557
9896 17960
9896 19614
9896 20220
13061 14906
13061 15593
13074 16349
13280 20499
14903 18980
17852 18038
17923 20531
20220 20508
20284 20508
20284 20526
