29 97
29 509
42 20514
74 97
83 20522
110 18831
138 14716
153 20525
158 10592
158 20522
196 20435
412 1057
412 8969
528 19560
613 2240
613 4589
613 20519
618 19116
712 20517
837 20514
852 5720
852 20525
881 1333
1057 1470
1057 2767
1057 13061
1099 20526
1200 20524
1281 2389
1352 4090
1352 7526
1470 17640
1845 2529
1972 17874
2095 17640
2240 5362
2256 13280
2256 19116
2762 13280
2767 13061
3166 11078
3313 20525
3456 10592
3477 9326
3484 20284
3712 10869
4523 20376
5065 13280
5065 20517
5272 20514
5362 20519
5720 20524
5720 20525
6124 20437
6415 13280
6596 20514
6706 20514
6779 20518
6867 19116
7855 20481
8144 9789
9214 20518
9245 20520
9714 10203
10273 20522
11340 20518
12358 19116
13280 19116
13280 20499
17409 20523
18038 20518
18831 20284
19109 20521
19116 20435
