28 13061
28 15113
73 8197
76 412
76 3381
80 3984
110 9599
158 10265
158 17414
196 16270
196 19472
412 432
467 12358
506 1436
573 9896
610 3226
621 4589
729 10780
762 1200
762 6124
801 13981
852 2529
852 12385
852 18190
960 9896
1057 3065
1057 4589
1057 10265
1106 15490
1115 20533
1281 2389
1352 7526
1390 10293
1392 6189
1436 20525
1794 20538
1819 19415
1825 5345
1825 12358
1896 6448
1917 13981
1977 20534
2223 8773
2256 4388
2256 14261
2437 9466
2437 20537
2692 4589
2762 6746
2767 4589
3065 3380
3065 5616
3065 6448
3453 17172
3456 8773
3910 10068
3984 8484
3984 19472
3984 19583
3984 20529
4031 20538
4092 20501
4113 20498
4388 6596
4749 8961
5083 20537
5089 9888
5362 8961
5720 20525
6189 12358
6916 17635
7109 11779
7647 19472
8067 10265
8363 17542
8363 19614
8666 16099
8666 17542
8961 17671
9152 17414
9245 19583
9323 17179
9568 19614
10780 17420
11340 19583
11340 20539
11779 17542
12358 20538
13074 16349
14182 15720
14535 20539
14903 18980
15720 20536
17420 17923
17692 20540
17923 19614
18105 20520
19308 20535
19614 20284
19614 20450
20284 20508
