28 218
28 762
76 2739
76 5119
138 7947
138 20586
158 2756
158 5690
158 16017
158 18534
158 19989
158 20586
196 19989
218 9168
218 13061
577 7097
621 20584
881 8969
1115 19109
1265 6339
1365 20579
1657 5065
1657 5386
1825 16753
1831 19989
1917 13486
1917 20576
2204 20587
2389 20492
2534 4589
2650 20382
2739 5119
2739 5362
2739 12873
2739 13061
2739 19116
2756 5690
2762 15299
2762 20588
2762 20589
3545 19989
3653 5471
3653 16592
3910 16592
4048 20549
4536 16470
4860 13533
5065 7230
5362 12873
5822 17761
6250 16984
6779 12873
7947 17874
7947 20585
7989 10846
8171 11184
8197 11751
8197 15113
9215 15798
9427 18534
10273 17027
10846 15088
11184 20580
12366 16525
12873 16017
13312 20550
14373 17955
14373 19550
14767 19989
15505 19989
19550 19989
20284 20590
