7 284
28 218
28 762
28 17587
97 20138
138 2845
158 7181
158 19045
218 10068
218 13061
284 730
383 13061
412 2762
434 3592
442 13280
474 18745
531 881
577 5386
577 15557
610 20584
618 15557
712 15557
1359 2762
1413 14165
1657 5386
1709 4964
1794 7181
1845 16099
1917 13486
1917 17651
2095 3592
2095 4589
2095 20591
2111 8298
2272 4031
2286 14165
2534 4589
2650 10068
2650 19759
2762 7516
2762 10018
2762 10273
2762 14767
2762 14906
2762 16753
2762 20589
3516 3592
3592 20592
3785 13533
4011 13280
4355 17015
4838 13280
4860 10168
4860 13533
4987 20590
5065 5386
5089 9309
5362 6448
5362 18470
5455 8197
5468 20138
5822 17761
6250 16984
6629 19595
6708 20284
7522 16033
9245 9466
9245 17761
10273 13061
12358 17651
12804 17635
14948 20593
17420 17923
