28 13280
42 3653
73 3707
97 18831
110 13451
110 18831
110 20629
258 2739
258 4585
315 4031
315 20679
370 13280
383 3653
449 6781
528 10018
577 20679
577 20681
610 20690
618 15557
881 18470
968 11241
1012 3313
1012 7230
1058 2204
1058 4731
1058 8948
1115 19720
1359 2739
1359 16206
1390 20687
1636 3051
1636 5616
1636 5822
1636 13280
1788 9851
1864 5965
1877 20689
1917 3951
1917 20149
1917 20682
1990 7534
2019 5965
2019 19017
2095 3984
2095 19753
2095 20691
2324 13451
2650 11340
2730 6175
2739 3226
2762 6203
3226 6779
3313 20691
3412 15252
3707 5690
3910 5720
3910 13061
3910 18855
3951 20149
4011 16905
4216 5965
4339 5616
4339 18775
4507 18855
4585 5471
5065 20680
5119 12624
5119 19026
5173 20688
5272 18855
5362 20689
5468 20679
5616 19558
5658 19533
5720 13061
5966 16173
6175 20693
6203 12624
6448 16905
6619 11340
6619 11779
6619 18470
6619 20679
6640 18768
7097 20284
7230 11340
7290 15557
7658 10966
8567 11779
9789 12624
11921 13280
11921 15753
12114 14906
12624 17955
13280 15753
14948 19026
15108 20689
15252 17661
16206 20692
18470 18768
