69 20653
76 1788
76 12396
97 2118
110 8224
121 258
138 1012
138 20679
158 1115
158 8567
158 8974
158 11228
158 19989
158 20668
412 20679
461 19989
528 20374
528 20681
577 20681
823 839
823 11228
839 17545
839 20635
881 17958
1005 6431
1012 1749
1012 3313
1012 5720
1012 7230
1012 8363
1012 8974
1012 18470
1057 20679
1058 11340
1106 13061
1106 19989
1144 19472
1281 2158
1281 7855
1302 8363
1361 20680
1365 7230
1365 12396
1365 19989
1375 11514
1390 1604
1413 8974
1461 16592
1636 5471
1636 13061
1657 20602
1749 16592
1877 11228
1917 5501
2118 4783
2156 4585
2256 19866
2256 20676
2692 20675
2762 6203
2767 20685
3313 8974
3313 20684
3541 7897
3611 5468
3611 12760
3707 5690
3785 9809
3910 9896
3910 16984
3960 5938
4092 8974
4216 5471
4382 17890
4382 20672
4419 17545
4419 20635
4536 20683
4585 5119
4589 14017
4839 6203
5065 13280
5065 20671
5065 20680
5065 20681
5089 20684
5119 19989
5468 8363
5471 13061
5616 11340
5616 20685
5652 9425
5822 9245
6373 20671
6448 11340
6448 16905
6596 20682
6596 20683
7097 19422
7097 20284
7230 11340
7749 16601
8567 11779
8974 11565
8974 18470
8974 19116
8974 20686
10018 20374
10558 17545
10558 20635
11103 19681
11228 12372
11340 12253
11340 19989
11340 20687
11943 12253
12253 16592
12253 18470
12643 17545
13061 20684
14930 20678
15593 17958
15875 20682
15982 20578
16984 17545
16984 20662
17545 20635
17685 20200
18038 20685
19116 20685
19422 19989
