29 284
29 8472
76 5501
76 12396
108 17923
138 5616
138 13061
138 20653
158 19989
184 852
184 14677
196 20664
290 3030
315 16601
577 1917
577 6429
852 8712
852 12396
881 17958
1002 5616
1041 2762
1115 16033
1298 20664
1365 7230
1514 12396
1636 4231
1917 14677
1917 18617
2243 17072
2324 5822
2583 14677
2756 17172
2762 5272
2762 10347
2762 20653
2767 15553
3024 20532
3405 4419
3707 5690
3882 4589
4092 6431
4231 11103
4419 20635
4456 20663
4523 13578
4536 14677
4585 18490
4589 17250
4589 20653
5065 15557
5119 20653
5272 11779
5272 20641
5616 9466
5616 15875
5822 9245
5822 9708
5822 10988
5822 13178
5938 5966
6250 15239
6429 15557
6594 11241
6779 16033
6867 20664
7674 20653
8712 19989
9359 19275
10273 20653
10347 15372
11163 15372
11241 19422
11269 15875
11269 16601
11339 15372
12358 15557
12396 20653
13061 13566
13061 14677
13061 15113
13061 17955
13061 20113
13566 14677
13566 19753
14677 19753
15593 17958
16830 20662
16984 20662
17027 17955
17923 20660
17955 20659
18109 20661
