0 4752
0 8272
0 20481
7 76
7 6498
7 16480
26 3541
26 15453
28 4031
28 16610
28 20760
29 7583
29 16665
29 18056
43 4589
43 5822
43 20760
76 1057
76 15453
105 13590
110 20768
122 15557
138 13061
138 20743
138 20757
179 20750
186 621
196 19472
218 20743
290 1884
359 15113
536 15593
573 823
573 18120
573 19970
621 1884
621 12356
621 15113
621 20769
837 5329
837 16743
839 1917
839 3541
839 7944
904 20264
1057 1058
1057 2694
1057 11020
1057 15453
1057 16099
1058 1244
1058 1422
1058 6448
1058 6619
1058 18831
1058 20749
1179 20446
1206 5089
1206 9896
1256 16907
1319 2650
1365 17027
1390 20767
1636 20750
1709 3541
1831 13061
1831 20767
1917 3541
1917 7071
1917 18865
1971 17495
2650 16610
2756 3578
2786 16480
3158 18831
3484 17495
3799 20758
3979 16610
4031 20763
4113 20767
4138 5119
4188 20345
4366 20493
4507 11078
4589 5720
4839 20419
4926 20758
5012 20760
5065 14492
5089 9309
5119 13735
5119 16743
5329 18908
5415 20763
5616 18945
5720 7290
5822 10988
5822 17671
5822 20765
5938 20748
6203 15505
6429 15875
6596 20727
6917 20756
7071 9896
7071 20284
7290 7944
7336 9896
7391 9152
8119 18082
8159 17322
9896 17495
9985 20572
9994 10846
11078 15505
11344 16743
13276 18070
14030 14903
15113 20442
15252 20764
15453 16984
15553 20758
15875 17495
15875 20768
16099 20767
16610 19970
16610 20762
16610 20763
16984 19970
16984 20768
17635 20755
18466 20419
18855 20761
20442 20766
20755 20759
