28 3910
29 5720
122 383
138 852
138 20492
158 20863
184 8067
267 1390
290 5305
359 17955
412 1393
412 2762
412 9168
618 6503
621 10203
634 5143
641 1393
762 16836
852 1256
852 3313
852 9470
891 12358
917 15709
968 2599
1359 12358
1390 20862
1392 10636
1393 5616
1604 2767
2027 5181
2027 13590
2223 15196
2256 19145
2364 4866
2599 13298
2599 19669
2762 19145
3893 20321
3984 20868
4126 4589
4140 20867
4159 11779
4187 20630
4382 15196
4589 13061
4783 16836
4926 15453
5119 8197
5272 20862
5305 17923
5329 20865
5373 15875
5706 20848
5720 9470
5720 16894
6203 13646
6373 20376
6448 10203
6596 20872
6768 12358
6945 12125
8281 20875
9425 20863
9425 20866
9722 13298
9789 20442
10203 16984
10268 12358
10636 20866
11184 20869
11269 20539
11340 20876
12182 16984
12358 17671
13088 20435
13280 17432
13280 20869
13312 19145
14948 15636
15875 20641
16236 20874
16484 20852
16836 20229
18190 20867
18383 20871
18470 20872
18731 20864
20284 20508
20492 20864
20630 20870
20869 20873
