26 18811
28 15113
42 12358
70 904
76 618
76 729
76 904
76 8363
76 11269
76 18466
76 18811
133 138
138 762
138 1794
138 2628
138 6429
138 18811
138 20750
138 20883
153 5831
158 5831
158 9789
158 18669
158 18811
158 20863
184 8067
370 11269
383 3910
618 9257
618 15557
618 18923
659 2762
659 9985
712 20879
762 839
762 5179
762 6373
762 6429
774 5272
803 20876
810 1390
839 3541
852 6947
852 20882
1057 4187
1144 20442
1200 12580
1278 11340
1392 18669
1393 5616
1393 11080
1514 11269
1794 18811
1922 20881
1990 15025
2223 20877
2256 13312
2767 6781
2767 11533
2767 20851
3107 18669
3239 8179
3313 16261
3405 20858
4113 20869
4140 20867
4783 15113
4783 20876
4783 20878
4855 8363
4879 6429
5119 15113
5119 20879
5305 13656
5366 20888
5468 18811
5479 10203
5479 15113
5616 15823
5831 9789
6203 11340
6429 15151
6448 10203
6629 19595
6781 13735
6945 10203
6947 16261
7290 18811
8281 20875
9257 15557
9425 13097
10203 11269
11080 20879
12358 20880
12643 15875
13097 20886
13312 19145
15113 16984
15557 18811
15875 20641
16099 20887
16290 16984
16904 20881
16984 19595
17502 20876
17955 20882
18383 20871
19116 20883
20863 20884
20885 20886
