28 3910
28 18731
76 138
76 19301
110 17397
128 2313
138 852
138 3177
138 3707
138 4585
153 15311
196 3984
258 16894
419 2313
423 2313
434 19989
531 9152
613 4507
641 1393
641 1818
641 5230
641 13061
641 16592
641 17632
729 11587
736 20851
837 20580
839 3541
852 4585
852 16099
852 16615
852 20492
928 968
1256 20849
1365 3910
1390 15545
1561 20850
1763 2256
1819 5119
1832 19989
1917 3638
1972 20846
2256 20684
2627 14017
2762 17632
2762 19989
2786 20847
3226 9466
3254 4507
3254 18997
3254 20843
3313 20822
3484 9466
3638 4536
3638 10293
4031 18007
4234 20851
4422 4585
4507 17867
4771 18424
5089 20825
5119 19989
5272 17632
5362 6189
5366 9466
5616 5720
5706 20848
5720 8969
6189 6448
8197 15252
8529 15299
8969 16349
9466 9804
9466 18424
9466 20220
9472 20841
10068 15311
10347 20845
12722 20842
12807 18617
13061 17632
13276 19197
16592 17632
17955 20845
19116 20842
19116 20844
19301 20229
19320 19377
