37 4234
76 20793
97 13061
97 20793
97 20920
158 20793
184 3364
196 20918
258 20914
423 2313
447 803
502 6498
524 3624
573 19989
618 14677
839 10040
839 20641
839 20802
852 12770
852 20922
881 3239
881 4589
881 17867
950 1863
1106 10409
1265 11533
1361 2095
1361 5900
1742 4855
1763 20921
1836 16076
1879 18865
1917 10268
1917 20641
2095 5900
2102 20641
2158 16617
2223 19989
2767 20923
3239 4234
3405 19720
3624 17923
4031 20802
4092 16753
4113 19989
4234 15113
4248 6373
4382 18035
4523 17923
4589 5065
4731 19117
4839 9789
5089 14323
5159 6596
5159 10268
5265 20923
5616 6779
5900 6203
6373 20376
6429 16617
6596 8099
6629 19595
6768 12358
6867 20802
7616 20853
8061 20793
8093 15113
8099 20916
8494 18811
9245 11912
9896 18588
10789 19720
11269 20793
13735 16617
13735 18681
14165 20919
15823 20922
15875 18681
16717 18274
16984 18809
20284 20900
