8 2283
19 1255
19 1549
26 383
29 2297
29 2412
30 383
30 1300
30 2286
42 404
42 1197
43 1470
75 414
76 2407
76 2415
83 383
83 2412
95 1265
95 1298
95 2388
95 2406
97 226
123 1994
135 330
135 1002
135 1753
140 190
153 948
153 2400
154 2391
154 2413
158 1622
158 1661
158 1917
158 2102
158 2307
158 2415
172 175
172 461
172 948
172 1753
172 2255
190 2309
196 1278
196 1549
201 2388
201 2407
218 2405
226 2388
253 1255
253 2158
302 771
330 1753
356 881
370 408
370 682
383 1141
383 2369
391 1311
408 1917
432 1265
432 2296
434 2415
455 1549
455 1992
461 729
461 988
461 1268
461 1994
461 2413
461 2416
506 603
539 1527
539 1897
539 2019
565 2388
570 988
570 1994
570 2148
573 1877
603 907
603 2247
618 960
662 735
682 1256
682 2148
682 2388
696 1994
703 1971
729 1197
729 2388
729 2415
729 2416
762 2128
771 2366
774 1118
774 1206
821 1256
821 2388
852 1206
852 2283
904 1751
948 1658
960 2350
988 2307
1002 1197
1002 2388
1006 1311
1031 1268
1031 1311
1036 2406
1058 2256
1106 2277
1106 2407
1197 1256
1197 1268
1197 1753
1197 1994
1197 2234
1197 2355
1197 2408
1206 1880
1206 2411
1211 1971
1243 1561
1255 1753
1255 2158
1255 2355
1256 1636
1256 1994
1256 2269
1256 2283
1256 2388
1265 1298
1265 2158
1268 1703
1268 2158
1268 2286
1268 2413
1268 2414
1311 2286
1359 1470
1359 1994
1361 1470
1465 2410
1470 1994
1470 2355
1470 2388
1470 2407
1470 2414
1529 1971
1549 2223
1549 2404
1636 2296
1636 2361
1667 2396
1753 2355
1753 2408
1763 2393
1793 2403
1831 2148
1831 2369
1868 2146
1877 2412
1985 2283
1985 2355
1994 2409
2039 2389
2132 2404
2272 2392
2414 2417
