28 76
28 1255
42 110
42 509
42 3484
48 76
74 5270
76 3158
76 5272
76 6429
76 6596
76 16099
76 17094
83 290
153 15151
153 20996
158 15151
158 19317
158 20996
204 659
315 20991
372 20998
434 20996
455 14934
467 14677
659 7674
781 15113
803 9789
839 20953
852 20740
897 6373
1115 15151
1115 17112
1144 19046
1255 5468
1392 9789
1413 4113
1413 4987
1636 20501
1726 5159
1726 6596
1917 20991
2081 2493
2223 20080
2389 12643
2428 12579
2437 20888
2460 2934
2460 14677
2460 20985
2583 9789
2739 5272
2767 9789
2767 17112
2767 20151
3024 20991
3093 8197
3166 16099
3313 12718
3484 15113
4043 17671
4187 20151
4536 5272
4589 15240
4589 19430
4971 20997
5089 5690
5119 20991
5272 6429
5272 20296
5366 20888
5550 15875
5938 19084
6203 15151
6203 15557
6203 20990
6203 20991
6429 19317
6779 20888
7000 20888
7335 15113
8197 14165
8197 20994
8363 13016
8682 15184
8682 16099
9309 12718
10846 20995
11962 13533
12342 20938
12718 15151
12770 16461
13061 19116
13910 19116
15151 20996
15472 20965
16665 19317
16984 20992
16984 20993
19116 20998
