26 2027
26 11066
26 15875
26 16801
28 10068
28 17718
42 3081
76 16099
83 2762
108 19989
158 8567
158 11912
158 20972
184 5621
236 1002
236 1365
236 9896
318 16099
372 837
372 5119
372 13017
372 19116
372 20978
433 2839
519 10911
641 11090
762 1200
839 8836
839 20953
852 1390
852 4113
852 12718
1006 20508
1144 20960
1200 20972
1256 1390
1256 10347
1256 20976
1282 13061
1359 1390
1390 5720
1390 13061
1390 14002
1392 15113
1413 14165
1600 11344
1636 20972
1691 14606
1691 14943
2027 20635
2089 10911
2223 20751
2529 12770
2762 3636
2762 5560
2762 6779
2762 6882
2762 11340
2762 20972
2839 4783
2839 17923
2839 20241
3177 5119
3239 12835
3636 20933
4092 5621
4187 20969
4382 20970
4855 19041
5119 20977
5193 20971
5616 20977
5822 9245
6203 20973
6332 7399
6706 20974
7391 20975
7399 11340
7674 20972
7822 20950
8567 11912
8784 17635
8887 17477
9789 20780
10347 16099
10347 20976
10409 20975
11103 16801
11184 20969
11340 20977
12835 20979
13061 17718
14017 20972
15472 20965
16349 20115
17761 20975
17955 20789
18466 20598
18466 20972
18466 20975
18887 19258
18887 20972
19116 20789
