0 3
0 18831
7 97
7 6498
28 20926
43 20927
76 10203
76 10268
97 6498
158 20926
158 20928
236 762
258 5533
258 10068
258 16617
455 16936
546 3509
556 20931
573 9896
577 6429
577 20924
687 15108
907 8093
907 15113
1041 16617
1106 10409
1302 8363
1359 20435
1365 10203
1375 11751
1390 13653
1390 18681
1393 5616
1393 6779
1540 11751
1636 20929
1763 20921
1774 13061
1788 16349
1788 20926
1792 2095
1819 11617
1831 20933
1854 8752
1879 18865
1917 6199
2057 17955
2095 13280
2095 16936
2389 20934
2650 15045
3107 20873
3456 9427
3636 20933
3950 9896
3984 9789
4135 6503
4159 13735
4589 5616
4589 10040
5119 5334
5119 9896
5159 6596
5159 10268
5366 11751
5616 5720
5616 6779
5616 9466
5720 20922
6373 11921
6498 8363
6867 11921
7290 10061
7534 10061
8703 11344
8752 12643
9245 11912
9425 19874
9472 16936
9472 19495
10558 15875
10789 19720
11269 20932
11751 15921
11803 12341
11943 17477
11993 14240
13061 13280
13280 14906
13735 16617
13735 19439
15875 20932
16033 19495
16349 20926
16984 20932
17432 20718
18831 20284
19720 20334
20284 20492
20358 20925
20442 20930
