42 93
64 11587
76 762
76 1818
93 3158
108 2357
140 1636
140 18470
158 16511
190 13240
226 5658
246 1636
246 16349
280 2767
280 16511
302 5471
412 10117
432 13240
519 3195
536 2767
536 7097
536 10409
613 4589
613 10911
613 12253
621 15113
1006 8613
1057 10117
1057 10409
1388 13485
1636 10409
1763 16936
1763 19299
1792 9958
1792 11779
1831 14906
1831 15299
1831 16933
2062 3624
2095 19546
2169 10409
2223 21046
2333 3984
2424 18466
2767 17955
3245 13735
3313 6947
3707 21046
3984 15113
4187 20151
4419 19529
4589 10911
4783 20911
4783 20968
5065 14906
5065 21045
5089 6947
5089 16436
5471 14767
5938 17811
5966 10846
5966 20938
6203 21047
6373 9423
6640 20442
6768 12358
6947 21046
7674 14767
8061 11580
8093 17718
8179 21047
8281 17072
8613 17692
8912 10117
9122 20349
10268 21046
10409 11751
10592 20761
10911 12253
11335 11580
11580 19951
11943 20413
12358 21046
14906 15299
15875 16639
16933 20462
19945 19970
20138 21038
