28 4234
42 4589
73 6506
73 9109
76 2062
76 2762
76 19801
76 21122
97 5468
97 16099
97 17420
97 21127
123 8974
138 21131
153 3984
258 4507
258 21124
351 21127
405 18811
508 3313
508 8712
519 2762
572 8272
621 19801
836 2437
968 9896
1006 16639
1106 10186
1247 19517
1390 8974
1390 21086
1636 2762
1636 21124
1877 9896
1879 4493
1904 2786
1917 7000
1922 5362
1922 15505
2062 19801
2062 21122
2169 21086
2529 21123
2731 16099
2762 6203
2762 15505
2762 19116
2762 20393
2762 21129
2767 21126
3313 21123
3624 9109
3707 21123
3727 16505
3910 11943
3910 13061
3984 20668
4187 21130
4216 9896
4234 10186
4234 21127
4507 21135
4924 21133
5089 16261
5455 13735
5468 21127
5550 15113
5720 18190
5720 21103
5720 21132
6189 13735
6373 11347
6498 9341
6800 21132
7855 20508
8601 18856
8712 21098
8974 21086
9152 20501
9896 18681
10592 20761
10966 21122
11048 15113
11779 21133
12358 21130
12885 21128
13061 21131
13298 14017
14988 18496
15039 15041
16099 21130
16526 21125
16836 17710
16984 20780
17587 21134
17761 21136
17955 20501
18038 21124
18126 21137
19829 21092
19878 21125
20284 20508
