29 19801
48 5193
48 19801
69 15012
76 19801
97 5550
110 3071
226 21115
258 7192
304 21112
383 18888
410 5471
505 20596
611 21089
611 21116
618 16083
621 16083
767 11214
773 20606
1057 3910
1563 21112
1604 7290
1604 21114
1636 13298
1636 14930
1636 21108
1763 11347
1875 9466
1877 3071
1879 4493
1879 20999
1904 6498
1990 4544
2027 18918
2158 21105
2762 6203
2762 11184
2762 12844
2762 14930
2762 21112
2786 19533
2786 20215
3313 5089
3405 11343
3405 16984
3707 13485
3910 9896
3910 17682
3984 14930
4059 11347
4092 5430
4135 16083
4589 19888
4783 5550
4908 15174
4924 21033
5084 8956
5100 6506
5193 15941
5267 12090
5270 21029
5430 14017
5550 15875
5550 19801
5831 18007
6189 11587
6203 14930
6306 12685
6779 21105
7000 20999
7433 16298
8472 20138
9466 21105
9573 19801
9896 10068
10366 20606
11214 11548
11228 19874
11529 13735
12253 21104
13240 16554
14017 18888
14017 21088
15113 16984
15113 19211
15113 19874
15168 21101
16083 16984
16099 20999
17196 21113
17955 21111
18429 21104
18496 20138
20442 21033
21106 21107
21108 21109
21108 21110
