7 402
19 1992
19 2215
19 2425
26 42
26 810
26 839
26 948
26 1917
26 1940
26 1958
26 2118
26 2307
26 2428
29 852
29 2003
30 76
37 1561
41 2158
43 810
43 852
48 524
56 506
76 80
76 142
76 259
76 852
76 1510
76 1865
76 2355
76 2423
76 2434
80 146
80 442
80 852
83 94
83 196
90 1561
94 196
94 712
95 836
95 1992
95 2406
97 2118
121 255
121 570
121 713
146 922
146 1992
153 1636
158 1036
158 2158
184 2272
190 1818
196 1561
196 1831
196 2425
253 1255
253 1268
255 1255
267 573
267 1255
287 948
302 662
330 852
334 2355
391 852
391 1256
401 826
432 2431
434 1198
434 1561
442 852
442 1256
524 570
524 1335
524 1894
539 852
539 963
539 2234
539 2355
539 2434
546 881
546 1002
546 1057
546 1333
546 2254
546 2307
546 2429
565 1561
570 1865
570 2199
573 1255
618 1361
618 2425
621 2393
682 1256
682 1992
693 948
729 1636
729 1787
729 2393
760 2393
771 2118
810 824
810 839
810 1917
810 2319
824 839
824 1917
836 1877
839 1793
839 2416
852 881
852 948
852 1164
852 1177
852 1256
852 1470
852 1753
852 1787
852 2256
852 2434
889 2428
898 2388
904 948
910 1971
948 1788
948 1980
950 2189
963 1413
963 1753
1036 1572
1057 1292
1057 2307
1106 1140
1140 1992
1164 1980
1164 2256
1242 1980
1249 1606
1255 1753
1255 2158
1255 2425
1256 1636
1256 2428
1265 2406
1292 1980
1335 2307
1359 2434
1361 1562
1361 2414
1369 1540
1395 1604
1413 1561
1413 1940
1413 2430
1422 2432
1438 2124
1561 1787
1561 2408
1606 2076
1636 2422
1636 2423
1730 2423
1742 2272
1788 2100
1793 2427
1831 2422
1831 2434
1865 1992
1879 2435
1958 2307
1959 2393
1972 1985
1980 2256
1985 2393
1985 2425
1992 2223
1995 2052
2111 2427
2118 2272
2122 2430
2221 2431
2223 2256
2234 2434
2256 2416
2266 2422
2307 2427
2431 2433
