19 13061
74 390
76 401
79 2767
138 382
315 2057
348 2767
852 3313
852 8197
852 19040
881 18547
968 17969
1183 18547
1185 2095
1200 1275
1200 13061
1200 20417
1275 20417
1365 20220
1369 21163
1375 15557
1636 18547
1812 2762
1917 8061
2057 2583
2583 9599
2583 13061
2583 21075
2599 15557
2705 6817
2762 6779
2762 13280
2762 14906
2762 21162
2767 2974
2767 8712
2845 10203
3177 15010
3313 5089
3415 18547
3613 19827
3676 20284
3910 10068
4171 21164
4589 17955
5089 12718
5089 19040
5272 12358
5272 21161
5455 9599
5720 10068
5720 21146
6306 12685
6373 10766
6373 20376
6429 18768
6448 8061
6596 15557
6779 13735
6917 9094
7290 12358
8061 19116
8119 17814
8433 15505
9241 21160
9958 20938
10068 15113
10203 15875
11751 15557
11779 20938
12698 15067
12713 20705
13061 21162
15875 21161
16984 21162
18190 19040
18466 20338
19116 21159
19116 21162
20284 20492
20284 20508
20492 21156
21143 21147
