28 19211
74 390
88 1904
138 14677
138 21096
184 14677
196 21091
315 12227
448 1058
881 1106
881 1604
881 7290
881 10866
881 14677
881 17692
881 21082
897 970
1028 6867
1057 2762
1057 4589
1106 1604
1106 7290
1106 19229
1185 21096
1185 21097
1206 4117
1361 2762
1413 16076
1539 5179
1604 7290
1836 16076
1875 14597
1879 4493
2095 21088
2389 17692
2412 21100
2488 20800
2529 3707
2583 3313
2583 3707
2583 5720
2583 21096
2762 3501
2762 6779
2762 14677
2767 17601
2767 21097
2786 19533
3707 5720
3707 21096
3727 11863
3727 13061
4031 16610
4113 21088
4135 21102
4187 21088
4839 18888
4866 19229
4924 16364
4924 16989
4924 21101
5119 20151
5193 7399
5720 14677
5720 21103
6280 13162
6306 12685
6373 16614
6596 21104
6629 9896
6708 21094
6779 21098
6917 12525
7391 20179
9466 14597
9466 21105
10068 16753
10846 15729
12253 21104
13061 15151
13312 17955
13312 21098
14017 20393
14677 14906
14906 21104
15113 19211
15875 17692
15875 19197
15875 19211
16592 21097
16984 21102
19211 21093
21097 21099
