42 76
42 1604
42 2284
42 5237
42 8197
42 17867
42 20380
73 1200
76 548
76 17761
76 17867
76 20938
88 3024
95 20927
138 5237
153 21257
298 15067
298 19026
302 21248
370 20376
548 15505
548 17761
610 5065
618 7290
618 21221
762 4117
781 17354
839 1232
852 3313
852 16615
852 21085
852 21247
968 18470
971 9147
1012 21244
1057 8197
1144 13735
1144 14631
1255 13240
1365 2919
1365 4930
1390 9245
1636 2583
1636 19229
1742 4783
1788 4783
1917 5501
1917 21170
2027 15875
2223 3984
2223 17867
2223 21216
2223 21253
2223 21255
2286 21256
2333 21251
2437 4670
2437 21242
2583 3245
2583 14597
2583 21223
2739 5362
2888 11066
3065 19989
3072 17867
3166 11066
3313 21085
3447 21247
3484 21252
3910 6852
3910 8093
3910 10068
4092 21250
4113 5089
4117 6810
4117 15553
4117 17874
4187 18075
4187 21254
4488 5272
4488 14906
4727 5089
4771 11066
4771 21246
4839 18125
4858 21231
5065 14304
5065 18749
5089 10068
5089 14017
5089 15706
5119 19229
5125 5237
5233 8225
5430 21085
5468 11066
6189 11587
6498 21258
6548 9147
6596 19229
6708 17545
6810 21250
6817 21085
7107 16298
7290 20305
7290 21221
7399 19292
8197 14906
8197 17867
8197 19229
9896 18470
11203 14597
12356 21013
13061 17867
14597 16984
14597 21223
14631 21086
14677 14906
14677 15823
14906 19229
15067 19395
15553 21244
15875 21259
16984 21252
17692 19093
17867 21245
17955 20927
17955 21249
19333 21230
19989 21254
20305 21221
