0 103
2 26
19 94
19 403
19 703
19 712
19 948
19 2064
26 641
26 821
26 2436
26 2439
29 43
29 76
29 103
29 121
29 157
29 172
29 330
29 434
29 570
29 712
29 729
29 1793
29 2064
30 1561
30 2158
30 2423
37 285
37 2064
42 618
42 2355
43 712
43 1793
43 2440
48 76
76 103
76 644
76 1646
76 2064
76 2303
83 94
84 948
88 712
94 103
94 621
94 712
97 2445
103 136
109 506
109 570
109 1877
121 2215
121 2303
123 852
123 948
142 461
158 1036
158 2158
172 836
172 948
172 1006
172 1879
172 2158
175 2158
196 682
196 821
196 2086
206 1658
206 2423
236 410
236 570
236 1232
253 1255
255 713
271 1636
271 1784
280 2428
285 691
289 1256
289 2158
295 948
295 1894
302 1256
302 2423
315 703
325 1249
330 1793
391 1006
403 948
408 532
410 506
410 2355
434 1561
455 1577
461 821
461 1002
461 1753
461 2423
461 2434
461 2437
461 2444
486 1807
486 2158
508 570
532 1917
539 948
539 1476
539 2064
539 2355
539 2446
546 712
546 1057
546 1256
546 1333
546 2434
570 703
570 1057
570 2158
577 711
610 1650
610 1985
621 1724
693 948
703 1788
703 1831
703 2158
712 904
712 948
712 1422
712 1894
712 2411
712 2441
728 1256
729 2422
760 1831
821 1561
836 1877
839 1724
852 1256
852 1561
852 1717
852 2269
852 2422
889 2428
891 2440
910 1818
948 1035
948 1724
948 1958
948 2064
948 2428
963 1413
963 2052
1002 2423
1002 2434
1036 1255
1160 1249
1164 1831
1206 1831
1232 2303
1255 2158
1255 2255
1255 2438
1255 2440
1256 1359
1256 1717
1256 2158
1256 2234
1256 2283
1256 2422
1256 2428
1256 2434
1359 1422
1359 2434
1413 2234
1470 2422
1476 2303
1483 1992
1549 2404
1658 2423
1661 2052
1753 2444
1763 2064
1779 1917
1787 2064
1787 2303
1788 2443
1793 2442
1812 2291
1818 1971
1824 2158
1824 2443
1879 2435
1897 2019
1980 2158
1980 2255
1980 2355
1985 2158
1985 2443
2064 2355
2132 2440
2158 2229
2158 2256
2158 2442
2158 2443
2204 2234
2283 2422
2416 2443
2416 2447
2423 2437
