28 21297
42 15039
83 8494
110 21177
138 2762
138 8494
138 8712
138 21291
151 20393
153 21299
196 2223
196 2762
370 8914
370 20938
519 5089
573 2762
610 5065
610 5581
613 1370
613 15039
613 21220
618 18319
837 21220
839 21297
852 20938
852 21296
881 5065
881 14677
1106 11103
1200 21134
1255 2786
1255 2816
1361 18512
1364 5468
1364 16984
1365 16623
1413 15935
1413 21291
1877 21289
1917 7399
1917 20749
1941 21134
2223 20938
2313 21291
2404 4860
2529 5720
2529 15166
2529 21196
2543 3447
2583 15067
2583 21297
2762 5270
2762 5366
2762 5471
2762 6817
2762 8494
2762 8712
2762 14906
3405 17397
3545 9737
3707 21196
3910 10068
4117 11340
4117 16904
4117 20938
4135 12125
4135 20938
4181 18383
4187 15039
4855 17874
5065 5581
5065 7851
5065 15039
5065 21220
5065 21292
5125 5849
5366 16904
5581 6429
5720 16904
5935 20359
6373 7399
6373 20376
6596 20938
6596 21291
6629 21295
6779 17761
6817 21297
6945 7851
7391 18166
7399 20284
8061 9737
9453 17449
10846 21300
12637 21294
12734 20938
13061 21297
14677 14906
14677 19019
14906 15039
14906 21297
15039 16984
15166 21086
15168 19116
16904 20938
16984 21298
17958 20995
18794 19951
21235 21299
