19 1392
19 2191
29 43
29 434
29 762
29 950
29 2452
30 2158
42 172
42 385
43 2440
43 2446
59 153
59 158
59 196
59 289
76 1333
76 1418
95 291
96 133
96 446
96 852
96 1985
97 2445
97 2450
109 1561
121 434
121 852
129 2389
133 434
133 610
140 2122
153 434
153 803
153 2191
153 2380
153 2416
153 2423
157 1335
158 196
158 2451
167 1268
172 836
172 1268
206 2453
249 2449
258 1256
259 1787
259 2191
271 1470
271 1784
275 2255
280 304
280 2428
304 2428
315 1985
325 1249
370 729
385 410
391 1006
442 511
455 1140
455 1663
455 2096
455 2254
461 1268
461 2191
461 2234
508 2062
532 1917
539 2191
546 712
546 2254
570 805
570 1268
570 1753
570 2062
570 2158
570 2448
573 2158
573 2452
577 610
610 803
610 1985
618 712
621 836
633 1788
662 2423
693 948
712 1779
712 2256
729 1393
763 2389
781 1510
785 1359
785 1985
789 2158
801 1917
803 2380
809 2452
821 824
836 1877
846 2423
852 1177
852 1561
852 2191
891 1413
907 2283
948 2389
948 2423
965 2428
1002 2355
1006 2234
1023 1147
1023 1255
1023 1753
1036 1255
1036 2445
1047 2406
1057 2191
1057 2313
1148 2191
1179 1787
1205 2452
1255 2166
1255 2279
1256 2191
1256 2269
1256 2340
1256 2355
1256 2452
1268 1753
1268 2122
1268 2158
1268 2453
1312 2057
1359 2254
1392 1985
1392 2191
1413 1470
1413 1763
1470 2447
1470 2448
1510 2451
1517 2122
1517 2453
1540 2122
1540 2234
1540 2430
1561 1763
1561 2223
1561 2416
1561 2447
1636 2064
1672 2451
1753 2122
1753 2158
1753 2444
1763 2420
1763 2447
1779 2256
1787 2191
1787 2303
1787 2423
1788 1985
1812 1831
1831 2191
1831 2448
1877 2158
1917 2451
1985 2158
1992 2279
2096 2124
2122 2453
2158 2446
2158 2452
2191 2430
2234 2355
2254 2423
2255 2445
2340 2428
2389 2423
