28 1612
95 1002
122 6789
138 2739
138 8712
174 17302
174 19809
196 5471
318 20988
461 16770
461 21328
509 881
519 5720
528 15039
546 20228
577 16988
608 1612
608 4031
611 21322
613 11751
621 21326
621 21327
881 21333
881 21334
897 21326
968 3624
1002 20403
1198 14046
1200 21134
1298 18466
1369 1836
1369 7230
1393 21333
1393 21334
1393 21336
1514 16988
1612 4031
1636 14062
1709 8197
1763 20376
1779 3447
1792 7290
1831 21337
1836 2437
1917 12760
2158 19871
2223 21329
2307 21328
2324 15557
2583 3910
2724 6373
2724 8197
2739 21328
2762 6618
2762 21331
2767 21325
3072 12760
3313 6817
3368 11066
3910 6817
3910 11943
4092 6789
4187 17072
4188 15100
4382 21322
4419 21003
4839 17072
4839 21333
5065 6203
5065 10846
5119 9321
5267 21105
5272 21331
5720 21307
6429 15039
6596 21333
6624 15113
7290 15039
8179 21335
8712 15299
9245 14677
9425 15168
9425 17072
9466 15557
10766 21013
10789 19292
11779 21313
11863 15168
11943 21334
13735 21326
14948 15018
16099 21307
16582 21323
16904 21333
16984 21331
17322 21116
17937 19871
18466 21324
18948 19951
19116 21329
19116 21330
19116 21332
