26 21432
28 2868
42 546
76 1917
76 2062
76 8688
76 15168
76 19859
76 20938
76 21417
97 2062
138 1636
138 2062
138 2868
138 21413
158 17172
158 21437
196 7749
253 7749
354 18466
354 18687
374 1255
412 9245
577 20305
613 5119
613 6199
621 17172
621 18021
660 12770
736 13061
839 20938
852 1390
852 8093
852 9309
1255 21428
1350 2062
1390 6817
1390 8093
1413 15168
1422 2062
1636 2868
1636 9245
1818 20938
1879 3484
1917 9071
1917 11269
1917 21086
1990 21424
2027 3484
2027 5948
2027 9896
2062 6945
2095 10869
2326 21434
2389 9896
2489 2787
2583 3910
2692 21429
2762 21429
2767 2868
2767 21430
2786 5373
2786 16554
2787 20284
2868 13735
2868 18190
2868 21177
2958 18508
3405 16472
3484 9896
3501 19229
3910 18190
4187 17196
4382 20150
4589 17761
5012 6429
5065 15472
5272 21429
5366 7674
5366 15299
5479 18821
6203 18637
6373 16472
6429 20968
6867 21340
7516 14597
7749 19116
7991 21340
8484 17891
8484 21429
8835 21431
9245 13735
9896 17095
10268 15038
10513 21435
11269 21086
11779 20938
12435 21340
13735 21177
15557 20442
16603 21436
17041 21431
17172 21425
20150 20676
20284 21426
20284 21433
20305 21422
20968 21086
21337 21429
