8 15709
14 108
14 21482
28 1990
28 5270
88 20437
138 21484
218 258
385 3749
532 21432
577 11248
577 19950
621 21486
712 21486
762 1413
762 1990
762 5215
762 11340
773 21486
839 12643
839 19627
852 1390
852 3910
852 15709
904 11340
968 1012
968 1990
1006 3093
1106 5215
1115 21483
1144 21481
1361 21485
1390 19983
1392 6203
1392 13032
1413 5215
1636 4589
1636 21486
1763 21472
1990 2062
1990 5270
1990 5935
2095 21488
2158 2669
2197 21495
2223 8654
2223 11340
2223 17302
2389 12643
2389 19627
2406 18115
2437 6810
2529 3313
2529 14677
2529 18811
2582 4707
2582 21489
2627 5272
2627 6203
2669 19627
2669 21291
2762 3515
2762 17172
2762 21493
2966 5119
3177 21013
3313 5089
3313 16261
3356 6810
3461 10966
3799 19157
3910 5089
3910 10068
3984 15127
4135 16469
4924 13032
5007 6203
5065 21485
5089 16261
5119 21481
5215 11080
5215 11340
5215 21484
5272 21490
5272 21492
5373 20284
5616 11751
5692 18821
5692 21491
5720 15709
5720 18118
5816 14191
6203 11340
6373 16560
6429 8272
6429 21291
6817 15709
7000 18961
7006 14709
7398 16027
7749 20938
8197 12643
8272 21291
8979 12136
9152 18811
9152 20619
9152 21494
9510 20206
11340 21485
11779 21491
12358 15709
12643 17545
12718 13425
13578 21462
15067 21487
18466 20333
20442 20619
21491 21495
