2 14688
42 546
42 17692
76 17860
88 1255
97 19763
138 2868
138 17891
138 21419
196 20407
253 6867
258 17891
348 2583
354 18687
412 6199
507 21421
546 1144
546 4187
570 2062
613 6199
613 21425
618 21414
618 21422
762 1255
762 5478
762 21417
837 6199
839 9742
852 5616
852 9309
898 18470
1041 5366
1045 21378
1115 1990
1115 13061
1125 2095
1125 16428
1144 21382
1255 1321
1255 1392
1255 21428
1268 8272
1365 2868
1390 1393
1636 4727
1636 16099
1742 21382
1824 7749
1836 21419
1917 6596
1917 9071
1917 19595
2027 2583
2122 19595
2223 21364
2529 18190
2543 18847
2583 5816
2767 4634
2786 5373
2786 16554
2786 17159
2868 7290
3322 21427
3484 17095
3910 6817
3910 8093
3910 10068
3935 20798
4011 21418
4031 19763
4117 21426
4135 12125
4187 17196
4390 17196
4634 17891
4727 5616
4727 7516
5012 6429
5012 15875
5119 17268
5119 21420
5119 21425
5270 21419
5270 21424
5272 5616
5272 6199
5272 21413
5362 18274
5362 21418
5373 17159
5479 18821
5501 7290
5616 5720
5720 15388
5720 18190
5859 18190
6199 21423
6373 16971
6429 21422
6596 14677
6596 21086
7290 16099
7398 8472
7516 14597
7749 20284
8297 11383
8798 21411
9245 14906
9896 20284
10018 19189
10766 21382
11779 20938
11779 21282
12435 16206
12885 17891
14767 15875
15240 21300
15474 21227
15474 21364
15683 21330
15875 17095
15875 21417
17151 21413
17661 18319
17661 21411
18466 19763
18466 21417
19422 19595
19723 21330
20284 21419
21227 21364
21343 21403
21364 21410
