2 2254
3 43
3 693
3 1917
7 1335
19 2191
26 810
26 1917
29 2456
43 1198
43 1292
43 1333
43 1335
43 2191
43 2429
76 461
76 1255
76 1335
76 1929
76 2158
80 881
90 1917
96 852
96 1985
100 1404
100 1753
124 2456
129 570
132 1255
133 712
133 1256
140 190
153 336
153 803
153 1255
153 2380
153 2423
157 1335
158 2456
175 2389
175 2423
187 2452
196 336
218 2405
240 434
267 805
275 2158
295 408
318 836
330 2191
336 852
336 1198
336 1470
348 1572
385 2355
455 852
455 1140
455 1663
455 2429
455 2454
539 968
539 1097
539 2254
570 1255
570 1268
570 2158
621 836
623 1753
670 703
682 2191
712 785
836 883
836 1724
836 2272
839 1036
839 1366
839 1793
852 1177
852 2057
852 2454
881 2191
898 2388
968 1753
968 2158
968 2412
1054 1818
1054 2158
1097 2453
1198 2254
1205 2215
1255 2052
1255 2158
1256 1787
1256 2340
1268 1753
1271 2191
1335 1661
1335 1793
1361 1831
1366 1917
1418 2284
1582 2158
1787 2423
1812 1962
1818 2158
1905 2453
1992 2254
2052 2215
2122 2340
2132 2454
2158 2456
2196 2455
2234 2446
2254 2380
2254 2429
2255 2445
2380 2429
2411 2454
