28 17853
42 2582
110 21527
128 10068
138 1413
138 11587
153 3226
153 4589
153 14017
158 4585
196 21537
315 610
338 21527
410 21531
528 15039
546 17891
577 5065
659 2762
712 11340
712 15163
712 16373
773 2111
839 17545
839 21538
857 21527
881 2582
881 21523
1002 4727
1002 6189
1012 2762
1106 3381
1115 16242
1144 2762
1361 21521
1413 14062
1413 21530
1879 3405
1879 3727
1973 20800
2156 2582
2286 21187
2324 4589
2389 17545
2389 20958
2529 4585
2582 8067
2582 13913
2583 11529
2762 5616
2762 5720
2762 7699
2762 14906
2762 17891
2767 13061
2943 4585
3030 16184
3041 6107
3065 15505
3152 6548
3313 14062
3381 10596
3707 17891
3910 10068
4585 9323
4589 5366
4589 15987
4589 17671
4727 5366
4924 21529
5065 15163
5065 17891
5125 14903
5272 21530
5272 21534
5362 18173
5366 21530
5720 21534
6373 7399
6373 21532
7006 21538
7690 15636
10040 21441
11340 16373
11344 21536
11529 15472
11779 13279
12876 17853
13279 17955
14062 15067
14903 21536
15168 21539
15505 21530
16099 19294
16233 21402
16233 21521
16984 21532
17047 20241
17316 17692
17545 20958
17891 19422
18038 21535
18811 21533
19116 21530
21294 21529
