14 4187
29 48
46 1255
48 8363
74 8363
75 577
76 18681
153 2783
158 3456
158 9147
158 10268
162 762
196 4924
196 14042
258 9152
259 6852
461 3799
539 2582
572 16099
577 2156
577 19950
577 21621
897 1271
897 2191
897 7646
950 4382
950 13061
1028 2783
1057 16770
1115 12434
1198 11751
1198 15505
1256 2783
1256 3313
1256 5720
1365 1812
1365 6852
1393 1812
1413 2885
1763 21472
1812 21622
1818 4783
1818 18681
1857 21619
2158 2428
2158 2582
2191 6189
2223 21611
2361 2428
2389 4419
2428 2582
2489 20508
2582 2762
2583 21627
2771 9317
2783 6852
2783 9888
2783 12434
2783 21625
2885 3799
2885 15168
3307 3707
3307 16099
3636 21629
3910 9888
3950 5616
4187 17254
4507 18251
4536 19189
4924 14042
4924 15168
4924 21394
5065 6203
5065 20403
5065 21628
5141 18681
5270 8363
5415 9245
5468 18681
5616 11644
5720 6810
5720 9888
5831 21625
6189 6782
6203 21625
6429 21545
6640 19109
6810 20151
6810 21626
7097 8197
7290 21545
7399 21623
7674 21575
7801 9317
8197 18251
8197 18512
8979 12136
9888 15113
11214 20388
11214 21563
11340 16472
11751 15505
11779 19109
12434 13061
12923 17254
14948 21614
15168 15505
15168 21394
15505 19520
16472 21622
16596 21620
17692 21561
17955 21618
18451 21294
18466 21624
19116 21623
19951 21558
20151 21626
20442 21394
