26 153
28 76
29 48
30 3158
42 2582
110 2472
110 5065
110 16601
117 16632
117 21622
138 3910
158 10268
162 762
162 10293
172 2472
253 2979
370 3177
383 2095
412 8484
536 2158
536 2361
573 21633
577 762
712 6429
712 19189
897 11340
1177 21631
1198 1392
1198 1413
1198 21630
1361 13574
1365 1812
1390 14906
1390 18251
1392 9888
1392 15113
1392 20388
1636 18607
1831 10690
1831 21636
1908 7944
2223 5119
2223 8887
2437 14653
2472 5065
2562 21546
2739 5493
2762 9168
2771 9317
3203 18607
3381 17708
3648 18681
3910 10293
4011 17903
4141 21635
4589 13574
4783 20938
4839 5065
5049 21633
5065 13574
5065 17903
5065 20938
5065 21617
5119 17814
5272 16099
5362 16632
5479 21632
5616 11644
5782 21635
5935 21629
6203 17903
6203 21625
6810 16099
7749 7826
8119 11961
8197 20284
8272 15921
8364 12923
8484 14906
9152 21637
9888 15113
10268 16099
12252 21637
12885 16017
14653 18466
15079 15448
15505 21630
15875 21546
16099 21566
16632 21622
16803 20490
17322 21294
17708 21634
17814 17891
17955 21294
17955 21637
18354 21575
18466 21624
19945 21578
20284 21578
20565 20938
21126 21575
21227 21267
21294 21637
21337 21429
21493 21637
