28 3910
28 19301
76 897
83 15039
97 13578
110 2324
138 16099
140 7097
158 1990
158 2930
158 11214
158 15039
158 15168
158 21563
383 2582
444 21532
618 16099
881 21657
1106 6429
1361 16120
1393 2762
1794 15557
1831 9168
2027 21546
2324 15875
2534 9168
2582 9168
2582 14017
2762 5220
2762 5362
2762 9168
2762 12358
2762 17761
2885 21664
3059 21663
3168 15168
3405 21661
3636 21657
3707 12770
3791 10409
3910 16592
3910 17853
4390 15039
4783 21426
5065 9323
5119 8364
5119 21658
5125 13656
5220 8197
5362 14906
5362 18173
5363 21659
5493 21262
5720 18607
5935 10273
5938 7782
6373 20938
6429 11214
6429 21655
6596 15039
6624 20388
7792 8567
8197 19972
8197 20388
8712 16327
8712 21532
9168 14017
9323 19874
9649 21532
11214 16099
11214 21655
15168 21532
15168 21639
15168 21656
15168 21660
16099 21511
16099 21655
16120 16349
17322 21294
17955 21532
17955 21658
20399 21662
21532 21622
