28 3910
42 857
42 4193
42 6429
42 15675
76 138
76 730
76 1065
76 2399
97 857
97 2062
110 11066
119 6984
128 6984
149 1633
258 10641
315 6429
318 21382
383 2582
577 730
618 730
730 5272
730 7391
730 8197
881 18274
1065 5065
1065 15987
1144 15981
1144 21770
1185 1256
1185 9257
1185 17853
1185 21748
1369 18466
1370 5065
1370 5366
1393 17432
1413 14165
1612 2762
1709 18862
1922 21777
1995 5012
1995 5468
2057 3313
2062 5468
2095 21727
2158 2783
2223 17036
2399 2995
2399 5468
2489 11066
2762 14906
2771 9317
2809 6984
3484 9896
3799 4193
3910 8298
4193 18466
4589 6779
4783 21778
4924 21780
4924 21781
5065 11963
5065 15675
5065 18274
5100 17135
5141 12620
5739 6984
6429 15675
6503 21382
6917 16212
6984 15299
7071 18466
7156 21776
7839 7953
8119 11580
8124 11751
8197 15921
8409 16615
9122 9896
9168 17682
9649 21783
10347 16212
10600 12882
11340 21765
11418 21775
11751 14213
11751 15921
12059 18038
12070 21764
15474 17036
15505 15921
15921 19568
16096 21785
17955 18219
17955 21782
19116 21784
19197 21774
20430 21779
