26 21769
42 21768
74 20591
76 6429
76 13533
110 18617
110 21764
134 15921
184 3749
196 10846
258 10641
258 17891
280 3692
407 1636
477 19911
618 7097
659 17682
773 13240
857 17420
1057 15709
1106 11228
1144 21770
1193 2086
1199 21756
1421 17867
1517 10061
1709 18862
1763 21765
1763 21768
1763 21770
1877 21759
1908 15921
1917 17212
1977 17692
1995 17692
2057 3313
2223 20687
2240 16500
2256 5366
2256 8298
2256 21772
2762 15505
2762 21771
3041 21764
3065 4193
3239 6769
3313 16615
3484 15875
3484 18862
4193 17814
4193 17891
4193 21245
5038 21761
5065 21759
5065 21763
5100 13533
5141 21121
5272 18274
5272 21766
5366 6323
5468 21756
5720 17682
5822 13735
5822 17469
6189 13533
7991 16327
8197 8632
8409 16615
9152 20577
9152 21765
9168 18122
9379 9469
9851 10520
9888 13533
10641 18429
11340 21765
11998 15108
12233 18081
13959 15921
13967 21762
14158 18809
14213 15921
15505 17891
15539 17692
15875 21767
15875 21774
16554 21760
16615 21309
17718 19026
17891 21245
18466 18862
21121 21760
21767 21773
