29 48
46 6171
48 16099
56 4589
76 8363
76 18865
76 21144
153 340
158 4589
158 8712
158 21144
258 15505
340 4117
403 21700
412 10186
413 852
413 6947
467 1369
467 5159
536 1361
536 4507
536 14906
577 11343
613 10186
647 21704
686 16592
729 852
729 3177
729 3405
736 10006
762 21698
852 3707
852 6947
881 4949
891 1369
897 8363
963 19294
1006 3171
1006 19627
1106 1985
1115 2783
1185 21576
1206 1255
1334 2529
1361 8119
1369 5159
1413 7822
1625 2323
1657 6203
1657 21389
1664 21694
1709 15558
1709 15875
1709 20912
1717 8409
1742 8363
1804 17635
2019 3171
2027 16580
2256 12932
2324 20912
2771 9317
2783 4589
2783 21697
2956 8272
3313 6947
3545 12932
3910 6947
4382 21695
4382 21703
4539 6984
4589 5065
4589 21696
4783 6203
4783 21389
4839 7822
4949 5272
5270 21701
5272 10186
5366 21672
5616 19970
6203 21389
6373 16327
6429 8608
6429 21698
6548 8409
6839 17268
7006 21694
7073 7290
7290 21545
7391 21389
8608 13653
8712 21144
10061 15398
11214 16099
11228 20481
11797 17955
12125 21698
14017 17968
15204 21687
15505 17300
15675 15875
15875 21702
16849 16904
16849 18865
19116 21696
19422 20912
21381 21699
21695 21696
