2 1561
3 1006
12 1788
12 2297
12 2473
12 2485
19 158
19 2277
26 48
26 325
26 570
26 781
26 1255
26 1980
26 2214
29 810
29 1561
29 1972
30 76
30 90
30 153
30 382
30 461
30 506
30 703
30 1036
30 1361
30 1565
30 2297
30 2484
30 2485
42 892
42 1268
42 1980
42 2480
56 1561
75 204
75 539
76 1816
76 2223
76 2422
80 2481
84 670
84 810
84 1917
84 2282
120 2223
124 336
124 570
145 1255
153 461
158 286
162 2205
166 682
166 1561
166 1994
172 1214
172 1980
175 2406
175 2423
184 204
185 2483
196 703
204 1057
235 546
235 781
235 2480
267 570
267 781
285 691
286 999
302 810
312 852
315 370
315 610
348 1793
348 2406
356 1140
356 1636
356 1816
370 570
374 851
391 2482
411 2255
455 2475
455 2483
536 2057
539 1006
539 2019
546 1732
570 810
570 852
570 1255
570 1268
570 1413
570 1972
573 2480
610 1985
621 2274
621 2484
659 1894
678 2486
682 1861
691 1206
694 2483
703 1763
729 781
729 1268
729 1646
729 2480
729 2484
781 1243
781 1732
781 1917
781 2480
810 1917
852 1256
852 2057
852 2177
852 2488
859 1255
907 1644
907 2283
948 2445
948 2463
963 2484
1002 1929
1006 1268
1020 1615
1036 1763
1036 2406
1057 1268
1057 2254
1057 2458
1206 1456
1214 1877
1255 2282
1256 2057
1256 2477
1268 1753
1268 2489
1413 2482
1422 2483
1540 2482
1555 2446
1622 1661
1644 1985
1644 2488
1646 1732
1646 2282
1661 2487
1680 2472
1732 1972
1732 2062
1753 1972
1796 2465
1816 2132
1877 1980
1877 2480
1972 2158
2052 2057
2052 2214
2255 2445
2277 2489
2283 2484
2406 2472
2469 2477
