17 1868
48 5658
48 12525
76 762
76 3158
76 21666
76 21846
158 21845
158 21849
196 7443
258 383
258 5119
258 5362
258 10068
258 21845
385 4092
385 21852
440 5065
519 1361
519 2284
519 9158
526 11544
618 1774
618 5065
852 5720
852 17955
879 10399
948 3041
1115 16212
1375 8197
1393 1883
1413 5065
1540 3171
1551 21850
1636 1883
1774 2284
1917 21038
2019 2956
2095 2974
2284 9158
2284 13061
2284 18717
2284 19874
2529 5065
2583 5065
2583 5366
2583 8197
2583 21086
2762 5119
2762 9168
2762 17853
2762 21852
2783 21853
2956 8197
2956 19893
2956 21376
2974 9472
3226 5616
3239 15003
3313 8409
3545 10399
3799 15039
4092 9536
4092 21451
4092 21852
4187 15003
4187 15067
4187 16632
4839 18717
4860 14677
5065 5366
5065 10268
5065 21086
5065 21836
5065 21845
5089 5690
5119 21853
5362 7839
5616 20151
5720 7540
5720 21854
6189 15079
6373 16327
7443 17955
7540 18190
7741 15720
7749 21770
8409 16261
8712 20638
9245 21638
9245 21841
9536 21852
10068 15113
11943 21847
11943 21849
12923 21851
13967 14958
13967 15472
15505 17853
18717 21824
21451 21852
