19 4031
26 1413
28 852
29 6160
76 21666
97 21753
154 536
158 21845
158 21849
258 21262
258 21856
659 1122
762 9309
852 2488
852 2783
852 9309
852 21854
879 10399
881 21855
897 1572
897 21260
1005 16894
1091 21857
1115 16212
1144 21859
1361 21262
1390 9313
1392 15557
1392 21800
1636 19681
1877 15557
1879 20912
1972 21809
2095 2974
2095 14948
2107 21858
2223 2974
2284 2406
2284 21614
2292 15557
2307 4187
2307 8298
2488 21854
2583 5065
2730 7050
2762 3239
2762 6160
2762 14906
2762 17682
2762 17853
2762 21262
2762 21836
2783 9168
2783 21856
2783 21860
2795 21800
2956 21376
2974 9472
3239 15003
3239 17853
3313 8409
3313 9309
3346 3935
3636 21614
3935 21260
4031 21862
4092 21852
4187 16632
4234 12525
4234 21833
4924 21861
5065 21836
5362 16894
5616 5649
5649 11779
5690 11544
5846 10258
5846 15505
6373 16327
6373 20663
6624 21859
6947 21854
7516 17891
7741 15720
9152 21861
9245 10040
9245 21638
9245 21841
9425 20808
10258 21614
10690 21849
11340 20448
13967 14958
14906 21614
15505 19681
15875 21800
21262 21824
21614 21824
21638 21841
21666 21800
