17 5373
17 9896
29 5270
42 4589
42 8197
76 21877
138 3910
138 4589
158 11779
158 21874
218 6203
218 20151
258 8197
280 16327
280 19720
302 411
304 21872
315 20991
412 1002
613 3910
618 1825
762 3380
762 5270
852 21854
968 9671
968 16220
1002 3984
1065 4536
1065 5935
1065 8197
1115 20442
1115 21870
1185 3023
1185 5690
1198 2284
1198 9168
1198 17955
1269 19126
1359 3329
1359 21879
1393 16770
1393 19681
1633 5270
1636 3896
1636 20151
1636 21873
1825 6429
1917 20487
1995 17692
2095 12070
2223 21875
2256 21878
2284 3329
2284 4589
2284 19970
2522 3910
2522 11779
2692 21498
2730 7050
2762 11017
2762 13294
2956 19893
2956 21376
3234 3896
3329 5065
3405 18809
3461 16770
3882 19116
3896 5362
3910 15398
3984 21874
4187 6779
4200 21745
4382 20442
4589 6429
4839 11017
4964 21876
5065 11017
5065 20351
5065 21498
5065 21878
5065 21879
5215 9565
5270 20382
5362 21877
5366 20151
5652 16700
6203 16700
6203 20151
6429 15557
6448 20808
6779 9152
6779 21376
7947 13276
8137 14709
9152 21874
9809 17923
10789 20912
11656 21872
11779 14709
11779 16700
11779 18809
12358 21869
14709 15875
15837 20442
15875 20912
15875 21800
16984 21871
17955 21874
17955 21875
18466 20912
18779 21866
18862 20912
