76 6503
76 12252
76 21895
88 10706
108 9122
158 21894
258 14906
258 14983
258 20151
258 21831
298 15039
304 18122
315 11340
412 3239
412 4949
412 10117
455 2256
618 21892
636 686
686 2522
686 2956
686 6189
686 14753
686 14906
762 19292
762 21895
852 21073
897 2284
897 21897
948 7790
1115 16327
1198 5362
1198 6448
1255 21909
1361 16297
1365 10117
1393 4949
1393 5125
1393 15505
1393 18122
1393 20151
1413 15494
1413 21800
1687 5362
1751 19116
1779 14613
1794 21025
1807 15720
1831 16770
1879 3158
1990 5270
2081 21913
2256 21622
2284 21906
2336 3239
2412 2816
2412 8912
2412 15045
2412 16830
2522 15720
2762 21902
3313 5270
3405 16327
3484 21800
3865 11340
3984 21903
4011 14983
4187 21910
4216 5272
4384 5065
4536 19518
4652 10117
4702 21899
4771 20151
4783 21894
4878 6984
4949 11103
4956 6945
5119 19292
5119 21895
5125 6429
5159 16513
5215 19518
5270 5720
5270 21382
5362 6189
5362 18122
5362 21376
5468 21900
5471 21905
6203 21896
6373 21901
6429 8712
6429 19518
6434 17635
6779 21025
8298 21382
8613 19962
8712 16513
8912 19598
9152 15705
9152 21911
9168 15039
9565 21895
11103 21808
11340 21894
11779 12252
11779 15705
11779 20959
12424 18173
13686 19518
14621 21891
14948 18923
15494 16723
15705 20565
17682 21908
17955 20509
17955 21896
18022 21666
18122 19258
18855 21912
18862 21904
19472 20288
20151 21622
21879 21898
21907 21908
