8 9444
28 15557
28 21326
76 9427
451 20565
519 2762
852 2756
852 5690
881 5362
881 11214
881 15557
1361 2762
1361 8981
1361 20346
1742 3648
1794 6429
1973 15039
2122 22055
2223 20687
2324 21710
2583 22051
2730 3910
2756 6947
2762 5100
2762 12672
2762 13280
4783 22053
4839 22052
5100 13280
5100 19116
5362 15557
6373 22054
6429 15557
6596 13514
6779 12424
7991 22057
9152 15557
9186 15372
9323 22056
11214 13514
12672 15039
14906 18274
15240 22052
17244 21852
20687 21939
21770 22058
21852 21983
