28 1742
28 3910
28 13061
28 22011
59 1235
76 963
76 16099
88 5270
97 18949
110 5373
122 4507
158 1413
172 22023
290 963
304 4507
374 16716
374 19189
412 11103
461 2582
528 11062
539 1255
577 1854
577 8608
618 22021
621 963
621 2284
621 14677
621 18949
729 963
729 1540
774 4092
836 1854
839 21795
852 2177
852 3313
852 18190
881 16099
963 21265
1144 9152
1144 22022
1148 15505
1392 7792
1413 2868
1691 10918
1691 14677
1691 19607
1742 19970
1831 22017
1971 22023
2158 12885
2223 3910
2223 8093
2223 22019
2223 22026
2256 2775
2284 16525
2292 4783
2313 22013
2324 8124
2730 17625
2756 11214
2762 7003
2762 9168
2795 16322
2845 5270
2882 4822
3166 21795
3313 5089
3313 6817
3313 6947
3592 17545
3707 13157
3727 21545
3764 7534
3910 8093
3910 9888
4187 20151
4397 4822
4397 21711
4536 4822
4783 4822
4822 6429
4822 8608
4822 20134
4839 21896
4860 15039
5021 22025
5089 6947
5119 14631
5362 15505
5430 8712
6429 8608
6429 22025
6503 10293
8124 22023
9041 22002
9152 22022
9152 22024
9245 16099
9649 22018
11103 22025
11343 15720
12136 16750
12358 17761
12985 21998
12985 22020
13061 14677
13121 19607
13121 22018
13578 14856
13686 21622
14631 18038
15240 22021
15474 22019
16322 21800
17625 19422
17761 20403
17836 22026
17955 22016
18855 22003
19116 22024
20481 22021
