76 21979
83 2762
88 97
133 5430
138 1972
138 3329
138 16034
196 1972
196 3984
196 15474
249 15315
442 2739
519 2762
577 21983
837 5929
839 5929
852 21221
1002 21968
1060 11575
1144 1972
1144 15241
1359 21986
1393 2762
1633 2845
1633 5270
1636 5179
1879 6596
1879 8567
1972 3984
1972 6594
1972 7290
1972 19116
1972 21979
2095 5430
2095 11214
2095 13280
2095 17955
2095 21221
2111 2118
2313 21968
2390 21987
2739 7534
2762 3636
2762 4839
2762 11103
2762 14906
2762 16770
2762 20411
2762 20932
2762 21642
2786 21967
3107 20938
3166 21979
3329 13061
3405 21989
3441 21622
3744 16969
3748 16560
3843 21986
4031 4234
4031 17728
4117 5430
4187 21988
4216 21221
4370 13276
4839 5929
4839 21977
4981 19445
5270 9888
5366 5929
5382 7302
5430 17955
5430 18038
5720 11214
5929 17955
6034 13686
6429 11343
6429 11575
6429 19292
6503 12245
6629 19595
6629 20994
6779 6950
6950 20411
7043 9475
7290 9985
7290 19292
7290 21221
8197 21522
9168 21986
9888 20388
11103 19850
11214 21221
11343 15720
12358 15557
13686 21622
14588 16354
14621 21856
15705 19116
15706 21944
17545 19595
17955 21221
20220 21982
20508 21666
20674 21985
