0 22005
28 22008
28 22011
28 22014
29 16099
42 22015
75 1636
76 1787
76 3030
76 8197
76 16099
76 22015
196 618
196 1763
434 2762
439 3453
502 1365
621 14677
644 17866
729 22012
736 3910
762 3910
762 21800
774 4048
774 4092
823 10789
1185 7839
1365 1636
1365 8124
1392 4822
1636 8124
1636 16327
1636 20151
1657 21389
1857 22011
1972 5272
1990 9309
2095 3910
2095 12876
2204 21995
2256 2775
2256 22002
2324 22000
2374 21356
2389 4419
2389 6708
2529 6817
2529 22009
2762 5119
2762 6203
2775 9299
2795 21800
3239 22004
3313 8298
3313 16261
3313 21642
3361 10789
3484 22010
3707 5720
3707 13157
3910 6429
3910 12876
3910 13061
3910 21642
3984 7991
4031 10789
4031 15718
4193 7516
4193 15505
4419 6708
4507 21298
4536 21545
4589 5430
4822 8411
4924 22007
5012 20220
5119 17177
5362 15453
5362 15505
5362 22001
5550 6503
5550 8043
5550 14653
5560 8124
6429 6503
6448 10789
6503 10293
6779 10789
6817 22009
7000 19292
7003 9168
7290 21996
7839 18928
9152 22013
10789 19008
11203 11568
12985 21998
13061 14677
13578 14856
13686 21622
13990 22006
14621 21622
14906 20151
15156 18038
15505 22001
15875 22014
16322 21800
16463 21027
17011 22015
17177 17955
17955 21896
17955 21998
17955 22016
18855 22003
21027 22000
21939 21991
