28 201
42 8955
60 4135
60 22121
73 2845
73 6124
73 11340
73 17587
138 6124
196 13280
204 12358
258 6429
370 5394
442 22117
505 12358
505 17435
505 22122
524 16099
546 5172
577 22127
730 20989
781 18995
837 22125
1023 16099
1057 1365
1106 4746
1361 12059
1393 12358
1393 14906
1604 5938
1604 17955
1625 12358
1749 16099
1818 21462
1922 4589
2095 13280
2762 6779
2816 21462
2930 15156
2957 4949
2957 14906
3072 22125
3183 17322
3313 5089
3707 12358
3799 4589
3984 20388
4949 5822
5009 14677
5049 14381
5125 16332
5172 11214
5362 11751
5362 15553
5366 17027
5394 16560
5479 11779
5501 20338
5550 22124
5616 6429
5616 17027
5637 22126
5672 21779
5822 15720
6429 12358
6429 13514
6448 15553
7266 8608
7266 19849
7290 14906
8124 17027
8608 12358
8608 16592
12358 13514
12358 17761
13061 16753
13061 22123
13280 16560
15067 22126
16592 20586
16753 22123
17027 22130
17435 22122
18865 20376
20565 20938
21550 22129
22128 22129
