26 22035
42 22075
60 903
74 76
74 8363
76 6503
76 6596
76 15302
88 968
110 21473
110 21774
118 16560
162 6596
196 20435
455 15067
774 17216
839 3541
881 18274
904 12844
1115 15067
1115 21732
1185 2529
1206 22062
1392 15302
1392 20435
1393 22075
1407 9888
1540 14165
1825 6503
1877 22030
1917 5215
2223 22048
2284 2762
2529 3910
2650 22078
2730 17625
2762 11184
3107 20435
3313 6729
3910 9233
3910 12876
5007 10258
5065 9323
5065 22072
5100 9888
5362 20151
6203 21970
6203 22048
6203 22072
6373 20435
6448 11299
6448 11779
6503 10336
6729 8409
6779 20151
6779 22048
6779 22074
7109 13735
7266 19849
9994 21774
10440 11751
11061 21732
11242 21507
11299 15453
12358 20151
13735 22030
15505 17432
16354 21169
16753 19507
17427 22062
17545 21774
17761 20403
17761 22075
17965 22073
21666 22066
22030 22076
22035 22077
22070 22071
