2 22216
28 968
28 3910
28 12444
28 12876
29 14240
76 12444
83 18109
88 678
110 3592
110 12643
115 16017
136 1973
138 22235
153 3910
186 762
196 6434
286 2284
383 22226
412 2124
455 18109
531 613
577 10273
618 12358
618 22231
641 22228
698 762
762 5692
762 12444
839 22231
852 18190
1058 11779
1115 15309
1144 21472
1365 18109
1365 22231
1392 3910
1413 5649
1515 5265
1539 12444
1636 2669
1636 5119
1636 10273
1636 15240
1636 18109
1763 21472
1763 21797
1877 22236
1917 7006
1917 22224
2223 5725
2284 10186
2529 5720
2529 19606
2583 22237
2669 2762
2669 4839
2762 22150
2786 12444
2845 22235
3125 7006
3166 22231
3315 21319
3528 18554
3707 5089
3764 3910
3764 7534
3882 9562
3882 22234
3910 17836
4140 19606
4536 8608
4536 19886
4860 14677
4949 5366
5089 14323
5215 14677
5362 5649
5362 16017
5362 22230
5468 12444
5468 22081
5616 5649
5616 22230
5649 6779
5649 22230
5720 6817
5720 14906
5720 18109
5720 19606
6203 17713
6203 20663
6429 6596
6434 9168
6434 15698
6448 21797
6596 11214
8298 9818
8608 9368
9789 19116
10409 22211
11340 17866
14002 21642
16322 21800
16658 17866
16753 18546
16984 22232
16984 22236
18554 21666
20663 22084
22193 22233
