7 577
12 1058
12 1792
12 3368
12 8197
12 21666
26 1402
26 16667
28 7334
28 22202
42 1198
42 22204
70 6498
73 5468
76 7334
76 8363
88 97
110 19962
110 21876
110 22214
138 22202
138 22217
158 20753
258 8197
405 573
405 15875
412 22048
412 22204
455 15067
467 12358
641 20462
762 5692
762 6498
762 7991
796 22202
839 1057
852 22218
882 16770
968 22213
1058 22217
1106 22204
1115 20753
1392 22217
1636 12358
1636 22204
1636 22207
1742 8363
1788 3166
1788 8688
1792 6498
1818 15875
2102 7311
2102 22209
2223 16753
2223 21958
2223 22202
2223 22204
2223 22208
2223 22215
2529 22216
2650 22210
2670 22217
2762 4092
3123 15875
3636 22205
4092 8197
4092 22217
4390 11779
4765 22203
4839 22217
4924 22212
5012 17692
5012 22204
5089 14323
5672 22211
5706 22207
6373 22211
6429 22202
6817 22202
7749 21502
7867 22202
8055 12643
9425 21502
11184 22204
11779 22211
11884 21642
12358 22204
12643 19962
12643 21967
14995 21856
15309 20753
15453 22217
15875 21800
15875 22211
16322 21800
16984 22048
16984 22209
17072 22206
17867 22188
20481 22210
21666 22214
