28 8567
29 762
83 22045
97 6498
110 968
158 531
304 6429
304 8197
304 20220
318 1514
318 20921
433 21676
531 2919
531 5119
531 8197
531 20332
762 9309
837 9152
963 8567
1144 5386
1144 20707
1144 21502
1144 22247
1392 20446
2095 2957
2095 3893
2095 6429
2095 20989
2158 21676
2223 22256
2324 22250
2529 5720
2529 19606
2762 13280
2762 22252
2816 12444
3030 15113
3166 6498
3166 21676
3528 18589
3764 7534
3910 10068
4536 8608
4536 9444
4536 22249
4577 13280
4589 15240
5272 22253
5362 22254
5386 11779
5386 19116
5468 22045
5616 19241
6203 20663
6429 8197
6429 20921
6448 22248
6503 9444
6779 14789
6817 22257
6978 21604
7399 18589
8124 22250
8197 20220
8197 22250
8567 9152
9977 10420
11779 15113
11779 21502
13910 19116
15113 21502
15240 19241
16984 21676
17545 17955
17955 22255
19116 22255
22201 22251
