28 968
46 88
46 903
110 509
110 22329
138 1300
151 15549
196 22324
258 5362
258 17955
258 18908
315 5652
370 16327
412 22204
505 3030
509 8197
682 960
921 968
921 18539
960 2388
960 6429
960 10966
968 10293
1057 20807
1106 20807
1144 22322
1256 12672
1392 12620
2027 10206
2095 2762
2122 21666
2156 2762
2156 3947
2324 22329
2428 4605
2529 2762
2646 16984
2650 14030
2762 12672
2762 20807
2762 20921
3605 18038
3727 14677
4092 22280
4523 5652
4589 12672
4838 22280
4839 22280
4949 6189
5007 7107
5007 22051
5089 16615
5119 14030
5119 22280
5119 22330
5362 22280
5615 22328
5652 18539
5720 17007
5831 22036
6373 18484
6429 10966
6429 14677
6429 16327
7107 17955
7327 14030
8197 12319
9586 12672
10592 20388
10869 17955
12940 21614
14030 17955
14030 22261
15067 18038
15309 18551
21666 21846
21666 22327
21846 22327
22255 22324
