28 4031
29 73
29 762
29 8363
42 857
110 18554
110 20912
138 21895
196 14955
246 19153
304 5366
304 5616
304 8752
304 21846
412 22270
618 22266
659 14970
762 22264
762 22266
839 16984
852 3707
852 22265
1106 21701
1302 8363
1333 2770
1361 3910
1361 21895
1365 21895
1636 22265
1763 18794
1819 11943
1819 14903
1819 14906
1836 20481
1917 17185
1941 6124
2284 19676
2389 17958
2529 19606
2583 17891
2583 19676
2583 22268
2650 18589
2784 4589
2930 9948
3041 17692
3195 17923
3313 21895
3515 6680
3707 22265
3764 6680
3910 10068
3910 11943
4117 6680
4140 19606
4536 22266
5119 21895
5468 22081
5616 5649
5649 6779
5652 14955
5720 21952
5831 6680
5966 16270
6429 6680
6429 19292
6429 22266
8197 18554
8472 20228
9565 19622
10789 22269
11103 17185
14906 22265
14948 20393
15593 22267
16556 22262
16907 22265
16984 22264
17923 18539
17955 22271
17955 22272
18466 20912
19116 22271
19292 20288
19507 21952
20097 22204
20332 21939
21666 22273
