26 3107
26 22248
28 318
29 73
29 22280
76 20873
110 13922
110 19962
110 20912
162 3799
162 7071
304 5616
304 8752
318 15113
370 22282
383 11062
412 5366
412 22204
412 22237
412 22280
412 22288
531 12531
531 21879
577 762
613 22274
618 22266
729 20873
736 1917
762 6596
762 7290
762 9309
762 17923
837 22283
904 21895
904 22278
1144 8472
1361 22280
1390 7290
1392 22280
1393 4589
1514 20921
1636 8451
1636 19307
1636 22268
1636 22279
1917 2102
1917 22273
1971 19962
1985 3910
2583 11062
2583 17891
2762 21614
2950 21879
3177 22286
3405 22250
4031 19609
4092 10258
4536 22227
4924 19968
4981 22289
5119 11529
5119 12644
5119 20971
5270 6124
5329 22284
5366 22204
5816 7071
6124 9122
6203 22204
6332 22285
6429 6680
6429 17629
6448 22271
6448 22276
6596 22227
6810 22204
8197 12953
8197 22280
8197 22281
8298 14699
9425 22276
9905 22287
10027 12075
10277 21879
11580 22285
11779 21502
11943 22288
12075 22273
12157 19962
12358 15709
12370 19962
12953 22280
14694 16770
14694 22277
14903 18219
14903 22283
14906 22288
15761 22274
15832 22285
15973 22270
16327 22285
16349 22274
17629 21666
17692 19962
17923 22275
17955 22271
17955 22276
17969 20338
18539 22275
19026 22290
20512 22237
21697 22285
22177 22285
