42 18551
70 12644
70 17730
88 20437
100 3315
110 9412
110 13922
110 16206
110 18918
110 21876
153 15311
290 17730
304 5616
370 11273
372 19116
412 22204
515 1185
531 5119
531 14948
546 20873
549 7855
634 2839
641 4092
641 22288
736 22299
762 22297
1058 1365
1144 22298
1365 1917
1365 22280
1392 11214
1392 12620
1392 15311
1392 22292
1413 7290
1514 20921
1879 17629
1917 22291
1922 19915
1985 3910
2118 9412
2192 2770
2254 2770
2284 4248
2428 3453
2534 19944
2583 17891
2583 19676
3072 18551
3166 6498
3405 22250
3799 20338
3799 22048
3843 19685
3882 22295
3910 9233
4011 17527
4536 22296
4783 9412
4839 18551
4866 22288
5065 21614
5270 22300
5270 22301
5366 22204
6124 19116
6203 22204
6373 19685
6429 17629
8197 17955
8197 18551
8197 22237
8197 22280
8197 22291
8451 12358
9010 19849
9245 19676
9977 10420
10293 12157
10347 14244
11214 22292
11912 18551
12157 19962
12358 15709
12358 22292
12531 22294
12953 22280
14976 22292
15067 22270
15113 20565
15311 22285
15761 22274
15875 21876
16349 22274
16753 18546
16984 22293
17811 18551
17923 18539
17955 22298
18038 22204
19944 22280
20229 22285
20873 22298
21967 22297
22096 22293
