0 410
0 852
0 2546
2 2537
7 29
7 2538
26 76
26 2547
29 76
29 432
30 206
30 1818
30 2158
30 2284
30 2297
30 2544
37 1451
42 223
42 2541
75 2355
76 402
76 546
76 729
76 2284
76 2340
76 2484
76 2551
80 1812
83 2540
95 2509
97 1451
120 592
121 2547
134 223
141 158
141 2052
141 2340
153 302
153 852
153 1205
153 1256
153 2191
158 2518
158 2539
175 2158
184 1818
186 461
186 1787
199 1510
204 2396
223 303
223 539
223 2254
259 1992
268 2423
286 2539
298 2547
356 691
370 2191
374 536
402 403
403 2284
410 970
410 2297
410 2395
410 2540
412 1458
432 712
432 2128
432 2543
434 729
446 1974
455 1992
455 2057
461 1992
461 2062
461 2539
506 852
506 2546
539 570
539 729
539 1268
539 2122
539 2191
539 2549
546 2340
570 2423
574 1763
574 2535
577 2158
592 2284
620 1510
660 2191
691 1959
696 1226
696 1917
729 839
729 852
729 1198
729 1359
729 1793
729 1992
729 2423
729 2539
760 1179
802 1057
802 2519
836 2542
839 2158
852 1985
852 2546
852 2549
881 1817
881 2396
889 2536
904 2360
950 2223
960 1255
968 2158
1036 1972
1057 1198
1057 2191
1106 1255
1106 2191
1115 1931
1115 2545
1148 2396
1198 1812
1232 2544
1243 1763
1255 2191
1268 2019
1312 1947
1312 2256
1333 2340
1359 1763
1359 1992
1413 2191
1422 2535
1451 1958
1458 2518
1510 1992
1510 2423
1753 1793
1753 2423
1763 1992
1763 2548
1768 2052
1787 1812
1793 2158
1794 2269
1807 2530
1818 2158
1917 2530
1931 2545
1958 2518
1959 2234
1974 2254
1985 2057
1985 2128
1992 2267
1995 2518
2057 2256
2128 2256
2158 2539
2223 2546
2268 2518
2355 2416
2472 2546
2484 2546
2484 2550
2546 2550
