28 5065
28 22357
97 5029
110 22340
138 922
315 22365
412 22370
641 14906
641 22363
762 1365
762 17427
762 22362
762 22363
852 2529
852 3313
852 14002
881 18122
897 22362
922 22332
922 22366
1006 22362
1198 2956
1366 5334
1393 13298
1393 15453
1393 16349
1737 19874
1917 5334
1917 22367
2118 20777
2204 22362
2223 17112
2284 22360
2313 8451
2437 4384
2437 5366
2529 22357
2529 22359
2692 22361
2718 3785
2762 22339
3024 20488
3239 18093
3313 22359
3545 20150
3545 22339
3545 22365
3636 19600
3799 22357
3865 9671
3910 7534
3910 12358
5009 22340
5065 6429
5065 18116
5065 22211
5119 8197
5119 22362
5119 22363
5125 13298
5362 15505
5455 16099
5938 22369
6203 22211
6203 22354
6448 11779
6596 22211
6779 22357
6984 12709
7290 16349
7534 16349
8197 22363
8451 12876
9309 17929
9469 21370
10818 22364
11779 22362
12358 22354
13016 21121
13298 15505
13298 18190
14906 22363
15453 16349
15675 21265
16017 16349
16099 17867
17427 22359
18105 19860
18466 22362
19058 19600
19058 22211
22315 22368
