0 19
0 76
0 729
0 1451
0 2215
0 2416
0 2518
3 2158
7 745
7 901
7 1818
7 2158
9 302
19 97
19 121
19 1561
19 2128
19 2297
29 1265
29 1763
29 2128
29 2158
42 1002
42 1359
42 2430
42 2564
46 2255
46 2430
73 302
76 96
76 302
76 682
76 963
76 1057
76 1561
76 1818
76 2549
76 2551
76 2559
76 2564
80 312
80 1359
80 2428
80 2557
83 134
96 158
96 1115
96 1198
97 897
97 1561
102 461
102 539
115 2549
121 729
121 1818
121 2306
121 2498
121 2564
134 236
134 1002
134 1359
153 1818
158 618
158 901
158 1106
158 2306
158 2554
158 2557
172 2478
172 2553
206 662
206 1561
223 948
226 1491
226 1818
280 2158
280 2547
286 2554
295 2158
295 2350
295 2559
302 691
302 771
302 1381
302 1691
302 2158
302 2488
367 2559
374 1057
374 2563
383 2128
393 883
433 897
434 1256
434 2430
446 1312
446 2536
446 2547
455 2171
455 2549
461 618
461 904
461 1097
461 2122
461 2158
461 2306
461 2553
506 852
506 2550
506 2551
521 729
521 1818
539 801
539 1268
539 2158
539 2430
559 968
570 904
613 2465
613 2555
618 901
659 2518
662 1600
662 2562
679 1992
691 1691
696 2556
729 1818
729 2306
753 2122
760 1179
771 1763
773 2139
801 897
809 2158
839 2511
852 1818
852 2550
852 2564
897 968
897 1561
904 1036
904 1958
904 2272
904 2297
907 2455
907 2554
948 1818
948 2122
948 2158
948 2423
963 1333
963 1812
968 1255
1002 2549
1035 2027
1051 1831
1051 1980
1051 2256
1057 2306
1057 2498
1097 1268
1144 1550
1199 1359
1232 2544
1255 1561
1256 2554
1265 1763
1265 2057
1268 2019
1359 1636
1359 1812
1361 1818
1361 2564
1390 2158
1390 2564
1517 2416
1561 1658
1561 2272
1732 1794
1753 2553
1763 2561
1785 2128
1788 2158
1812 1985
1818 2158
1973 1985
1992 2455
2027 2445
2057 2552
2158 2318
2158 2488
2158 2559
2191 2408
2254 2527
2254 2557
2254 2563
2255 2430
2277 2559
2350 2559
2408 2559
2511 2558
2522 2549
2528 2549
2548 2561
2557 2560
