28 3910
28 10068
29 16511
88 805
153 852
153 21545
158 22456
158 22457
196 19116
244 20413
258 19116
258 21642
412 19116
444 11340
449 22460
618 19116
852 1185
852 2529
852 3313
852 5690
852 6817
852 15388
852 19116
904 22459
1106 19116
1115 22177
1198 5362
1393 22465
1640 22430
1657 2915
1990 21830
2223 22177
2333 2694
2756 15388
2762 8912
2762 16830
2868 19116
2915 11340
2915 20413
3313 6817
3368 22463
3528 16511
3540 12720
3910 4234
3973 7107
4048 11080
4106 22454
4187 9394
4518 19874
4839 7107
4855 16511
4855 20777
5049 15994
5119 22455
5270 16511
5362 6448
5373 15994
5616 17216
5690 6817
5720 22464
5816 11214
5935 6817
6203 22461
6373 22466
6817 10068
7290 22457
8197 15875
8197 19116
8912 16830
10816 22211
11340 14205
11340 19116
12644 20971
12720 14417
12940 17932
13844 21800
14044 17047
14903 14955
15113 22434
15875 18918
16322 21800
18484 21249
19116 19258
19116 21472
19116 22438
19116 22462
19970 20777
20089 21169
20955 22458
21666 21800
21939 22274
22315 22458
