26 1792
28 22396
29 17587
42 20673
42 22454
76 20138
110 4171
110 5917
110 8613
110 18287
110 22560
153 15038
158 22316
158 22350
304 2223
374 14017
490 12358
509 22561
610 1278
610 7399
613 22562
618 7097
618 21545
762 2529
852 8421
1144 2223
1144 6203
1321 20989
1392 20446
1818 22563
1877 22364
1877 22560
1917 18287
1917 22561
2057 22565
2158 2943
2223 11762
2333 22560
2583 4589
2598 11214
2692 19753
2767 16668
3707 22565
3910 4117
3910 5362
3910 5493
3910 16917
3910 22392
4090 10370
4135 4232
4171 19041
4232 5468
4232 6429
4382 22564
4419 22560
4589 5621
5065 22556
5119 8421
5119 22563
5125 22567
5469 22536
5831 22567
5938 13361
6373 7399
6373 22482
6498 17587
6779 22560
7955 8197
8281 14017
9444 22144
10347 19472
11580 21294
11580 22396
11943 15038
12720 14417
13539 22566
15671 20928
16984 22510
17461 22338
17955 19472
17968 19505
17969 20338
18287 22551
19109 21758
19753 22550
19874 22350
20673 22560
22316 22350
