28 11228
28 20762
30 16639
37 16129
42 881
42 19865
42 22581
73 3078
76 20762
110 8197
158 2868
172 8197
258 4092
338 22487
412 1057
412 20291
467 14067
536 3226
552 6247
572 1743
852 3707
852 9309
875 18811
881 4589
1011 1365
1115 22577
1115 22588
1170 1563
1170 5362
1170 16549
1361 15394
1361 22581
1393 2762
1514 5938
1636 3707
1636 20291
1636 22576
1636 22584
1717 9309
1742 21121
1794 22487
1917 16513
2223 19753
2223 22396
2762 22590
2868 21614
3166 20762
3322 19700
3477 15765
3707 6429
3707 9309
3707 11228
3707 15113
4031 21811
4092 22582
4135 21121
4187 19753
4187 22584
4589 11103
5065 18121
5089 9470
5125 6189
5125 22589
5174 8197
5468 20762
5550 20762
5652 22360
6429 22472
6448 8119
6640 19700
6942 22360
7792 22396
8197 18183
8197 20762
8197 22579
8197 22580
8298 19753
9649 20762
10168 22583
10273 20291
10347 22584
11340 22518
11943 22504
14631 22584
14903 22587
15025 15113
15547 18183
16610 20138
16668 22585
17955 22582
17968 19505
19481 22577
20955 22587
22285 22396
22338 22586
22577 22588
