29 2718
41 3707
42 21510
43 15113
48 5468
110 6629
110 8197
110 21119
110 21510
110 22604
110 22608
138 12125
280 22382
304 3910
304 19600
467 6596
881 5521
883 18949
1106 20151
1115 22588
1115 22610
1278 5938
1300 7583
1393 15525
1636 5009
1636 5362
1745 18038
1877 11203
1922 11042
2057 3707
2057 9985
2223 16033
2529 9985
2529 22611
2534 11116
2694 22607
2756 3707
2756 9985
2762 5521
2762 9565
3013 22431
3041 21119
3041 22603
3065 22606
3707 15444
3910 4839
3910 6429
3910 8093
3910 12876
3910 14631
3910 21642
3910 22605
4092 22431
4536 5009
4536 5065
4536 22487
4838 22611
4839 16349
5065 22487
5089 16261
5125 22589
5362 22144
5366 20151
5521 9168
5521 11340
5616 11203
5699 22607
6429 7897
6448 8119
6629 21119
6779 22144
6817 10347
6947 16261
7487 12923
7749 18385
7792 10068
8119 22613
9985 15444
10293 19041
11061 16033
11184 22606
11203 21510
11214 18632
13280 22562
15067 22270
15505 22612
15553 22612
15875 21510
17994 20151
18179 22609
19002 21575
21086 22609
21119 22364
21666 22273
21666 22608
22273 22608
22392 22471
