28 11436
29 4465
30 2111
42 1365
42 4187
43 7097
43 22582
75 12319
76 11587
88 21121
110 15675
115 16017
280 5009
280 9649
280 14677
304 21846
315 7399
370 8119
412 15525
467 7097
577 7097
577 22591
595 22601
762 3166
762 11587
762 22595
852 6223
891 5493
1170 6448
1256 21642
1365 20762
1393 5125
1393 15525
1561 14631
1636 15525
1745 5471
1745 5935
1745 18038
1745 22144
1794 7186
1794 11234
1794 16993
2111 7097
2333 13707
2529 10068
2593 11751
2593 21206
2598 11214
2762 3935
2762 15525
2762 22590
2957 18470
3013 22431
3166 20762
3707 9309
3707 15525
4536 5065
4536 6596
4536 7097
4536 22487
4589 22144
4839 22598
5065 6429
5065 22487
5065 22599
5089 16261
5174 8197
5270 11587
5366 18632
5493 7516
5550 22602
6161 22593
6429 22472
6596 7097
6596 22487
6779 15525
6779 22487
6842 11587
6947 16261
7156 22588
7738 18121
7955 21200
8197 22571
9214 19753
10293 19041
11184 19116
11214 18632
11587 22544
11943 22504
13016 20138
13686 16665
15067 22270
16665 22525
16904 22487
18056 22600
18434 19116
20092 22592
20955 22587
21038 22594
22596 22597
