28 22396
30 1742
30 16639
110 3592
110 5917
110 18287
122 4589
191 5938
258 5493
280 6781
298 1057
635 21758
762 2529
823 16099
1144 22569
1185 5706
1185 6947
1185 17853
1198 5362
1198 11751
1392 22519
1413 16500
1794 13515
1877 15968
1917 16513
1917 22561
2057 22565
2057 22573
2095 19753
2156 4589
2287 4187
2598 11214
2598 18632
2762 4092
2762 15593
3030 16373
3592 15875
3910 16917
3910 19116
4397 12641
4589 5128
4589 15593
5065 10198
5065 15113
5065 22568
5089 15706
5089 16615
5119 22563
5119 22569
5706 17853
5938 16373
6373 11443
6429 7097
6429 11443
6624 15113
7097 8197
7792 22396
7955 8197
10347 22572
11103 22569
13686 16665
15113 22434
15236 22570
15453 18183
16758 22571
19655 19901
