28 3910
42 79
73 9888
76 1135
76 22658
95 20430
110 15675
110 22584
196 6332
196 15113
196 22671
258 3973
258 22660
289 3764
338 22663
613 22664
621 22360
621 22671
762 1365
1002 22658
1144 22584
1231 22663
1365 20494
1379 3727
1422 21758
1636 2868
1636 8197
1832 3764
1879 1917
1917 3107
1922 22664
1965 5366
2095 2529
2095 3973
2111 7097
2148 3614
2355 6596
2527 3239
2692 22668
2762 14955
2868 4092
3041 22658
3345 16182
3414 5521
3614 5065
3707 3973
3727 15505
3756 22670
3973 6203
3973 10293
4092 5065
4092 22315
4092 22665
4135 22658
4187 22641
4839 9562
4964 22658
4981 17761
5065 22662
5065 22665
5270 11066
5362 10177
5471 18038
6203 19600
6203 22584
6339 15113
6817 12770
7147 20393
7290 16182
8197 22660
8600 18789
9562 12713
9888 22658
10061 22392
10177 15557
10177 17761
10347 22292
11066 15045
12125 22663
14215 17482
14470 22292
14657 22624
14903 19308
14948 22661
15045 22669
15113 19116
15113 22658
15698 22662
18383 20435
20393 22434
21033 22480
22315 22667
22661 22666
