26 7772
28 3910
42 2583
42 3727
42 6339
42 9888
42 15113
42 18865
42 19520
42 22652
73 3505
95 22360
110 22673
133 7607
370 18417
383 4589
467 1917
467 1965
621 7607
621 22671
659 762
659 2526
762 852
837 7772
852 16592
1144 22584
1365 2868
1818 2526
1917 2102
1917 18417
1965 3787
1965 5366
1965 6596
1965 11203
1966 16993
2102 2526
2111 4031
2582 19320
2583 3727
2583 5455
2730 13686
2934 14677
2974 22315
3041 22673
3377 8632
3910 15875
3910 21800
4092 22667
4589 5065
4981 17761
4981 22230
5012 14262
5065 8567
5065 9323
5267 18539
5366 7772
5366 15557
6223 22676
6339 16298
6373 15113
6373 18417
6373 20376
6640 15113
6779 18539
7147 20393
7772 20291
8119 9888
8119 22396
8137 22360
8197 22673
9168 10685
9323 10461
9562 15144
9649 20376
11103 22673
11751 22674
15144 22672
15557 18539
15557 22674
15875 21800
15941 22360
17482 20941
21800 22557
22315 22675
22434 22637
