0 2578
2 76
2 287
2 659
2 729
2 1985
2 2597
7 76
7 2501
19 26
19 88
19 184
19 1458
19 1818
26 76
26 88
26 302
26 370
26 729
26 2598
29 157
29 434
29 570
30 682
42 852
42 1256
42 1390
42 2255
43 76
43 712
43 1604
43 1972
43 2589
43 2595
46 1971
61 1971
73 157
75 539
76 97
76 509
76 536
76 539
76 1256
76 1458
76 2254
76 2597
76 2601
80 2597
88 729
95 610
95 671
95 1474
95 2254
95 2589
113 539
113 1753
120 570
121 1012
123 506
124 2256
153 410
153 1604
153 1691
153 1787
158 2592
171 2396
172 461
172 1256
172 2255
184 729
184 1256
198 2255
206 2297
236 1793
267 1661
280 536
280 1390
280 1985
280 2589
285 1831
289 1818
290 897
302 570
302 1256
315 1036
315 1972
351 817
370 1818
370 1917
370 2214
388 2599
394 948
434 1379
434 2128
434 2591
442 2254
455 2374
461 817
461 1972
461 2214
461 2589
461 2597
519 536
536 659
536 891
536 1057
536 1691
536 1980
539 2254
562 1422
565 1747
570 817
570 1256
570 2319
608 1818
613 2568
641 852
659 1177
671 1359
671 1985
682 1691
682 2472
691 1206
694 1561
694 2589
712 1359
712 1839
712 1972
729 752
729 1458
729 1818
729 2501
729 2589
729 2597
752 1206
752 1256
752 2177
752 2596
771 1971
796 2501
817 1206
817 1256
873 2374
891 1359
891 1980
891 2254
891 2571
897 1793
901 2592
928 1818
991 2255
1006 1948
1012 2579
1017 1561
1036 2406
1057 2545
1177 2535
1201 2568
1206 1256
1206 1787
1206 1844
1206 2269
1214 1971
1247 2593
1255 1793
1255 2254
1256 2214
1268 1948
1268 2430
1333 2254
1341 2587
1359 2254
1359 2374
1379 2599
1458 2589
1474 1972
1510 1971
1540 2600
1571 2482
1604 2482
1622 2219
1661 2219
1661 2501
1691 1787
1691 2472
1753 1971
1753 2111
1753 2580
1787 2254
1787 2411
1787 2472
1787 2579
1839 1972
1839 2540
1908 2600
1917 2214
1971 2389
1980 2594
1985 2589
1985 2594
2052 2214
2177 2596
2214 2594
2234 2591
2254 2582
2255 2501
2256 2597
2406 2590
2411 2579
2594 2595
