7 8068
28 6817
43 17923
76 16511
76 17923
90 21128
110 10293
110 22742
138 22744
153 15557
239 15045
298 22747
370 22733
370 22737
383 4589
444 22749
621 16936
621 18749
641 3799
730 22739
762 16936
762 22738
794 16120
837 1657
837 22748
852 3910
852 6817
883 2357
891 15557
891 22487
897 4783
1002 5822
1006 9614
1058 22487
1375 22740
1539 16511
1742 9573
1779 22743
1788 13578
1818 22737
1879 22743
1917 6596
1917 22487
1959 15941
2499 2583
2499 22624
2527 8197
2529 22744
2583 3984
2583 16120
2583 22747
2598 8712
2598 22487
2860 5065
2995 16511
3024 3791
3158 16963
3239 8197
3361 22737
3515 21642
3693 22487
3799 21021
3910 6817
3910 22392
3984 11751
3984 17761
3984 20494
4092 22722
4216 8197
4234 17923
4280 20735
4589 5362
4771 6373
4783 16511
4926 7028
5065 5366
5065 8197
5065 11203
5065 11750
5065 11751
5065 15557
5065 20218
5065 22751
5065 22752
5366 22364
5366 22487
5468 9573
5822 6779
5935 22487
6189 17285
6203 6332
6203 16120
6203 22736
6429 22487
6498 16511
6596 7741
6596 22487
6779 22487
6917 15309
6917 22717
7749 16936
8197 22487
8197 22707
8197 22752
9241 17804
9257 16120
9323 22487
9649 22735
9737 16984
9737 22732
10068 22744
10293 17923
10293 22742
10347 15113
11051 14184
11214 15113
11214 22710
11340 19676
11751 15167
11751 15557
11943 14621
13061 22750
13578 21382
15345 22315
16349 22747
16828 19676
17741 17804
17804 20494
17955 20435
18260 22739
19389 20494
20494 20687
21666 22743
22338 22741
22707 22715
22745 22746
