0 16639
42 1198
42 2583
46 18811
59 6373
76 16614
76 22800
83 15129
84 1792
108 3177
122 11242
133 1792
138 1255
196 22587
226 20724
304 4507
412 1812
444 3086
467 762
505 1198
528 22793
528 22797
573 21718
577 21906
621 5550
659 2598
659 2762
659 3239
659 3313
659 3953
659 8093
659 11103
712 16128
762 4536
762 5272
762 22696
963 5935
1002 5125
1002 22801
1106 2762
1106 22459
1198 5366
1206 1787
1359 22780
1657 5119
1657 12940
1787 13694
1792 15929
1804 15129
1812 16099
2197 22810
2223 8119
2284 22808
2313 13280
2691 16614
2756 6947
3239 11080
3239 22798
3313 5649
3313 11587
3838 17867
3910 22471
3953 4187
4031 20724
4092 22806
4536 21832
5065 13280
5125 5616
5125 9466
5125 18617
5362 22805
5363 19911
5471 12941
5616 16984
5616 22790
5616 22803
5935 11203
6203 22397
6373 15929
6429 21832
6498 20437
6498 22804
7213 21751
7647 17322
8197 21718
8981 22793
9152 22799
9425 20435
10277 22798
10293 20724
10846 11214
11203 22797
11214 15113
11242 20462
11340 22780
11340 22809
12125 21906
12125 22802
12876 16614
13016 20777
14955 19116
16128 21687
16182 16614
16511 22396
16610 20724
16614 22803
17427 21840
19116 20388
19600 22624
20740 21840
21622 22782
22315 22587
22364 22807
