28 19292
29 16639
42 6456
42 10293
42 15557
110 21289
110 22557
138 16639
138 18713
196 7399
258 5362
610 736
659 16099
659 16770
736 7399
762 16639
773 15113
803 1657
852 13061
1017 2860
1193 6643
1198 22833
1359 17366
1514 4280
1514 21906
1636 22838
1657 1787
1657 22808
1819 3453
1879 22813
2223 15952
2284 11242
2333 17958
2389 15675
2389 21666
2670 4140
2762 6596
2762 20648
2775 9562
3239 19600
3313 6947
3356 4839
4031 22821
4140 5720
4280 19211
4280 21906
4382 7399
5009 17718
5247 10277
5362 18190
5362 22805
5468 22821
5468 22839
5658 16639
5938 21906
6102 15113
6160 18681
6373 20388
6498 16639
6779 22837
7399 11340
7647 17322
8119 8712
8197 22839
8281 20807
9152 15113
9241 22833
11214 18681
11214 22557
11340 22833
11344 22024
11943 22392
15067 18484
15252 21933
15345 22836
15366 22685
15557 17994
15675 21666
16610 20656
16610 22557
16617 17718
16753 19507
17692 22557
18748 22839
19326 22790
20857 22837
22106 22798
22820 22825
