29 22544
48 2650
76 17374
110 13185
138 3856
138 18622
153 686
158 5009
158 7792
196 2730
258 17891
383 4589
412 22837
446 15549
546 15113
610 6373
610 19879
659 5637
659 20462
659 22852
729 8298
736 8119
762 4536
773 15113
794 13686
837 22857
852 15240
928 18617
928 20036
1302 22544
1359 1640
1365 10911
1365 22771
1636 22843
1640 4839
1742 22544
1922 4507
1922 5362
1922 5455
1922 15505
1922 22843
2582 4589
2583 22852
2598 20179
2650 4234
2669 22846
2716 16904
2730 2762
2730 5119
2845 5468
3155 16615
3226 6779
3239 22847
3361 12319
3910 8093
3910 15240
3910 22392
4187 15549
4187 22841
4839 11061
4839 15474
4839 22855
5065 6852
5065 13280
5065 22845
5119 22856
5119 22859
5471 11214
5720 13280
5720 22860
6373 22858
6779 8197
6779 22790
6779 22843
6917 7792
7097 15875
7311 22851
7792 9888
7792 12372
8067 17912
8197 21417
8298 18847
9241 11580
9421 16099
11344 22584
11760 14469
13276 15875
15240 22392
15291 20179
15875 22853
16252 22843
16610 22854
17414 22315
18202 22716
19463 21294
19507 20179
19879 21169
19962 22795
20169 20334
20179 22850
20955 22587
21177 22855
21294 22716
21622 22849
22818 22843
22820 22825
