26 7772
42 1792
42 4931
42 11203
42 21666
42 22211
43 22211
73 1206
76 1792
110 10966
110 20169
110 22607
110 22807
122 15039
196 1763
304 22315
315 21169
444 20413
528 1256
659 3239
730 5672
730 11103
881 2583
1048 8197
1390 22527
1514 21419
1657 1787
1657 3910
1657 5119
1657 22808
1763 18844
1792 21666
1812 11103
1917 22211
2292 6429
2583 11203
2583 15067
2730 15113
2821 20921
2943 22238
3030 14281
3636 22818
3856 5530
4011 15345
4031 22821
4280 20921
4523 22238
4536 7097
4589 5616
4589 6779
4783 22527
4839 15067
4839 15345
4908 22820
5089 10939
5125 9466
5270 15440
5366 14165
5430 20210
5479 22822
6429 22759
6624 18844
6947 22819
7534 13929
7989 22795
8666 9573
10347 12770
10966 21666
11865 22238
11912 15440
11912 18844
14165 17671
14328 22824
14417 16946
15875 22211
16610 20777
16984 22823
21840 22820
22362 22364
