2 1251
6 1256
6 2602
7 196
19 1131
21 691
26 370
26 2468
30 682
43 236
43 928
59 2589
75 1276
76 1131
76 1243
80 434
80 1256
80 1276
80 1359
80 1636
80 2455
83 2603
84 418
84 580
84 1735
88 158
113 1753
138 509
138 2613
153 1256
153 2189
153 2607
158 1115
158 1255
184 2609
226 1131
236 573
236 1171
236 1256
236 1268
236 1753
249 2169
289 1657
312 412
318 1980
338 968
338 1268
370 2214
374 2611
382 2563
418 2445
434 1256
434 2319
434 2579
461 1276
461 1338
461 2563
461 2579
461 2612
486 2602
539 1422
565 1131
573 1947
580 2614
613 1451
613 2609
644 659
644 2606
659 1604
659 2256
703 893
826 898
826 1540
852 2609
893 1243
950 1115
1012 1362
1012 1818
1024 2602
1036 1247
1048 1917
1205 2579
1206 1947
1211 2324
1232 2563
1243 1561
1243 2563
1247 1724
1247 1818
1247 2284
1255 1256
1255 2319
1255 2522
1255 2534
1255 2563
1255 2607
1256 2518
1256 2534
1256 2607
1276 2254
1359 1636
1359 1831
1359 2254
1383 1561
1383 2563
1413 2563
1422 1812
1422 2609
1451 1985
1510 1561
1510 2340
1510 2563
1561 2563
1661 2219
1753 2563
1753 2610
1794 2607
1818 2284
1818 2603
1921 1971
1947 1972
1947 2148
1972 2268
2052 2214
2052 2468
2191 2611
2214 2358
2254 2563
2254 2582
2255 2604
2319 2408
2340 2563
2355 2611
2411 2607
2411 2609
2455 2611
2534 2607
2589 2608
