14 5935
14 19893
42 22875
43 4585
73 138
73 3856
76 138
97 20777
122 6779
158 7792
201 8298
221 4771
221 8913
304 22798
315 22514
412 18116
412 19046
412 22798
413 22884
461 20475
502 22885
528 18116
577 16988
610 22873
641 18116
729 8197
762 9309
881 22869
1058 3029
1321 22882
1393 22392
1393 22838
1636 5065
1636 9789
1726 5141
1922 8197
2323 3712
2323 13965
2529 22884
2974 22032
3147 8281
3712 22584
3712 22882
3856 9888
3910 15240
4092 5616
4092 22881
4232 4390
4382 22335
5065 22790
5065 22875
5089 16436
5119 22883
5141 20777
5468 22514
5616 21621
5822 8596
5938 22882
6203 22875
6624 20388
7398 8494
8055 22880
8067 14621
8197 15185
8197 18503
8197 20777
8197 22880
8712 22875
9309 22862
9421 16099
9888 9924
11344 19064
11344 22878
14501 16076
14501 21800
15875 22880
16830 20777
17955 22875
21614 22867
22396 22882
22879 22880
