25 810
25 2243
25 2468
26 810
26 2243
26 2618
30 1763
30 1818
43 153
43 536
43 810
43 1561
46 236
46 729
46 2594
56 1763
59 1604
69 1390
73 682
73 1012
73 1972
76 2319
84 729
84 1735
94 1561
97 1561
100 1268
113 2379
123 519
123 729
123 2612
132 2254
138 2616
145 2309
153 852
153 1909
154 2522
158 1909
158 2615
196 1812
206 812
206 2243
236 1171
236 1256
236 1268
236 1894
238 2243
249 1366
289 2340
302 2622
318 348
335 904
338 968
370 410
370 2522
370 2594
370 2620
374 410
382 1243
410 2522
412 536
412 1863
434 1255
455 1604
519 2214
519 2612
536 729
536 891
536 1510
539 891
539 904
539 1366
539 1413
539 1540
539 1753
539 2319
539 2468
544 1335
618 729
641 1422
729 1510
729 1661
729 2468
729 2612
729 2622
810 1917
812 2612
836 1359
852 1844
852 1909
852 1947
852 2148
891 1268
891 1540
897 1561
904 1359
904 1366
950 1115
968 1971
1002 2355
1012 1255
1012 1972
1012 2319
1036 1561
1036 2579
1131 1763
1243 2620
1255 2319
1255 2622
1256 1793
1268 1753
1268 1971
1287 1517
1333 2254
1335 2598
1359 1474
1359 2582
1366 1753
1413 1561
1413 2582
1474 2582
1474 2606
1510 1661
1510 2355
1540 2522
1561 1958
1561 2297
1561 2340
1604 1785
1636 2148
1753 2122
1763 2620
1812 1917
1812 2522
1818 1909
1863 1972
1908 2254
1917 2522
1972 2148
1972 2621
2052 2598
2214 2598
2214 2612
2254 2465
2292 2522
2455 2598
2482 2619
2522 2594
2522 2623
2615 2617
