14 19893
43 22887
73 3856
122 12672
138 22332
138 22885
138 22888
158 2529
158 22890
315 7399
370 22886
412 4187
412 9536
502 852
502 2598
502 8197
502 22885
610 7399
610 22886
621 22885
1002 22891
1011 22886
1091 22886
1115 8119
1144 22862
1144 22890
1191 3516
1191 12358
1193 2111
1622 17506
1972 22886
2529 22431
2529 22888
2598 22890
2694 20673
3030 16327
3505 9888
3516 3636
3545 3865
3707 4585
3856 9888
4044 19431
4234 8608
4585 16099
5036 8363
5089 5690
5089 10939
5089 16436
5089 22889
5119 22886
5366 11751
5366 22891
5935 22798
6596 22893
8067 8608
8067 18503
8197 15185
8197 18503
8472 11241
8608 12358
9985 22886
10293 15185
10293 22894
11214 22888
11344 18484
11912 22894
11943 18116
14323 22889
20067 22886
20494 22886
21294 22871
22332 22888
22392 22888
22871 22892
