110 15113
110 21666
110 22454
338 15092
383 22843
412 11340
573 1255
621 22947
774 22798
839 4523
839 11241
1002 22951
1361 5065
1636 22949
1763 6332
1879 22813
2158 11340
2223 11580
2534 17718
2715 9565
2762 22798
2816 22947
2930 6945
3636 22838
3712 22950
3882 22950
4092 17255
5065 22900
5065 22921
5065 22940
5119 6102
5119 19890
5119 22948
5125 22798
5362 22900
5362 22949
5616 19890
5822 6203
5859 20604
5935 22939
6373 16327
6779 8067
7391 15705
7391 18749
8067 8608
8067 15557
8297 11241
8433 16099
8494 15092
8712 22948
9122 16639
9323 11830
9529 20558
10293 22888
11545 17255
15505 16099
15505 17015
15941 22948
16099 17923
16099 20058
16610 20777
17923 20656
20676 21169
22524 22852
