28 22423
28 22912
43 22907
96 16639
110 22794
218 852
249 6779
258 5616
370 22886
383 4234
392 20775
434 20775
524 4860
610 4059
610 22886
852 2767
852 8197
852 12479
852 20179
917 2762
917 5065
1144 22903
1214 3727
1361 22902
1365 5471
1393 22901
1453 22904
1640 2583
1657 22679
1657 22780
1922 18105
1922 22905
1941 22910
1972 4187
1972 22886
1996 22890
2128 3157
2292 3727
2437 5127
2730 22886
2756 3155
2816 22911
3155 16615
3166 9122
3166 16639
3313 5089
3313 11214
3320 20775
3329 5471
3712 20775
3727 4216
3727 4536
3727 6429
3727 7290
3727 15557
3910 20179
3984 22832
4092 20430
4117 22794
4783 22798
4839 22905
5012 12070
5065 20673
5065 22790
5119 22903
5125 22798
5270 22910
5362 22510
5362 22798
5366 22584
5468 22911
5471 22913
5616 15505
5616 20430
5616 22798
5831 15952
6300 16182
6339 22873
6373 16327
6429 15557
6498 22910
6596 8067
6596 8608
6779 8067
6917 22350
7738 20179
8121 12070
8197 20179
8409 20775
8604 20775
8712 22907
8773 20775
9412 16610
9446 15064
9446 15505
9446 22798
9888 9924
9985 22886
10293 22912
10684 21294
12348 22908
15240 22798
15240 22909
15973 22315
16830 22911
17671 22798
18105 22905
19116 22905
19962 22795
20067 22886
20291 22905
20565 22914
21758 22624
22315 22898
22364 22906
22790 22798
