28 16753
42 22962
48 2650
48 4031
48 19645
76 8297
110 22972
138 2762
138 22798
138 22967
153 20750
170 3653
192 22967
258 10293
618 7097
641 730
659 2762
659 6982
852 11436
852 16099
852 21642
897 18627
1002 11592
1256 3707
1365 2762
1393 22798
1393 22872
1458 20750
1636 22966
1763 6332
1794 22888
2019 2956
2019 22790
2223 10068
2286 11592
2411 20750
2583 6373
2583 18484
2583 22968
2739 2762
3065 18470
3065 22798
3107 5065
3107 6448
3107 18484
3239 18484
3313 22974
3381 9888
3578 22973
3712 22958
3727 22970
3910 8093
4092 18484
4234 17916
4783 18484
4930 20750
4964 22966
5065 5616
5065 19292
5119 22943
5119 22970
5270 6498
5362 5616
5362 5935
5362 7955
5362 15505
5471 11214
5616 6498
5616 18484
5672 13957
6429 6779
6498 10918
6852 22968
6947 9309
7801 22974
7955 15505
8093 22968
8297 22914
9241 21617
9766 17635
9789 12713
9888 9924
9888 22968
10068 22888
10206 17635
10520 17916
10918 18539
10999 22969
12075 22396
12358 22966
13061 22968
14621 17947
14970 18463
16753 22968
17655 21666
17916 20604
20120 20777
22494 22971
22798 22966
