0 2626
2 1232
25 729
25 2003
25 2243
26 810
26 2540
29 30
29 2622
30 336
30 859
30 2003
37 2634
42 275
42 546
42 810
42 1422
42 2598
43 613
46 1658
46 1753
61 762
61 875
61 1793
61 2412
73 2627
75 2583
76 771
76 1255
76 2622
83 2540
88 286
88 999
96 644
97 178
97 287
97 904
97 948
97 2612
98 1034
100 1268
123 519
123 2612
132 1763
135 433
153 455
153 852
153 2223
178 1818
179 2631
204 1861
236 852
259 2629
275 810
315 370
315 1818
336 859
370 729
370 839
370 904
370 2214
404 2609
434 2631
455 1785
461 2540
461 2626
519 2612
536 618
539 2355
548 2581
618 1510
621 1763
692 2064
694 774
703 1413
703 2579
712 2540
729 1818
729 1883
729 2468
729 2626
762 2223
762 2628
771 2003
774 2582
803 1785
810 2630
812 2612
836 1359
852 1909
852 2057
852 2624
852 2625
852 2627
852 2628
859 1268
859 2003
904 1036
904 1971
904 1972
938 2352
1002 2355
1036 1247
1097 1540
1097 2626
1128 1861
1141 1422
1169 1572
1197 2254
1198 2527
1206 1255
1206 2622
1243 2620
1255 2319
1255 2612
1255 2622
1256 1861
1256 2057
1256 2624
1256 2625
1256 2626
1300 2430
1333 2254
1359 1474
1359 1861
1359 2634
1366 1742
1401 1861
1458 2623
1458 2632
1458 2633
1474 2582
1474 2606
1501 2254
1501 2522
1540 2522
1636 1861
1753 2574
1763 2620
1779 2355
1787 2622
1793 2412
1818 2412
1861 1994
1861 2254
1985 2057
1985 2628
2052 2214
2052 2468
2052 2609
2214 2307
2254 2355
2396 2600
2518 2628
2624 2625
2632 2633
