43 11587
48 20279
48 21280
76 22460
83 20777
89 23124
95 6781
95 23113
110 13276
110 23103
138 730
240 13240
374 20977
412 23111
461 15720
467 23098
613 18713
659 5362
762 1836
762 3835
762 6373
762 12090
762 22460
773 20777
823 6373
852 22862
968 5488
968 9122
1002 20220
1002 22838
1057 4187
1057 23111
1058 21280
1065 10347
1144 11340
1144 11580
1256 3707
1365 18713
1365 22862
1393 22838
1454 12070
1604 17950
1664 22460
1664 23101
1831 5935
1831 16526
1831 21614
1831 22504
1836 20481
1990 5270
1990 21280
2086 2197
2124 23121
2324 23122
2326 23107
2377 16461
2583 16252
2598 5501
2598 23118
2694 23104
2704 4771
2762 23113
2762 23125
2943 5501
3024 11066
3024 18627
3107 6373
3632 13346
3667 23114
3692 23117
3707 23113
3756 12090
3835 8567
4187 23111
4771 23107
4783 23122
5089 6947
5119 19033
5119 21099
5270 23120
5362 23123
5468 5488
5488 9122
5488 15045
6124 21280
6373 6945
6429 23107
6498 23120
6781 16192
6817 6947
7213 7534
7302 20481
7391 12125
7534 20179
7620 13240
9152 23117
9152 23119
9168 22683
9425 23112
9536 23111
10171 17432
10171 20977
10198 18865
11545 22504
11751 20220
14948 19292
15571 23115
16099 22460
16349 23118
16525 20777
16946 23122
18687 22305
20481 21666
20777 22866
22624 23116
