26 14342
28 318
28 12525
28 18120
43 823
76 5935
76 6503
76 8363
95 610
95 2762
95 12532
110 8197
110 19627
110 22085
110 22608
110 23103
138 5616
138 19246
158 3381
158 16212
158 19047
158 23094
201 21280
258 5455
318 1742
318 3024
318 5550
318 13373
318 16830
318 18120
412 1198
444 1657
444 7391
444 12525
577 6503
610 7399
621 4783
729 6596
730 9309
733 9573
762 8693
839 8784
852 6947
852 9309
852 12770
852 16549
852 17321
852 22862
1002 5616
1041 6596
1041 20673
1106 20673
1115 16212
1144 11580
1185 6548
1206 5859
1365 7107
1365 16549
1365 17977
1657 7391
1763 10198
1763 23096
1825 22472
1831 2583
1831 23102
1972 16591
1972 19741
2019 5488
2062 16099
2158 5550
2192 7897
2223 9152
2243 4187
2324 4727
2377 3155
2583 15038
2694 23096
2762 4059
2762 23102
2767 23094
2845 20475
3023 5362
3023 6947
3041 17854
3158 8197
3313 16549
3381 6448
3405 23101
3520 11751
3528 20279
3787 23098
3950 15675
4117 4187
4135 6503
4187 12022
4187 13735
4382 16836
4382 23094
4390 16223
4536 23095
4783 23084
5065 5119
5119 16591
5119 23099
5362 15553
5362 22798
5366 23096
5455 8197
5468 23084
5471 5551
5499 7897
5550 18120
5551 23097
5560 23096
5616 22798
5720 22798
6429 6503
9152 17558
9152 23100
9425 19047
9985 19741
10347 13061
10409 20912
10846 18115
11779 23094
13061 23008
13965 16591
14373 22315
15168 23094
15675 15875
15839 17322
15839 19116
15839 23100
16212 19047
16556 21321
17955 23100
18687 22305
22624 23097
22987 23090
