19 6984
28 444
42 390
42 22853
42 23086
42 23089
43 823
76 7107
76 23090
95 22455
110 22085
110 23085
110 23086
138 5270
138 19246
138 23086
138 23092
138 23093
158 16298
304 23082
318 5468
318 16830
318 23084
370 23078
385 2284
444 7391
444 12525
621 4783
659 23087
733 5468
733 9573
762 823
762 3313
762 5366
762 7107
823 21718
852 1185
852 3313
852 3707
852 3910
852 5089
852 6548
852 7107
852 12358
852 12770
852 20849
1002 19246
1002 23018
1002 23089
1115 16212
1144 20048
1144 21472
1164 16120
1164 21718
1185 6548
1185 7107
1264 23081
1322 4949
1393 20509
1393 23091
1402 19865
1636 2762
1742 5141
1794 15750
1917 5415
1972 19607
2223 7107
2223 11580
2243 15505
2545 3381
2583 2762
2583 15038
2762 7955
2762 8067
3059 9565
3088 8067
3239 22916
3313 7107
3381 16298
3707 7213
3707 10197
3764 3910
3910 7534
3910 8067
3910 12358
3910 16933
3910 22832
3973 7107
4011 23085
4117 5616
4783 5119
4783 23047
4783 23085
4839 23082
5065 7955
5065 22487
5119 23083
5120 23088
5141 9809
5220 15472
5362 5616
5362 22832
5366 5471
5468 8363
5560 23080
5692 22587
6498 8363
6498 20475
7044 16099
7097 21086
7107 10068
7534 10277
7534 16753
7955 21630
9649 20777
10293 23086
10409 23085
11751 15131
11751 23090
12022 12552
14373 22315
14621 15064
14903 22455
16753 21086
19602 20179
20179 23042
20565 23047
20849 23008
20912 23085
21480 23090
21630 23018
22624 23087
22624 23088
22972 23085
23033 23078
23092 23093
