28 23128
70 23116
88 3653
95 2762
110 13276
138 2582
138 16886
138 22798
304 1879
315 23132
577 23132
616 9407
730 23126
762 1836
762 3653
1057 2583
1057 23111
1198 21622
1359 8351
1393 8225
1393 8351
1402 23122
1454 2619
1540 2762
1540 8124
1804 18893
2223 7534
2529 3707
2529 6947
2582 2583
2582 14930
2582 22798
2583 5551
2583 14930
2598 23127
2650 23084
2738 6781
2756 6947
2762 8124
2762 14062
2762 14748
3166 23131
3313 6817
3380 6448
3501 15729
3592 15875
3653 16639
4135 23003
4187 15973
4187 23111
4187 23122
4216 14062
4216 23122
4771 8567
4783 19387
5065 22798
5119 23130
5455 23123
5488 9122
5616 8351
5616 9245
5692 11580
6448 16099
6448 17969
6596 15328
6947 8225
8067 9245
8124 14062
8197 18470
9323 14062
9536 23111
11203 15113
11340 18858
11848 16084
15505 23122
16886 20849
16988 18539
17955 18858
18470 23122
21495 23131
22624 23129
