48 1012
76 258
76 15865
97 17804
110 2324
110 10846
110 19627
110 21957
138 258
138 432
138 5471
138 11203
158 15113
236 21710
258 412
258 1012
258 1393
258 2095
258 2767
258 4092
258 4187
258 4565
258 9425
258 11912
258 15045
258 21614
258 21666
280 17432
298 659
354 10966
412 23204
453 5471
577 18413
659 3364
659 20777
726 23206
837 22892
839 7391
839 20777
852 2650
881 9245
1012 1206
1012 2650
1012 9888
1012 11343
1012 17804
1057 2583
1057 3910
1057 8067
1115 23012
1164 19627
1252 8478
1256 22487
1365 23199
1392 15839
1393 3364
1393 3910
1402 11343
1539 21280
1726 4783
1726 22866
1726 23168
1742 5471
1788 15865
1917 4216
1917 5119
2057 20291
2095 4187
2095 8666
2102 3910
2102 23207
2118 8363
2223 9152
2324 21957
2437 23208
2582 23203
2583 8067
2583 9168
2650 9888
2762 15505
2845 21134
2919 23199
2924 6429
3226 21622
3501 23130
3545 23209
3707 12770
3707 18190
3799 23199
3910 5720
3910 16099
3947 23199
4031 20777
4135 23168
4216 21316
4507 17432
4536 17374
4536 23198
4585 23220
4783 7290
4839 7107
4839 18535
4839 23205
5089 21622
5119 23213
5119 23221
5270 17804
5270 21134
5272 6596
5366 17545
5374 21732
5468 11343
5471 18260
5616 5649
5692 19602
5831 23199
6009 11214
6373 20777
6429 8682
6746 17671
7109 9425
7290 21545
8363 23210
8429 14886
8682 18466
8682 21086
9152 11343
9152 17558
9425 23195
9536 22172
9836 17558
9888 15113
10171 17432
10966 18466
11203 22144
11214 23207
11340 23214
11343 12245
11343 19211
12008 20494
12245 23219
12358 23206
13288 20777
13288 22885
13325 18413
13981 23212
15067 20977
15320 20777
15823 21503
16099 23204
16099 23208
16525 20777
16668 22172
16830 21121
17558 22315
17635 19156
17635 23218
18466 20777
18847 23006
18930 23199
19945 21121
19945 23212
20334 23006
20437 23212
20777 23168
21121 23211
21121 23212
21622 23205
22314 23215
23146 23216
23168 23217
23185 23201
23199 23202
23211 23212
