28 2650
42 2619
42 6779
42 21177
48 110
48 2650
76 736
76 2650
95 5119
110 13707
110 21876
110 23188
138 2762
138 16099
138 22852
158 21280
158 23151
659 11103
659 23197
730 5471
730 18556
736 17937
823 11751
839 5471
839 5560
852 15040
897 2582
1012 2650
1145 3777
1164 21876
1365 3439
1393 5551
1393 15040
1540 23199
1604 18535
1726 22866
1742 23186
1831 2583
1863 20291
1877 18470
1917 17969
1990 22738
2223 9152
2223 22487
2324 7097
2529 3707
2529 11436
2529 22487
2582 4507
2582 14002
2582 15100
2583 23190
2650 5935
2650 6945
2650 9888
2762 5119
2919 23199
3041 23041
3634 21177
3744 7516
3947 23199
4031 20777
4419 17397
4536 6596
4536 23183
4536 23198
4771 15040
4839 18535
4839 22487
4886 10068
4949 23140
5089 21622
5119 17969
5119 19843
5366 17545
5366 21177
5374 21732
5616 5649
5706 22622
6062 15865
6429 8682
6596 23198
6619 21086
6746 17671
6801 23199
6817 23199
6945 9888
7516 23196
8682 21086
9152 22487
9245 10273
9245 11751
9431 23199
11340 17870
11565 23046
11943 23190
13097 17389
15100 16099
15168 17870
16182 18165
16513 23199
16610 20777
17635 19156
17870 17955
17870 23054
21622 23113
22624 23200
22852 23199
