28 23179
29 1281
42 3910
76 1990
76 2650
76 3166
76 8190
76 16639
76 23177
97 1012
97 1990
121 124
138 1198
138 16639
158 881
158 12075
158 23174
196 19874
196 23175
528 23171
539 2582
610 9323
641 1831
762 2582
762 5468
762 12245
762 17618
839 5468
859 1106
921 22988
928 18539
1006 2582
1006 4771
1012 5658
1012 15045
1106 5065
1106 19322
1115 23012
1164 4080
1198 5065
1268 12422
1365 18696
1393 22838
1604 4839
1636 5065
1737 7614
1763 17798
1763 19010
1763 23176
1831 3910
1831 21829
1831 23179
1917 9800
1917 23181
1990 5468
1990 12245
2204 4080
2223 23179
2412 15932
2437 9800
2527 3984
2529 23172
2582 11051
2582 11103
2582 11214
2582 15959
2582 23159
2694 21546
2748 3910
2919 19379
3251 23173
3313 23179
3707 22280
3707 23169
3984 5065
4059 16936
4059 23175
4092 11158
4548 23168
4731 22248
4765 23180
5065 23169
5119 18470
5119 23182
5366 23159
5468 12245
6203 23179
6373 23178
6429 19379
6429 23174
6596 23174
7097 22987
7647 23176
8190 19010
8197 23159
9152 23175
9565 18190
9888 23179
10409 20508
11051 21630
11203 23159
11340 16099
12410 17242
12985 19010
13097 23169
13355 16639
14613 23175
14677 22392
15067 16057
15505 23123
15875 21546
15875 22795
16196 23168
16639 19945
17955 23176
18190 23179
18470 18805
18470 23177
18484 23176
21732 22584
22315 23176
