28 20413
70 23268
76 15113
138 21162
196 6624
196 9469
390 2062
412 4092
412 22946
577 15249
659 23278
852 23279
968 13451
1057 4092
1164 16580
1393 2598
1413 18470
1413 20012
1413 21666
1514 15249
1709 16580
1831 22946
1917 23281
2019 21672
2158 22964
2223 10592
2223 11565
2223 15448
2223 20080
2223 23247
2223 23269
2223 23279
2437 21672
2529 21726
2583 5551
2762 23274
2956 10472
3313 10939
3648 22594
3707 9309
3865 18038
3984 7772
4092 22946
5119 11844
5119 21956
5267 23059
5362 23196
5479 9152
5551 17382
5966 22671
6429 7071
6624 9469
7391 23279
7772 16753
8067 22852
8197 8632
9152 17382
9152 23275
10409 21672
11565 15448
11565 17955
11844 18038
12358 19292
15354 23274
15448 17955
15683 22624
16099 21086
16277 23272
16729 23268
17382 23277
18470 22340
18470 23273
20080 23276
20955 22587
21086 23280
21666 22340
21666 23273
22790 23274
22852 23274
