4 22798
42 5471
42 23336
80 4006
92 14373
110 17635
138 4783
138 10293
138 23351
158 20302
184 2583
226 17804
258 19645
280 351
280 19645
412 9613
455 15636
618 6781
762 15056
781 9851
839 17635
852 15709
1012 18325
1065 8225
1206 23053
1419 6984
1521 4280
1563 1687
1636 22916
1792 2086
1917 5159
1917 15503
2019 6781
2223 22315
2223 23347
2455 19645
2589 16592
2617 13032
2767 22572
3501 5362
3707 14002
3707 23349
3712 23327
4092 16349
4117 23199
4187 9158
4187 23334
4187 23346
4248 6373
4248 20510
4248 23352
4536 6781
4783 19498
5089 6947
5143 17435
5159 15503
5362 6429
5362 22916
5551 16349
5720 23350
5966 23315
6332 11751
6332 20510
6363 19645
6373 6624
6429 6596
6429 22916
6498 23351
6624 19268
6781 12358
7647 20955
7772 16907
8554 23349
8712 18470
8712 19422
9152 23353
9158 22150
9309 23345
11344 23329
11751 18470
13280 19607
14002 23344
14753 22790
15113 20302
15419 23348
15505 16349
16218 21472
17635 21967
17955 22572
17955 23327
18325 18470
18470 19161
18470 19422
21718 23343
22315 22572
22315 23347
22380 23349
22572 23347
23349 23350
