29 16349
42 8197
42 11751
42 16946
76 23293
76 23298
122 4144
138 455
138 2377
138 6506
138 17955
138 19842
153 5272
153 14677
158 15675
158 23199
196 4159
196 23290
251 508
455 19842
505 14677
546 8494
549 7097
839 15675
852 3313
898 15320
1012 23293
1115 16212
1144 21472
1164 14067
1292 8067
1365 10273
1393 4231
1636 5816
1636 15720
1636 20403
1636 23286
1657 12358
1763 16349
1763 21472
1990 5270
2223 12698
2265 21000
2377 23292
2582 2583
2582 23299
2583 4144
2583 23299
2627 5616
2694 23279
2756 3707
2756 5119
2762 4059
2762 21614
2839 10068
2919 23279
2958 8068
3004 6203
3107 5946
3158 5935
3313 5089
3608 23266
3707 5119
3984 4187
3984 15720
4059 22671
4117 23279
4382 12940
4382 23301
4536 23260
4765 23291
4860 23268
5065 6203
5065 15720
5065 16946
5065 20403
5119 23291
5119 23297
5270 19533
5270 21876
5366 7097
5366 8067
5366 16549
5479 17558
5616 7741
5616 22798
5720 19842
6373 23294
6429 6596
6429 23300
7097 16549
7097 23283
7107 19645
7156 23304
7290 23298
7738 16695
7772 16907
8067 21162
8344 12997
8344 22958
9152 12698
9649 21761
10068 23287
10273 15675
10816 15328
11090 21422
11565 15448
12358 17512
12358 23296
12358 23303
12698 23287
13735 23199
14677 14970
14677 16349
15041 15720
15448 18383
15675 15875
15720 23300
15729 23279
15875 21761
16549 23286
16549 23293
16946 19422
17955 23299
19911 23199
21622 23295
22032 22515
22624 23302
22892 23301
