29 23317
42 23320
42 23321
76 138
76 23322
95 5065
95 18470
138 23318
151 6867
151 19377
251 508
251 3107
290 6867
311 22624
467 23311
539 2919
641 8428
762 839
762 1514
762 2816
762 14002
762 22364
762 23317
781 23318
852 2627
852 5720
852 17940
852 22931
1002 21030
1006 2019
1057 2583
1057 5362
1057 19552
1058 2868
1058 6373
1144 21472
1164 19356
1206 23317
1361 14002
1540 2739
1763 15113
1763 22542
1831 3910
1831 22504
1917 11642
1972 4159
1990 5270
2019 11751
2019 16569
2057 2762
2223 23323
2324 2956
2377 23292
2650 14709
2650 22542
2795 13707
2919 19115
2956 7097
2958 8068
3030 9573
3041 13707
3065 17969
3239 16099
3313 17940
3707 9309
3707 14002
3865 9789
3910 8428
4159 23307
4234 4783
4234 19945
4275 23316
4382 22542
4523 9573
4536 23311
4783 16099
4783 17923
4783 20988
4839 23321
5012 17940
5065 19268
5100 10347
5119 14002
5119 23320
5143 17435
5362 15720
5362 16569
5386 19645
5471 5672
5551 23319
5616 17969
5935 16723
6203 23319
6373 7071
6498 23287
6640 9836
6640 13646
7119 16770
8298 9573
8428 10168
9152 9573
9152 22280
9152 23319
9836 13646
10068 23287
10293 23322
10347 18417
10789 23168
11565 15448
11912 23314
12358 15720
12358 23292
12358 23322
12424 15720
13017 22542
13284 21309
15592 18750
16549 16569
16609 21472
16963 19627
20676 21643
23168 23306
23305 23306
23319 23324
