28 22977
73 839
73 1057
134 18190
184 23333
762 1365
829 19498
852 16436
881 23331
1057 2762
1135 18470
1177 23168
1361 23341
1379 2243
1792 1990
1917 15278
2049 6373
2049 16936
2095 23026
2208 7792
2529 12358
2529 17682
2583 2762
2762 23335
3041 23338
3392 14017
3707 23326
3764 23304
4523 23168
4783 13448
5009 6596
5119 23339
5143 17435
5366 16551
5966 23315
6429 17724
6429 22916
6506 16349
6596 22916
6947 23337
7290 23344
7340 23326
7534 8067
8124 23326
8682 15720
8712 21027
9152 22928
9407 16549
10006 23337
10293 20673
10370 12358
10846 21027
11751 23315
11943 17724
11943 23331
12358 17682
13280 19607
13280 23295
14002 23340
14677 16349
15168 20955
16549 23338
18476 23192
18484 22928
19114 21929
19498 23326
19607 22852
20494 21027
21718 23343
21779 22622
22928 23342
23026 23341
