14 2756
28 3910
28 16592
29 736
37 138
37 258
64 138
76 2650
76 13533
83 15569
90 20067
95 13312
97 226
110 20777
117 6429
117 16099
117 23405
138 659
138 2756
138 23409
158 3456
158 9851
184 17517
246 16592
251 20653
280 2437
297 13838
435 19280
461 20508
505 6781
531 7093
589 839
618 15569
618 16666
618 17955
659 7738
659 12074
659 12358
678 1990
803 16349
881 23331
1002 23030
1065 9956
1065 19753
1115 23408
1232 23399
1365 23399
1636 5065
1794 23404
1972 5471
1990 5270
2095 17955
2095 22661
2095 23399
2254 5551
2254 16569
2254 17517
2582 5065
2582 9897
2582 13312
2650 13533
3107 23066
3239 23030
3456 9851
3707 9309
4159 19753
4370 13276
4839 5065
4839 17517
4839 22515
4949 8197
5065 17761
5119 16495
5125 6596
5143 17435
5366 23030
5366 23404
5468 15185
5550 20762
5859 23399
5935 23030
5966 10846
5966 22822
6203 23406
6373 18632
6429 14677
6596 16349
6596 23404
6596 23409
7097 23407
7327 15372
8067 8428
8067 23401
9152 22702
9888 15372
10846 20120
16495 23403
16526 23404
16665 23390
17955 23399
20101 21779
20120 22822
22702 23410
