28 23321
42 5362
42 15079
75 18470
76 8043
80 105
95 3727
95 13312
110 16580
110 18918
110 21546
117 4031
117 16099
138 240
138 1385
158 23396
184 23321
259 4771
341 2919
412 636
412 17015
467 23401
505 6781
562 6781
610 23398
618 6781
762 1385
803 6596
839 12090
1058 4632
1177 17587
1361 23026
1379 2243
1612 9573
1636 4749
1636 9446
1763 23395
1794 7186
1794 23404
1825 4949
1917 7186
2019 2254
2019 6448
2019 13489
2019 17969
2562 16936
2582 2650
2582 5119
2582 9152
2582 13312
2583 20101
2583 23369
2650 13533
2657 15328
2762 6779
2775 10347
2775 18769
3405 14417
3707 9309
3707 23396
3727 23399
3984 17477
4048 5720
4113 13184
4117 7186
4392 9573
4536 6197
4536 23400
4839 17015
4839 22515
5009 5681
5119 23398
5119 23403
5362 15079
5366 23402
5468 15185
5672 23401
5690 7186
6373 18632
6594 11184
6596 23404
6738 23396
6779 17969
6917 18858
7391 23390
8067 14677
8067 20101
8067 23401
8067 23402
8298 9573
8428 23402
9152 15113
9309 12358
10293 23380
10846 22822
13097 23395
13489 17969
14114 19116
15113 16830
15113 23168
15252 15328
15372 20355
15875 18617
15875 21546
16298 23398
16666 20762
17955 17969
17955 23399
17955 23402
18862 23397
20101 21779
20101 23211
21726 23337
22624 23400
