7 13533
29 88
29 15113
76 4280
92 15875
97 14842
110 1971
110 21546
138 1709
138 4750
138 23368
153 23379
158 15113
204 17432
258 11641
455 5493
455 23373
577 8478
577 23046
613 9245
621 23377
881 23331
897 3505
897 19498
1002 1385
1141 9985
1164 10472
1198 5935
1198 15505
1198 19258
1359 16904
1365 3707
1392 10293
1392 15113
1392 23380
1393 1636
1393 6596
1785 21099
1971 3484
1971 17397
1972 23168
2019 2582
2156 8478
2256 18478
2562 16936
2583 23369
2650 9888
2650 15113
2650 16212
2650 17955
2650 23047
2650 23377
2669 17397
2692 23373
2762 6779
3030 14842
3041 17397
3313 5089
3707 20775
3799 16569
3910 11565
3910 15709
4092 23370
4159 19753
4187 6373
4187 23374
4370 13276
4839 11641
4860 20559
5009 6596
5065 23046
5267 5935
5267 19600
5270 11066
5362 18470
5479 23047
5493 22412
5551 14903
5551 23379
5681 15709
5706 23374
5935 15505
5956 9529
6203 22412
6373 18478
6503 8043
7230 21099
8067 22412
8604 21099
8914 9152
9122 20437
9152 23377
9241 23375
9425 20080
9425 20923
9565 23168
9649 23168
9888 15113
9888 20080
10293 23380
10336 23168
10409 11203
10596 14017
10596 23363
11565 21293
11641 22852
11884 18466
13280 23295
15067 20977
15113 16549
15113 16830
15113 17955
15113 23168
15168 20923
15324 23134
15505 19258
15593 16770
15720 23047
16099 18632
16569 18466
17891 23378
17955 23381
18466 23047
18470 22510
18470 23379
19118 23376
20921 23372
21614 23295
23046 23256
23047 23168
