26 133
29 2149
76 2062
76 2149
76 8363
76 22544
76 22858
76 23535
76 23536
76 23549
138 9985
138 14642
138 22544
138 23544
158 4135
184 2762
184 20921
226 17804
280 613
280 1232
280 1636
280 2223
280 4117
280 4135
280 4187
280 4216
280 5065
280 5265
280 7290
280 9466
280 9469
280 9985
280 11234
280 11340
280 14970
280 16549
280 22314
280 22852
304 9152
455 4924
455 5649
505 4135
510 23495
589 21000
618 2149
618 4135
682 23083
712 22858
839 5607
852 5089
852 16436
968 23092
1106 4135
1232 2149
1256 15658
1361 11234
1361 15472
1361 23543
1365 20750
1369 3484
1657 4117
1657 4135
1917 22209
2062 21127
2223 4135
2529 6223
2915 17866
3380 6203
3380 14017
4135 14642
4135 22858
4187 23545
4216 6429
4419 22537
4585 17581
4839 23164
5089 6223
5119 23542
5157 7071
5366 22932
5938 18847
5938 23548
6373 16327
6596 13514
7335 23539
7399 21169
7839 15113
8071 23522
10293 23536
10789 21774
11234 20750
11340 14642
11565 22315
13698 20921
14903 23524
15240 22584
15252 23542
16102 16349
16549 16569
16549 22544
17382 17955
17382 19576
17548 20740
18847 23548
19629 23523
20435 22315
23546 23547
