26 23515
42 546
76 4031
95 5293
95 9168
95 23506
97 23168
109 23505
110 23515
153 7534
158 20494
158 23518
158 23519
174 11587
184 20921
204 11943
267 2767
370 23514
383 2284
412 1361
432 16632
573 21546
610 21657
618 5065
813 23420
839 23420
852 3707
852 5089
1002 21546
1058 4949
1193 7851
1244 23516
1470 9168
1470 9245
1470 15592
1470 18153
1470 23506
1687 17969
1687 18153
1763 15764
1879 9573
1917 9573
1922 5493
1972 8082
1972 23420
2177 2756
2199 23283
2223 17382
2313 14970
2324 9466
2333 21546
2522 11943
2598 16632
2762 2956
2767 23517
2795 11514
2795 13686
2845 13240
2956 3636
2956 6779
2956 23510
3158 5065
3239 4589
3239 6203
3405 21546
3707 4873
4031 20120
4031 22866
4092 15592
4117 11751
4187 16632
4187 18908
4508 4771
4536 5065
4589 5616
4589 6596
4771 23504
5065 6503
5065 6596
5065 20656
5119 9309
5119 17558
5265 16632
5362 18153
5362 23493
5616 6203
5720 12770
6203 23520
6498 17692
6596 23514
6624 23175
6779 23510
7000 23414
9168 9245
9309 16461
9309 18581
9323 22858
10456 23511
11340 23508
13735 23514
14948 20673
15067 17072
15168 20509
15505 23509
15648 23514
17558 19911
20593 23507
20676 23512
21732 23462
21781 23511
22364 23420
23168 23512
23190 23513
