42 6373
42 8043
42 15709
74 2208
76 8043
140 18466
158 23477
162 15168
162 16102
315 15168
455 11203
455 23456
641 11090
712 18466
881 16120
1057 18476
1193 5065
1193 6596
1193 7851
1193 10409
1193 12358
1359 15168
1393 5049
1393 15592
1413 15168
1483 5049
2313 22798
2324 23475
2489 7097
2582 15625
2583 15168
2583 23148
3024 4031
3024 13981
3024 18949
3239 14492
3239 15625
3954 23083
4092 15592
4092 23148
5049 6429
5049 14469
5049 23473
5119 10370
5362 8043
5366 23475
5859 15324
6429 14469
6448 17969
6596 12358
6779 10370
6988 21037
7516 20622
8043 23472
8224 15875
10600 23190
11340 15168
11779 18821
11870 23476
13773 15973
14903 22979
15130 15324
15168 18470
15324 17955
16120 23474
17465 21546
18190 20622
18470 22932
18476 23025
20080 23276
21058 22315
22303 23234
22332 22853
22624 23476
23148 23471
