0 771
0 1255
0 1753
0 2463
0 2528
0 2698
2 186
2 2468
2 2641
7 2650
19 907
19 2277
26 186
26 565
76 186
76 2254
76 2698
79 2673
83 186
83 904
83 2695
88 158
88 286
88 2702
97 1255
133 836
140 2423
146 2660
148 1644
153 289
153 1057
154 2695
162 1753
162 1768
167 2650
186 196
186 613
186 1763
225 2650
236 2641
280 2268
289 647
289 1057
289 2052
289 2528
289 2660
289 2706
302 712
330 572
434 2528
446 1909
446 2699
461 1960
461 1985
461 2531
486 572
502 2699
504 2528
539 2396
565 1359
565 1533
565 2698
572 1102
572 1753
572 2052
572 2594
613 938
647 2052
647 2650
647 2706
659 907
659 1106
659 1644
659 2132
659 2528
659 2700
682 2660
686 1908
691 2319
694 2423
712 2492
729 1255
729 1485
839 2687
852 2689
852 2705
859 1753
859 2027
859 2255
904 1036
1057 1992
1131 1763
1255 1646
1255 1753
1256 2627
1359 2598
1381 2670
1392 2648
1485 2038
1661 1917
1717 2705
1763 2650
1768 2132
1768 2674
1793 1960
1793 2598
1909 2492
1958 2518
1960 1985
1960 2254
1960 2355
1960 2582
1971 2648
1985 2254
1992 2594
2158 2423
2158 2598
2254 2527
2268 2678
2284 2687
2292 2528
2423 2432
2423 2528
2423 2562
2423 2694
2423 2696
2423 2697
2423 2701
2428 2699
2511 2703
2542 2655
2594 2598
2650 2704
