42 280
69 23083
138 14642
138 22544
138 23554
153 204
153 7534
204 280
204 304
204 1115
280 659
280 762
280 1825
280 3195
280 3313
280 4117
280 4216
280 5560
280 18124
348 1193
412 5125
618 2062
618 4135
659 4117
659 22798
736 4536
736 23559
803 23164
839 2223
852 16436
852 22872
904 23083
917 9241
968 5267
1106 4761
1115 4117
1193 2762
1361 14642
1446 11103
1917 22209
1917 23420
1917 23559
1922 2582
1922 5362
1922 5455
1922 7516
2062 5468
2062 8688
2158 2795
2223 9152
2223 9245
2223 23560
2333 23420
2529 3515
2582 23554
2650 14642
2705 10068
2767 23560
2915 17866
3313 10068
3515 23345
4117 4216
4117 9483
4216 15505
4530 15067
5065 6596
5065 10382
5125 6779
5267 23538
5270 23549
5366 22932
5649 5831
6448 23553
6596 23559
7097 10818
7335 23539
8208 10068
9152 17382
9152 23551
9649 23551
10596 23557
10818 23283
13864 23562
14948 16809
14948 23550
14948 23556
15067 18484
15168 23561
15419 23348
16549 22544
16549 22932
16549 23559
16809 20323
17465 21546
17548 17955
18470 23411
18847 23548
20120 23551
22798 23558
23345 23552
23550 23556
23554 23555
