76 2204
76 5272
76 6429
76 8298
76 10293
76 21000
97 1990
110 2158
110 23501
133 19970
138 23592
174 7281
184 22892
196 5065
280 14621
280 19345
304 23601
315 10399
395 4946
412 18696
434 15067
506 19488
610 23582
613 15067
613 21737
762 18681
839 9536
1012 5935
1470 6498
1470 15553
1636 8969
1742 21121
1763 22798
1836 22657
2118 23605
2223 4946
2254 23600
2324 21672
2399 5935
2582 15067
2627 23586
2762 5065
2762 6624
2762 20921
3030 4234
3030 19970
3313 9152
3381 15671
3727 23592
4031 23047
4092 15067
4092 22798
4092 22823
4092 23597
4117 4507
4117 23592
4187 8969
4187 15067
4187 18681
4187 23597
4507 23606
4546 23501
5065 7708
5065 10399
5065 15168
5065 18681
5065 23601
5089 16261
5100 17587
5119 8969
5119 23482
5272 15671
5362 15947
5362 23601
5455 23597
5471 16843
5616 14677
6142 10273
6339 18681
6339 23168
6429 23599
7708 11340
7708 23582
8055 20673
8067 19600
8119 19607
8197 16099
9472 22351
9789 15472
9888 22866
10520 16103
10520 23604
10592 23598
10759 23603
11565 22798
13097 22351
14903 23593
15472 19600
15505 23601
15618 22515
15823 18696
16033 22315
16099 16639
16322 23590
16554 23047
16963 21546
17955 23594
17955 23596
19197 21546
19345 19600
19970 21121
20349 23595
22866 23602
23083 23589
23168 23604
23471 23586
23582 23604
