103 8068
110 3158
122 2762
122 15505
138 14677
158 23596
280 1517
432 4783
573 23631
610 14748
641 18208
712 23633
726 23634
1002 14677
1115 16212
1206 3458
1470 2762
1470 9245
1604 1787
1604 2057
1604 14748
1742 21121
1917 19157
1917 22211
2254 15557
2583 5009
2762 4839
2762 23363
2767 15067
2795 3158
2839 4523
2930 8712
3158 6570
3458 6800
3910 20291
4092 6789
4092 12255
4092 18193
4117 14677
4187 5084
4536 12523
5021 5501
5119 23634
5125 23637
5193 16830
5362 23601
6429 12523
6429 21400
6448 22291
6789 14948
6917 12620
7391 15557
7391 21400
9789 15168
9977 23632
10409 22291
12620 16349
14677 15505
14677 18470
14677 23283
15168 20509
15168 21916
15168 23457
16963 21546
18866 23425
22425 23363
23635 23636
