29 4234
46 14417
73 21830
76 19292
110 21546
122 23710
138 1065
153 19720
158 8119
158 17866
196 15246
284 10596
467 5065
510 21830
546 23719
610 7391
839 23719
852 21304
852 22872
921 16569
1058 22340
1060 18335
1115 16212
1198 2529
1198 15085
1198 22852
1223 8147
1256 9985
1361 23264
1407 21480
1483 23724
1632 23679
1636 5065
1787 21480
1794 15557
1794 18335
1922 17867
2240 17867
2488 9985
2512 20386
2650 5119
2756 4382
2756 20775
2816 23698
3041 23723
3107 22235
3239 11808
3239 23717
4092 21451
4092 23717
4117 17015
4234 17587
4536 5065
4783 23722
4839 10596
4866 17867
4866 19261
4924 23721
5065 23714
5468 23698
5616 6203
6429 15557
6498 23720
6659 21939
6779 9466
6852 9985
7391 15557
8119 17866
8197 15168
8197 23026
8478 21215
8970 19849
9466 11203
9466 23724
10520 23596
10596 15987
11103 19261
11751 22340
12255 16617
12358 23715
14417 17692
14417 21280
15067 17072
15168 23026
15168 23276
15553 17015
15670 23716
15670 23718
15720 23599
15875 21546
16099 23264
17866 23469
18335 19211
18335 23256
22624 23724
23092 23283
23092 23479
23713 23714
