42 15067
73 5816
73 23639
73 23672
76 20777
76 23493
97 6503
138 23675
153 12319
158 23645
204 258
204 4507
226 23599
318 23599
330 753
412 881
412 10869
455 19676
467 3984
467 23599
493 8363
505 3984
546 21280
610 7399
610 10869
618 15557
618 23256
647 2956
647 3984
736 8067
839 23671
881 23673
1002 23639
1198 5065
1198 5362
1359 1807
1359 5362
1361 23673
1612 3158
1636 23387
1742 8363
1763 2762
1763 9152
1917 23599
1990 23641
2243 5065
2650 6503
2650 11413
2694 3158
2762 17807
2767 23457
2767 23643
2816 13316
2956 3984
3030 17618
3123 20777
3158 8197
3239 5616
3239 23677
3381 5272
4031 23599
4117 23647
4135 15557
4382 12319
4397 4536
4536 5065
4746 23675
4839 23669
5065 5362
5065 12358
5065 17807
5065 19886
5065 20777
5065 23680
5119 6789
5119 23676
5267 7097
5373 21546
5616 23677
5720 17015
5812 23479
5822 10988
6199 7097
6203 23669
6203 23674
6429 6503
6429 23433
7097 16549
7107 23168
8197 15656
8525 18637
9152 11061
9152 23679
9168 17807
9472 23678
10164 11413
10988 22932
11340 15067
11565 12319
11751 15823
11943 17807
12557 23556
14006 21086
15823 23666
16220 21546
17866 23674
18470 20374
20765 23083
21280 23168
22866 23629
