73 23639
76 1255
76 15184
108 226
109 412
109 5935
110 5616
138 10869
138 18592
138 19110
167 23655
196 15246
280 14970
304 10869
315 10911
318 23599
348 2762
412 20151
434 18962
455 11340
467 3984
467 10911
467 23599
508 2902
570 23690
610 10869
610 15130
621 20777
729 23681
846 3484
852 1012
852 6817
852 15100
852 21099
852 22872
964 19032
1057 2583
1106 5119
1193 3984
1200 23672
1255 16830
1359 1807
1361 3945
1361 23680
1361 23686
1470 4187
1470 10911
1470 20151
1632 8682
1763 23656
1836 23689
1917 23599
1971 2158
1972 23689
2223 20080
2223 23688
2243 5065
2256 23686
2313 5551
2324 5812
2527 5021
2650 10911
2756 14002
2902 23682
2970 18962
3051 21099
3381 5272
3893 23686
3910 8067
3910 11943
4031 14044
4031 15184
4117 10911
4117 19110
4382 10911
4382 23685
4839 6203
5119 10911
5125 11203
5125 19197
5366 10911
5468 6503
5468 22759
5615 22312
5616 16034
5812 23479
5816 23639
5988 7826
6084 23168
6203 23683
6448 6781
6779 23677
7107 23168
8067 23686
8124 16034
8682 15309
9168 17807
9649 18920
9977 15184
10911 11340
11943 23363
12233 23363
15875 18920
16904 23688
17556 23681
17741 23688
20771 23691
22032 23687
22303 23692
22624 23693
23046 23656
23168 23683
23168 23684
23168 23686
23283 23658
23363 23687
