26 2619
83 196
83 2762
83 23191
95 23191
97 23698
110 7399
110 11718
138 17866
138 23755
153 17866
196 2762
196 15246
196 23191
315 20724
315 23753
408 7522
444 5065
444 11340
610 1365
610 5119
610 11340
610 14062
610 15553
610 16461
610 23191
621 2762
621 20724
621 23191
641 10600
762 852
762 3313
881 23758
968 20494
1002 20673
1106 6084
1200 5141
1335 1365
1361 2762
1365 5119
1540 23731
1604 12953
1917 23727
1922 2583
2012 23755
2095 14748
2243 4187
2256 5938
2319 7399
2319 18319
2619 23689
2650 11340
2762 5938
2762 21622
2762 23191
2795 21177
2930 23191
3405 23756
3484 22872
4092 23713
4117 23756
4216 23191
4589 5362
5065 6779
5065 17179
5065 18693
5065 20724
5119 15168
5119 23756
5119 23759
5366 23761
5616 8067
6203 17866
6373 19268
6917 19602
6945 23191
10846 19156
10941 23754
11340 20724
12358 18077
13280 23191
15472 21946
15709 20724
18148 23737
19602 22544
19602 23760
20076 23738
21622 22790
22150 23713
23168 23755
23168 23756
23425 23757
