13 110
36 3935
42 6779
73 2692
76 2692
76 5049
76 18681
76 21000
76 23305
76 23796
88 3984
110 15041
138 2868
138 23778
184 5720
226 8688
311 6917
311 15683
412 5125
467 23493
528 12255
682 23168
773 4135
852 23778
907 19602
1115 15683
1255 2619
1255 6978
1278 20673
1361 22831
1365 21177
1470 4589
1604 12953
1636 2582
1636 2868
1636 23799
1922 2583
2095 22958
2223 15683
2223 23801
2582 21810
2582 23795
2583 4507
2583 5065
2583 21810
2583 23798
2692 5049
2756 23778
2767 12319
2816 21000
3024 21619
3984 13566
4117 4589
4135 15683
4187 11565
4507 4589
4783 7792
4839 23792
5065 5125
5065 7391
5065 15401
5065 16033
5065 23191
5083 5125
5119 23759
5125 6779
5125 11751
5366 23798
6108 9396
6203 6779
6429 6779
6779 13656
6917 15683
7213 21810
7534 23798
8093 17072
8164 19292
8197 15709
8494 23800
9056 23168
9168 22003
9245 23799
9257 11943
9257 17382
9888 15683
10314 11242
11203 23796
11242 19058
12319 15168
12358 23790
13486 22209
14044 21000
14970 17382
15067 22003
15505 23798
17086 22026
17086 23797
19116 23799
21000 23305
21622 23792
22624 23801
22624 23802
