7 23794
13 110
28 23472
42 852
42 1359
46 1441
88 9573
95 23784
110 15113
138 23778
158 15246
158 23780
167 21000
184 5720
184 16099
226 8688
253 23782
370 15526
434 1612
546 23785
577 618
577 904
618 904
621 21619
682 7741
803 2775
803 8067
803 23164
803 23733
852 23783
881 23775
904 2868
904 9425
1065 9257
1106 23472
1200 23672
1359 17761
1361 22831
1361 23775
1361 23790
1365 23788
1470 4187
1470 23731
1470 23775
1470 23790
1470 23792
1763 12319
1763 22315
1763 23772
1877 22657
1922 2583
1922 22003
2529 9309
2583 2767
2583 3910
2583 5455
2583 5933
2583 7801
2583 11340
2715 21472
2762 23783
2767 12319
2775 23164
2786 11066
2868 9168
3226 4589
3239 23777
3381 23768
3405 21619
3522 21280
3636 4589
3707 23778
3707 23783
3910 23786
3960 23591
3984 5237
4092 13162
4135 21661
4187 10520
4187 15246
4382 12319
4507 4589
4507 10869
5009 14407
5065 23731
5159 23785
5468 21000
5720 9309
5831 23733
6373 12793
6373 15113
6400 23791
7516 23731
7801 10273
7801 11340
8744 11340
9309 10006
9789 12319
9789 23772
10075 23793
10314 11242
11340 21933
11565 12319
12319 15168
13486 22209
14044 21000
15067 22003
15067 22702
15113 15168
15168 22412
15709 16099
15859 17086
16182 18681
17072 17955
17761 23731
17761 23771
17867 23790
21000 23305
21622 22209
21622 23783
21661 23789
22024 23168
22600 23168
22782 23787
