88 3624
95 315
95 6429
95 7391
110 23926
168 14677
184 23901
204 23932
467 23493
570 23168
577 5065
577 10633
618 20762
837 7779
839 17958
852 12366
852 20328
1041 5366
1058 15241
1065 1185
1115 15309
1359 16843
1359 23924
1361 17711
1365 10718
1413 7534
1742 23925
1763 2650
1831 15525
1972 23930
2019 21672
2256 23209
2583 7534
2583 22205
2583 23276
2583 23930
2619 23454
2650 4031
2650 5065
2650 5550
2762 23276
2786 23698
2795 23933
2795 23934
3226 15525
3405 23926
4031 5550
4092 4231
4187 5616
4187 7779
4187 23921
4702 12366
5065 7391
5065 23209
5065 23898
5065 23923
5065 23927
5119 7779
5480 21672
5616 13280
5720 9309
5822 10558
5822 11340
5831 11565
5831 23928
5831 23930
6781 10409
6867 9469
6978 23595
7391 12366
7647 23209
7779 14903
7779 19058
8067 9245
9152 23928
9789 15234
10297 23935
10409 10718
10409 15557
10558 11340
10558 17671
10789 15168
13280 14970
15045 20169
15045 23168
15085 17711
15875 23929
16182 23919
16554 23698
16560 23927
16843 22003
17329 23922
19317 20435
19587 21672
22298 23168
22298 23192
23168 23927
23209 23352
23923 23931
