76 968
76 15113
76 16206
76 18641
76 20935
83 21967
88 21001
110 23911
117 6429
117 10409
138 14677
138 23902
184 23901
190 16102
236 6189
236 14677
258 3935
315 23881
359 22377
412 881
412 10718
412 23898
412 23903
434 18641
531 837
531 3984
531 5119
712 5065
712 18413
712 22858
837 3984
837 4589
837 5119
839 23168
852 1206
852 18641
881 1636
881 10718
881 23903
968 3158
968 15151
1264 20656
1514 22858
1636 21806
1922 4589
1972 23906
2019 3799
2148 23876
2389 12643
2399 4140
2582 15240
2582 23902
2583 23905
2663 3984
2663 18547
2762 23898
2930 10846
3065 8197
3065 18641
3239 12527
3935 20673
4011 10718
4117 14677
4117 23896
4140 18641
4507 23883
4536 23910
4589 6500
4600 23256
4809 12985
5065 23898
5125 6373
5366 9245
5366 23908
5616 21622
5692 6203
5692 8043
6429 10409
6429 16206
6429 20935
6498 21001
6650 16560
6867 23909
7741 16549
8043 16182
8567 9888
8688 23900
9152 16206
9152 23906
9245 21622
9245 23908
9565 23891
10718 17867
10718 23718
11340 23896
11953 23904
12366 17285
13240 16099
15056 16044
15151 17545
15875 16044
16206 18260
16206 23904
16212 23899
16549 23896
16554 23900
16560 18920
18466 20656
19058 23894
19165 23876
19317 20435
19583 23902
20430 23896
21622 23896
21622 23901
22654 22814
23907 23908
