42 23707
46 4575
46 5305
76 17448
76 21967
110 16044
138 23950
158 23959
158 23976
315 4702
412 23702
412 23961
524 4544
659 3313
736 23975
837 22625
837 23329
837 23969
852 12366
852 17007
852 20080
852 23952
881 14469
881 20413
897 23972
1002 14677
1057 14469
1361 18717
1709 10864
1763 23707
1922 15240
2252 2583
2252 8067
2324 21417
2583 14469
2650 13533
2650 23952
2650 23966
2704 23967
2762 5615
2762 9168
2762 15698
2762 23684
3024 16206
3405 12643
3456 23959
4031 23605
4057 22883
4117 23707
4419 23962
4507 23964
4536 18165
4727 7516
4783 17448
4839 18708
4839 18717
5065 6624
5065 19859
5119 15960
5272 19827
5366 17468
5822 9245
5822 23974
6203 23965
6429 21243
6429 23578
6650 23168
6650 23963
6779 18708
6800 23810
7534 13929
8298 20169
8494 23943
9152 19859
9425 23954
10293 23943
11912 13533
12366 23952
14044 20169
14617 23970
15192 20437
15505 17867
16099 23807
16420 23968
17427 23950
17955 18708
18038 23168
18038 23707
18075 18717
19116 23305
20884 23940
21956 22002
22002 23971
22315 23965
22647 23256
23168 23305
23168 23973
23305 23972
23822 23967
