3 3692
28 24121
73 1131
73 1941
74 15718
110 9483
110 23479
153 2767
158 15823
158 20633
158 23760
158 24072
158 24112
246 24124
315 21833
315 24126
396 24124
412 16084
546 15823
577 15893
603 1200
613 1365
613 17558
729 17466
736 6729
805 21280
837 11340
837 15823
904 12366
904 18797
1013 15299
1058 2741
1058 15139
1065 3313
1106 15823
1115 16212
1144 18641
1255 10293
1413 24085
1470 22144
1470 24120
1636 5065
1636 24120
1742 21833
1812 2583
1812 4382
1812 11340
1812 15823
1831 16120
1922 18122
2200 5065
2582 20151
2650 18797
2704 23967
2767 6203
2767 23770
2767 24117
3313 16615
3636 4092
3707 14748
3850 12366
3910 7674
3910 23786
3910 24121
3984 4536
4092 16120
4092 22798
4092 24120
4382 11340
4382 15823
4536 23256
5065 11343
5065 15893
5065 21833
5119 17254
5125 15823
5125 24095
5455 11214
5471 9422
5720 23479
6596 20945
6596 24095
7399 13061
8912 20945
9152 9483
9152 11214
9245 24122
9466 17761
9466 21806
10277 11340
10789 16420
11214 23479
11340 15823
11340 24126
11489 15987
11489 16549
11489 23283
12358 24125
12366 18797
12366 24010
12366 24127
13061 22144
14303 15067
15067 18484
15505 22150
15505 24120
15823 16549
15823 23937
16549 20945
16549 23937
16607 16615
17086 24119
17254 22303
17853 24120
17860 22144
21833 23822
21833 24123
23644 24121
23760 24114
24010 24027
