0 8119
28 1470
37 138
76 21000
110 6373
110 21295
138 20299
158 4493
158 4589
158 22683
158 23760
158 24072
315 24105
455 1922
546 857
546 1106
621 19970
760 4589
837 20299
857 1106
857 6596
857 11203
904 12366
1058 1633
1106 11203
1186 2669
1255 1470
1361 22858
1413 2762
1413 24110
1470 2762
1470 22144
1540 12366
1636 4019
1751 24105
1831 13478
1917 4493
1917 24106
1972 19970
2243 17466
2243 24044
2583 3745
2583 20291
2583 21622
2583 22647
2583 23760
2619 24109
2650 20559
2694 21280
2762 11340
2762 24093
2767 15113
3226 4019
3639 5616
4019 13061
4382 22892
4493 10409
4536 5272
4949 15453
5009 14451
5065 11090
5065 21622
5065 24105
5119 24111
5362 6448
5362 24110
5616 20291
6429 12366
6429 23760
8981 10889
10966 17923
11203 20291
11340 17329
11378 24108
11963 15108
12366 18797
12366 20388
13061 22858
13121 21043
15067 24107
16549 23644
16549 24085
17329 17955
19058 20299
22143 22858
22624 24112
22683 23954
23131 23283
