29 2650
42 18928
76 15750
138 13184
138 24163
153 5119
153 24162
158 6619
158 15750
158 24161
383 3910
573 3158
621 24159
774 2583
839 15453
839 24065
1002 24118
1256 23810
1369 4670
1369 23937
1540 22680
1831 3910
1922 18122
2223 24137
2223 24156
2223 24160
2583 17056
2650 23192
2694 16044
2839 8688
2839 16554
2839 23168
3166 24159
3322 24160
3405 6784
3405 17465
3910 11158
3910 24165
4171 16777
4267 15875
5119 24162
5550 24159
5720 23810
6203 11184
6373 16560
6373 18920
6373 19951
6448 15287
7399 13061
9245 24165
9466 16777
9562 10461
11184 15472
11360 19849
13184 18466
15299 23168
16549 24155
16560 24137
16777 22106
19970 23168
20915 22392
21326 24164
