26 24179
48 23383
73 2845
76 857
76 1197
76 19970
90 3935
95 24200
109 11545
110 1854
110 22608
110 24199
135 2019
138 1065
138 24193
138 24201
158 9888
196 12366
196 16560
247 24191
528 4092
600 24192
621 4280
803 5119
803 5581
1065 1636
1065 2405
1115 9427
1243 9152
1243 10846
1256 24181
1264 1854
1264 12392
1361 17072
1365 1392
1365 3313
1831 22504
1854 3673
1917 4117
1917 14417
2111 6666
2583 3910
2583 5119
2583 5230
2583 11103
2583 15067
2583 16033
2583 24157
2583 24188
2762 17640
2783 11340
2783 15256
2839 24180
3456 22624
3673 21280
4011 22423
4059 16560
4187 4589
4589 11340
5065 24199
5119 19945
5119 24188
5119 24189
5230 11340
5501 24195
5692 24190
5831 11565
5992 17640
6373 12366
6373 16560
6373 24186
6373 24200
6596 15311
6942 23822
7213 20080
7290 24179
8067 24199
9241 24194
9427 15309
10068 24190
10789 23618
10941 24196
11340 24189
11344 24158
11565 17955
11762 15067
12366 15875
12366 16560
12366 24197
12366 24200
15067 16033
15085 18122
15168 24192
15240 23953
16033 23774
16560 24186
17955 22458
17955 24181
18122 24182
18466 21280
19970 23305
22315 23560
23822 24197
24139 24198
