26 8341
29 2650
42 8608
43 4589
110 23227
153 7109
258 17448
258 20066
258 21630
519 24065
610 839
610 13184
621 712
736 1917
736 24170
852 3313
1106 17056
1256 12366
1361 1551
1361 4727
1361 24162
1664 7855
2223 24160
2583 17056
2583 22381
2583 24169
2650 2729
2670 3707
2670 4140
2670 9309
2762 24065
2767 17056
2786 21280
2816 24167
2839 5141
3041 13276
3313 18190
3636 22892
3707 9309
3900 23227
3910 24165
4187 24166
4187 24171
4187 24172
4267 15875
4507 24166
4589 5616
5012 17692
5065 5230
5065 24166
5089 9309
5230 6779
5230 11340
6373 16560
6373 19951
6429 8608
6429 24170
7109 24156
9562 15067
12366 13061
12366 18797
12366 20775
15168 24166
16096 21642
16525 24164
16554 21280
17955 22458
20857 24065
24065 24168
