42 258
76 24145
109 22332
138 852
158 5859
158 23169
258 18928
315 4783
383 8067
455 7428
460 24135
546 9993
546 24145
621 23169
762 12366
837 23598
839 2650
852 3313
936 9152
1207 13137
1361 4092
1361 10171
1361 23792
1365 5478
1365 15299
1825 5859
1879 2650
1922 15505
2158 19587
2223 24137
2545 24138
2583 11340
2583 23792
2583 24136
2762 5215
2767 2868
2767 8197
2767 21622
2795 19587
2888 15823
3166 23227
3509 4092
3509 24136
3636 16017
3636 24120
3935 18928
4092 9985
4092 22798
4187 23598
4382 15823
4727 22702
4771 24145
4839 9562
4866 18696
5012 17692
5065 24144
5089 18190
5119 9993
5119 20751
5119 23598
5119 24139
5468 19970
5616 21622
5720 24140
5822 11203
5822 16549
5859 6429
5859 6448
6429 7520
6429 9818
6429 10293
6429 24142
6596 20945
6650 16560
7391 9818
7534 13929
8225 16615
9309 24140
9466 21806
9562 22002
9649 19970
9993 23192
10126 21622
10789 18454
11228 23168
11340 18454
13851 16560
15067 16033
15168 15823
15299 19970
16349 21622
16349 24142
16549 18470
16549 24142
17624 21294
17955 24134
19116 23169
19970 23822
21806 24141
22624 24144
23168 23598
23590 24143
