19 7760
28 7109
28 10347
73 1131
76 1742
110 18607
146 686
153 6917
158 23768
196 1640
383 641
610 6429
729 16569
736 8119
852 3313
852 5720
852 5857
1002 24308
1065 5690
1065 6817
1198 5119
1198 5471
1198 5479
1280 2142
1365 22798
1470 13061
1517 24308
1527 2437
1640 10846
1640 23168
1877 21761
1971 2158
1971 24309
1972 3716
2019 19970
2019 23090
2158 2324
2158 24309
2158 24310
2223 6142
2488 24292
2583 15168
2583 24202
2767 9469
3313 7534
3405 21464
3707 16320
3716 4382
4011 15981
4092 4839
4092 14970
4092 15067
4187 24171
4382 24171
4518 18154
5065 23438
5089 23644
5159 21170
5362 24308
5366 24312
5690 6429
5900 15372
6160 8472
6189 13061
6332 13061
6373 8119
6429 17465
6619 15981
6982 11779
6982 20494
7109 12932
7109 24156
8119 17465
9152 21000
10347 24292
11340 23768
13061 22798
14017 22798
15067 16349
15067 23768
15168 20435
15875 18920
16349 24289
16560 22914
16560 23168
16560 24306
16770 23540
17753 24315
20388 23168
21000 23168
21177 24312
21408 22608
22800 23768
23341 23401
23471 24314
24171 24313
