0 24272
76 19301
108 23493
110 23493
138 153
138 24274
158 3935
225 15113
249 9948
412 24249
460 24135
519 24275
610 7399
613 18122
618 24074
712 24261
736 8119
736 8224
736 10347
1106 18122
1206 9309
1232 2650
1361 2057
1361 6203
1361 23401
1636 2704
1636 22557
1763 24273
1831 24275
1922 6650
2086 5325
2254 13735
2650 19301
2670 23810
2985 11565
3195 9948
3338 17316
3405 17958
3405 24271
3707 23644
4187 24273
4771 22144
4949 10697
5065 6429
5089 15706
5089 23644
5270 24274
5468 24266
5479 10846
5501 23192
5859 23810
5900 18146
5938 13361
6203 10633
6429 22459
6429 23999
6429 24074
6501 24270
6650 12366
6650 18512
7097 22964
8119 10347
8197 22964
11779 24269
12366 23810
14017 15067
14017 24267
14596 23774
15067 24267
15108 24112
15709 24010
15875 24143
19116 24265
19301 24269
19945 24266
22364 24272
23341 23401
23592 24268
24010 24274
