0 48
0 1255
2 186
7 302
7 1106
14 315
14 1453
14 1793
14 1985
14 2272
14 2731
25 762
29 76
29 186
29 434
29 2307
30 1131
37 302
37 2783
41 153
43 2731
76 141
76 168
76 236
76 370
76 570
76 659
76 729
76 1106
76 1365
76 1622
76 1831
76 2412
76 2740
76 2741
83 315
83 460
83 1268
83 1453
83 2598
83 2731
95 907
95 1051
95 1453
95 1884
95 2064
95 2650
95 2731
95 2789
108 2062
108 2731
134 536
136 1812
141 2784
151 1253
153 552
159 2784
162 1753
175 846
186 311
186 504
186 613
186 1917
186 2038
186 2528
186 2659
186 2756
190 2784
195 2766
196 2650
196 2731
198 1793
235 1365
236 881
236 1413
236 1636
236 2267
236 2598
236 2740
280 1115
280 1365
280 2465
280 2767
286 565
286 682
290 1300
302 461
302 813
302 2292
302 2598
312 1331
315 2731
318 2781
373 852
408 2340
434 1972
434 2756
461 589
461 612
461 771
461 2387
461 2785
461 2788
506 1365
506 2731
528 1177
536 712
536 1177
536 1205
536 1379
536 1980
536 2307
536 2528
563 639
565 1972
565 1985
565 2767
577 712
589 1972
599 1663
612 693
612 1636
612 2254
613 2731
613 2790
618 1622
639 2148
659 852
659 1274
659 2598
682 824
682 904
682 1972
694 1051
712 2731
729 1177
729 1298
729 2731
762 810
771 1255
813 948
813 1753
813 2387
836 1768
836 1980
836 1985
836 2158
836 2682
836 2731
852 1365
873 1051
873 2789
897 2731
904 2731
1036 2781
1048 2728
1051 1422
1051 2650
1051 2740
1057 1365
1057 1917
1097 1404
1131 2158
1177 1333
1177 1831
1177 2535
1214 1769
1231 1384
1231 2598
1255 2191
1268 2731
1300 1365
1300 1877
1359 2492
1365 1917
1365 1972
1365 2256
1365 2598
1404 2696
1413 2756
1485 1593
1485 2488
1622 1661
1622 1972
1636 1972
1730 1972
1753 2682
1753 2788
1786 1972
1793 2158
1793 2307
1793 2786
1812 2789
1905 1972
1917 2256
1972 2191
1972 2649
1972 2756
1985 2674
1985 2731
2019 2787
2064 2650
2158 2562
2191 2728
2223 2756
2307 2598
2488 2670
2528 2728
2562 2606
2562 2731
2598 2650
2650 2728
2650 2731
2663 2728
2682 2787
2774 2783
