42 11203
76 823
76 24370
108 20793
110 921
138 23294
158 7109
158 20494
528 24363
546 573
577 865
621 7190
823 5816
839 14006
865 5065
865 6429
865 23399
897 22768
904 12366
921 3067
921 10966
1148 13489
1255 2669
1636 24374
1763 20435
1831 22399
1894 2839
2223 22396
2223 24098
2223 24371
2583 11158
2583 19487
2599 24308
3125 23168
3313 24365
4092 11158
4117 17374
4924 7109
5065 18190
5065 22382
5119 24376
5141 24370
5270 24102
5362 6189
5468 15075
5468 19252
5468 22742
5615 17374
5616 24369
5655 5900
5938 13361
6203 17015
6203 22399
6203 24372
6429 14006
6779 11203
7109 9425
7109 11340
7109 20494
8197 11751
9245 24255
9425 24371
9472 24297
10347 15067
10347 24375
11158 13061
11203 22051
11228 24375
11378 20382
11751 24376
11979 22315
12366 17007
12366 24376
13061 15505
13361 18847
13361 21439
13451 20455
15067 24377
15075 24370
15453 23294
15453 24374
16560 23294
16830 23294
17015 20829
17374 17761
23169 24373
23294 24374
