7 258
29 3653
56 6448
73 1131
88 5270
88 24382
110 921
110 17095
110 21408
110 24395
110 24398
138 24382
158 24365
258 2620
267 1390
267 6429
290 2839
374 22338
407 5125
407 5455
494 6448
509 6779
509 12424
546 7399
556 22702
577 6503
618 8298
621 11565
659 8298
659 16904
691 1106
730 1563
730 3799
730 6596
730 6779
730 15875
762 1831
762 11565
762 15113
774 11565
852 24242
881 24255
1012 12366
1106 3841
1106 11103
1106 11565
1115 24385
1144 11565
1148 13489
1198 6779
1206 3458
1206 24242
1255 3041
1255 17692
1335 3910
1365 1470
1365 15720
1390 7760
1390 10293
1422 22800
1422 23168
1470 15720
1539 4150
1831 4092
1831 11565
1831 13280
1831 24391
1831 24399
2223 11565
2428 15465
2583 16770
2583 24402
3041 3787
3041 21408
3107 7399
3107 16560
3177 24396
3787 21408
3799 7741
3910 8067
3935 15453
3935 24383
3984 7399
3984 15720
4092 13280
4746 9993
4746 24207
4809 6448
4839 22702
4839 24246
5049 9422
5049 18607
5065 5455
5065 24399
5119 19109
5119 22702
5125 11565
5362 24246
5468 22742
5468 24394
5616 17015
5658 10918
5816 7399
5831 19792
5938 24389
6429 7391
6429 7399
6429 24394
6498 10918
6498 18607
6503 15113
6503 23168
7109 9425
7109 22315
7109 24400
7399 16560
7516 15720
7516 24246
7839 21782
8067 9422
8067 23483
9422 23713
9948 24393
10409 24394
10846 24395
11943 22946
12125 24394
12366 23952
12421 22051
13061 18190
15067 24377
15113 23168
15168 24310
15453 24383
15720 20494
15921 24246
16182 17860
16984 24401
17955 24397
20388 23168
21043 24195
22624 24390
22702 23774
23352 24392
