28 16695
76 823
76 19301
76 24164
97 24368
110 921
110 23283
110 24323
138 1115
138 12366
138 15631
138 24362
145 968
158 573
158 16695
184 15631
196 11580
204 5493
339 19301
546 5885
546 10061
573 10966
659 7391
659 11751
823 5816
837 2762
839 23952
852 10068
897 24368
904 12366
921 2669
968 3787
1039 22664
1198 21782
1255 2122
1255 2669
1255 5270
1365 10061
1365 14017
1514 10846
1514 11580
1550 23590
1763 11580
1763 20435
1763 23560
1917 5501
1917 14006
2122 5144
2223 24294
2256 5724
2437 2669
2583 21092
2583 21627
2650 5724
2762 3984
2762 13061
3405 15875
3405 19911
3707 24365
3727 5885
4140 5720
4140 12222
4532 10846
4746 5501
4839 9562
4839 24294
4949 24362
5119 17432
5272 24363
5720 12222
5724 10789
6189 17432
6373 10198
6429 24359
7760 22003
8124 23026
8197 16770
9425 16695
10061 19221
10061 24025
10061 24364
10198 20565
10520 24367
10846 24359
11963 19768
11979 22315
12366 24366
12940 22338
14042 22315
15168 20435
15672 19768
16298 20509
17432 22800
17753 24308
17955 19221
17955 20435
17955 24294
22624 24362
22624 24368
22836 24207
23026 24221
23168 23217
23168 24338
23168 24361
