26 162
73 24439
76 15166
87 2223
87 24259
87 24441
88 108
95 24435
97 5479
97 23168
110 17217
110 24272
158 24359
172 23420
196 11580
318 10966
338 15453
509 6779
528 10293
613 23168
621 24442
736 11228
762 20739
762 24439
762 24440
836 17625
852 5720
852 17007
852 24439
881 3239
968 24272
1232 19211
1255 12444
1255 20989
1290 17753
1292 1763
1365 16099
1717 16615
1742 12444
1763 6640
1831 2762
1831 24316
1972 23168
2223 3476
2287 3239
2295 18809
2307 24359
2313 24441
2324 17217
2399 11340
2399 16192
2399 24436
2583 20435
2583 23337
2650 24436
2762 4368
2762 10461
2762 15113
3107 24442
3239 24440
3313 5089
3496 14970
3624 23168
3910 10068
3910 13929
3910 16099
3935 20739
3984 21000
4092 8981
4092 18105
4368 24202
4419 22537
4536 11363
5065 15166
5065 20702
5065 23399
5065 24359
5267 20700
5267 24421
5362 7516
5362 7534
5362 20435
5373 21718
5479 9649
5479 13578
5479 14988
5479 23168
5616 10293
5616 14970
5938 24443
6062 23168
6373 10198
6373 24447
6436 15918
6448 24446
6867 11580
6867 21661
6982 9309
7534 15064
7534 18470
7534 23337
8055 15875
9562 19536
9562 22774
9994 11580
10846 23168
10966 24438
11580 15875
11580 16560
11979 22315
12366 24444
12366 24446
12444 23168
13240 23365
15016 17753
15067 16249
16004 24445
16249 17955
16560 24442
16984 23471
17558 23168
18466 18805
20220 20700
21000 23168
21718 23283
22315 24446
23399 24236
24259 24400
24419 24437
