29 5581
42 13240
42 24449
70 1232
76 4746
80 24456
87 16099
87 20435
88 90
110 8197
110 8429
110 24272
158 11048
158 24385
172 23420
196 1278
204 24325
304 7991
412 20430
467 803
712 5065
730 3107
762 24439
803 7290
852 9309
881 13280
1092 4749
1115 11048
1144 21956
1148 5362
1148 24383
1206 22741
1278 20430
1333 3239
1333 16099
1606 19983
1763 16213
1774 16099
1794 24448
1917 4117
1917 15196
2437 22332
2583 4187
2583 20435
2583 24202
2816 4536
2816 5468
3107 16592
3239 16099
3239 22149
3380 15893
3458 8604
3484 24455
3764 23337
3799 5368
3910 13929
3910 18190
3984 21956
4117 15453
4117 23790
4135 16664
4135 21121
4188 18114
4382 20435
4397 14677
4746 16639
4749 23168
5065 15416
5065 23083
5065 24410
5125 15168
5254 10293
5362 7534
5366 15168
5455 15168
5471 9536
5471 22741
5581 11103
5616 9245
5616 15168
5720 13061
5816 8429
6223 6947
6223 21642
6373 15185
6373 21956
6429 24074
6429 24448
6640 21956
6867 16664
6867 18466
7213 15113
7534 23337
8043 24448
8197 12090
8197 17217
8197 24272
10198 15185
11103 24449
11565 11863
11580 16560
11751 15168
12366 15416
12366 16560
12366 23168
12366 24454
13240 22544
13280 19058
14387 24415
15067 16249
15067 24450
15113 23168
15472 24457
15643 17753
15893 18466
16182 24458
16249 17955
16664 18466
18512 24459
19722 20090
20430 22153
20435 23168
20481 24453
21642 22149
21697 24460
23276 24460
23525 24439
24074 24415
24451 24452
