26 3479
42 14677
76 3739
76 8429
76 15113
76 18961
83 15893
95 5119
95 24554
110 22459
110 24536
113 18109
117 1879
117 1917
124 11376
138 412
153 24548
158 286
158 412
158 1058
158 3727
158 19753
158 24547
184 23578
195 20288
258 24534
286 23959
546 9573
549 24315
565 1058
610 24552
618 10864
618 18109
618 24534
652 17713
736 6429
736 10409
852 24550
879 24552
881 2583
1058 1917
1058 2254
1058 11037
1106 14677
1115 24557
1356 24545
1359 3072
1390 24533
1470 2243
1514 23168
1550 23168
1636 2583
1636 23578
1636 24518
1636 24534
1636 24548
1818 17656
1818 24519
1824 4546
1824 5966
1824 7136
1831 8429
1879 1917
1879 24556
1922 23921
1996 14677
2027 6107
2142 2204
2326 23578
2382 24545
2670 12222
2767 24549
3030 3739
3226 5089
3381 18556
3501 4830
3636 5621
3739 21030
3739 23192
3797 17955
3984 24534
4031 18961
4135 5692
4382 23168
4523 24218
4536 13209
4746 24523
4839 20604
4924 22351
5009 11037
5009 24448
5065 23921
5089 21642
5119 6448
5119 21143
5119 24555
5468 9573
5479 24218
5720 12222
5831 23454
6203 24546
6373 24554
6779 24518
6867 24554
7213 24534
8093 24480
8429 11214
10656 14718
10846 16560
11779 23168
11779 23921
12125 23168
13287 15252
13318 24550
13578 24218
14677 16554
14948 22702
15113 16436
15113 24552
15125 18556
15168 24085
16560 18844
19945 24534
20604 22702
20849 21030
21030 24534
22198 23192
22315 23582
23168 23921
23168 24534
23578 24548
24534 24551
24534 24553
