2 162
2 8197
14 3501
14 7397
76 24616
95 1106
95 15168
158 6294
158 23433
226 2816
253 24613
338 1972
393 1470
613 15157
613 24609
621 2406
673 2868
724 2268
803 22515
839 24607
1012 1990
1041 15108
1058 20440
1144 16298
1144 24612
1144 24618
1177 7213
1177 10347
1177 12222
1359 17558
1361 24615
1395 16033
1636 9245
1636 24612
1709 24614
1742 19970
1763 16905
1763 24618
1794 23655
1879 24607
1917 24522
1990 5468
2223 24453
2243 16905
2324 22503
2583 3910
2583 18148
2692 4048
2692 5272
2692 22515
3388 7632
3515 10347
3804 17558
3910 18148
4011 24610
4117 24610
4382 12319
4419 23694
5009 22800
5018 11340
5065 5125
5065 7230
5119 21121
5362 9245
5362 15067
5362 24606
5468 19970
5929 10789
6294 11340
6294 19221
6373 10198
7230 9776
7632 13061
7760 20673
8363 9122
8472 24613
8608 9001
9071 18005
9152 13407
9152 19221
9245 15067
10347 17448
10461 22515
10789 11340
10941 24603
11340 16364
12070 24611
12358 20440
13280 14017
13280 24609
14017 17072
14017 22702
14017 24609
15185 17095
15185 22602
15698 21614
15987 18896
16298 24156
16364 19221
16554 19041
17212 23471
18539 19041
18821 24617
19221 23192
20179 24359
23283 24607
23454 23551
23471 24619
24608 24609
