4 24527
42 5065
76 8429
95 2650
110 17095
117 1917
138 15113
258 4839
258 9257
338 1709
621 13578
636 9396
659 1359
682 2839
736 2583
736 5831
736 10347
736 10520
839 1058
839 5065
839 7290
1048 1563
1058 1917
1144 10347
1144 15492
1223 21090
1255 15372
1256 15468
1365 12222
1365 23168
1365 24534
1413 24560
1540 24560
1763 24566
1794 15113
1836 21090
1879 1917
1917 19117
1922 23921
1971 21090
1990 6373
1990 16560
2019 5174
2142 2204
2243 8067
2256 9257
2692 19414
2694 24534
2995 9573
3239 5616
3322 24558
3636 24206
3648 9573
3716 4382
3935 7290
4117 5616
4117 9257
4117 10268
4216 17743
4536 23098
4536 24559
4589 19414
4746 16639
4839 9257
4839 9562
5065 6203
5065 7290
5065 24559
5089 23644
5455 17743
5468 9573
5616 19414
5616 24563
5616 24564
5699 17581
5720 24565
6203 24567
6373 15492
6373 16560
6429 19117
6917 15683
7136 15875
7749 24561
8067 24206
8298 9573
8429 23168
9888 24525
10347 10520
10347 24527
10479 15875
10479 17545
10789 15113
11340 23582
13318 24550
15252 24541
15698 20393
16349 24534
16984 23551
17302 24474
17635 18693
17743 19886
17955 23748
18190 24048
19117 23283
19221 23748
19301 23168
20156 21575
22332 24534
22624 24568
23283 24556
23582 24562
