42 839
43 1990
76 24669
90 24449
93 1413
93 6779
93 8197
93 15505
117 23283
138 24640
158 15113
311 15309
330 2888
461 1413
621 24661
839 24449
1361 22296
1361 24639
1470 2762
1604 2762
1604 24667
1636 22557
1877 24674
2027 24664
2223 5066
2284 24661
2583 15309
2583 24470
2583 24671
2762 5119
2762 5471
2762 9168
2762 9565
2762 13280
2767 24470
3624 3785
3893 9562
4187 15453
4390 7186
5119 10347
5272 24669
5362 6739
5471 6505
5471 11164
6373 6867
6373 15808
6429 7000
6429 15309
6867 24616
7000 20376
7097 16554
7109 24400
7855 24047
9280 19627
10293 24675
10347 24671
10789 24651
12358 13280
14017 22296
15709 22951
15875 19627
16099 24673
16436 24672
16525 24661
16984 24510
17866 22315
18617 19627
19520 24221
19520 24670
24025 24668
