0 2598
7 1298
19 43
19 1331
19 2128
19 2650
19 2731
19 2822
29 43
29 196
29 253
29 1128
29 1265
41 2868
42 68
42 198
42 809
42 2396
42 2598
42 2649
43 75
43 682
43 1793
43 2492
43 2650
43 2663
43 2711
43 2856
43 2860
61 2682
68 2254
73 691
74 773
75 442
75 809
76 555
76 731
76 1255
84 370
84 613
84 1917
84 2598
88 2731
89 1106
97 2492
123 2396
136 2396
138 713
141 2863
146 613
148 2321
148 2598
148 2786
153 785
154 2268
154 2598
195 2778
198 859
198 1753
198 1763
198 2574
204 809
280 539
280 1115
280 1732
280 2340
280 2583
289 506
302 461
302 785
302 1917
302 2389
302 2844
312 506
349 506
349 2767
374 2223
383 2046
410 1312
413 1255
413 1753
434 2492
434 2844
455 785
461 852
461 1561
461 2319
461 2598
461 2741
461 2810
475 2374
502 1224
506 571
506 785
536 2861
539 1753
539 2599
546 2254
546 2598
546 2810
546 2865
570 2062
570 2598
571 682
571 1304
571 1622
571 2674
577 2706
612 2859
613 1224
682 852
686 809
686 1413
686 2545
712 1359
729 2845
731 1224
785 852
785 2268
785 2598
785 2862
789 948
801 1268
801 1510
801 1793
809 1413
809 2254
809 2396
809 2545
809 2741
852 1458
852 2008
852 2267
852 2583
852 2598
852 2670
881 2598
912 1255
928 1298
938 2711
963 2845
1036 2663
1128 1917
1128 2292
1140 2674
1140 2861
1141 1160
1141 2861
1177 2861
1214 1448
1224 2455
1268 2674
1335 2867
1365 2858
1395 2455
1413 2052
1413 2396
1413 2598
1413 2731
1413 2741
1448 1753
1453 2733
1510 1793
1561 2598
1563 2598
1588 1763
1636 2706
1660 2860
1753 2731
1763 2733
1787 2396
1831 2046
1917 2598
1990 2396
2008 2132
2046 2864
2052 2396
2052 2863
2062 2492
2062 2650
2128 2663
2128 2822
2132 2692
2191 2866
2223 2534
2254 2865
2255 2810
2319 2845
2429 2455
2429 2692
2429 2767
2433 2711
2455 2692
2455 2767
2472 2733
2583 2865
2622 2845
2663 2731
2663 2783
2692 2767
2692 2864
2692 2868
2731 2820
2767 2841
2810 2820
