19 1268
19 2128
19 2731
29 2845
30 2592
41 2864
42 729
42 1448
42 2423
42 2728
46 1753
59 2864
72 573
73 2754
75 1413
75 2254
75 2396
76 140
76 141
76 536
76 2650
80 2875
84 1786
88 158
88 565
88 618
90 174
90 613
90 1002
90 1422
90 1887
90 2455
90 2598
94 2663
94 2733
95 536
95 729
95 1379
95 2526
95 2706
95 2728
95 2881
97 236
141 2863
145 2696
148 1561
148 2492
148 2533
148 2870
153 1321
153 1458
153 1561
153 2064
153 2682
174 2733
186 1763
204 2254
280 536
280 539
280 1115
280 2663
280 2728
283 729
287 2423
287 2612
289 991
289 2687
295 2728
330 1097
339 2878
349 1687
404 731
434 2879
442 1636
461 536
461 1413
461 1972
461 2191
461 2396
461 2741
461 2867
501 1244
536 1510
536 2254
565 991
565 2731
570 2191
573 1793
573 1971
613 2465
618 1335
618 1622
618 2663
659 2191
682 852
691 2754
712 991
729 2728
729 2820
729 2875
729 2880
731 1224
760 2881
771 1971
823 2881
852 1224
852 2477
852 2670
852 2756
852 2783
859 2682
907 2682
948 2612
991 2650
1006 1948
1006 2019
1038 2775
1097 1753
1206 2488
1224 2009
1256 2871
1268 1948
1268 1971
1268 2477
1365 2191
1379 1510
1413 2191
1413 2396
1448 1753
1453 2526
1453 2820
1458 1774
1458 2682
1561 2492
1563 2396
1563 2820
1588 1763
1636 2598
1753 2191
1763 2598
1763 2663
1763 2762
1763 2868
1763 2879
1774 2052
1774 2682
1774 2872
1793 2696
1812 2663
1831 2756
1971 2027
1971 2869
1971 2881
1972 2526
1972 2731
1985 2687
2027 2878
2052 2396
2052 2872
2052 2875
2062 2754
2062 2872
2123 2878
2126 2191
2126 2881
2148 2756
2191 2477
2203 2869
2223 2660
2223 2728
2254 2682
2256 2733
2256 2762
2268 2598
2399 2767
2399 2868
2433 2711
2455 2762
2465 2864
2522 2775
2598 2762
2660 2783
2660 2872
2663 2775
2663 2872
2663 2875
2663 2876
2682 2687
2687 2783
2693 2775
2696 2820
2728 2820
2767 2864
2767 2872
2820 2872
2820 2880
2868 2879
2872 2877
2873 2874
