0 1
0 4
0 8
0 25
0 28
0 29
0 30
0 98
0 122
0 123
0 139
0 159
0 167
0 246
0 280
0 380
0 383
0 390
0 394
1 69
2 43
2 48
2 70
2 128
2 331
2 399
2 412
3 25
3 42
3 101
3 123
3 134
3 172
3 411
4 69
4 201
4 404
6 387
8 28
8 139
8 280
8 331
8 354
19 307
19 335
25 26
25 30
25 80
25 109
25 122
25 127
25 128
25 135
25 162
25 184
25 226
25 238
25 247
25 307
25 338
25 339
25 372
25 374
25 391
26 76
26 88
26 98
26 403
28 226
28 409
29 275
29 331
29 393
37 47
37 56
42 54
42 76
42 101
42 159
42 166
42 172
42 233
42 275
42 303
42 330
42 331
42 383
42 388
43 103
43 135
43 146
43 206
43 307
43 394
43 402
47 246
47 382
48 113
48 196
48 206
54 331
56 184
56 410
57 184
57 266
59 374
66 410
68 128
68 206
68 376
69 380
74 130
74 307
74 381
76 82
76 93
76 123
76 183
76 271
76 295
76 303
76 331
76 354
76 383
76 391
76 392
76 395
76 400
76 404
76 408
79 291
79 307
79 345
79 410
80 122
80 146
84 206
88 121
88 149
88 206
91 138
91 413
93 390
94 307
97 226
97 359
97 401
101 134
109 397
109 398
117 134
119 345
119 399
121 226
121 283
121 291
122 266
127 287
128 303
128 379
128 386
128 410
129 394
134 135
134 178
134 233
134 404
135 388
135 391
138 400
140 330
146 196
151 290
157 206
159 238
162 206
166 389
167 369
167 391
180 382
184 404
186 291
187 410
195 206
195 330
196 235
196 238
201 275
201 374
206 233
206 247
206 275
210 246
210 385
226 405
246 396
259 341
266 396
271 383
290 359
290 384
291 307
291 410
295 399
301 357
302 401
303 369
303 375
307 331
307 335
307 342
307 410
307 412
324 331
324 383
324 410
331 383
331 389
335 392
336 399
367 404
369 388
388 406
396 405
407 408
410 412
414 415
