0 2669
12 2319
29 249
41 2465
41 2864
42 2649
43 335
43 810
43 2365
73 76
73 2909
83 731
95 1359
95 1820
95 1925
95 2365
95 2910
96 503
96 2319
97 348
108 2650
124 1561
133 682
138 2365
140 539
153 196
153 349
153 2528
190 348
190 2650
195 2756
196 370
196 1561
196 1578
196 2913
280 383
330 2682
335 1786
348 1793
348 2406
370 810
370 1413
383 1051
383 1256
383 2583
446 519
451 2365
461 613
461 2825
506 2254
519 1636
528 1359
528 2906
539 1753
570 682
570 810
570 2650
613 2598
613 2906
621 682
662 1753
682 729
682 1890
682 2062
682 2254
682 2255
682 2319
682 2820
686 1312
686 2052
686 2254
686 2583
686 2756
691 1436
712 2738
731 2897
753 948
779 1877
810 1917
810 2254
810 2598
839 2912
891 2825
922 2583
922 2756
1015 2528
1051 1985
1205 2845
1206 1436
1206 2901
1242 1921
1268 2682
1312 2908
1319 1822
1325 2650
1359 2728
1561 1583
1636 2739
1636 2825
1663 2913
1717 2901
1786 2598
1786 2902
1793 1822
1793 1877
1793 2910
1824 2912
1890 2319
1917 2852
1925 2598
1992 2052
1992 2254
2052 2254
2052 2334
2052 2583
2062 2756
2064 2598
2254 2583
2254 2598
2254 2739
2254 2767
2254 2820
2254 2910
2283 2433
2334 2820
2598 2739
2598 2825
2731 2738
2767 2907
2910 2911
