14 383
14 1247
14 1793
14 1985
14 2412
14 2598
30 206
30 349
43 571
43 708
43 1877
43 2107
43 2598
43 2603
43 2895
43 2915
43 2921
46 2845
46 2916
61 1793
76 348
76 2783
88 1206
124 836
138 1894
156 1255
196 2783
206 1824
236 2107
247 1824
280 897
280 1985
280 2534
280 2783
287 2052
289 2534
335 891
335 2915
348 836
348 1971
348 2406
348 2783
348 2918
349 2255
351 2762
374 2805
383 2598
383 2670
442 1422
442 2820
442 2921
446 2915
451 2767
461 571
461 1925
461 2762
461 2767
477 2912
503 565
503 2052
503 2783
565 2583
570 2255
570 2649
571 729
571 891
571 1256
571 2254
571 2488
571 2762
577 1985
577 2598
613 1057
613 2228
613 2254
613 2598
644 1890
682 2649
682 2674
682 2916
686 2583
686 2598
708 1917
729 2762
736 1992
836 1036
836 2128
839 2365
852 1039
852 1561
859 1894
881 1057
891 2915
897 2783
907 2741
907 2916
948 2423
1002 1877
1002 2472
1036 2128
1039 1256
1057 2228
1057 2254
1057 2915
1097 1824
1206 1255
1206 2741
1234 1325
1255 1561
1256 1422
1256 1890
1256 2488
1256 2598
1256 2762
1319 1636
1321 2767
1321 2916
1359 2921
1365 2254
1422 1644
1422 2783
1422 2919
1510 2762
1561 2741
1636 2825
1753 1824
1753 2107
1753 2255
1753 2907
1753 2920
1793 2720
1824 2256
1877 2472
1890 2820
1917 2902
1921 1925
1959 2767
1971 2389
1972 2526
1972 2805
1985 2583
1985 2598
1985 2783
2027 2914
2052 2921
2052 2924
2107 2255
2107 2598
2228 2820
2254 2455
2254 2598
2254 2868
2254 2915
2321 2868
2333 2805
2389 2918
2400 2917
2406 2918
2488 2762
2529 2583
2583 2660
2598 2767
2598 2915
2603 2925
2660 2741
2687 2915
2720 2910
2741 2767
2741 2916
2762 2783
2767 2921
2852 2902
2922 2923
