0 2191
7 2191
14 1247
19 1255
19 2062
19 2191
19 2939
29 133
29 762
29 2062
30 1053
42 117
42 693
42 1877
42 2766
43 1753
73 570
73 2062
76 236
95 1992
97 1255
97 2935
103 2934
123 287
133 618
133 2062
140 1365
140 2598
153 1992
153 2492
174 304
196 253
206 302
206 1877
253 410
253 1012
253 1243
253 1763
253 2429
253 2432
253 2820
267 461
267 1365
267 2598
280 1365
280 1540
280 2938
287 948
287 1917
287 2340
287 2598
295 2521
302 1877
302 1882
304 2692
339 2598
339 2766
348 1753
348 2762
374 2712
383 729
385 2492
410 1395
434 2492
442 1243
442 1365
442 1636
442 2124
455 1588
461 1256
461 1365
461 1636
461 2191
461 2492
506 686
506 1365
506 1763
519 1365
536 2583
536 2937
546 1882
571 1283
571 1540
571 2191
577 618
577 2902
682 1365
686 773
686 1365
686 2598
693 2766
729 1312
729 1413
729 1959
729 2062
729 2598
731 1224
731 1365
731 2492
731 2889
753 1106
753 1365
753 2254
762 2062
852 1039
852 2488
852 2926
852 2939
859 2603
901 2934
938 2583
938 2617
948 1753
948 2389
948 2423
948 2612
963 2191
1002 1877
1006 1786
1054 2935
1057 1365
1057 2492
1106 1365
1106 2254
1106 2598
1206 2191
1242 1543
1245 2938
1255 1365
1255 1753
1255 2062
1255 2437
1255 2628
1256 2488
1256 2492
1256 2938
1268 2191
1268 2612
1304 2583
1321 1365
1365 1561
1365 1604
1365 1786
1365 2254
1365 2340
1365 2598
1365 2783
1365 2938
1413 1540
1413 2062
1413 2191
1413 2598
1422 2598
1510 2844
1527 1921
1540 2191
1636 2191
1636 2888
1636 2931
1742 2880
1753 2612
1763 1959
1769 2930
1774 2930
1785 1992
1793 2933
1861 2820
1877 2389
1877 2766
1882 2943
1992 2254
2052 2944
2062 2650
2064 2492
2124 2913
2191 2256
2191 2340
2254 2868
2254 2941
2273 2936
2291 2762
2315 2881
2319 2583
2340 2783
2389 2612
2389 2844
2433 2942
2437 2628
2583 2617
2598 2612
2598 2888
2741 2767
2762 2937
2766 2869
2820 2939
2820 2941
2910 2933
2918 2940
2942 2945
