0 2598
2 692
2 2966
14 89
14 897
14 2598
29 1179
30 307
37 89
42 348
42 461
42 891
42 1422
42 2340
42 2956
43 801
46 692
75 729
75 2254
75 2429
75 2959
76 153
76 158
76 284
76 692
76 922
76 2598
89 374
89 434
89 461
89 2254
89 2592
89 2598
89 2767
89 2868
94 1561
96 236
117 536
117 891
117 2902
151 2756
153 922
153 2598
158 284
158 729
162 2825
190 810
190 928
196 2541
201 374
206 2340
218 2598
226 2968
249 2340
253 613
259 1604
259 2868
284 729
284 1622
284 2307
287 948
287 2958
289 2254
303 2959
307 682
307 2065
315 692
348 836
348 2869
374 461
410 2339
414 1179
414 2959
434 570
461 1646
461 2954
461 2956
506 532
506 2598
536 546
536 1359
536 1646
536 2254
539 1604
559 2389
559 2648
570 2968
573 836
573 2962
599 692
613 892
613 1374
613 1604
613 2541
613 2687
659 1374
682 2868
686 2682
686 2959
692 1365
692 1453
692 1812
729 801
729 1374
729 1877
729 2541
729 2852
801 1563
810 928
810 2307
836 1365
839 2423
852 922
852 1256
852 1374
852 1717
852 2488
852 2492
852 2756
852 2762
922 1256
922 1321
922 2756
948 2468
1005 2762
1012 2767
1023 1877
1036 2967
1057 2820
1106 2254
1179 2598
1256 2756
1333 2254
1333 2598
1359 2820
1359 2959
1361 2868
1365 2254
1365 2256
1365 2598
1365 2964
1379 1646
1381 1561
1381 2492
1395 2339
1453 2966
1604 2492
1636 2820
1646 2965
1785 2581
1818 2947
1917 2309
2001 2739
2135 2223
2169 2340
2254 2959
2309 2598
2340 2820
2340 2868
2389 2960
2397 2963
2406 2967
2455 2541
2468 2961
2473 2962
2492 2739
2541 2783
2598 2868
2775 2966
2820 2966
2852 2958
2902 2958
2942 2962
