0 25
0 43
0 79
0 129
0 135
0 206
0 422
1 28
1 69
2 190
2 249
2 356
2 437
7 134
8 328
25 26
25 36
25 43
25 64
25 93
25 109
25 120
25 121
25 129
25 132
25 134
25 140
25 153
25 154
25 159
25 172
25 190
25 196
25 206
25 246
25 249
25 348
25 390
25 404
25 410
25 412
25 415
25 417
25 423
25 428
25 434
25 435
26 36
26 121
26 403
26 436
28 206
29 109
30 190
31 76
36 76
36 83
36 88
36 121
36 206
36 275
36 336
42 134
42 348
42 418
43 167
43 206
43 339
43 391
43 410
43 431
43 436
61 410
64 367
64 434
68 206
68 249
68 411
70 422
70 428
73 434
76 96
76 109
76 148
76 410
76 417
79 214
79 291
80 109
80 335
80 414
97 190
97 401
100 134
100 303
101 275
105 143
105 410
109 121
109 349
109 404
114 411
120 121
120 206
120 422
120 434
121 275
121 428
122 412
123 154
127 287
127 416
128 267
128 419
128 423
128 424
129 394
129 405
131 348
132 367
132 372
134 154
134 348
138 420
140 411
141 158
148 410
151 249
154 196
154 304
154 348
157 162
166 389
172 348
173 201
178 348
196 374
198 410
201 374
206 226
206 249
206 428
206 431
210 426
226 405
231 437
246 396
249 335
249 368
249 411
249 429
249 436
275 307
275 411
275 433
298 396
304 404
307 410
325 422
335 432
336 431
348 438
349 425
356 423
382 410
388 431
389 417
389 421
391 431
395 422
396 405
404 410
410 422
417 421
422 427
422 428
422 430
