14 852
14 2999
41 2545
41 2945
43 2781
73 1169
73 2784
89 938
89 1255
89 1691
133 2997
137 1365
138 1169
158 1005
190 810
196 434
196 2598
249 1877
258 280
258 434
258 950
258 1185
258 1561
258 1947
280 370
280 392
280 434
280 1476
280 2292
280 2868
286 565
289 2999
370 2997
383 2999
385 1365
434 570
434 2598
461 1232
461 1879
510 1169
570 1169
592 2663
613 1469
647 2254
659 691
659 1365
659 2998
690 2598
760 2541
771 968
771 2598
789 948
789 2319
789 2648
789 2962
789 2996
810 1917
821 1786
821 2598
839 1661
839 3000
852 1177
852 2756
852 2868
891 2052
907 938
948 2254
948 2534
948 2648
948 2996
1070 2756
1169 1255
1177 1333
1232 1793
1232 2052
1242 2820
1251 2820
1251 2938
1255 1256
1255 2598
1359 1469
1359 2254
1369 3000
1476 2868
1661 2598
1786 1917
1786 2902
1786 2997
1812 2307
1879 2254
1980 3000
2052 2254
2052 2820
2057 2756
2126 2203
2223 2974
2245 2993
2254 2429
2254 2534
2254 2978
2309 2970
2455 2985
2477 2784
2592 2919
2598 2781
2598 2902
2598 2993
2598 2997
2648 2996
2781 2820
2784 2845
2902 2997
2990 3001
3001 3002
