2 571
2 2781
2 3014
7 1349
7 2844
7 3006
14 570
14 1359
14 1365
14 1422
14 2024
14 2052
14 2128
14 2598
19 2589
25 2962
26 3009
29 1298
43 2985
56 89
73 138
73 1169
76 258
76 1232
76 2844
76 3006
77 2062
83 3015
90 3009
113 134
113 2468
117 682
117 891
124 3014
138 721
138 1169
138 1381
153 461
153 1256
153 2057
190 1298
196 836
196 952
196 1561
196 2598
196 2784
196 3009
196 3014
206 839
258 392
258 938
258 1232
258 1561
258 3014
259 312
280 312
280 461
280 685
280 2057
280 2254
280 3007
312 536
312 682
312 834
312 2254
312 2783
312 2820
374 1115
414 2243
432 1413
432 2985
434 1167
434 2455
446 2283
446 3010
451 1887
451 2598
451 2844
461 536
536 1232
536 1359
536 1737
536 1793
536 1807
536 2052
536 2820
536 2948
563 839
565 1365
565 1812
565 3009
570 836
571 1836
571 3018
577 1606
577 1807
613 2024
613 3006
659 1115
659 2598
682 2767
721 2598
729 3014
762 1255
762 1381
762 1793
762 2052
762 2970
836 1612
836 2784
839 1232
839 3000
891 1359
891 2102
891 2254
948 2468
948 2996
950 2598
952 3003
952 3004
1057 2254
1085 1232
1115 1992
1115 2254
1128 1476
1197 2057
1232 2948
1255 1753
1255 1793
1255 2307
1256 2254
1256 3006
1256 3014
1256 3017
1289 1644
1300 2598
1359 2052
1359 2254
1365 1812
1365 1917
1365 2589
1365 2598
1365 2919
1365 2983
1365 3005
1365 3006
1365 3009
1369 2771
1369 2962
1392 2245
1451 1894
1476 1561
1476 2223
1491 2968
1540 2589
1540 2767
1540 3006
1561 1794
1561 2598
1561 2868
1561 3009
1561 3014
1606 2902
1644 2340
1646 2784
1697 2598
1753 2784
1763 2243
1779 1917
1779 2192
1779 2255
1793 2598
1812 1917
1824 3009
1831 2983
1880 3005
1917 2192
2024 2598
2024 3016
2027 2612
2052 2057
2052 2468
2052 2598
2052 3014
2052 3015
2057 2148
2192 2255
2243 2853
2243 3011
2245 2455
2245 2767
2247 2783
2254 2455
2254 2598
2254 3014
2256 3012
2267 3001
2309 2970
2319 3014
2389 2468
2412 3009
2455 2598
2465 3010
2472 3006
2598 2970
2767 3006
2771 3000
2783 3015
2783 3017
2784 3008
2888 2992
2938 3005
2970 3014
2982 3016
2990 3001
3001 3002
3010 3013
