2 3014
4 3024
14 184
14 1255
14 1359
14 2598
14 2606
14 3025
19 2062
19 2418
19 3014
25 2437
29 190
29 839
30 370
30 1453
30 2243
42 729
42 1255
43 89
43 206
43 2191
56 2191
59 2455
73 1012
73 1256
73 3032
76 577
76 685
76 803
76 1476
76 3014
83 1453
89 295
89 621
89 1877
96 1164
96 2468
97 836
97 948
108 2062
113 134
113 948
124 2598
134 753
134 2962
138 1972
153 302
153 349
153 2132
153 2598
153 2606
153 3014
154 2598
156 682
156 1164
156 2307
184 1446
190 1298
190 2598
196 659
196 2418
196 3014
206 434
206 1244
249 948
249 2468
258 659
258 1561
258 1787
258 2606
280 349
280 852
280 1115
280 1453
280 2191
302 349
302 1453
302 2598
302 2970
302 3014
303 2052
303 2820
303 3019
312 1359
339 2062
349 410
349 519
349 682
349 1453
349 2767
349 2877
349 3023
370 1179
374 1115
410 1453
434 659
434 1381
446 2854
461 1057
477 1115
487 2598
509 1036
509 1877
521 1612
539 1753
539 2019
539 2204
562 3020
570 2062
577 803
599 1349
599 2844
599 3014
612 3022
613 3006
682 2756
682 3023
729 803
729 1552
729 1612
729 2598
729 3017
729 3031
771 1057
771 2598
773 1612
803 2783
803 2877
839 1232
852 2489
875 1369
891 1359
891 2254
891 2464
911 3029
948 1793
948 2468
948 2648
948 2674
1057 2254
1057 2598
1057 2823
1106 2254
1106 2455
1135 1359
1135 2907
1164 2674
1247 2062
1247 2418
1255 1256
1256 2254
1256 2489
1256 2991
1300 3021
1349 1620
1349 1794
1349 2598
1349 3014
1413 2052
1413 3019
1453 2767
1453 2877
1453 3014
1517 3014
1552 1794
1552 3033
1561 1794
1561 2862
1561 2962
1561 2970
1561 3020
1571 2464
1604 2820
1612 2111
1612 2128
1636 2254
1753 2062
1763 2853
1793 3024
1794 2962
1794 3014
1941 1972
1948 2286
1972 2062
2019 2286
2052 2598
2062 2418
2223 2489
2243 3024
2254 2598
2254 3027
2267 3001
2307 2589
2307 3017
2389 3000
2433 2854
2468 2674
2489 2783
2598 2682
2598 2970
2598 3017
2820 3019
2820 3027
2844 3014
2862 3014
2946 3028
2962 3014
3014 3026
3024 3030
