7 1255
14 1365
14 2603
29 290
29 2728
30 95
30 886
30 2214
30 2239
42 406
42 593
42 1753
42 2148
42 2223
42 2598
43 633
43 886
43 2598
43 2762
43 3042
43 3054
43 3061
43 3062
59 2268
73 3030
73 3032
75 2728
76 2589
76 2728
76 3059
80 3064
84 1164
84 2598
96 280
96 1644
109 2762
115 922
126 2455
135 2589
153 852
153 2057
158 2489
184 2254
184 2598
184 2902
186 2589
221 2598
253 613
258 2603
259 3061
266 2783
280 852
280 1039
280 1256
280 1365
280 1554
280 2268
280 2488
280 2741
280 3051
289 950
289 2589
330 1135
391 2868
406 1164
406 1753
406 1917
432 2820
442 886
442 2148
442 3064
446 3046
461 1792
461 2603
503 3051
506 1561
506 2603
519 2762
546 3058
546 3060
546 3062
563 3059
565 2589
570 852
570 2649
613 2268
613 2634
613 3064
633 2603
634 2603
682 2268
682 2589
691 2428
691 2603
708 875
708 2598
728 2762
729 886
731 886
762 1039
762 1787
809 2728
809 2783
817 1792
836 2455
836 3057
846 3057
848 886
852 886
852 954
852 1256
852 1505
852 1644
852 2052
852 2148
852 2223
852 3051
881 1606
886 1256
886 2268
886 2589
886 2649
886 3062
886 3063
891 2902
891 3046
891 3064
897 1543
907 1115
907 2741
922 1106
922 1365
922 1606
948 2598
950 1115
950 1792
1039 1141
1039 1644
1057 2254
1057 2589
1057 2868
1057 3064
1115 1792
1115 2767
1141 1644
1141 2411
1164 2598
1170 1561
1256 1554
1256 3051
1359 2429
1359 3064
1365 2428
1365 2760
1365 2762
1365 3046
1365 3051
1374 1792
1392 3064
1453 3056
1606 1793
1636 2868
1644 2223
1644 2411
1661 2603
1753 2412
1753 2649
1779 2148
2052 2741
2052 3061
2053 3054
2111 3059
2132 2268
2223 2411
2246 3023
2254 2589
2254 2902
2254 3062
2254 3064
2309 2598
2309 2970
2491 2603
2526 2741
2526 2868
2598 3054
2598 3055
2603 2820
2606 3047
2634 2868
2649 2868
2674 3051
2728 2783
2728 3064
2760 2902
2862 3064
2947 3066
3026 3047
3030 3059
3046 3051
3064 3065
