2 1561
2 3134
2 3136
7 43
7 76
7 83
7 570
7 1561
7 2868
29 2272
29 2598
29 3023
30 1474
30 1561
30 1753
30 2683
43 72
43 206
43 3140
46 72
46 895
46 1753
46 2598
56 506
59 3143
61 570
61 1268
64 72
64 570
64 1753
68 3134
72 434
72 839
72 1268
72 2683
75 539
76 289
80 289
80 948
80 2724
83 1561
124 2868
126 3138
135 2255
190 1179
191 2868
196 1877
215 354
258 839
258 3140
259 1763
259 2762
280 621
286 3121
289 1985
289 2598
298 2611
302 1724
370 1561
370 2272
370 2598
370 2868
370 3030
404 634
404 2598
414 2598
434 570
434 2062
442 1561
442 1985
442 2649
442 2825
442 2868
490 1941
506 528
506 1051
506 1249
506 1359
506 1872
506 2240
506 3116
506 3131
519 1365
519 3064
528 1563
570 1306
570 1561
570 1818
570 2607
570 3138
571 613
571 1887
571 2052
610 2598
613 2611
613 2784
613 3143
621 1243
621 2784
682 852
682 2598
682 3137
691 3023
726 1763
729 2527
789 3134
809 1110
809 2868
839 1268
839 1561
839 1753
852 1973
852 2057
852 2692
852 3137
881 1057
891 3133
891 3140
948 2868
1051 1321
1051 1365
1051 2488
1051 3023
1057 1785
1179 1818
1206 1321
1243 3134
1244 3134
1256 1994
1265 1474
1265 2687
1268 1753
1306 2868
1321 1365
1321 2868
1359 1422
1359 2825
1359 2868
1365 1561
1365 1831
1365 2534
1365 3064
1365 3134
1413 1561
1413 2868
1448 2027
1474 3023
1517 3136
1552 1561
1552 2492
1552 2784
1561 1917
1561 2132
1561 2455
1561 2598
1561 2649
1561 2784
1561 2868
1561 3134
1561 3139
1606 2598
1612 1917
1612 2052
1636 2598
1636 3064
1661 3134
1763 2762
1779 3136
1787 2364
1792 2784
1793 2255
1793 3123
1793 3130
1831 3142
1881 2488
1973 2692
1985 2254
1985 2767
1994 3123
2052 2057
2052 3143
2062 2598
2064 2488
2064 2598
2064 2607
2064 3136
2100 3136
2114 2598
2132 3136
2254 2455
2254 2598
2255 2598
2255 3134
2272 2598
2272 3030
2272 3141
2432 3134
2455 3064
2488 2529
2488 3023
2492 2820
2589 2598
2589 3136
2598 2724
2598 2784
2598 2868
2598 3031
2598 3122
2598 3134
2607 2741
2607 3135
2649 2724
2649 2868
2692 2784
2724 2868
2762 2868
2820 3136
2868 3138
2975 3132
3069 3136
3134 3139
