2 3067
4 1985
7 80
7 570
7 691
14 461
14 1002
14 1223
14 2522
14 3158
19 1370
19 3154
43 1793
43 3115
46 72
59 3105
68 461
72 206
72 839
72 1268
72 2683
73 1941
73 2488
76 1453
76 3067
80 682
80 1890
83 236
83 1002
96 2598
96 3069
138 570
153 2526
153 2598
153 2691
158 286
158 2598
158 3154
172 1268
174 461
174 682
174 2522
174 2598
184 461
184 621
184 2526
190 403
196 461
196 613
196 3157
218 852
258 280
270 507
280 2522
286 2598
315 2989
315 3030
330 1002
330 2522
349 1636
349 3150
370 2526
370 2691
374 1525
374 3105
383 446
383 1057
385 1941
446 1057
446 2254
446 2428
446 2762
461 510
461 859
461 1256
461 1688
461 2522
461 2526
461 2598
461 2691
461 2902
461 2912
461 2938
477 2620
506 691
519 2223
536 1057
536 2062
536 2809
536 2820
536 3023
570 696
570 852
570 910
570 1561
570 2938
570 2970
573 634
613 1057
613 3157
633 2492
682 2598
682 2868
691 1787
691 2492
691 3151
700 1753
700 2598
760 1177
762 1928
810 904
810 2809
852 1039
852 1177
852 2488
852 2526
852 2598
852 3155
881 1057
887 3149
904 3067
904 3157
1002 2522
1036 3157
1039 2488
1039 2938
1039 3155
1057 1552
1057 1985
1097 3069
1106 1298
1141 1400
1177 1244
1177 1786
1177 2292
1177 2488
1177 2598
1193 3160
1206 2938
1223 1413
1223 1753
1223 2522
1223 2818
1255 3069
1256 2938
1256 3067
1268 1753
1268 2522
1268 3163
1298 2598
1298 3069
1306 2598
1321 2526
1333 2868
1359 1973
1359 3084
1398 1540
1400 2254
1448 2027
1453 3161
1561 2598
1661 2102
1753 3067
1793 3162
1812 1985
1824 2598
1864 3068
1894 3030
1917 2526
1917 2852
1917 3067
1941 2062
1973 2598
2052 3153
2140 2256
2140 2492
2140 3031
2255 3052
2256 3031
2274 2868
2307 2852
2433 3151
2455 2818
2492 2947
2492 3151
2492 3156
2522 2818
2522 2820
2522 3023
2522 3069
2522 3159
2526 2982
2529 3152
2541 2902
2594 2674
2598 2691
2598 2762
2598 2783
2598 2868
2598 2912
2598 3067
2598 3146
2711 2868
2762 3031
2783 3148
2783 3151
2818 3026
2820 3151
2820 3162
2820 3164
2970 3162
3026 3105
3051 3067
3151 3156
3152 3155
