0 1237
0 2868
2 2663
2 3227
2 3231
4 3220
8 21
8 531
8 577
8 1140
8 1831
8 2132
8 3159
8 3161
21 258
26 2663
30 290
42 76
42 539
42 3224
76 417
76 461
76 531
76 577
76 1140
76 2469
76 2589
76 3223
76 3224
79 3072
80 374
80 1140
83 1053
83 1561
83 3161
95 613
95 3223
96 506
96 1763
96 1994
96 2970
96 3206
117 577
117 682
117 1365
117 1731
124 1140
158 3223
158 3231
184 3223
196 1144
196 1763
206 1980
206 3051
206 3158
206 3161
258 280
258 519
258 570
258 659
258 881
258 907
258 1256
258 3051
258 3158
280 881
370 1994
417 2621
442 2313
444 461
456 1917
461 686
461 1244
461 1561
461 2317
461 2526
506 1994
539 1359
539 3224
568 3227
570 691
571 2234
577 659
577 1985
577 3157
577 3198
613 1994
613 2767
634 3223
644 2579
644 2663
659 1256
682 3206
686 809
686 2052
686 2254
691 3229
836 2526
839 3031
852 2488
852 3206
881 2455
881 2767
889 3072
928 1804
948 2468
1053 1812
1053 1917
1053 2292
1053 2970
1106 3223
1141 3206
1144 1763
1204 1370
1204 2670
1204 2762
1204 3161
1244 2176
1255 2598
1255 2961
1255 2970
1255 3069
1256 2529
1256 3030
1359 1985
1359 3224
1365 2526
1365 3069
1374 1972
1466 3023
1521 1877
1521 2650
1543 2188
1561 2052
1561 2663
1636 2188
1763 1994
1831 2428
1877 3216
1928 2488
1928 3206
1985 3215
2081 2767
2122 2468
2122 3223
2132 3223
2188 2254
2188 2583
2188 2767
2188 2868
2188 3220
2245 3161
2254 3158
2254 3223
2254 3224
2307 3030
2307 3078
2321 2767
2428 2767
2428 3217
2432 3206
2455 2598
2455 2767
2468 3232
2492 3223
2492 3228
2492 3229
2522 3069
2529 3231
2589 3230
2767 3051
2767 3158
2767 3221
2767 3231
2970 3069
3030 3051
3030 3223
3052 3069
3072 3225
3077 3223
3161 3220
3206 3226
