0 907
0 2529
4 2529
7 61
7 2455
14 349
26 3163
26 3177
28 1807
29 157
29 539
61 90
61 253
61 403
61 1058
61 1763
61 1816
61 2246
61 2254
61 2682
61 2838
61 3333
76 810
76 1453
76 2412
76 3001
80 1140
80 3239
83 682
83 917
90 2412
115 135
120 3334
135 1268
135 1359
135 2188
158 1115
158 2767
158 3328
284 1786
284 2052
289 917
289 3314
302 1816
318 1818
339 836
370 572
370 810
370 2412
370 3332
414 810
528 2627
539 1879
563 3327
572 1244
572 1763
572 1820
572 2052
572 2122
572 2389
572 3030
577 2147
577 2297
613 2412
694 2081
694 2627
729 2598
753 1268
753 1753
773 3327
810 1453
810 2254
810 3069
810 3076
817 2529
836 3177
836 3319
852 873
852 2699
852 3030
852 3206
881 3030
897 1255
917 1763
991 1753
1036 1804
1036 1972
1106 2545
1115 2767
1118 3206
1164 2052
1164 3330
1172 3333
1244 1763
1278 1561
1304 1807
1365 3307
1453 1786
1453 2412
1465 3335
1561 3329
1612 1742
1646 2246
1763 2699
1763 3030
1763 3322
1786 2412
1786 3332
1787 2254
1816 2762
1870 2762
1917 3332
2052 3030
2052 3331
2064 3314
2081 2492
2132 3215
2254 2545
2254 3314
2389 3052
2455 2583
2455 2762
2468 2598
2468 2741
2488 2877
2529 2756
2545 2820
2627 2762
2784 3329
2815 3328
2818 3328
3024 3051
3030 3327
3052 3069
3069 3163
3069 3332
3078 3161
3314 3334
