0 3337
14 349
29 157
30 3177
42 509
42 1753
42 2820
42 2970
42 3283
42 3342
61 507
61 510
61 694
61 2360
61 3340
74 729
74 1612
74 2492
76 174
76 963
76 1561
76 1636
76 2254
76 2292
76 2529
76 3161
76 3270
76 3283
79 1612
80 1510
83 1053
115 3091
129 836
153 1561
157 2852
158 408
158 2148
158 3342
162 2003
184 2682
206 1053
206 3344
289 917
289 2838
297 1561
302 852
302 1816
303 1359
307 2428
351 1243
351 3348
370 644
370 2052
446 2699
461 2292
461 2324
507 3195
507 3339
511 2699
511 3336
539 2254
551 1013
570 1206
570 1561
572 1753
573 2970
577 836
577 1265
588 3337
592 2663
610 694
610 2455
613 1243
613 2663
621 2147
659 3329
691 3316
694 2455
729 1053
729 1243
729 1845
729 2412
729 3078
729 3316
729 3345
753 1255
753 1268
753 1753
753 2292
753 3345
836 1053
836 3177
836 3331
852 1717
852 2699
852 2756
852 3113
852 3152
852 3316
886 3329
911 2254
917 1763
917 2455
921 2003
939 3341
963 2292
1012 1561
1013 1140
1036 2455
1053 1753
1053 2003
1053 3344
1062 3283
1070 3337
1106 2254
1137 3078
1137 3161
1137 3185
1147 1753
1206 1561
1243 2663
1244 3342
1255 2468
1255 3345
1256 2529
1256 3152
1265 2687
1359 2825
1359 3347
1369 2286
1381 3001
1426 3339
1636 3044
1646 1816
1717 2756
1753 2970
1763 1816
1763 3030
1763 3078
1763 3270
1786 3332
1786 3338
1845 2529
1845 2534
1972 3318
2003 3030
2052 3091
2052 3283
2111 2268
2111 2970
2122 3346
2132 3206
2132 3215
2135 2818
2147 2268
2148 2919
2254 2598
2254 2825
2268 3161
2274 3078
2318 2930
2318 3342
2412 3338
2469 2795
2492 2699
2599 3342
2607 3316
2670 3161
2756 3337
2762 3078
2762 3347
2820 2970
2820 3091
2889 3305
3023 3091
3024 3030
3051 3091
3078 3161
3215 3270
3215 3316
3239 3336
3336 3343
3342 3346
