7 2915
25 1561
29 330
30 1053
30 1561
30 2324
42 1179
42 2324
42 2412
42 2545
42 2915
42 3030
42 3283
43 907
68 1561
74 1561
75 891
75 3376
76 1005
76 1268
76 2915
79 3044
80 2915
83 682
83 1053
83 1255
83 3338
88 3161
94 504
95 1863
117 1753
117 2126
133 2340
148 3161
148 3357
158 2455
158 2489
158 2592
158 3369
158 3372
174 3270
198 2464
226 1818
226 3030
246 3023
280 3030
280 3313
280 3349
286 1298
286 1807
286 2489
287 1646
289 1333
289 3270
291 1054
302 781
307 507
330 406
374 3239
414 2868
423 3336
424 2430
424 3357
436 712
442 686
442 948
442 1510
446 722
446 1177
446 2541
449 3344
461 729
461 991
461 1298
482 1198
482 3350
487 3344
506 781
506 852
507 729
507 1426
507 2598
507 3044
526 729
539 2052
539 3064
539 3373
552 2756
572 729
572 1972
572 2052
572 3069
577 1359
577 1966
577 2256
610 1179
613 1426
613 2581
682 852
682 2411
682 2598
682 3226
691 1255
691 2411
729 1359
729 1365
729 2756
729 3313
753 2820
771 836
781 3158
781 3377
809 1973
836 948
836 1147
846 1540
851 1292
851 3338
852 907
852 2411
852 2607
852 3316
893 3338
948 2542
948 2724
968 1369
1005 1335
1005 2783
1028 1244
1036 1818
1115 2489
1149 2773
1164 1646
1198 1333
1198 1786
1198 2077
1198 3158
1206 2411
1233 2982
1233 3270
1255 2488
1255 3373
1256 2411
1268 2820
1271 2052
1298 2489
1335 3044
1336 3039
1359 3051
1365 2411
1426 2254
1426 2581
1540 1917
1540 2492
1552 2411
1561 2432
1561 3357
1570 3349
1599 3357
1636 1973
1636 3270
1637 2598
1661 3300
1763 3270
1773 2148
1773 2292
1807 2489
1812 2762
1863 2783
1895 3367
1903 3175
1985 3349
2036 2868
2052 2489
2052 3373
2052 3375
2052 3379
2077 3378
2117 3355
2223 3357
2223 3369
2254 2545
2254 3064
2292 2340
2292 3030
2319 3069
2319 3371
2389 3270
2411 2488
2433 2868
2455 3158
2488 2624
2488 2938
2488 3374
2489 2599
2489 2687
2489 2767
2492 3374
2545 2767
2583 2915
2592 3175
2612 3044
2624 3374
2692 3369
2723 3368
2767 2915
2767 3359
2959 3368
2982 3270
3001 3359
3044 3359
3051 3359
3122 3324
3281 3357
3292 3370
3316 3366
3352 3361
3379 3380
