0 1561
2 2868
7 904
26 904
29 43
29 1753
29 2868
42 96
42 3051
42 3381
43 2868
48 781
48 3429
73 83
73 904
75 236
76 613
76 1057
76 1413
76 1785
76 2915
76 3044
76 3270
76 3406
76 3427
83 236
83 904
83 1106
83 1818
83 3044
96 1268
96 1753
96 2052
96 2111
96 2319
96 2411
97 1612
97 3030
103 141
124 3161
153 729
153 3401
153 3431
153 3432
158 1005
158 1115
158 1936
158 2024
158 2868
158 3278
158 3431
158 3432
174 1255
186 2416
186 3294
196 2957
198 991
198 1753
236 872
249 3361
253 3406
258 1005
267 2319
280 1005
280 2132
280 3030
286 1470
286 1818
302 3432
335 2762
348 712
348 3423
349 1005
349 3044
349 3254
370 1413
370 2762
370 3377
370 3440
383 1122
383 2064
383 3077
397 446
397 482
397 729
397 2411
404 3270
410 1742
410 2868
446 1070
446 1602
446 2132
446 3251
446 3435
461 1561
461 1612
461 2024
461 2868
461 3044
461 3314
461 3401
461 3415
482 3226
482 3427
503 2223
503 2739
503 3051
506 536
536 1255
536 1763
536 2254
536 2396
539 1753
570 904
570 1005
570 2627
571 2739
572 2762
613 3406
613 3417
621 781
621 2389
659 1012
712 3423
728 2627
729 3314
729 3436
821 1005
821 1370
821 3415
834 1392
834 3415
839 1005
839 2627
881 3044
904 1377
904 1818
904 2132
963 3044
1005 2321
1005 2739
1005 3044
1012 1206
1012 1831
1013 3431
1053 3430
1057 2627
1070 1602
1115 3431
1140 1255
1149 1753
1149 2389
1198 2868
1255 1365
1255 1540
1255 2254
1255 2355
1255 3432
1268 2868
1321 3417
1332 3401
1349 3044
1359 1470
1359 2052
1359 2762
1359 3425
1365 3435
1370 3077
1381 3044
1392 3401
1413 1785
1413 2024
1413 2915
1413 3406
1453 3432
1470 1818
1470 3437
1476 2762
1501 1602
1540 2024
1540 2868
1540 3044
1561 1928
1561 2820
1561 2868
1561 3044
1561 3406
1561 3432
1602 2411
1602 3161
1612 2868
1612 3415
1636 2762
1646 3417
1753 2389
1753 3257
1763 3425
1763 3433
1763 3440
1877 3426
2024 2674
2024 3377
2052 2319
2052 2627
2052 3401
2052 3436
2122 3432
2126 2430
2223 3401
2254 2355
2254 2396
2254 2739
2254 3427
2283 3251
2307 3429
2319 3077
2319 3377
2319 3432
2324 2962
2369 3050
2389 3415
2432 3426
2447 3294
2488 3270
2489 3431
2492 3431
2492 3433
2499 3270
2627 2982
2628 3434
2756 3270
2762 3410
2762 3438
2762 3440
2767 3427
2784 3329
2868 3415
2954 3355
2957 3406
3044 3051
3146 3225
3158 3251
3161 3254
3225 3251
3314 3432
3316 3366
3405 3426
3415 3432
3428 3429
3431 3432
3435 3441
3438 3439
