2 3160
2 3338
7 157
8 1717
8 3226
14 1179
14 1763
14 3480
17 1214
26 3479
29 1766
29 3428
30 881
42 76
42 599
42 881
42 968
42 2254
42 2756
42 3239
42 3381
43 968
43 2052
46 3318
46 3480
73 852
73 1015
76 2254
76 3160
76 3166
76 3485
83 2529
83 3160
97 3480
114 3166
117 1300
118 1636
120 3158
120 3338
120 3483
129 810
141 506
145 3166
145 3440
153 572
153 1561
158 572
158 636
158 907
158 1636
158 1972
158 2934
158 2954
158 3329
158 3432
158 3480
158 3481
158 3487
158 3488
184 3477
189 1825
196 2114
196 3406
199 2959
235 3160
235 3481
280 599
283 1012
285 1661
285 1786
285 1917
287 2612
298 3233
302 2254
312 2598
335 3030
348 3474
358 3461
358 3480
370 3158
370 3166
370 3446
383 3459
397 3477
404 2907
406 2970
432 2052
432 2957
446 1120
461 506
461 1807
516 1255
539 729
539 3051
566 1193
570 2916
572 907
572 1321
572 1561
572 2389
572 3039
572 3432
592 3460
612 1359
613 2762
613 3446
613 3460
621 836
636 803
636 817
636 1763
636 2052
636 2122
636 3415
673 1258
673 3039
682 1636
682 3160
729 2741
729 3051
781 3318
789 3166
803 817
817 1877
826 3484
852 1717
852 2254
852 2756
852 2916
852 3458
891 1413
907 2319
928 1804
938 3401
968 1255
968 1338
968 1527
968 1753
1005 1973
1012 3160
1012 3475
1015 1321
1017 1193
1017 2406
1172 2907
1206 2916
1232 1786
1232 1958
1255 3481
1255 3485
1256 2756
1256 3458
1268 2598
1359 1763
1359 2254
1361 3051
1365 3458
1370 1476
1413 2739
1413 3044
1413 3461
1453 3446
1476 1831
1476 2254
1527 1684
1561 1818
1561 2319
1561 3318
1561 3338
1583 3480
1636 2455
1636 3251
1636 3401
1636 3482
1636 3483
1680 3446
1702 3479
1753 3458
1753 3488
1763 2052
1763 3122
1763 3446
1785 2581
1786 2254
1786 3488
1787 3044
1787 3415
1807 3401
1807 3490
1812 1973
1818 3338
1831 2254
1831 2488
1875 2052
1875 2254
1877 3166
1887 2907
1972 3338
1972 3447
1973 2762
2052 3401
2052 3415
2052 3481
2052 3486
2052 3488
2052 3491
2114 3030
2188 3397
2223 2957
2223 3401
2254 2319
2254 2488
2254 2756
2254 2762
2254 2820
2254 3481
2256 3446
2256 3481
2256 3482
2268 2488
2319 3458
2321 2535
2389 2612
2432 3489
2455 2762
2455 3026
2529 3001
2598 3378
2663 3338
2664 3477
2674 3166
2741 2957
2741 3051
2741 3475
2741 3485
2756 3490
2820 3051
2820 3486
2820 3488
2868 3160
2907 3333
2916 3030
2941 3239
2954 3481
2957 3401
3026 3416
3030 3488
3032 3166
3044 3329
3062 3482
3063 3478
3077 3481
3122 3488
3228 3269
3239 3397
3251 3476
3318 3338
3329 3480
3405 3488
3412 3477
3447 3485
3481 3487
