7 1972
29 1300
29 1957
29 2598
29 3495
29 3505
30 1792
46 235
46 1255
46 1957
46 2598
75 813
76 461
76 897
76 1057
76 1957
76 2254
76 2468
76 3485
88 2598
115 3355
133 1053
158 2529
158 3026
158 3166
158 3453
158 3504
235 302
235 1527
235 2598
236 370
271 370
271 1763
271 2598
271 3453
280 2468
287 948
290 1972
370 3453
383 1544
397 3158
410 3498
414 1300
432 2728
434 3381
461 1106
461 3485
482 852
482 2583
516 1255
516 1753
546 2598
573 1957
613 1763
613 3355
613 3504
694 3502
696 2728
729 852
729 2374
729 3381
729 3453
813 1625
813 2254
817 3166
821 3453
836 1053
836 1392
836 1972
852 1164
852 1256
852 1717
852 1957
852 2468
852 3023
852 3313
852 3497
881 2468
891 1540
897 1661
897 2598
904 1972
904 2598
928 2598
938 3504
948 2389
1005 3497
1012 1957
1012 2468
1017 2598
1060 3283
1106 1268
1122 3401
1140 2598
1141 3158
1141 3503
1255 1957
1256 1717
1273 3479
1370 2598
1381 3135
1381 3313
1469 2762
1469 3355
1540 3355
1608 3355
1622 3283
1625 2254
1661 1917
1661 3283
1717 1928
1742 3422
1753 3499
1763 2535
1763 2762
1763 3453
1793 1957
1793 3283
1818 3338
1875 2583
1877 2468
1917 3283
1957 3262
1959 2606
1972 2598
1972 3166
2052 2360
2052 2374
2052 2468
2132 3453
2132 3497
2254 3453
2321 2432
2355 3135
2374 2818
2468 2488
2468 3313
2589 2598
2598 2741
2598 3044
2598 3361
2598 3485
2741 3485
2762 3355
2818 3355
3044 3485
3135 3495
3158 3453
3158 3495
3161 3497
3307 3500
3318 3338
3412 3477
