2 1300
6 1300
14 238
14 348
14 374
14 1800
14 2319
14 2598
25 1300
30 351
30 729
42 1300
42 2767
43 1300
43 2125
43 2598
72 1300
72 2319
72 3543
75 2970
76 694
76 1300
76 3503
76 3563
76 3585
96 3458
117 2254
134 573
153 1321
158 781
158 3579
158 3582
206 2930
206 2962
206 3543
236 1268
238 3563
275 2598
289 2422
348 570
348 1917
348 3024
370 2598
374 3251
397 2617
434 2319
434 3543
446 660
446 1602
446 3477
450 2598
486 2598
490 501
490 570
490 1753
490 3030
506 570
508 3543
565 3582
570 1012
570 1255
570 1612
570 1941
570 3030
573 3344
577 712
621 3543
659 3584
660 694
660 2598
660 2818
682 1561
682 2464
712 3584
823 3543
836 3563
852 1256
852 3078
852 3316
891 1540
891 3503
897 1235
948 2468
968 3473
1005 2739
1012 1941
1106 2598
1235 1255
1235 1300
1235 1359
1235 1510
1235 3583
1256 2930
1268 3543
1300 1359
1300 1413
1300 2052
1300 2125
1300 3563
1300 3583
1359 3453
1437 3254
1501 3458
1515 2930
1540 3091
1563 2126
1602 3458
1602 3509
1753 1917
1753 2403
1753 3573
1763 3586
1776 3574
1786 3563
1794 3583
1868 3415
2052 3563
2254 3024
2319 3030
2319 3405
2319 3573
2422 3583
2455 3580
2468 2982
2468 3453
2598 3153
2692 3397
2818 3586
2930 3543
3322 3586
3453 3583
3453 3587
