14 3307
19 904
19 2469
42 467
42 948
42 1753
42 2374
43 516
43 1540
43 1818
43 3615
46 1255
46 1268
46 2468
69 461
69 883
69 1086
69 1235
69 3611
72 3616
73 90
75 2313
76 3613
83 90
88 1300
90 97
90 859
90 3030
93 129
93 3030
93 3158
96 1268
96 2468
96 3158
109 3195
124 196
124 2455
124 2775
134 2319
134 3611
156 280
167 1280
174 1011
174 3611
184 3389
196 2455
196 3415
196 3612
235 1255
240 810
259 1060
259 3594
302 1300
302 3030
307 3613
374 3329
391 2396
403 729
403 1268
403 1753
429 3540
442 3607
461 621
461 1255
461 3333
461 3415
507 3226
507 3615
518 3251
572 573
572 1086
577 3453
618 3355
621 2593
621 3333
621 3415
669 948
669 2598
682 2627
729 3618
774 1038
774 2254
810 1300
810 1732
836 3412
852 3051
852 3453
895 1280
954 3616
1012 2445
1012 3619
1057 1540
1060 1256
1060 2739
1086 2355
1206 1872
1206 2970
1242 3052
1255 1300
1255 2468
1255 2598
1255 3030
1255 3405
1255 3619
1256 3594
1268 2122
1268 2468
1268 3330
1280 1753
1280 2598
1280 3030
1300 1540
1300 1561
1300 1742
1300 1818
1300 2255
1300 2649
1300 2784
1300 3051
1300 3158
1300 3198
1300 3611
1335 1825
1359 1510
1359 1801
1370 1657
1395 3251
1510 1540
1510 3158
1540 2649
1540 3077
1540 3158
1636 2589
1636 3601
1646 2435
1657 2930
1657 3512
1687 2313
1717 2627
1742 3023
1753 2468
1753 3598
1763 3597
1793 3614
1801 3576
1801 3612
1818 3602
1825 2598
1831 3442
1831 3617
1877 3405
1877 3415
2122 3158
2123 3614
2192 2468
2254 2374
2254 3605
2254 3613
2255 3614
2389 3415
2445 3044
2445 3195
2445 3333
2445 3405
2468 3158
2469 3453
2488 3226
2529 2627
2589 3051
2593 2762
2593 2767
2593 3415
2598 3333
2598 3355
2620 3558
2627 3515
2692 3588
2733 3613
2739 3594
2748 3333
2748 3617
2767 3601
2784 3616
2786 3333
2786 3609
2786 3611
2916 3030
2970 3616
2970 3619
3044 3387
3051 3213
3116 3613
3166 3614
3458 3602
3476 3498
3498 3509
3509 3607
3511 3617
3601 3610
3611 3616
