3 539
8 2176
8 3617
19 1115
19 1763
19 2868
19 3180
19 3620
26 235
26 3632
29 3639
30 3180
42 2767
42 3635
43 124
43 1825
48 2468
76 475
76 1501
76 1831
76 2535
76 3634
76 3635
76 3642
96 836
96 892
110 2324
120 3631
121 428
124 813
124 1561
154 236
157 1994
158 3637
174 1657
184 1636
196 3620
235 729
236 330
236 367
236 2982
240 3333
270 428
280 3637
287 2126
287 2468
295 568
307 3645
367 1612
370 1106
391 1340
428 3229
442 3635
455 1657
461 572
461 1753
461 2324
461 2574
461 3180
461 3634
482 2868
511 3211
568 1786
570 3180
572 859
572 1255
572 1753
572 3158
572 3180
572 3453
577 3453
613 3631
621 2107
621 3044
621 3620
691 1206
691 1844
691 2488
729 2107
729 2468
729 3166
729 3180
729 3633
760 2107
803 3629
836 2057
836 3634
839 2225
907 1470
928 1742
1005 3401
1057 1636
1070 2938
1106 2468
1106 2767
1106 3378
1115 3646
1122 3640
1206 2488
1224 2009
1232 1365
1256 3594
1272 2767
1272 3039
1359 3598
1359 3635
1413 2122
1413 2825
1413 3044
1422 1483
1501 2081
1521 3631
1527 3405
1561 2256
1561 3631
1605 3180
1608 3307
1612 3024
1636 2254
1636 3635
1636 3637
1636 3639
1654 3613
1657 2254
1657 2930
1661 2102
1661 3330
1661 3638
1753 2122
1753 3052
1763 1786
1763 3180
1763 3620
1786 3180
1786 3378
1786 3381
1789 3613
1804 3030
1818 3329
1825 1915
1825 3638
1870 3644
1917 3378
1922 3641
1994 3515
2052 3180
2081 2617
2081 3412
2107 3620
2122 3473
2254 2767
2254 3635
2254 3636
2254 3637
2254 3639
2321 3381
2621 3398
2739 3594
2767 2868
2767 3158
2767 3637
2820 3638
2868 3051
2868 3392
2881 3638
2930 3638
2938 3135
3030 3166
3030 3180
3044 3594
3044 3629
3091 3635
3158 3314
3158 3635
3158 3644
3180 3415
3217 3511
3329 3631
3378 3637
3390 3630
3398 3580
3405 3573
3412 3633
3477 3643
3637 3639
