7 1232
7 3166
12 2767
14 2107
14 3453
14 3458
14 3543
19 1667
19 1787
19 3166
19 3713
19 3714
19 3715
29 48
29 1742
29 1877
29 3166
29 3714
37 3718
43 1605
43 3718
48 1012
75 3166
76 1232
76 3333
80 200
83 3166
88 2650
100 3026
124 2455
129 3711
153 1300
153 1370
153 1793
158 3076
158 3696
158 3713
158 3717
174 3704
196 1179
196 2687
196 3056
196 3687
200 1636
200 3333
200 3699
285 570
285 1742
285 3417
356 3158
370 506
418 836
418 1793
418 2255
418 3030
432 1888
433 729
433 1106
433 3713
442 2583
444 1361
444 3417
444 3515
455 3704
461 506
461 1742
461 3162
461 3650
482 506
506 691
506 729
506 2355
506 3696
506 3706
508 3543
565 2762
570 3166
577 2396
621 1232
621 1742
621 2661
621 3718
660 3608
660 3712
682 1636
682 3706
712 3166
729 810
729 3705
729 3713
729 3716
803 3617
810 1164
836 1753
836 3405
836 3703
892 2775
1005 1141
1005 3550
1057 3636
1106 1667
1106 2583
1141 3333
1141 3458
1141 3550
1148 1605
1185 3696
1232 1361
1232 1732
1232 1786
1265 1763
1268 3166
1298 2432
1300 2529
1300 3507
1300 3650
1333 1786
1333 1787
1395 3712
1511 1636
1511 2020
1520 1872
1520 2692
1520 3457
1540 1636
1540 2825
1540 3515
1540 3706
1605 3715
1636 2052
1636 2583
1636 3636
1636 3706
1666 3458
1667 2529
1740 3712
1742 1985
1753 1917
1753 3710
1763 2767
1763 3586
1763 3704
1785 2775
1786 3507
1787 3714
1793 1877
1793 2598
1793 2930
1793 3710
1807 2741
1888 3515
1888 3705
1917 3378
1940 1980
1972 3166
1980 3716
2107 2767
2107 3030
2107 3322
2122 3166
2123 3709
2254 3307
2255 2612
2396 2598
2396 3675
2432 3613
2529 3650
2583 3636
2583 3649
2598 3015
2598 3381
2598 3706
2640 3705
2640 3707
2687 3687
2728 3664
2728 3708
2733 3026
2733 3322
2762 3617
2762 3704
2915 3714
3001 3706
3033 3715
3044 3650
3051 3706
3166 3718
3388 3617
3453 3703
3453 3710
3458 3515
3515 3706
3516 3704
3550 3649
3617 3687
3617 3715
3705 3707
