4 1300
7 117
7 1232
8 3161
8 3717
8 3737
12 14
12 729
12 1793
12 2598
29 1122
29 3675
29 3742
30 140
30 3030
30 3543
30 3724
41 3608
42 1422
42 2650
42 3391
48 290
56 848
59 3741
69 572
73 157
75 1300
75 1561
76 3747
80 3747
83 1057
83 3030
90 2663
90 3030
97 290
97 2574
97 3740
117 1877
117 3616
117 3745
146 2529
153 2255
154 3731
157 570
174 3391
196 1625
204 1636
240 1002
240 1300
240 2396
253 3030
253 3446
258 3617
302 2650
302 2663
348 3745
370 2598
370 2741
370 2948
370 3030
396 852
396 1122
396 2488
412 3613
412 3717
432 1888
451 3746
461 852
461 1122
461 1300
461 1561
461 2052
461 2396
461 2598
461 3391
470 2052
470 3613
536 1005
536 3744
565 3727
570 621
570 1255
570 2529
570 3030
570 3740
572 2319
572 2488
572 2529
572 3135
621 1122
621 3616
621 3740
659 3743
694 3559
703 3030
729 2468
836 3030
839 3636
852 1122
852 2488
938 2052
938 3307
938 3608
948 2468
1002 1300
1005 1122
1005 1300
1005 2650
1005 3616
1005 3663
1012 2529
1036 3543
1038 1057
1057 1300
1057 1636
1057 2374
1057 3091
1060 3391
1122 1531
1122 2488
1122 3307
1122 3550
1223 2663
1242 1561
1251 2529
1300 1458
1300 1517
1300 1561
1300 1625
1300 2254
1300 2319
1300 2598
1300 2762
1300 2820
1300 3001
1300 3616
1300 3748
1335 1825
1335 3030
1413 1561
1540 3051
1561 1753
1561 2650
1625 2396
1625 2731
1667 3636
1753 2319
1753 2820
1793 3030
1793 3688
1877 3616
1972 3426
1980 3747
2027 3746
2052 2468
2052 3391
2052 3617
2052 3680
2254 2374
2255 2319
2264 3613
2396 2762
2396 2820
2468 2598
2468 3680
2484 3166
2484 3322
2484 3613
2598 3426
2650 2663
2650 3735
2663 3616
2948 3453
2948 3616
2961 3011
2961 3676
3030 3523
3030 3736
3030 3740
3051 3613
3091 3391
3142 3617
3192 3613
3192 3731
3322 3613
3489 3731
3523 3746
3543 3724
3717 3747
3717 3749
3737 3738
3737 3739
