0 1056
0 2762
0 3378
0 3780
7 3792
14 140
29 30
29 73
29 1039
30 1646
42 140
42 370
42 1948
42 3616
42 3782
42 3792
43 123
43 3723
43 3785
47 3091
47 3779
48 1039
48 2930
70 621
73 789
75 891
75 1002
75 1422
75 1980
75 3453
75 3792
76 1948
83 1053
87 3616
123 891
123 3044
123 3792
140 2245
140 3782
153 1793
153 2959
158 2208
158 3767
174 2959
188 3616
196 2959
206 3778
256 621
256 2959
286 2208
339 836
370 2598
370 3545
403 431
442 3322
446 1141
446 3550
506 2691
509 836
516 852
539 3780
565 621
572 2959
573 891
610 760
615 3613
615 3781
621 659
621 3453
621 3745
659 3792
733 2529
733 2562
733 2650
733 2930
760 1980
760 3786
789 1039
817 1115
817 1985
836 1877
836 1980
836 3543
891 1980
891 3405
892 2650
948 1753
948 3041
948 3044
1005 3211
1036 3616
1036 3786
1141 3550
1141 3774
1147 3543
1148 1948
1171 3473
1171 3543
1237 3777
1256 3792
1392 2959
1531 3780
1625 2959
1646 1793
1646 3543
1663 3636
1745 3515
1753 3044
1753 3484
1753 3543
1793 3688
1793 3793
1831 2583
1831 3161
1831 3649
1877 2959
1877 3745
1948 2234
2203 2445
2208 3727
2268 3775
2389 3211
2432 3778
2455 3784
2460 3727
2499 3458
2598 2650
2598 2959
2598 3545
2598 3745
2598 3778
2598 3785
2598 3790
2598 3792
2598 3793
2650 3766
2650 3785
2771 2959
2930 3688
2959 3044
2959 3110
3033 3792
3251 3579
3307 3754
3453 3778
3458 3754
3515 3751
3550 3677
3613 3778
3616 3783
3616 3792
3639 3771
3692 3787
3694 3745
3717 3745
3780 3791
3785 3786
3788 3789
