25 539
25 2598
30 441
30 3426
30 3754
30 3806
42 681
42 837
42 1171
43 3461
48 3030
76 3401
83 1012
83 3166
83 3417
88 640
95 290
95 3426
95 3812
110 2962
153 837
158 286
158 640
158 1002
158 3091
158 3807
169 374
169 3026
169 3784
174 1177
206 1177
221 2959
238 2223
238 3814
240 302
240 1413
240 1941
240 2169
240 3461
253 2197
286 640
286 1185
286 2208
290 2818
290 3814
302 682
302 1177
302 1268
302 1413
302 3426
348 1972
358 1561
358 3461
358 3745
370 3426
374 3807
412 3613
414 3545
417 884
417 1501
417 2223
417 2739
417 3076
417 3441
417 3548
417 3717
461 1237
461 2771
493 1774
565 2208
572 1005
572 1561
572 3377
572 3461
572 3548
577 1972
613 679
618 1825
618 3368
621 2773
817 1012
837 2820
839 2598
839 2773
852 2169
852 3810
884 2223
1002 1359
1002 1531
1002 1636
1002 2598
1002 3091
1005 2465
1012 1335
1031 3808
1036 3460
1060 3398
1106 1177
1106 2598
1106 3426
1141 2627
1141 3458
1141 3649
1177 1413
1177 2319
1177 3030
1206 2169
1237 3657
1276 3426
1276 3649
1335 1825
1335 3616
1359 2176
1359 2671
1359 3091
1359 3401
1359 3636
1359 3804
1392 2961
1413 1646
1413 2042
1413 2598
1436 2670
1469 3426
1510 3368
1531 3636
1561 2959
1625 3426
1636 3780
1646 1793
1646 3426
1646 3461
1661 3368
1818 3417
1825 2292
1877 3426
1877 3461
1911 2671
1972 3617
1972 3745
1980 3426
1980 3785
2042 3401
2126 2948
2148 3727
2169 3166
2176 3401
2197 3812
2309 3716
2488 2529
2492 3745
2499 3760
2529 3818
2598 3811
2649 3461
2662 3613
2786 3461
2915 3613
2948 3805
2959 2961
2959 3657
3026 3613
3081 3636
3161 3745
3268 3817
3337 3818
3361 3461
3361 3745
3368 3785
3401 3785
3401 3791
3426 3453
3426 3543
3453 3616
3458 3677
3458 3760
3461 3745
3550 3677
3574 3802
3574 3809
3613 3636
3613 3815
3613 3816
3617 3636
3617 3804
3617 3811
3663 3813
3780 3791
