3 134
3 287
19 1235
19 2773
29 3844
30 3785
41 2598
42 2773
42 3745
46 1413
46 2396
74 1179
76 1413
76 1785
76 2773
77 1980
83 2256
96 3791
153 1361
153 2057
158 1361
158 2547
158 3815
184 1929
196 2018
206 1561
259 884
297 3745
315 1179
315 2256
348 1980
391 2750
417 884
431 2943
446 2627
461 3238
461 3617
482 2627
482 3791
507 3745
515 846
548 3613
577 3453
613 1636
613 3613
618 1359
621 2773
621 3453
682 1012
682 1359
682 2598
682 2741
682 3333
682 3828
682 3835
692 3307
692 3827
782 2598
846 1793
846 3322
852 2529
852 3388
884 1005
884 1980
884 2627
884 2756
884 3609
884 3649
884 3829
948 2255
1005 2627
1005 3307
1012 1235
1036 2256
1057 2465
1060 3827
1179 1814
1179 2256
1256 2773
1268 3835
1359 1785
1359 2360
1359 2547
1359 3745
1359 3835
1365 3745
1413 2820
1413 3333
1413 3828
1413 3841
1561 3368
1636 2598
1636 3091
1636 3842
1753 2750
1785 2756
1785 3091
1831 2598
1831 3389
1877 1980
1980 3842
2018 3322
2018 3745
2255 3592
2268 3828
2360 3835
2547 3835
2598 3030
2598 3238
2598 3592
2598 3832
2598 3835
2650 3727
2652 3307
2818 3322
3044 3388
3091 3401
3091 3838
3206 3779
3206 3839
3238 3835
3307 3458
3307 3827
3322 3836
3388 3617
3405 3426
3453 3843
3613 3636
3613 3815
3613 3816
3613 3840
3649 3833
3745 3791
3806 3828
3815 3838
