0 8
0 17
0 56
0 419
0 550
2 29
2 83
2 285
2 550
2 553
3 221
3 391
7 403
8 497
8 560
13 114
25 26
25 29
25 30
25 75
25 76
25 158
25 221
25 303
25 403
25 414
25 456
26 29
26 30
26 42
26 61
26 69
26 109
26 391
29 30
29 76
29 414
29 554
41 80
41 477
42 69
42 83
42 285
46 221
48 440
49 76
56 477
69 109
69 135
69 285
69 439
69 560
73 121
73 285
73 393
73 519
75 221
76 109
76 126
76 129
76 169
76 215
76 304
76 553
76 557
79 477
79 509
80 119
80 374
80 477
80 553
80 556
80 557
80 558
83 153
93 550
97 221
97 559
103 158
109 126
109 134
109 280
109 477
119 137
126 233
128 524
128 548
129 169
134 221
134 226
140 551
141 466
146 550
148 221
148 437
148 555
158 258
158 466
158 477
158 550
158 552
158 553
169 406
191 408
191 440
201 419
201 466
204 466
221 303
221 391
221 461
226 408
280 477
370 414
374 477
403 509
408 440
410 531
410 553
417 519
439 560
477 526
488 527
490 561
496 497
