0 1057
0 1753
0 3405
0 3857
7 42
7 461
7 1753
7 3861
14 1545
29 108
29 781
29 3849
29 3858
42 1056
42 3405
42 3848
48 3849
59 2617
80 1469
83 618
95 3862
96 446
96 692
96 852
108 3785
121 762
153 884
153 3853
158 781
158 2592
169 884
169 3744
198 1413
206 884
270 1235
285 703
285 1894
285 3849
286 2460
287 2468
330 3861
370 3863
391 3453
403 572
414 3745
417 3851
431 3195
441 3857
446 1473
446 1501
446 3677
461 691
461 1531
461 1753
461 1793
461 2100
461 2396
461 3841
461 3861
502 883
502 3862
507 3828
515 846
536 2240
536 2243
539 2052
572 1558
577 621
577 1232
611 2762
613 3821
618 852
618 2954
618 3355
621 662
621 1545
640 2460
671 3862
691 3333
691 3841
781 2592
837 3168
846 1793
852 3453
852 3861
884 1235
884 2583
884 2598
884 3859
948 2468
1012 1235
1056 2123
1056 2472
1057 2598
1057 3857
1106 2243
1177 3864
1235 2915
1268 2468
1335 1661
1335 1793
1335 3453
1335 3853
1359 1413
1359 2598
1365 2100
1365 3828
1413 3841
1469 2762
1473 3579
1531 2915
1531 3857
1540 2598
1545 2598
1636 2321
1661 3858
1663 2818
1663 3613
1753 2750
1753 3453
1753 3861
1785 2762
1785 3322
1786 3849
1793 3453
1818 3858
1917 2243
2052 2100
2052 3849
2052 3861
2100 3828
2236 3355
2236 3787
2256 3857
2268 3460
2319 3856
2334 3405
2396 3453
2529 3846
2529 3855
2535 3613
2592 3863
2598 3857
2598 3858
2598 3862
2617 2762
2617 3831
2617 3859
2650 3727
2665 3453
2665 3808
2868 3105
3026 3322
3238 3862
3251 3831
3307 3860
3322 3853
3355 3787
3453 3828
3453 3861
3556 3608
3657 3857
3727 3863
3787 3791
3821 3859
3846 3855
