0 3951
14 621
29 2574
29 3636
29 3982
29 3985
64 1255
73 3636
76 816
80 1540
83 3727
88 3791
97 3024
113 2268
117 259
138 524
138 762
153 286
158 286
158 2460
196 3989
271 3623
286 950
286 2223
286 3417
286 3983
302 910
302 2692
302 3412
302 3951
315 3727
348 508
370 2574
370 2692
370 3988
374 2692
431 1106
461 572
508 1359
508 3412
508 3727
536 3990
572 618
572 1917
572 2003
572 2598
572 3613
577 1232
577 3727
613 3745
621 1742
621 3509
621 3727
621 3982
660 2767
660 3985
690 3727
703 2062
726 837
726 2767
726 3613
726 3689
762 1206
762 3509
824 1235
836 1335
837 3390
837 3613
837 3689
851 2223
851 2669
851 3344
851 3928
897 1366
897 2692
904 3024
904 3486
948 1917
1002 1540
1005 1742
1057 1177
1057 2256
1057 3677
1099 1753
1099 2669
1106 2052
1106 3987
1177 1392
1186 1338
1232 3986
1335 1753
1335 2598
1335 3030
1359 2692
1359 3727
1359 3982
1392 3989
1413 1540
1413 3951
1458 3509
1476 1540
1476 3123
1517 2692
1531 2692
1540 2692
1545 1753
1724 3727
1742 3727
1742 3923
1753 2389
1753 3951
1763 2225
1763 2692
1763 3416
1774 3980
1787 3985
1831 3509
1831 3636
1831 3928
1872 3985
1917 2574
1917 2692
1917 3988
1959 2223
1959 3967
1980 3412
1980 3727
2003 3322
2003 3613
2027 3486
2052 2692
2052 3987
2057 2767
2062 2529
2062 3979
2064 3636
2132 3453
2223 3636
2225 2650
2234 2598
2234 2750
2255 2319
2268 2598
2268 3030
2272 3030
2319 3951
2360 3991
2488 3727
2529 3855
2574 2948
2598 2692
2598 3988
2599 3195
2650 3727
2692 2767
2692 3391
2748 3509
2762 2961
2767 3613
2767 3689
2767 3985
2767 3989
2961 3843
3024 3030
3246 3984
3322 3982
3322 3989
3412 3636
3458 3727
3509 3636
3509 3649
3509 3945
3515 3727
3592 3981
3613 3689
3613 3966
3636 3976
3689 3984
3882 3973
3928 3976
