7 836
8 613
12 19
19 90
19 679
19 4003
26 3745
29 836
29 3100
29 3998
29 4004
37 2916
37 3100
42 1256
42 1625
42 4004
48 90
56 3745
76 1057
76 2243
76 3059
76 3994
80 1359
80 4004
84 3992
90 108
90 240
90 1255
90 2598
90 2650
90 2674
93 108
93 2256
93 4001
97 3920
105 283
108 157
113 1255
138 2062
140 4000
153 1549
153 3745
157 2650
158 286
158 565
174 3994
184 577
184 621
184 1068
184 2762
186 3928
196 682
196 2767
196 4002
249 572
315 621
315 2272
315 3727
357 476
370 836
370 2574
370 3059
370 4002
374 753
374 1268
374 1531
388 809
388 4003
410 3100
431 1106
442 1636
442 2692
516 4003
521 3100
536 2052
536 3990
539 1540
568 4003
570 3998
572 3994
577 1068
599 2692
613 1091
613 3478
613 3677
618 1915
621 836
621 1068
621 2272
621 3996
679 3928
682 2246
729 3996
729 3998
753 2692
762 1206
789 1039
809 1268
809 3415
836 904
836 3996
891 2825
897 1255
939 3341
1002 1540
1057 3100
1057 3636
1057 3745
1057 3987
1091 1115
1091 1636
1091 2243
1091 2598
1091 2767
1091 3754
1091 3995
1097 3998
1106 4003
1115 3417
1141 3993
1164 3044
1268 3957
1312 3123
1335 2027
1359 1413
1359 2825
1359 3994
1359 4004
1392 2246
1392 3417
1392 3989
1392 4003
1395 2860
1413 1540
1413 4003
1441 1804
1476 1540
1531 2692
1540 1636
1540 2256
1540 2286
1549 3928
1636 2052
1636 2692
1636 2825
1646 2916
1661 2243
1724 3727
1742 3920
1742 3985
1753 2389
1753 3957
1763 2246
1763 4002
1794 1915
1812 3100
1831 3928
1915 3368
2018 3967
2052 3987
2057 2660
2057 2767
2148 3368
2158 4003
2169 2529
2225 2767
2243 2598
2246 3415
2246 3841
2256 2692
2256 3100
2455 3123
2528 3997
2529 3728
2529 3985
2598 2767
2598 3100
2598 3992
2619 3951
2748 3509
2762 3453
2818 3613
3059 3333
3100 3745
3127 3477
3166 3928
3322 3989
3409 3928
3415 4003
3644 3760
3928 3999
