0 570
0 1012
0 2246
29 158
29 572
29 4016
51 3515
59 196
76 572
79 3836
80 442
83 3453
83 3540
97 897
97 1793
121 3878
138 1256
138 2839
153 1917
158 572
158 3416
177 1636
186 1702
253 2052
286 565
286 3819
345 557
345 881
370 1177
370 1179
370 2382
442 1413
442 4014
446 3649
455 1604
461 572
461 852
461 1753
461 2158
461 2640
461 2839
461 3515
461 3819
461 4015
475 3416
536 1379
572 682
572 1268
572 2529
572 2598
572 3329
572 3412
572 3453
572 3515
579 3928
621 3540
813 1057
813 2767
813 3613
852 3515
884 3928
897 1793
897 1818
897 4016
1002 1540
1057 2583
1057 2762
1057 3230
1057 3819
1091 4011
1114 1510
1201 3928
1242 3951
1322 2739
1322 3677
1392 3417
1413 2839
1531 3769
1540 2256
1540 3745
1540 3928
1558 3928
1562 2243
1562 2868
1562 3947
1663 2775
1663 4012
1666 3928
1753 1877
1753 2158
1753 2603
1753 4015
1763 3322
1831 3878
1877 3975
1877 4015
1917 2839
1980 2603
2052 3515
2126 2158
2132 3636
2148 3515
2255 3975
2488 2687
2522 3727
2583 3980
2598 4011
2650 3064
2687 4012
2739 3677
2767 2839
2767 3453
2767 3613
2767 4012
2767 4013
2775 4012
3313 3453
3313 3515
3313 3769
3322 3967
3389 3972
3414 3847
3416 3649
3515 3769
3515 3836
3636 3878
3641 3771
3649 4014
3846 3983
3878 3928
3975 4015
