25 3745
41 3967
42 76
42 236
42 618
42 1636
42 2319
42 3171
42 3791
42 4073
42 4076
43 839
43 4007
69 852
69 1177
80 505
97 1753
97 2035
166 1255
196 258
196 2762
196 4058
226 2035
258 3322
280 565
280 621
280 1005
280 1413
280 2465
280 3453
280 4088
286 3967
295 338
295 1996
339 4080
370 1917
370 2762
370 4058
374 4044
442 2760
451 3745
528 4074
573 1115
613 4065
618 621
618 1057
618 2114
618 2930
618 4080
621 904
621 3051
621 3453
621 3925
656 2598
656 4083
659 881
659 4074
659 4085
682 2529
682 3453
682 3925
696 1818
720 4070
762 3056
781 3727
836 2256
836 3056
852 1255
852 3791
852 4075
881 4047
889 3928
904 2465
904 2767
904 3453
1005 3928
1005 4077
1012 1787
1057 2583
1057 4007
1097 2598
1115 3967
1177 2488
1255 2095
1255 2177
1255 3313
1359 1470
1359 3928
1413 2598
1510 2589
1561 4007
1606 4084
1753 2319
1768 2052
1825 2957
1831 2064
1831 3727
1917 3756
1917 4083
1985 2762
2035 2650
2052 2468
2052 4058
2052 4085
2064 2089
2114 3056
2114 4087
2124 2465
2146 2562
2234 4007
2254 4082
2292 3171
2321 4087
2400 2465
2400 3928
2465 4079
2468 2612
2589 3693
2589 3791
2598 2762
2598 3030
2598 3951
2762 4058
2820 4073
2930 3843
2930 4058
2930 4086
3023 4085
3051 3056
3171 4076
3171 4081
3388 3791
3412 4077
3607 3928
3617 4085
3687 4058
3771 4078
3791 4076
3928 4044
3928 4080
4034 4044
4076 4081
