29 73
29 4093
42 4076
43 3693
43 4083
73 434
73 2052
73 3030
73 3368
79 2465
79 3234
79 4079
140 240
184 659
196 610
196 886
196 4093
226 3368
280 659
280 837
280 1413
280 1517
280 1561
280 2598
280 2650
280 3135
286 999
286 3727
339 4080
433 434
434 2052
434 4096
442 2549
455 1985
455 2057
461 3745
509 3056
565 1561
577 2114
577 3329
600 1768
610 2272
610 2756
610 4058
621 1005
621 3135
621 4093
659 1561
659 2762
659 4088
720 1561
728 3617
836 968
836 3056
852 884
852 4095
881 884
884 2529
884 3495
886 3967
904 1988
999 3727
1005 4077
1118 2767
1242 1510
1255 4091
1255 4093
1256 4095
1268 3329
1268 3957
1333 3613
1510 2589
1561 3166
1570 4089
1636 1973
1763 2762
1768 2052
1804 2468
1804 3687
1818 2035
1825 2762
1831 3693
1973 2818
1985 2057
1985 2762
1985 2767
2052 2762
2052 3613
2052 4091
2114 3329
2246 3967
2254 3841
2272 3865
2319 2389
2319 3453
2319 3957
2412 3453
2468 2598
2468 3030
2589 3001
2589 3626
2589 3693
2598 2762
2598 3957
2598 4087
2598 4088
2650 2762
2762 2930
2762 4070
2767 4093
2818 3967
2820 4091
2868 3636
2930 4086
3171 3693
3234 4068
3234 4090
3313 4095
3515 4095
3574 4068
3613 4068
3613 4092
3791 4085
3967 4086
3967 4094
