0 2255
26 1298
28 852
29 1543
42 948
42 1268
42 1940
42 2488
42 2840
42 3062
42 4106
43 1298
46 351
46 1242
46 1322
46 1636
74 88
94 2423
96 1753
97 3368
134 1268
138 703
138 4115
158 1917
166 852
196 1543
196 2423
236 904
259 1774
280 659
280 729
280 4018
302 2027
370 1322
370 3109
461 1510
475 2423
565 4018
570 1539
572 2423
577 1774
577 2574
577 2822
613 1322
621 904
621 2423
621 3960
621 4058
659 1005
659 2598
659 2650
682 4111
682 4113
728 3617
729 1543
836 1543
852 1255
852 1256
904 1365
904 2598
948 2468
948 4106
1002 1242
1057 1058
1057 2369
1057 2840
1057 3171
1057 3453
1058 1322
1058 1636
1164 1298
1206 2318
1206 2627
1242 1510
1242 1540
1255 3484
1268 3283
1268 3841
1268 3957
1298 1877
1322 1359
1322 1510
1322 2598
1413 1422
1413 2598
1413 4018
1413 4106
1510 1636
1510 2052
1510 2840
1543 1818
1543 2158
1561 3368
1636 1973
1636 2840
1636 4107
1646 2027
1753 2574
1794 4018
1820 2650
1845 2650
1917 3283
1917 4112
1940 4114
2027 2389
2035 3030
2089 2762
2158 4015
2256 4058
2318 2488
2318 4018
2423 2767
2488 4018
2584 4109
2598 2767
2598 3453
2598 3841
2627 4018
2691 4116
2756 4018
2762 3453
2762 3613
2767 3967
2840 3388
2930 3967
2980 3745
3062 4110
3157 4110
3171 4106
3368 4031
3556 3608
3613 4108
3791 4110
3945 4028
4006 4048
