0 2255
7 4110
19 73
19 1616
26 1298
29 138
29 403
29 948
29 960
29 1012
29 1106
29 1268
29 3505
30 141
30 1763
42 2756
42 4118
59 1395
59 1763
73 138
73 285
76 1235
76 1413
83 141
83 3368
84 3368
95 2762
96 1753
97 570
97 1365
117 536
117 1825
117 3515
117 3928
117 4065
121 138
121 511
138 285
138 1763
141 2052
141 2234
158 729
196 253
196 1359
196 1543
196 1763
196 4058
196 4110
201 1172
201 1365
240 570
240 1539
240 1763
253 1763
258 280
258 621
258 659
258 922
280 1763
280 2488
280 2961
280 3861
285 2035
302 1017
315 1365
348 647
370 495
370 4125
403 1917
461 2457
461 3026
495 3030
495 3453
570 1742
570 2727
570 4123
613 3026
618 1774
621 1966
682 3613
729 2598
729 3861
762 3868
823 2052
823 3453
836 4118
839 1058
851 1825
852 884
852 2052
881 4122
886 4013
904 1539
904 3928
904 4118
948 2468
1005 3928
1012 2492
1012 4121
1017 1825
1017 3843
1034 1242
1057 1636
1057 3026
1057 4122
1058 1106
1058 1413
1058 1749
1106 2234
1164 2627
1179 1763
1235 3171
1242 1510
1242 1540
1359 4118
1395 3712
1395 4120
1413 1940
1470 2762
1473 4120
1510 1540
1510 3026
1543 2598
1615 4124
1616 1818
1636 1973
1753 1940
1763 1985
1763 2687
1763 2864
1763 4110
1774 2627
1774 3171
1787 2240
1787 4028
1794 2627
1794 3030
1796 4110
1818 2598
1940 4114
2052 3026
2052 4121
2052 4122
2089 2762
2126 2574
2132 4118
2256 4121
2423 2948
2423 4119
2598 3861
2627 2741
2627 3030
2627 4117
2627 4121
2691 4116
2706 2818
2762 3928
2767 4121
2864 3967
2930 3967
3026 3453
3026 3745
3280 3928
3453 3745
3677 4065
3928 4108
4058 4110
