0 4
0 17
0 42
0 64
0 123
0 560
0 589
2 158
2 499
2 605
2 610
3 43
3 97
3 123
3 593
4 28
4 186
4 206
4 408
13 509
14 186
14 249
14 307
14 404
19 29
25 30
25 43
25 76
25 109
25 129
25 134
25 140
25 233
25 404
25 514
25 532
25 591
25 607
26 76
26 105
26 431
26 605
28 239
29 490
30 499
42 80
42 186
42 404
42 477
42 539
43 102
43 307
43 593
46 258
56 64
56 109
56 234
56 307
56 546
56 568
68 478
68 487
68 592
74 539
76 80
76 109
76 186
76 307
76 368
76 434
79 599
80 417
80 571
80 593
83 408
83 563
96 108
96 404
96 593
97 123
100 330
102 593
105 131
105 451
108 206
108 487
108 593
109 280
109 404
109 477
109 503
109 594
119 356
119 604
121 201
121 335
121 539
121 586
123 129
126 478
127 307
128 609
129 233
129 434
133 434
137 408
146 605
148 551
148 598
151 249
151 368
153 307
153 599
158 204
158 444
158 599
159 275
174 335
186 307
186 542
186 611
221 539
223 532
225 307
240 258
275 595
280 307
280 404
280 477
289 404
297 532
307 555
307 577
307 581
307 608
370 546
395 455
404 556
408 563
434 440
455 602
472 589
477 556
496 603
499 597
550 603
550 606
581 586
595 596
595 600
599 602
600 601
