4 3307
4 4190
19 455
26 1298
28 226
30 1804
42 1413
42 2389
42 3984
43 1298
43 3052
43 4164
43 4213
56 1787
74 2149
74 2297
75 1006
76 95
76 1144
76 1268
76 2818
76 3791
76 4110
80 2504
90 1742
90 2947
90 3030
95 1268
95 1402
95 4209
124 1298
126 4216
133 318
133 3785
135 3791
135 4110
158 682
158 4206
175 1255
175 4216
236 4110
240 682
240 904
240 1787
240 4150
258 4110
280 682
283 641
286 1115
286 3984
286 4110
297 301
318 2027
318 3785
318 4150
339 2149
367 2089
370 3329
389 1636
390 3484
440 577
440 4110
446 3928
446 4006
446 4207
455 682
455 4110
455 4209
506 682
507 682
507 1002
507 2223
536 4110
539 4171
539 4198
539 4215
577 2767
577 4150
589 682
600 3477
641 696
682 852
682 881
682 904
682 963
682 1365
682 1379
682 1636
682 1807
682 1825
682 2091
682 2149
682 2158
682 2234
682 2504
682 2598
682 3453
682 3613
682 3745
682 3830
682 3984
682 4210
686 1636
686 1787
686 3453
720 2428
720 4150
729 1365
729 2598
729 3453
771 1517
779 1625
781 4138
836 2319
836 3785
836 4031
836 4150
837 3477
839 859
852 2627
852 2640
852 3745
859 1755
881 1106
883 4150
886 2124
886 2915
897 3322
904 2428
960 1636
963 2598
976 1017
1036 1804
1057 4218
1106 1365
1115 4206
1126 4211
1128 1636
1141 1501
1164 1298
1177 1418
1242 4216
1255 3484
1268 1365
1268 4198
1278 3874
1340 4216
1359 1636
1381 2488
1381 3458
1390 1636
1392 1636
1392 3830
1458 4208
1501 3322
1510 4216
1561 4190
1563 4198
1636 2107
1636 2428
1636 2959
1741 4215
1742 4167
1753 3957
1774 2733
1787 3943
1793 3052
1794 2756
1804 3157
1818 4150
1832 4214
1846 2821
1846 3030
1846 3745
2046 3649
2052 4138
2052 4171
2076 3967
2149 3791
2158 2192
2192 4201
2246 4138
2255 2423
2255 3052
2297 4150
2307 4195
2319 3984
2374 4212
2389 4183
2428 3217
2428 3745
2460 4179
2472 4213
2529 2660
2529 4202
2598 3984
2627 2640
2627 3458
2627 4213
2733 2762
2733 3062
2733 4201
2739 3984
2756 4202
2762 3062
2762 3171
2762 3928
2762 4110
2762 4201
2775 4110
2818 4208
3041 4183
3091 4181
3209 4217
3217 4067
3322 4138
3322 4208
3329 4110
3329 4209
3329 4213
3471 4067
3505 4150
3613 3984
3613 4208
3791 3943
3861 4064
3928 4201
3928 4207
3945 4110
3967 3984
3984 4138
4006 4207
4110 4150
4110 4201
4110 4209
4150 4205
4166 4187
4171 4215
4181 4200
