0 3841
7 157
19 1794
26 74
29 43
29 158
29 283
29 286
29 1255
29 1804
29 2828
29 3030
42 1369
42 2158
42 2319
42 3616
42 4215
42 4270
42 4276
43 74
43 1804
43 2158
43 2828
43 3171
43 4261
43 4281
56 3613
63 2114
75 539
76 2114
76 2158
76 4282
83 3368
95 196
95 1179
95 1278
95 1959
95 3052
95 3477
95 4276
97 883
126 2828
128 267
128 3030
128 3745
133 883
134 2319
134 3823
134 4215
138 690
138 3171
158 1543
158 2158
158 4270
158 4271
175 3405
196 1959
196 3181
236 539
240 1062
240 3887
240 3957
246 4110
249 1255
253 3030
258 2617
258 2868
258 3181
280 3453
283 618
283 2158
330 539
374 4271
461 1369
461 1540
461 3823
461 4270
461 4281
461 4282
531 1278
531 1361
531 3333
539 1006
539 1369
539 2720
539 3368
539 3823
539 4263
565 2828
572 1013
608 4270
618 2158
729 2319
729 3368
789 4270
817 2603
817 3368
836 1755
836 1793
852 4278
859 2389
859 3368
938 4283
963 4270
963 4272
1002 1369
1002 3823
1002 4279
1012 3368
1115 1543
1118 4272
1255 2158
1255 2828
1255 3001
1255 3030
1278 2423
1278 2762
1359 1510
1359 4150
1359 4275
1361 3412
1361 4272
1369 1753
1369 2820
1369 3368
1389 4113
1390 1510
1510 2589
1510 4250
1625 4150
1625 4270
1636 3224
1636 3447
1636 4263
1752 4280
1753 3957
1763 3329
1794 3368
1804 2828
1807 3984
1877 2319
1877 4281
1917 2319
1980 4279
2027 2319
2027 4267
2052 2828
2052 4215
2064 4282
2158 3447
2158 3474
2223 2234
2243 4273
2255 4266
2256 3333
2287 3984
2319 2389
2321 2518
2529 3001
2582 3984
2599 3984
2693 4272
2739 3171
2739 3453
2739 4278
2756 3171
2756 3823
2762 3477
2762 4110
2762 4150
2795 3957
2828 3030
2888 3957
3001 4249
3171 3453
3171 4278
3224 3617
3329 4282
3333 3368
3412 4270
3515 4282
3754 4270
3763 3984
3823 4270
3887 4270
3945 4277
3945 4283
3984 4275
4150 4270
4271 4274
