3 2234
12 29
12 43
12 2598
26 1298
29 98
29 249
29 2255
29 4305
30 4302
42 117
42 153
42 2148
42 4159
43 97
43 4159
43 4300
56 1917
64 4301
75 2529
76 618
76 762
76 4296
77 1636
83 184
83 4288
83 4297
95 2243
95 2762
95 4110
97 1075
98 1164
98 1255
98 1539
98 2255
117 1636
134 1877
153 3515
154 3446
158 4305
196 348
196 4291
196 4298
221 4187
240 817
240 3458
249 4305
253 3030
258 4296
259 2598
259 4300
280 461
284 2756
348 3157
370 820
370 3446
374 4159
429 4286
453 1704
461 682
461 1359
461 1825
461 2234
461 4159
484 875
531 2762
536 771
536 1917
556 3945
556 4110
613 1831
613 4303
613 4307
618 2592
618 2919
618 3157
618 3745
618 4296
659 1551
659 2081
682 3830
682 4296
762 1322
821 4113
837 2052
839 1232
852 1825
852 2306
852 3023
886 4110
928 1075
938 4283
948 3052
1002 1636
1057 3945
1057 4296
1106 1768
1115 3984
1141 4077
1148 1636
1148 1917
1148 3613
1255 1511
1298 3446
1322 4110
1370 1636
1370 3613
1370 4303
1510 1511
1510 2234
1510 4306
1511 1540
1511 1794
1511 3184
1517 4299
1543 3446
1551 2081
1600 2030
1612 1818
1612 4031
1636 2223
1636 2598
1636 3613
1636 4159
1636 4292
1636 4299
1636 4303
1741 4305
1753 2149
1753 3745
1768 3984
1825 3123
1825 4159
1825 4296
1831 2046
1831 2132
1831 2223
1831 3023
1831 3333
1831 4296
1831 4303
1917 2868
1917 4250
1985 4292
2046 2064
2052 4307
2062 3484
2064 4077
2149 2255
2149 3405
2223 3745
2243 3613
2243 4188
2255 3951
2306 3313
2306 3515
2592 2919
2592 4296
2598 2820
2598 2919
2598 3446
2598 3984
2598 4299
2627 3023
2756 4159
2762 4110
2762 4188
2919 3171
2919 3727
2950 4110
3157 3745
3157 4190
3171 4150
3484 4180
3515 4113
3515 4296
3613 4110
3613 4303
3644 3649
3745 3830
3763 3984
3874 4159
4058 4159
4058 4180
4110 4303
4150 4297
4159 4171
4238 4303
4299 4300
4303 4304
