0 46
0 79
0 373
0 563
0 603
0 623
2 140
2 186
2 408
2 613
2 615
2 617
2 621
3 42
3 546
4 612
9 30
9 42
14 64
14 80
14 117
14 119
14 151
14 162
14 186
14 310
14 477
14 532
19 28
19 42
19 76
19 186
19 307
19 625
25 76
25 129
25 140
25 302
25 518
25 556
25 579
26 42
26 354
26 624
28 121
28 128
29 617
30 206
42 43
42 76
42 134
42 140
42 151
42 373
42 477
42 563
42 624
42 626
43 128
43 408
43 624
56 307
56 312
64 83
74 621
75 221
75 451
76 119
76 258
76 539
76 577
76 588
76 593
76 616
79 168
79 408
79 477
80 356
80 609
83 617
96 108
96 617
97 509
102 518
102 593
109 186
109 307
109 404
109 477
117 201
119 477
120 302
121 519
121 632
123 129
128 614
128 620
128 622
129 623
133 153
133 335
133 532
133 616
133 618
134 140
140 191
140 336
140 354
140 514
140 518
146 184
146 519
153 289
153 609
158 186
158 612
168 612
168 617
168 624
174 291
174 367
174 588
174 617
186 206
186 531
186 608
186 616
186 619
201 617
204 408
206 539
222 618
256 612
275 370
282 626
286 502
289 307
302 630
307 532
307 563
307 589
307 626
312 627
335 373
335 612
348 519
354 461
367 373
370 373
370 456
370 546
373 374
373 563
395 617
408 456
408 587
410 613
410 628
434 618
451 588
455 629
461 539
472 563
488 527
502 612
502 613
518 539
532 563
532 618
539 609
539 624
539 625
550 617
556 609
609 625
613 617
617 620
617 622
624 625
624 626
624 631
624 633
