26 1366
26 4288
29 928
29 2272
42 4167
43 4416
46 1877
46 4167
76 4410
83 4280
95 2250
100 1753
126 4407
128 621
128 1115
138 1039
138 2997
138 3582
157 2958
196 4408
253 3446
286 2382
370 3171
370 3446
556 3945
570 1857
570 1877
570 2272
577 2930
610 2057
610 4305
618 4280
621 3171
834 2820
837 3613
852 2488
852 2938
883 4413
891 1636
1012 3030
1115 4305
1122 2149
1122 2499
1122 2627
1147 1255
1179 4291
1243 1972
1255 2307
1256 3313
1268 2720
1268 4416
1333 2321
1335 1831
1335 4116
1359 1422
1413 4339
1418 1540
1418 2783
1517 3083
1554 3313
1576 4413
1636 4299
1702 1996
1703 2956
1741 2603
1753 1877
1753 4167
1763 1972
1763 4408
1857 2650
1877 4167
1972 4417
1980 4405
2052 4413
2240 4409
2488 2938
2583 4415
2589 4412
2650 2775
2650 3713
2733 4048
2741 3044
2762 4406
2767 2997
2775 3030
2820 4414
2938 3313
3091 4414
3160 3474
3385 4405
3405 4167
3417 4338
3490 4415
3874 3928
3882 4044
3928 4288
3928 4410
3928 4411
4410 4411
4414 4415
