0 249
0 729
7 712
13 1255
14 431
14 1622
14 4507
25 4528
26 2188
29 4191
29 4548
42 2132
42 2764
42 3023
42 3984
46 4558
73 138
76 280
76 1561
76 2089
76 2223
76 2434
76 4007
76 4462
79 4517
80 2603
83 446
83 563
83 3693
95 349
95 4360
120 559
133 563
133 2297
138 158
138 280
138 1593
140 1268
140 4150
154 3787
156 4557
162 1779
162 1917
184 3441
196 4191
196 4546
280 2460
280 2465
280 2756
280 3712
280 4557
282 4528
289 4557
326 4530
330 1242
348 563
406 4530
406 4550
442 1476
446 620
446 3441
460 4157
490 3441
515 556
515 4557
531 1763
531 2762
531 3712
531 4188
531 4547
536 2762
563 1724
563 3727
563 4150
563 4523
570 1255
577 1763
577 2278
613 4553
618 4150
621 4448
633 4171
659 3688
691 4544
712 4305
729 1861
729 4191
729 4280
729 4560
837 4517
837 4549
839 1543
886 4254
1035 2123
1179 4291
1242 1753
1242 2434
1251 1359
1251 1763
1251 1959
1251 2455
1268 4305
1268 4539
1268 4552
1278 4360
1359 1763
1422 2052
1470 4548
1470 4554
1470 4556
1510 3183
1540 2254
1561 2721
1561 2728
1561 3745
1636 2603
1636 3329
1636 4551
1680 2225
1724 4150
1753 1917
1763 3183
1763 4191
1763 4517
1763 4547
1794 4561
1824 4546
1917 3992
2027 4419
2050 4553
2057 4548
2081 2764
2089 4191
2095 4557
2132 4191
2132 4305
2132 4551
2132 4561
2223 2460
2223 4553
2223 4556
2223 4557
2254 2598
2382 2460
2382 3456
2389 3000
2389 4419
2465 4188
2465 4559
2627 4545
2627 4548
2627 4555
2687 4305
2687 4523
2692 3441
2762 2764
2821 3727
2821 4448
3030 4150
3065 4280
3166 4550
3183 4550
3184 4171
3322 4305
3322 4547
3322 4560
3453 4305
3636 4191
3643 4549
3712 4553
3727 4523
3745 4191
3745 4305
3811 4065
3821 4065
3984 4550
3984 4560
4065 4318
4090 4549
4187 4559
4200 4554
4305 4318
4388 4557
4517 4549
4555 4556
4555 4557
