0 948
14 2284
19 1012
29 138
29 236
29 621
29 729
29 1793
29 2739
46 1917
49 190
68 4592
73 2062
76 2767
79 2621
111 2158
118 1793
118 2019
118 2052
118 2254
118 3453
131 4532
131 4588
134 2158
138 1255
138 4597
140 1242
158 762
158 1822
158 4592
179 2158
179 4065
184 356
196 4546
196 4584
218 2158
236 2158
240 4592
289 2434
304 729
304 2434
304 2472
304 2756
304 3417
348 3791
348 4588
370 4523
442 1370
447 1005
461 729
461 1012
461 1057
461 1753
461 1994
461 2621
461 3473
461 3882
461 4168
461 4586
461 4594
563 1300
570 762
570 1255
570 1793
570 4280
570 4332
599 3712
613 729
613 4523
618 2158
634 2095
634 3377
712 2278
724 1794
729 960
729 1753
729 1994
729 2158
729 2245
729 2434
729 2592
729 2621
729 2720
729 2756
729 2943
729 3023
729 3453
729 3791
729 3984
729 4523
729 4585
810 4332
963 1990
963 3405
998 3712
1005 1543
1057 4592
1057 4594
1106 4580
1171 2158
1177 4254
1177 4488
1179 1763
1243 1561
1243 3791
1243 4592
1255 1994
1255 2062
1255 2184
1255 4582
1255 4592
1268 1369
1300 1612
1300 4523
1359 2868
1359 4582
1369 1510
1369 1517
1369 4171
1370 3078
1418 2284
1483 4534
1517 2600
1517 4171
1540 1636
1543 1763
1561 3984
1561 4592
1636 2132
1636 2254
1636 2760
1636 4585
1636 4589
1636 4594
1732 2706
1753 2603
1753 2621
1763 4582
1793 4080
1972 4591
1985 4584
1994 2943
2052 2158
2095 4403
2158 2603
2158 2720
2158 2820
2158 2943
2158 4581
2166 4187
2254 4589
2284 2764
2284 4305
2307 2627
2307 2706
2307 4592
2355 2767
2355 3171
2706 4592
2756 3515
2767 3579
2767 4589
2868 4286
3030 3473
3030 4168
3166 4586
3171 4590
3329 3416
3329 4523
3405 4332
3416 3984
3543 4305
3543 4318
3543 4332
3693 4471
3712 4534
3712 4589
3791 4592
3928 4589
3928 4594
3945 4598
3947 4403
4048 4593
4065 4343
4187 4586
4329 4585
4433 4585
4577 4582
4582 4583
4587 4588
4592 4596
4594 4595
