0 4605
0 4618
1 127
4 2095
7 4171
13 1255
14 30
14 249
14 312
14 1057
14 1418
14 1877
14 2583
14 2603
14 2821
14 4305
14 4419
19 817
29 127
29 3865
29 3930
30 43
30 351
30 370
30 2696
30 4419
30 4523
42 2660
43 1835
43 2019
43 2603
43 3865
43 3997
43 4171
43 4615
65 1948
76 280
76 881
76 1256
76 1835
76 2434
76 4611
80 881
84 881
88 2919
127 2696
127 4419
133 4581
138 762
138 852
138 2660
153 1418
153 4585
156 4375
158 1561
158 2627
158 3865
158 4232
158 4585
174 1255
174 1527
195 1793
196 4546
225 3850
226 4523
238 1416
258 1349
280 3984
280 4614
286 4232
297 1300
370 969
390 516
390 968
434 618
434 3543
442 4609
461 1255
505 1948
507 3858
539 2019
539 2052
539 2956
539 4581
556 4620
577 1763
577 4581
600 4619
618 4621
621 3865
662 4419
682 4613
729 852
729 1256
762 852
762 2488
762 4605
821 2472
821 4419
852 2529
852 2756
881 2534
938 3984
969 1917
969 4380
978 1527
1002 2082
1006 1948
1006 2019
1012 4280
1023 1527
1023 1836
1036 3865
1057 4617
1106 4523
1106 4614
1115 2627
1206 1256
1242 1540
1255 1527
1255 2184
1256 4605
1300 4188
1359 1763
1359 2762
1361 2706
1413 1501
1416 1793
1416 3950
1416 4419
1416 4624
1470 4617
1501 4187
1501 4382
1517 1680
1527 1793
1561 2079
1561 4232
1561 4333
1636 3171
1640 1877
1640 4532
1680 3900
1680 4031
1709 2472
1717 3023
1753 3049
1763 2762
1763 3453
1774 4623
1793 2472
1793 3405
1793 3930
1793 4280
1824 4332
1824 4419
1825 4581
1831 4617
1835 2132
1835 2820
1877 3405
1877 4332
1877 4419
1948 2019
1948 2956
1948 3473
1948 4171
1980 4419
1985 2583
2019 2052
2019 2956
2089 4620
2095 4616
2132 4617
2149 2696
2158 3745
2158 4199
2158 4332
2158 4388
2316 2434
2460 3484
2460 4232
2472 4199
2583 2687
2598 4375
2600 3935
2603 2930
2603 3791
2687 2762
2696 4532
2720 4332
2741 4532
2762 3928
2767 4617
2767 4624
2882 2930
2919 4232
2970 4523
3023 3171
3023 3649
3030 3049
3030 3865
3030 4523
3049 3484
3171 3928
3171 4581
3171 4613
3415 4419
3453 4332
3608 4598
3643 4549
3712 4620
3745 4199
4171 4615
4199 4419
4200 4617
4318 4403
4318 4619
4318 4623
4332 4532
4419 4532
4523 4615
4577 4582
4582 4583
4615 4622
