14 1242
14 1691
25 43
25 410
25 4577
26 2762
28 4611
29 162
29 1793
29 1917
29 3716
30 2028
41 4646
42 77
42 839
43 280
43 3930
43 4647
61 3473
73 385
73 691
73 1206
75 1598
75 3171
75 4667
77 1036
77 2255
77 2821
77 3405
77 4661
80 2132
113 4187
134 3930
138 280
138 762
153 4655
156 1929
158 4032
179 258
179 297
179 4190
236 1268
240 460
240 897
253 1179
258 1929
280 505
280 539
280 852
280 948
280 1268
280 1413
280 1636
280 1831
280 2223
280 2534
280 2821
280 3166
280 3417
280 3473
280 3636
280 3945
280 3984
280 4316
286 2307
297 1929
318 4150
370 2132
399 2450
460 678
460 4479
461 1413
461 3122
461 4611
461 4659
475 3608
505 539
505 1006
505 4628
505 4662
539 1006
539 4662
539 4667
556 4660
563 3030
570 3760
577 618
577 901
610 729
610 1779
610 3171
641 2764
703 4611
729 1335
729 1763
729 4577
729 4653
781 881
852 4116
901 3030
948 1581
948 3930
1002 1312
1006 4187
1036 1819
1057 2062
1106 4187
1115 2627
1233 4187
1242 4187
1243 4061
1312 4655
1335 1995
1359 4658
1365 4637
1413 1636
1413 3122
1413 4187
1561 4577
1608 4666
1616 1940
1636 4318
1636 4656
1674 3065
1709 2027
1709 3900
1747 3298
1753 4667
1763 2028
1763 3613
1763 4408
1792 1917
1793 4603
1819 4523
1831 2534
1831 4627
1877 2366
1899 4467
1929 2428
1940 2820
1940 4662
1985 4641
2052 4187
2052 4665
2053 4482
2062 2650
2095 4646
2132 2534
2132 4637
2158 2526
2158 2534
2158 3453
2158 4577
2192 3122
2223 4653
2225 4523
2255 4187
2307 2460
2307 4663
2316 4136
2316 4656
2432 4655
2460 4663
2526 3453
2529 2764
2529 4639
2599 3122
2650 3329
2670 4140
2756 4576
2762 3613
2762 4136
2762 4654
2930 4648
3049 3484
3065 4631
3122 4187
3122 4332
3298 3446
3453 4187
3453 4577
3473 4667
3608 4665
3613 3928
3613 3984
3613 4577
3693 4650
3712 3880
3712 4636
3727 4664
3893 4507
3928 4654
3984 4577
4032 4286
4140 4666
4150 4392
4305 4620
4338 4666
4433 4585
4489 4666
4636 4660
4655 4659
