7 43
14 1242
14 4667
14 4671
19 1057
19 2062
19 2650
25 2919
26 43
26 1753
26 2027
26 2255
26 3900
29 4577
41 2691
42 240
42 1709
42 4667
43 461
43 4171
43 4314
43 4466
43 4600
43 4647
59 2767
65 1170
65 1242
73 2062
75 3417
75 4667
76 138
76 280
76 2583
76 4507
76 4675
77 839
77 2255
77 3031
80 3543
101 978
108 4523
108 4668
108 4671
135 1170
136 2460
138 1243
138 2961
138 3446
138 3453
138 4611
145 4314
158 240
174 912
174 2961
184 4577
240 4314
280 570
280 1365
280 1418
280 1470
280 2284
280 2756
280 3473
301 1959
370 4671
390 762
390 2062
434 1818
442 2767
460 4673
461 1365
461 2603
461 4171
461 4611
461 4667
556 2767
556 4660
577 2621
577 4638
610 852
610 3171
618 4621
686 4676
729 4582
762 2062
773 4638
796 3405
852 3023
852 3171
852 4672
881 2767
948 1581
948 2255
948 4419
1039 4338
1039 4666
1057 2062
1060 4650
1106 2403
1115 2627
1170 4670
1255 4314
1335 2627
1359 4600
1461 1972
1470 4582
1510 4600
1571 4187
1709 2027
1709 2403
1709 3171
1717 2756
1753 2603
1753 4667
1763 1959
1763 2767
1763 3446
1763 3613
1763 4408
1763 4577
1793 3727
1872 3984
1940 2820
2062 2650
2062 4668
2158 2526
2158 4314
2158 4671
2223 2969
2284 2381
2284 2583
2284 3613
2366 2403
2455 3446
2460 3649
2529 3078
2583 4507
2583 4677
2627 3078
2682 3473
2687 4600
2720 4671
2767 3484
2821 2989
2930 4648
2961 2969
2970 4187
2989 3405
3030 4171
3171 4672
3329 3446
3329 4671
3405 4577
3446 3984
3453 4582
3543 4419
3613 4675
3712 4636
3727 4493
3727 4664
3928 4577
3984 4507
4032 4674
4187 4507
4187 4582
4338 4666
4507 4675
4577 4582
4582 4668
4636 4660
4655 4669
4659 4666
