0 89
0 174
0 659
2 367
2 577
2 674
2 681
13 637
14 25
14 42
14 46
14 76
14 89
14 206
14 289
14 539
14 621
16 56
16 153
16 233
16 659
19 29
19 621
25 26
25 43
26 89
26 190
26 563
28 674
28 677
28 678
29 95
29 370
38 97
38 123
38 140
38 461
38 539
42 539
42 659
43 76
43 148
43 304
43 367
43 451
46 670
46 674
49 663
56 76
56 140
56 186
56 235
56 303
56 307
56 442
56 506
56 566
56 608
64 304
64 637
74 184
76 80
76 216
76 304
76 367
76 506
76 621
79 80
79 89
79 258
80 304
80 506
83 621
83 666
88 621
89 129
89 130
89 143
89 196
89 490
89 507
95 621
97 539
121 678
121 681
123 370
126 330
126 539
128 455
128 659
128 675
128 677
129 490
129 637
130 153
133 477
133 563
133 676
135 621
140 673
143 507
146 367
148 370
148 670
148 679
174 408
174 617
186 563
186 618
196 635
201 496
204 304
206 621
206 678
280 406
280 659
289 681
290 678
290 682
302 647
302 674
304 455
304 506
304 593
315 621
315 674
335 367
348 663
367 455
367 507
367 519
367 618
370 659
370 663
370 679
370 680
410 670
419 434
441 451
447 502
447 563
475 635
490 507
490 556
496 556
507 565
507 673
516 637
531 621
539 647
563 621
611 621
617 621
621 662
621 674
621 676
635 649
663 680
674 676
