0 41
0 153
1 2307
14 29
14 153
14 839
14 852
14 1753
14 1917
14 2095
14 2583
14 2919
14 3930
14 4187
19 4489
26 461
26 509
26 839
26 948
26 2255
29 2214
30 3405
37 1994
41 2529
41 4646
43 138
43 1298
43 2905
43 2919
43 4422
46 1365
73 1206
76 138
76 460
76 1298
76 4582
80 3573
80 4707
83 138
83 826
88 1365
88 4523
90 1298
94 1298
117 1031
123 300
123 4694
133 1370
138 460
138 762
138 1255
138 1298
138 1994
138 3030
140 336
153 1763
153 2095
153 4702
153 4709
158 2382
184 852
196 1365
238 4031
240 4314
257 2756
258 475
258 4507
280 383
280 4684
286 2919
287 839
287 1527
287 4704
300 539
300 4694
304 3580
315 610
370 1298
370 4582
370 4668
374 1359
374 2583
391 826
410 2898
410 3928
431 1243
431 3928
434 1298
447 4528
460 577
460 1298
460 1929
460 1994
460 3745
461 1359
509 2307
539 891
539 4694
559 4390
610 4298
610 4422
618 1370
621 1370
621 1994
621 2284
621 3865
621 4652
762 1298
762 2718
803 2775
817 4314
826 2956
826 4384
837 4692
837 4696
839 948
839 2255
852 2756
859 1753
881 4696
881 4708
883 1298
883 1818
904 3865
948 1753
948 3727
997 4706
1002 1361
1057 1636
1057 4187
1106 1996
1106 4187
1106 4696
1115 2382
1164 2583
1223 2821
1243 2214
1255 2718
1298 1359
1298 2307
1298 4582
1300 1709
1335 1636
1359 2762
1359 4702
1365 1543
1365 1877
1365 2009
1365 3329
1365 3405
1365 4523
1365 4696
1370 2284
1413 2052
1608 2089
1612 4422
1636 4694
1753 4701
1763 3228
1763 4408
1763 4705
1793 2307
1793 3405
1807 2382
1807 3158
1807 3688
1807 3760
1807 3984
1831 2089
1877 2307
1994 2720
1994 2919
1994 3943
1994 4318
1994 4709
2027 2307
2052 2307
2052 4667
2052 4694
2064 2919
2095 4680
2132 4709
2148 3727
2256 4422
2284 3580
2307 2389
2307 4419
2321 2919
2583 4422
2583 4507
2687 2775
2687 4422
2687 4705
2762 2821
2762 3580
2762 4698
2767 4702
2919 4338
2919 4709
3065 3171
3159 3217
3171 3928
3171 4422
3329 3580
3329 3865
3477 3897
3515 4680
3657 4298
3945 4646
4187 4700
4403 4703
4422 4690
4518 4567
4646 4707
4695 4705
