1 43
1 2919
14 1145
26 56
26 1539
26 2255
26 2919
26 3745
26 4338
26 4690
30 46
30 573
30 810
30 1298
30 1384
30 1877
30 1971
30 2027
30 3405
30 4419
37 4652
41 156
41 852
41 1470
41 2455
41 2691
41 2692
41 4050
41 4366
41 4646
41 4710
42 43
42 2158
42 4716
43 461
43 2762
43 2919
43 3613
43 3791
43 4684
46 1365
76 138
76 434
76 1106
76 1255
76 1774
76 1794
76 2526
76 3329
76 3405
76 4493
76 4690
79 3453
79 3613
80 4318
80 4707
83 1636
83 4690
88 390
88 4523
90 138
90 2919
103 2919
117 1031
117 1636
130 3791
138 442
138 1298
138 1381
138 3030
138 3850
153 762
153 3791
153 4305
156 852
156 4523
156 4710
158 1268
158 4305
188 4390
196 374
236 2919
258 846
258 1527
258 2255
302 1359
312 410
312 449
367 1612
370 4523
374 2583
391 826
399 1140
410 4712
460 4171
461 3443
461 4714
539 618
539 968
539 1359
539 1774
539 2919
539 4493
539 4523
556 2691
570 4711
577 4199
610 2284
610 2821
618 1774
618 4493
621 3843
621 4280
621 4652
641 3897
656 2214
729 1877
729 4690
762 2062
762 4710
788 4708
817 1994
826 4384
852 4710
859 1753
891 1563
891 4718
919 4493
919 4523
968 4187
1106 4719
1145 4721
1164 1612
1198 4715
1242 4384
1255 1667
1265 4280
1268 4305
1298 1917
1359 1812
1359 2919
1359 4718
1365 1877
1365 2095
1365 4523
1413 4719
1470 3578
1470 4710
1527 2255
1581 4419
1636 1994
1636 3676
1763 4318
1774 2038
1774 3171
1774 4493
1818 4652
1831 3228
1917 4493
1941 2062
1994 4563
1994 4714
2132 4187
2177 3578
2278 4652
2284 2381
2284 2821
2307 2389
2455 4366
2526 3688
2526 4050
2594 4710
2594 4716
2641 3608
2691 2919
2691 4366
2691 4646
2691 4707
2692 3712
2692 4710
2756 4709
2762 2821
2762 3791
2762 4713
2767 4113
2767 4305
2820 4714
2919 3613
2919 3727
2919 3745
2930 3967
2930 4710
2970 4690
3030 3171
3030 3843
3030 4493
3122 4187
3171 3727
3171 4493
3171 4523
3183 4318
3329 4113
3329 4318
3389 4713
3405 3930
3688 3745
3688 4050
3688 4318
3712 4318
3791 4709
3984 4318
4113 4717
4187 4338
4187 4403
4187 4700
4187 4720
4280 4652
4318 4716
4318 4720
4403 4703
4493 4523
4528 4697
