0 1255
1 158
14 1145
25 4652
26 43
29 76
42 84
42 304
42 659
42 1929
42 2534
42 3636
42 4238
43 2412
46 76
46 762
46 2919
46 3158
68 3062
73 1941
73 2062
76 186
76 682
76 1145
76 1622
76 1636
76 2169
76 2839
76 2919
76 4729
79 3417
80 83
80 1333
80 1561
84 3062
84 3745
88 1145
94 3760
138 2307
153 729
153 4546
153 4563
158 1636
158 2223
158 2919
158 3062
158 4318
158 4714
158 4730
236 2919
258 1527
280 689
280 2223
289 4563
297 4709
304 2919
304 3745
315 536
335 531
335 1106
335 1636
335 2158
335 2223
335 3453
367 1561
370 3329
374 2583
388 3165
432 1561
434 1145
451 4726
461 3417
482 2095
509 4351
528 3636
531 2919
536 1807
536 3171
539 4723
610 1243
610 2821
618 3171
634 689
634 1106
634 2223
659 2919
682 1413
682 1636
712 2919
721 1243
721 2095
721 4652
729 1255
729 2307
729 2627
729 4728
762 1145
762 1794
762 2919
762 2970
762 3791
788 4708
837 4728
839 1929
839 2627
891 1753
904 3165
917 4546
969 2124
978 2389
1013 3152
1115 3405
1145 1413
1145 4523
1206 4194
1243 2214
1243 3171
1243 3509
1243 4171
1255 1774
1255 2718
1255 2919
1255 3417
1268 3799
1268 4731
1359 3613
1359 4728
1365 2919
1392 3171
1395 4725
1413 2019
1413 2412
1413 3417
1413 4546
1470 1994
1470 2169
1470 2223
1470 2762
1470 2919
1470 3811
1510 3062
1510 4727
1527 4724
1540 1636
1540 1794
1540 4318
1540 4694
1561 2223
1612 2919
1636 1929
1636 2169
1636 2919
1636 3636
1636 4238
1709 4351
1763 4086
1774 4523
1793 4390
1807 2627
1831 2169
1831 3228
1831 4238
1939 2775
2019 2956
2019 4427
2019 4731
2052 2169
2052 3329
2052 4318
2062 4194
2123 4351
2124 4707
2132 4585
2132 4730
2148 3171
2148 3727
2158 2627
2169 2307
2169 4238
2169 4305
2169 4318
2177 3578
2223 2919
2223 3329
2223 4061
2269 4113
2286 2820
2286 3165
2307 3688
2307 4419
2307 4724
2319 4690
2389 4351
2592 4546
2660 4641
2691 4061
2691 4646
2718 2919
2756 3578
2756 4709
2762 2970
2820 3165
2820 4171
2821 2822
2839 2919
2919 3329
2919 3417
2919 3727
2919 4008
2919 4286
2919 4582
2919 4730
2956 4427
2970 3791
3030 3062
3062 3745
3062 3874
3062 4318
3062 4732
3065 4427
3152 4563
3171 3727
3283 4390
3313 3578
3329 3417
3329 4582
3405 4546
3415 4419
3474 3636
3509 4238
3509 4316
3509 4690
3543 4351
3613 4689
3613 4728
3700 4379
3745 4563
3745 4732
3791 3945
3799 4427
3843 4523
4008 4582
4032 4733
4187 4318
4318 4351
4318 4716
4338 4730
4403 4585
4419 4628
4419 4724
4527 4722
4628 4724
