26 3125
46 3984
46 4826
73 385
73 1039
73 1206
76 4798
84 2868
84 4690
84 4714
89 97
95 2455
95 3457
95 4280
95 4825
97 1804
101 2423
109 3745
123 2762
131 2243
138 1636
138 3171
138 3928
153 907
158 2460
158 4829
184 4832
196 4825
247 1035
247 4826
258 1361
258 3745
289 3329
289 4825
298 3984
315 1763
315 3329
315 4289
358 1140
447 3509
461 4822
483 4819
531 4812
539 4280
556 2223
556 3882
556 4819
556 4829
571 4585
577 4822
610 4813
736 4431
881 4150
938 2762
963 1140
969 1333
969 1540
969 2081
969 4736
1005 3217
1005 4828
1041 2640
1041 3745
1057 4823
1106 1135
1106 1786
1106 4827
1140 1413
1140 2052
1140 2599
1140 2930
1145 2192
1209 1776
1209 2077
1242 1413
1242 2599
1255 3388
1268 2423
1333 4736
1359 3388
1359 4823
1361 1663
1406 4830
1540 3984
1636 4823
1636 4830
1663 3882
1742 2297
1751 1793
1753 3405
1763 3125
1793 2455
1793 4419
1929 3928
2027 4826
2053 4822
2062 2845
2177 3578
2223 2783
2223 4829
2243 2617
2243 4187
2245 3984
2287 3745
2382 4831
2423 3405
2423 3543
2455 3125
2455 3509
2455 3984
2455 4284
2472 3984
2472 4835
2583 2762
2650 2934
2650 4518
2660 2839
2674 4518
2691 3882
2694 4187
2762 3882
2762 3928
2762 3945
2762 4824
2767 4280
2845 4702
2868 3484
2915 4413
2930 4280
3125 3329
3125 3745
3125 4150
3125 4280
3166 4284
3171 4798
3329 4289
3329 4825
3385 4834
3426 4419
3477 3509
3509 3984
3509 4828
3636 4187
3657 4289
3745 4820
3928 4788
3928 4825
3984 4045
3984 4835
4170 4828
4187 4289
4187 4821
4187 4832
4646 4833
4819 4821
