1 948
14 824
26 2845
26 4286
26 4853
29 255
29 461
29 1636
29 1941
29 2762
29 3030
30 3543
41 823
41 1454
42 1198
42 3171
43 570
43 4861
46 4853
48 255
59 2095
73 138
73 255
77 2389
80 1812
97 4783
108 1658
126 2319
138 817
149 1255
153 1122
153 3745
153 4126
153 4585
158 1106
158 3329
158 4861
249 1581
255 1941
255 2845
258 1812
258 2930
258 3727
276 1900
280 312
280 785
280 3458
280 3573
280 3745
287 570
298 2529
298 2767
303 1540
303 4822
304 1106
312 1106
348 3535
414 708
417 4708
461 573
461 2756
461 2868
461 4858
573 1244
573 2970
577 2762
599 3636
613 729
613 1786
613 1793
613 2307
613 4171
618 1198
618 1812
618 4422
621 4853
641 4422
665 2694
729 1812
729 3838
729 4107
729 4422
852 2529
852 2756
852 2868
852 3509
852 3707
852 4113
852 4126
852 4422
852 4858
881 3636
921 1255
948 4419
968 1753
969 3067
1002 1365
1036 3267
1036 3543
1106 3388
1106 3984
1122 4585
1145 2437
1198 1636
1198 1812
1198 4536
1209 3574
1242 2437
1244 2970
1244 4280
1255 1365
1255 4783
1256 3850
1361 1812
1581 2027
1636 2762
1636 3838
1636 4323
1636 4422
1680 4856
1729 4857
1753 4333
1793 1917
1812 2762
1812 4708
1818 4116
1917 2437
1917 3405
2076 4489
2095 2617
2095 3945
2139 4783
2169 4853
2223 2783
2223 3030
2307 4107
2307 4171
2382 4860
2389 4419
2406 3543
2423 2437
2423 3405
2423 4177
2460 4107
2529 2670
2529 2756
2529 4113
2529 4858
2535 4187
2536 4859
2583 4187
2598 4853
2694 3405
2694 3646
2694 4333
2694 4847
2756 4140
2756 4858
2762 3030
2762 3928
2775 4853
2845 4573
2845 4702
2845 4858
2868 3329
2868 3945
2868 4858
2919 4860
3030 3727
3267 4856
3322 3984
3329 3984
3329 4862
3368 3745
3388 3636
3456 4798
3477 4187
3484 4853
3509 4126
3509 4422
3578 4113
3578 4126
3646 4333
3649 4126
3745 3984
3745 4126
3745 4286
3745 4646
3745 4853
3984 4187
4126 4422
4150 4783
4157 4419
4187 4422
4286 4853
4289 4600
4382 4422
4585 4600
