29 3624
37 138
37 3727
41 138
41 153
41 1031
41 2223
41 2583
41 2762
42 123
42 1375
42 3823
73 2845
74 3823
76 138
76 1375
76 4366
76 4991
83 3378
83 3975
84 1917
138 226
138 2668
138 2845
138 4419
138 4935
156 3329
157 3329
158 3107
179 3727
226 570
280 442
290 318
290 433
290 4523
307 1732
370 3191
390 968
442 1322
442 4988
461 1002
461 1375
461 3624
461 3727
539 1753
539 3107
539 4935
539 4987
610 4699
613 1005
729 1804
729 2455
729 2820
729 4990
736 3329
736 4987
805 1255
805 1636
805 1917
837 4974
845 3823
852 2756
857 4481
886 2756
886 2767
891 2583
904 2816
948 2389
948 2468
948 4917
948 4990
968 1877
968 2027
1002 3823
1005 2589
1169 2845
1359 4830
1369 1375
1375 3171
1476 2694
1539 3624
1554 3578
1563 2204
1636 2762
1636 3928
1636 4403
1636 4989
1755 2149
1917 3378
1917 4640
2019 2437
2052 3823
2053 3107
2149 2437
2149 3405
2149 3543
2208 3515
2208 3727
2234 3823
2382 4831
2389 4990
2522 4988
2529 3578
2582 4970
2583 2762
2583 3624
2589 3137
2589 4991
2628 3624
2650 3624
2756 3578
2756 4988
2762 2868
2762 3158
2762 3928
2820 3823
2868 3727
3001 4858
3107 4382
3166 3624
3221 4988
3405 3543
3442 3928
3515 3578
3515 3727
3624 3727
3636 4403
3850 4988
3910 4992
3928 4641
3928 4989
3945 4171
4171 4891
4403 4600
4419 4990
