12 5016
28 2868
29 893
41 1115
41 5005
43 4332
59 4366
69 4832
76 1106
76 1198
76 4949
83 3160
83 4766
115 304
115 442
115 1458
115 2340
133 315
138 641
138 1115
138 1255
138 5015
140 2728
151 3171
153 465
153 2728
158 3727
158 4590
158 5003
184 2762
184 3171
184 3928
196 5015
258 1365
258 5014
280 2589
286 1763
286 3613
289 4100
290 3123
290 4998
304 442
315 1198
315 3171
434 562
434 2767
434 3636
434 4949
515 2868
539 2589
539 5013
556 3145
556 4920
562 5007
562 5014
570 3052
577 2762
577 2821
577 3160
577 3171
613 2728
641 762
641 881
641 1333
641 1636
641 2650
641 3984
641 4171
641 4600
686 1106
729 5013
736 3329
736 4100
762 852
762 2868
796 2762
803 2256
803 2687
803 2775
803 4140
821 5015
834 1106
852 1115
852 2052
852 2589
852 2868
852 4113
852 4911
904 4280
948 4961
963 2589
1002 5001
1005 2762
1017 5016
1039 2756
1106 1421
1106 2132
1115 1636
1115 2589
1115 2756
1115 4924
1145 4523
1179 1763
1206 1256
1206 2627
1206 5015
1255 2756
1255 5013
1278 3967
1322 2762
1333 1636
1359 2728
1365 2589
1365 3578
1375 1661
1540 4885
1554 3515
1581 2027
1612 3030
1612 4783
1636 1812
1636 3258
1636 4590
1661 1825
1661 4171
1661 4536
1663 5007
1753 1985
1763 4100
1763 5015
1768 5010
1794 1825
1807 1917
1818 4978
1825 1915
1917 2412
1917 4993
1917 5009
1985 2845
1985 3422
1985 3572
2027 4332
2052 3484
2052 5013
2148 2756
2223 5005
2223 5015
2256 5007
2274 5018
2297 4998
2412 4536
2455 2583
2455 2845
2529 5015
2583 2767
2589 2756
2589 2868
2589 3313
2589 3928
2589 4632
2589 5007
2598 2868
2627 2756
2650 3572
2650 4338
2687 5018
2694 2868
2720 4332
2728 2767
2728 3501
2728 4926
2756 2868
2756 3258
2756 3578
2762 3171
2775 5007
2868 2961
2868 3078
2868 3405
2868 4366
2868 4590
2919 5019
2970 3636
2983 3945
3052 4419
3122 5016
3145 4366
3251 3385
3251 4999
3251 5011
3258 3515
3258 4908
3258 5017
3405 5016
3453 5014
3515 3578
3515 5015
3613 5011
3712 4366
3727 5008
3745 5015
3928 4961
3945 4366
3975 4961
4113 5015
4187 5010
4187 5011
4225 4390
4332 4370
4332 5020
4366 4646
4403 5011
4419 4961
4783 4949
4783 5012
