26 4523
26 5053
28 96
29 4523
76 156
76 1232
76 1915
76 3984
95 5030
96 570
96 5018
110 1879
110 4080
136 1300
156 539
156 730
156 1002
156 1268
156 1359
156 1375
156 1879
156 2142
196 3917
206 2762
236 1164
236 4080
236 4171
258 303
275 339
280 881
280 922
280 1552
280 2589
280 3745
280 4771
280 5007
297 455
297 1300
302 2694
370 2948
370 4577
394 1753
442 3882
539 730
539 1002
539 1268
539 1375
539 1753
539 2583
556 3171
570 3785
610 5054
621 4150
686 5055
730 1793
730 2255
730 2948
730 4171
803 5018
821 2694
881 1057
881 4971
948 2214
948 2389
997 4577
1002 2437
1005 3501
1017 1278
1017 2771
1039 3515
1051 2756
1057 2961
1164 4080
1185 2731
1232 1661
1232 1915
1255 2603
1255 3505
1255 5051
1278 5050
1375 1915
1375 2603
1375 3693
1474 1959
1476 3745
1583 2762
1763 3917
1785 2821
1793 2027
1793 2650
1793 3785
1831 5057
1877 3785
1959 2762
2027 3785
2052 3501
2052 3613
2111 5049
2124 4646
2223 4909
2321 4909
2333 2694
2389 2403
2389 5051
2437 2682
2455 3917
2472 2762
2583 3171
2650 3030
2694 3000
2694 4419
2762 2868
2762 3613
2762 3745
2762 3928
2762 4031
2762 4577
2762 5045
3030 4150
3882 4032
3928 5030
4523 5053
5031 5036
5053 5056
