8 5077
19 255
26 249
29 138
30 451
30 4332
41 539
43 1807
43 2521
56 2970
76 255
76 539
76 1298
76 4232
76 5070
77 1753
77 1793
77 2027
77 5072
83 5064
95 4577
95 5066
96 4910
97 1366
121 2650
134 1510
135 4150
138 1255
138 4935
153 4924
158 5067
167 461
196 5069
226 2062
226 2255
226 3505
247 2473
249 621
249 712
249 3267
249 3928
280 2756
280 5007
283 3928
304 2307
315 5018
339 1298
390 1255
407 1333
407 3613
407 4600
461 1753
461 2412
461 5064
461 5065
524 1941
539 2412
539 2603
577 4577
577 4910
599 3171
613 3011
621 4280
762 2062
837 5067
839 1298
839 1807
852 2756
948 2389
1012 1255
1012 1844
1012 3668
1036 2225
1039 3515
1106 2868
1298 2324
1298 2472
1298 4113
1321 5066
1366 1441
1413 1510
1413 2868
1413 5066
1510 2412
1521 2062
1543 2767
1552 2529
1561 4862
1561 5073
1636 5067
1640 4332
1753 2412
1753 5071
1793 2027
1793 2255
1793 2603
1807 2650
1807 2767
1818 4978
1824 2821
1941 2062
1985 3865
2027 5029
2027 5072
2052 2868
2052 4811
2053 5071
2062 4150
2064 2504
2076 3613
2076 5074
2124 5068
2156 2868
2225 2720
2225 2767
2225 4920
2246 2868
2246 5073
2355 5070
2389 2472
2389 2840
2389 4038
2419 3405
2455 2694
2455 5069
2473 3900
2473 4370
2504 4811
2521 3928
2627 3613
2627 3745
2627 5074
2650 3727
2692 3171
2756 5064
2756 5067
2762 3511
2767 2821
2919 3727
3122 4577
3145 5075
3161 4832
3171 4232
3171 5070
3171 5076
3217 4994
3268 5007
3405 3415
3501 3613
3521 3613
3745 3865
3865 5007
3943 5067
3984 5074
4226 4994
4280 4879
4419 5036
4641 5067
4924 5067
5031 5036
