0 3
0 8
0 175
0 724
0 741
2 431
2 726
3 539
8 455
8 477
8 727
14 25
14 26
14 30
14 42
14 68
14 195
14 206
14 354
14 539
14 659
14 662
14 708
19 25
19 83
19 370
19 659
19 662
19 733
19 734
19 735
25 247
25 507
25 728
26 42
26 76
26 190
26 275
26 391
26 461
26 490
26 593
26 723
28 121
28 408
28 729
29 431
29 715
29 722
30 42
30 109
30 195
30 384
30 708
42 146
42 190
42 195
42 284
42 287
42 375
42 391
42 556
42 623
42 662
42 727
42 732
42 738
42 740
46 109
46 384
46 565
46 659
56 289
56 507
56 659
56 660
60 226
60 354
60 563
60 734
69 507
69 727
73 285
76 88
76 108
76 158
76 370
76 612
76 659
76 670
76 723
76 726
76 727
77 659
79 659
79 660
79 726
80 621
83 100
83 724
88 289
88 408
89 512
94 121
94 459
94 659
94 741
96 490
97 121
97 129
97 436
97 678
97 731
97 737
97 739
108 240
108 283
108 659
108 678
109 158
109 384
109 563
109 729
121 190
121 226
121 597
123 375
123 659
123 735
123 741
129 190
129 459
129 597
134 563
134 618
135 734
140 375
140 659
140 714
146 612
153 715
158 431
158 488
158 732
174 502
174 565
174 659
190 597
190 678
195 708
201 275
206 659
206 662
216 408
235 375
235 448
238 623
240 488
240 659
275 391
283 678
283 724
284 730
286 408
289 408
289 556
289 616
295 507
304 404
304 714
307 660
370 408
370 659
370 724
374 659
375 724
395 715
404 659
404 712
404 727
404 728
408 734
436 710
451 662
461 612
461 659
461 662
461 723
488 741
490 563
490 729
502 659
507 659
507 660
519 660
539 573
539 729
545 659
556 670
563 593
563 618
563 621
563 659
575 715
610 724
618 662
621 660
621 712
621 724
621 734
659 662
659 729
660 724
660 731
662 736
709 724
712 724
