2 1917
8 4771
8 5132
30 1053
30 3785
42 1917
43 297
43 1375
48 318
75 3984
76 3865
76 5164
84 134
84 2472
84 4171
95 1510
100 339
100 1877
109 4885
120 297
123 153
123 2472
123 3613
123 5161
141 519
153 3785
153 4187
153 5163
158 311
158 1917
158 3727
158 5041
158 5165
184 423
196 1763
226 4896
226 5041
249 1990
255 5100
258 1763
280 1561
280 2756
280 5169
283 1053
297 1144
297 2374
301 3984
311 3785
311 3984
318 729
318 2418
351 5100
407 5160
423 2670
455 1985
461 2319
519 1510
633 5162
659 4577
703 3843
729 2418
736 1392
762 4896
803 893
803 2930
883 2418
893 2650
948 4771
1002 5161
1006 2599
1012 2529
1039 2488
1039 2756
1041 4345
1051 2529
1053 1057
1053 1268
1053 3785
1164 2423
1172 1636
1268 4419
1268 5149
1304 5142
1365 3785
1375 5053
1390 4727
1413 4727
1422 1917
1510 1540
1510 3865
1510 5168
1521 2418
1540 2457
1543 4059
1602 4888
1636 3158
1636 3785
1636 5164
1661 2943
1661 4536
1751 2943
1753 2319
1763 4059
1763 5165
1818 3785
1877 4896
1917 3712
1917 3785
1917 4419
1917 5159
1971 2956
1980 4546
1985 4562
2053 4528
2142 5167
2149 2319
2223 4771
2223 5162
2319 3900
2319 3975
2382 5041
2389 4171
2389 4419
2423 3484
2455 2598
2455 2767
2455 3865
2455 5041
2455 5169
2457 5119
2465 5162
2472 4546
2488 4641
2494 5170
2504 3785
2529 3785
2599 3785
2627 2756
2739 3613
2756 4641
2756 4684
2762 3785
2767 4562
2919 3727
2948 3453
3030 4896
3059 4031
3160 3405
3185 5100
3578 4641
3613 5161
3636 3661
3687 4813
3785 3893
3785 3900
3785 3984
3785 4113
3785 4382
3785 5146
3785 5166
3865 4280
3865 5041
3865 5065
3865 5163
3900 4419
4031 4896
4171 5167
4370 5171
4403 5065
4403 5150
4536 4811
4641 5146
4831 5165
4896 5041
4908 5164
5041 5149
5065 5164
