19 1612
19 4994
26 157
26 1640
26 4949
29 73
29 4702
42 2930
42 3578
43 1561
43 4949
43 5235
73 138
73 4582
76 446
76 1268
76 1807
76 2930
76 3636
76 4949
76 5230
76 5233
76 5234
83 3024
100 1753
100 1917
113 1527
115 1576
115 5237
138 728
138 1333
138 1675
140 4949
153 5235
158 2845
158 3578
158 4771
162 824
195 1917
196 370
196 519
196 1742
196 1753
196 2081
196 2845
196 3122
226 1675
253 1763
280 659
280 2660
280 4382
280 5230
287 928
287 2389
370 1612
370 1742
370 2030
370 3122
370 5238
396 5211
407 2919
446 1115
446 1831
446 3636
461 577
461 1561
461 3122
461 4727
461 5229
507 1361
519 659
570 881
570 1561
570 1742
570 2081
570 2868
570 4771
618 3024
659 1763
712 3024
728 3578
728 3745
728 5231
729 4582
762 2868
762 4582
809 3024
839 2149
839 3122
859 4216
875 897
881 897
881 1361
881 1576
881 2081
881 2845
881 3122
881 3657
881 3745
881 5220
897 1242
897 2081
917 1561
917 4910
928 1877
948 1231
948 4734
1002 4949
1002 5232
1006 4216
1007 5082
1051 5234
1057 5234
1070 2177
1106 1675
1141 4832
1231 4949
1242 1753
1268 1413
1268 1742
1268 2694
1268 3122
1268 4216
1268 4844
1268 5233
1268 5236
1300 4910
1333 1608
1333 3636
1365 1540
1365 2223
1413 3405
1413 5233
1510 4180
1510 5231
1540 4949
1563 1753
1576 3024
1576 5237
1612 3030
1612 4702
1636 2692
1675 4038
1742 2081
1742 2589
1742 3122
1753 5228
1763 3337
1763 3928
1763 4451
1763 4962
1763 5231
1793 3453
1807 2930
1864 4216
1877 2030
1877 5174
1879 2324
1880 2756
1929 5082
1965 2253
1985 2132
1985 5079
1985 5234
1992 5128
2027 4962
2030 2694
2030 5231
2089 4187
2089 5231
2102 5234
2124 2627
2124 3582
2177 3578
2223 3166
2307 4370
2389 3000
2455 2756
2660 3515
2692 4702
2756 5041
2756 5235
2762 4180
2762 5082
2762 5223
2767 4844
2823 3745
2930 4949
2954 3024
2970 4632
3024 3405
3030 5233
3145 5235
3158 3578
3158 4844
3171 5232
3344 4451
3388 3417
3388 5223
3484 5212
3578 3636
3636 4844
3636 5227
3745 4702
3928 4180
3928 4451
3928 5231
4110 4949
4116 4949
4180 5231
4187 5231
4297 4702
4467 5214
4646 4831
4702 4910
4727 4771
4844 4848
4844 4949
5036 5232
5065 5232
5231 5232
