0 4690
2 805
25 30
26 1298
26 1540
26 2307
26 2868
29 4949
30 280
30 2888
30 3166
30 4765
42 846
42 5272
46 2694
76 809
76 1007
76 4527
76 4949
79 893
80 405
96 836
96 1742
96 3030
96 3505
114 2472
128 805
128 1268
138 2868
158 3145
158 3727
158 3928
158 5258
158 5266
159 1036
162 405
184 2472
195 1917
240 805
240 4771
280 659
280 5270
315 434
405 3636
414 5220
455 1576
455 2534
455 2868
455 5007
455 5125
539 5267
610 2954
659 4765
682 2868
729 1917
729 3756
729 4949
805 1255
836 1742
852 2529
852 2756
852 5031
852 5261
881 1005
881 1831
881 3874
881 4523
893 3161
1002 2868
1041 1576
1106 3760
1137 4771
1179 1879
1265 1992
1265 3984
1268 5258
1298 2307
1359 2767
1510 5261
1510 5267
1527 5174
1540 2820
1540 3313
1540 3893
1576 3636
1612 4910
1661 5262
1742 3122
1747 3865
1763 4199
1763 4765
1917 3874
1917 5220
1992 3984
2046 4527
2132 2767
2472 2756
2472 2762
2472 3984
2472 4110
2529 4949
2583 2767
2670 5269
2720 4765
2756 4949
2756 5271
2767 4187
2820 4110
2820 4467
3313 5271
3505 3785
3636 5254
3727 3791
3874 4419
3883 5041
3928 5266
3928 5267
3943 4949
3984 4199
4171 4297
4199 5272
4314 4910
5007 5125
5146 5258
5266 5268
