26 43
26 100
26 2307
29 76
37 1576
37 5275
41 5276
42 2762
42 4236
42 5272
43 968
43 1561
46 1017
46 4765
74 226
74 2727
74 3166
74 4000
76 3158
76 3639
76 3850
83 1600
100 1925
101 968
138 1375
148 4949
158 1115
158 3145
158 5265
204 1057
204 2756
280 2521
280 4749
290 3785
290 4280
302 1755
383 4527
405 4839
455 2868
455 3145
455 5276
577 2472
577 2956
577 4949
633 5276
659 881
659 4771
712 2724
729 3756
813 1831
823 5191
836 1755
836 1877
852 1612
873 4870
875 968
875 1298
881 5245
897 1742
897 2081
907 1256
1012 1206
1057 5237
1057 5274
1115 5265
1206 4949
1268 5273
1359 2767
1375 5275
1540 2868
1742 2081
1755 1877
1755 3030
1755 3166
1755 3900
1755 4419
1825 2603
1929 4582
1929 4860
1986 5058
2081 3980
2089 2762
2158 4314
2278 4280
2412 3030
2428 4860
2472 2956
2472 3501
2529 2756
2529 5245
2582 5248
2583 3843
2756 4905
2756 5274
2762 3980
2762 4236
2762 4565
2767 3501
2767 3843
2767 4585
2786 4916
3453 5270
3484 4419
3636 4839
3943 5258
4199 5273
4860 4916
