0 19
0 38
0 141
0 678
2 312
2 727
2 752
2 765
2 767
7 758
8 659
8 687
13 752
14 30
14 128
14 141
14 168
14 201
14 304
14 374
14 670
19 26
19 68
19 69
19 76
19 94
19 103
19 109
19 140
19 201
19 206
19 275
19 289
19 295
19 374
19 434
19 506
19 549
19 563
19 635
19 659
19 724
19 731
19 748
19 751
19 760
19 767
25 662
25 760
26 151
26 670
28 226
28 461
28 755
29 42
29 660
29 760
30 64
30 109
30 195
30 336
30 729
42 79
42 132
42 304
42 431
42 461
42 623
42 662
42 729
42 761
46 275
46 727
46 752
47 79
48 121
48 762
56 507
64 76
64 140
64 410
64 506
64 729
64 763
69 79
69 158
70 94
76 94
76 123
76 129
76 206
76 354
76 506
76 563
76 621
76 660
76 670
76 731
76 756
79 153
79 539
79 670
79 761
80 295
80 403
80 758
83 660
83 724
94 97
95 769
97 490
97 654
103 312
103 743
105 623
108 121
108 238
108 354
108 760
109 312
109 539
109 659
109 726
119 549
119 660
121 678
121 729
123 488
127 201
129 678
133 729
140 304
151 727
151 758
158 286
158 724
158 743
168 275
168 432
168 754
174 312
174 660
184 757
186 354
186 724
186 726
190 226
191 660
201 506
201 670
206 434
206 621
206 662
226 354
226 678
226 755
233 727
238 623
238 760
240 354
256 724
262 757
289 432
289 621
289 670
289 725
289 729
289 743
289 767
298 659
304 539
304 724
304 729
312 404
315 724
335 731
354 524
354 563
374 475
392 659
432 727
451 724
451 727
461 509
461 768
487 752
488 659
490 608
490 767
502 757
502 761
507 660
507 678
509 768
519 758
519 769
526 725
539 660
539 764
549 660
563 659
563 724
563 761
577 724
593 753
610 724
618 727
621 727
621 748
660 729
660 765
671 725
671 727
699 758
699 759
712 724
724 727
727 729
727 760
729 761
748 752
760 766
