26 1106
29 1106
30 3785
75 258
76 1198
76 1413
83 1140
88 158
95 5325
97 3648
153 3488
158 1017
158 5327
196 1365
196 5322
196 5328
394 1753
394 3975
446 2762
455 1361
455 1365
539 963
539 1365
570 4833
570 5143
577 5325
696 1058
736 4833
836 3785
852 2529
881 5195
891 4833
963 1106
963 4585
991 5316
1017 2209
1058 1115
1106 1365
1106 4336
1106 4641
1214 4949
1268 5320
1361 3943
1365 2600
1365 2724
1365 3329
1365 3613
1379 1608
1379 5195
1413 5143
1458 2333
1608 1636
1608 4585
1785 5143
2089 2209
2428 4425
2692 3046
2756 4858
2762 5295
2767 5143
2767 5322
3001 4858
3158 4949
3329 3613
3329 5036
3329 5322
3329 5328
3444 5326
3613 5195
3707 4858
3928 4236
3928 5324
3943 4425
4236 5324
4425 5036
4585 4949
4585 5195
4949 5195
5036 5143
5041 5143
