29 4765
30 1365
76 531
76 2724
76 4949
76 5337
83 1365
96 2888
97 3166
123 5340
138 4113
153 2589
157 1917
196 5340
258 963
258 4949
289 2306
312 2820
315 1365
315 3392
315 3613
370 4765
407 4949
531 1365
531 1517
592 1365
600 2499
762 1365
762 5340
836 5036
837 1834
839 5340
859 4765
1005 2762
1057 4949
1057 5327
1106 2868
1106 5334
1242 4765
1365 2428
1365 3125
1365 3392
1365 3613
1365 3841
1365 5128
1365 5337
1636 5341
1793 4431
1917 4199
1917 4431
1917 4949
1965 2253
2081 2762
2081 5040
2084 5343
2126 4199
2254 2868
2254 4765
2428 3636
2428 5293
2762 4110
2762 4253
2762 5065
2762 5335
2767 2868
2868 4924
2915 3893
2915 4236
3171 4113
3574 5329
3578 3707
3578 5339
3613 4352
3613 5065
3636 5036
3636 5341
3841 5337
3907 5340
4110 4949
4113 5041
4113 5306
4352 5065
4653 5338
4765 5065
5306 5342
