0 2692
0 2919
0 4501
0 5309
7 5388
19 4297
41 461
43 1971
46 3052
73 1106
75 1268
75 5362
76 1436
76 2589
76 5391
83 315
83 2868
88 5383
96 461
96 729
96 1527
97 532
97 1106
138 1106
138 1255
138 2589
153 201
153 5391
158 315
158 4949
158 5065
158 5386
172 348
174 4110
174 5391
190 3378
190 5388
196 461
196 2045
196 2762
196 3745
196 5065
196 5382
196 5383
201 461
201 510
201 729
238 1824
297 726
315 839
315 904
315 1106
315 1470
315 2223
315 2529
315 2756
315 2762
315 2868
315 3322
315 3745
315 4297
315 5065
315 5353
348 4110
391 5367
407 1419
455 5388
461 1231
461 2589
461 3984
544 3745
618 2297
633 5355
659 2762
659 5380
729 2589
729 4501
729 4968
762 5387
824 3378
836 2650
836 4031
839 1106
839 5386
839 5388
852 1436
852 3388
891 1242
978 3975
1002 5388
1012 1644
1106 1470
1106 1877
1106 2455
1106 2582
1106 3024
1106 4113
1106 5041
1106 5353
1115 1644
1185 5354
1231 2919
1242 3484
1256 3078
1265 2762
1268 3745
1268 5388
1359 2724
1361 1365
1361 2650
1361 2724
1361 3051
1361 5385
1365 3745
1365 5388
1418 1644
1418 5354
1419 5364
1470 2589
1470 3928
1644 2158
1644 3107
1644 4110
1666 2589
2016 4968
2045 3745
2045 5065
2045 5388
2124 3137
2124 5386
2156 5065
2156 5388
2223 2868
2254 2589
2254 3392
2254 4332
2254 4749
2254 4949
2254 5386
2254 5391
2255 5384
2284 3392
2284 3657
2297 2650
2389 3052
2455 2472
2455 2589
2455 4488
2472 4110
2472 5392
2529 2582
2529 2868
2529 3388
2529 5388
2589 3122
2589 3158
2589 4187
2687 5084
2756 2762
2756 4501
2762 4110
2762 5065
2762 5391
2860 4646
3078 3856
3484 3984
3636 5341
3745 3984
3745 4501
3850 5354
3947 5387
4031 4265
4110 5018
4110 5387
4110 5391
4171 5065
4297 5382
4422 5391
4798 5386
4949 4968
4949 5065
4968 5065
4968 5389
5065 5387
5065 5388
5265 5386
5387 5390
