0 5386
12 1017
12 4503
26 442
26 1793
26 2016
26 4949
29 442
29 621
29 5353
30 1268
42 43
42 3984
42 4230
42 5420
43 461
43 881
43 2024
43 5174
43 5403
43 5416
43 5419
46 1338
46 3975
56 88
56 1666
56 2805
56 3943
56 5065
73 153
73 762
73 2756
73 3337
73 3515
73 4113
73 4664
73 5041
76 963
76 1177
76 2016
76 5386
80 4727
88 1959
88 3943
136 1268
138 1177
138 4935
140 5412
153 3984
153 4949
158 4935
172 4503
196 2868
204 4230
258 4577
280 1177
330 1242
370 5174
410 4577
423 2455
442 4171
455 1831
461 1017
504 1959
532 802
532 1243
532 2245
532 2268
532 3858
544 5353
726 5419
729 4949
741 2868
741 5421
762 2756
762 3515
762 4935
762 5146
762 5415
821 1164
836 5305
836 5329
852 1177
859 4935
881 5353
904 1177
938 5308
963 2627
1002 4230
1106 1177
1106 5006
1242 2956
1242 4503
1255 5041
1268 4171
1268 4771
1338 5174
1344 1917
1344 2070
1344 2619
1344 3171
1344 3453
1361 1831
1361 4171
1361 4771
1390 3171
1413 5417
1418 1972
1426 3158
1470 1959
1470 2016
1510 4140
1551 3883
1636 5006
1636 5396
1636 5413
1666 2692
1666 3943
1808 5308
1831 3984
1831 4171
1854 2694
1877 2930
1877 5305
1942 2158
1942 3785
1942 3951
1959 3943
1959 4187
1972 5079
2016 3171
2016 3636
2016 4236
2024 4117
2053 3984
2053 4171
2084 5416
2124 5308
2254 4696
2254 4708
2403 5366
2455 2868
2455 3026
2455 4236
2455 5413
2534 2627
2627 4949
2692 3046
2694 4503
2756 2868
2756 5386
2762 4201
2820 4503
2868 5241
2930 4059
2930 5305
2930 5420
2956 4503
3030 5305
3030 5415
3158 4949
3171 4110
3313 5421
3515 4949
3543 5241
3636 5254
3636 5341
3943 5362
3943 5418
3984 4171
3984 4190
3984 5420
4031 5409
4110 5420
4140 4201
4171 4949
4491 5414
4503 5366
4771 5413
4924 5418
4949 5270
4949 5309
5006 5329
5305 5366
5362 5417
