29 88
29 1418
41 2412
43 1418
43 1612
43 3184
43 4236
46 904
46 1778
56 5065
59 2124
76 917
76 1778
76 2254
76 2412
76 3573
76 5439
76 5440
88 5100
124 1418
138 1177
138 3573
138 4771
153 3573
158 5443
196 1322
196 2334
280 1177
280 1778
370 3573
408 4911
410 2124
423 904
423 1778
441 762
441 5425
461 3453
461 3984
533 3313
539 2412
563 904
570 1255
592 4879
610 3160
618 3113
621 5377
633 3453
729 1106
729 2627
762 1418
762 4911
810 3992
836 1778
836 5446
852 1177
852 5441
904 1778
904 3026
919 2412
997 4752
1002 2412
1036 2086
1039 1106
1039 5065
1106 1322
1140 2923
1177 1413
1177 2627
1177 2756
1177 4488
1177 4916
1177 5309
1177 5445
1242 4110
1255 5353
1268 5432
1322 1365
1322 1959
1322 2670
1418 2627
1540 4110
1540 5440
1636 5006
1636 5446
1742 3573
1778 1972
1778 2254
1778 2333
1778 3023
1778 3026
1778 3453
1778 3573
1778 3636
1778 3984
1778 4187
1778 4236
1778 4771
1778 5146
1778 5353
1868 2255
1872 5438
1877 2086
1985 4488
1985 4832
1985 5438
2086 2333
2124 3880
2124 4646
2223 5443
2254 3026
2254 3113
2254 3984
2254 5443
2321 5433
2583 5439
2627 2756
2692 5442
2756 4949
2756 5441
2756 5444
2762 4110
3026 5353
3113 4236
3125 5447
3158 5438
3160 4702
3388 5441
3509 4488
3578 5041
3636 5341
4110 5440
4382 4831
4382 5442
4419 5212
4488 5438
4771 5353
4911 5353
4924 5006
5041 5439
5065 5424
5065 5442
5079 5439
5270 5353
5353 5439
