0 36
0 788
3 570
14 133
14 201
14 225
14 249
14 659
14 662
14 761
16 286
16 662
19 153
19 168
25 26
25 46
25 140
25 348
25 712
25 724
26 119
26 134
26 249
28 408
28 678
28 790
29 271
29 729
29 767
30 135
30 199
30 501
30 654
36 162
36 235
36 240
46 119
64 199
64 791
74 570
76 119
76 151
76 249
76 570
76 728
76 731
79 258
79 660
83 610
90 519
90 788
93 516
103 158
103 225
103 729
103 788
115 644
119 129
123 779
124 712
133 724
134 201
135 168
135 432
135 712
140 249
151 225
151 546
151 659
153 408
153 507
153 767
158 311
158 565
158 587
168 662
186 662
196 610
199 354
199 662
201 784
206 411
221 539
225 351
225 519
225 785
289 608
289 767
303 304
303 660
307 791
348 610
348 712
411 570
411 789
419 662
455 775
459 783
461 546
477 659
506 662
507 731
507 792
519 726
519 767
528 726
542 731
570 662
570 786
608 786
610 794
618 662
618 724
635 787
637 760
659 712
662 731
712 724
726 728
738 749
786 790
787 793
