26 29
26 729
26 1451
26 2158
26 2319
26 5505
26 5509
29 190
29 1198
29 5511
30 2297
41 2319
41 3158
73 4113
76 1198
76 3727
83 5511
88 1418
88 2919
97 2297
124 239
158 2627
158 5506
196 2334
226 1540
239 1612
339 4031
370 1198
383 1365
383 5422
390 4113
449 1527
461 5510
570 4031
592 729
592 1198
613 917
621 729
621 2158
682 5513
729 1106
729 1268
729 1877
729 5507
852 2529
891 5267
917 2767
917 4839
917 5375
968 1540
968 5515
1002 5362
1002 5432
1012 3952
1041 5510
1148 5463
1177 2583
1177 3078
1198 1786
1198 3381
1255 2319
1255 4113
1255 5041
1256 2627
1268 1527
1278 2406
1359 1418
1422 1747
1436 1941
1451 1786
1470 3727
1479 3477
1540 1793
1540 2286
1540 5366
1612 3648
1688 3171
1793 3030
1831 5512
1877 5506
1877 5509
1917 4632
2124 5506
2319 3158
2319 5506
2334 4110
2412 2472
2412 3745
2412 3823
2412 4336
2472 5507
2627 3078
2627 4908
2650 5511
2756 5514
2762 3990
2845 4113
3030 3158
3030 4110
3283 4419
3313 5514
3405 5506
3636 3727
3783 5468
3943 5514
4031 4523
4113 5506
4839 5505
4839 5506
5065 5505
5065 5506
5065 5508
5362 5432
