0 14
2 8
2 662
2 802
7 19
8 304
14 133
14 249
14 767
19 68
19 79
19 80
19 109
19 134
19 236
19 311
19 635
19 767
19 800
25 140
25 275
26 162
26 249
28 729
29 275
30 593
30 662
30 678
30 748
31 805
36 797
38 159
42 76
42 431
42 659
42 685
43 109
43 162
43 206
43 249
43 806
46 805
47 79
56 134
60 186
64 134
64 768
75 221
76 109
76 644
76 798
76 800
76 802
79 404
79 800
79 802
80 121
80 199
88 743
93 516
103 743
108 201
108 516
108 570
109 459
109 507
109 731
121 539
121 685
121 802
129 623
129 798
133 249
134 199
135 215
135 490
140 236
140 662
140 806
151 240
151 519
153 507
158 800
162 788
162 801
166 685
196 610
199 432
201 226
206 798
221 236
221 539
225 507
238 623
297 507
297 745
307 731
307 795
307 803
307 804
348 712
348 796
397 594
451 798
455 602
477 800
477 802
507 644
507 788
518 805
519 662
519 685
539 798
621 760
635 800
659 731
662 694
724 760
735 799
745 808
767 807
