0 2694
14 29
14 196
14 570
14 729
14 1256
14 1985
14 3329
14 4672
42 236
43 1604
43 2820
46 729
46 2956
46 3515
46 3578
46 5563
59 531
75 134
76 5483
94 922
94 5713
97 3030
97 5141
134 236
134 1563
134 2286
138 461
157 3975
158 2919
159 4419
184 4048
190 5652
196 3329
199 3850
218 4605
226 3030
226 3648
226 4873
280 1763
286 4670
315 5716
374 531
374 2243
391 1242
433 5478
434 2694
446 3065
446 3984
446 5041
446 5065
446 5715
446 5717
461 1446
461 1563
461 3030
461 5483
514 5718
531 3852
531 5237
539 1085
570 5141
577 1091
592 4280
603 2718
603 3818
613 3329
621 3329
621 4110
621 5714
636 2768
641 1940
712 5714
729 1831
729 5652
762 5237
779 1002
836 1322
886 5306
950 1543
963 5141
963 5633
1002 2324
1005 1322
1017 5141
1106 2126
1106 3040
1169 5587
1177 5720
1200 2529
1255 1604
1255 1831
1255 3505
1255 4935
1256 2718
1268 4771
1268 5718
1312 5208
1322 4949
1404 5699
1470 1604
1604 1831
1604 2529
1604 4935
1604 5366
1612 3648
1636 1831
1636 3636
1732 5488
1742 3030
1763 4377
1793 4419
1831 2762
1877 2169
1917 3453
1972 5488
1985 5173
2019 5721
2126 3463
2126 5615
2169 2324
2223 3313
2223 5065
2223 5173
2243 3145
2286 5721
2321 3329
2334 3984
2334 5699
2355 5720
2455 3329
2455 5353
2468 3646
2472 5712
2512 4325
2599 5721
2670 5720
2692 5173
2694 2868
2718 4605
2820 5718
2956 5563
3000 4419
3030 4031
3030 4873
3065 5372
3329 3984
3329 5353
3381 5713
3388 3636
3405 4419
3453 3975
3661 5362
3975 5515
4031 5353
4048 5621
4048 5717
4110 5714
4236 4949
4323 4605
4377 5065
4377 5270
4419 4546
4605 4949
4605 5555
4670 5488
4947 5712
4949 5722
5041 5692
5065 5237
5065 5719
5162 5708
5230 5587
5488 5652
5633 5699
