14 5008
14 5682
14 5725
26 2128
29 478
29 4949
42 1106
42 3953
42 5737
46 461
46 2255
46 2956
46 3515
46 5563
70 3648
73 762
73 4910
73 5720
76 478
76 1322
76 4140
76 4684
76 4949
80 184
83 5065
83 5741
93 953
93 5488
96 5682
109 881
119 5739
132 4968
140 3540
151 461
151 1793
153 4684
154 5682
158 1115
184 1322
184 4048
184 5375
190 968
206 3405
267 461
286 5041
302 1818
312 5274
315 5546
315 5683
446 659
455 461
455 478
455 3745
455 5711
461 948
461 2255
461 4771
475 4971
478 712
478 1365
478 5682
506 659
539 3823
539 5744
544 3540
568 5682
570 3540
577 2762
599 2762
599 4332
610 708
610 5725
659 1115
659 1322
659 2255
659 4886
659 5173
659 5566
671 5745
682 3329
712 5683
729 1322
762 4187
762 4352
762 4949
839 1606
881 1255
891 1051
891 1971
897 1742
897 5065
904 1322
953 3951
963 1990
963 5742
968 1793
968 5553
1012 4949
1012 5053
1012 5563
1036 4546
1106 4684
1242 5742
1255 5741
1268 5553
1322 1636
1322 5353
1333 5724
1418 3727
1540 5230
1606 1917
1636 4968
1717 5690
1763 2589
1818 5734
1875 5742
1877 2255
1877 5682
1929 3953
1971 3951
2024 2762
2082 4384
2124 5230
2292 5008
2389 3951
2460 2919
2589 4924
2589 5065
2589 5682
2694 2868
2728 5274
2756 5690
2762 2821
2762 4110
2762 5065
2762 5274
2762 5743
3171 3819
3313 4684
3329 4971
3357 3992
3388 4110
3501 3636
3636 5362
3636 5616
3953 5065
4110 5546
4171 5742
4536 5742
5053 5741
5053 5742
5065 5230
5065 5682
5065 5737
5079 5746
5230 5737
5615 5616
5724 5740
5737 5738
