14 76
14 1106
14 1365
14 1807
14 3122
14 5774
29 1106
42 43
42 621
42 3453
42 4873
42 5699
43 76
43 1255
43 2589
43 4949
43 5041
43 5440
43 5681
43 5776
46 1422
46 4419
73 2628
75 1365
76 84
76 302
76 570
76 1106
76 2589
76 2943
76 3417
76 4949
76 5744
80 1636
88 1255
95 5195
97 5766
128 368
128 3330
134 2956
138 1422
138 1742
138 5782
156 730
158 3627
172 5553
174 5633
196 431
196 3322
196 3687
196 5778
199 729
199 2674
199 3791
199 5509
201 5174
286 289
286 1115
286 3322
302 461
302 1392
302 3122
302 4949
431 3122
442 4507
446 774
461 948
461 1413
461 1540
461 2286
461 3104
461 4949
461 5770
518 3787
528 1661
556 2124
570 1742
570 5782
573 3283
599 2395
610 4873
621 1995
699 1422
699 5742
729 875
729 1422
729 4332
729 5682
730 5230
753 1917
762 5775
774 5065
781 5782
802 4187
802 5265
839 5174
881 5773
904 2821
948 2255
948 2389
948 4419
948 5400
948 5772
968 3041
968 5553
1012 1365
1036 5093
1051 1115
1051 1985
1106 2956
1106 3283
1106 5174
1106 5776
1115 1985
1200 4949
1243 5195
1256 5757
1281 4419
1321 1422
1361 5776
1365 1422
1365 2692
1365 3453
1365 3712
1365 4171
1365 4332
1365 4366
1365 5427
1369 3417
1369 3984
1413 1879
1413 2825
1413 4949
1413 5774
1470 2057
1527 4157
1540 5767
1604 1636
1604 4949
1636 3023
1636 3417
1636 3627
1636 5125
1636 5776
1644 4110
1742 1894
1742 5782
1793 3104
1793 4157
1793 5581
1818 3171
1818 5144
1831 3627
1831 5776
1917 2504
1917 3453
1917 5065
1917 5618
1917 5780
1985 5776
1995 5144
2019 4987
2046 2428
2053 4427
2057 3943
2102 4949
2124 5090
2124 5592
2132 5776
2319 3453
2319 4253
2321 5699
2355 4873
2389 5772
2455 3417
2589 3065
2589 3636
2589 5125
2617 5776
2720 5440
2741 5729
2756 3627
2762 3687
2767 3417
2818 3417
2825 4949
2956 4427
3122 4253
3122 4896
3417 3984
3417 4523
3417 5230
3574 5775
3627 3893
3636 5341
3636 5519
3636 5616
3712 4117
3712 5233
3865 5777
3900 5753
3951 4949
3975 4987
4031 5782
4117 5237
4117 5427
4171 5681
4171 5781
4305 4904
4332 5233
4333 4419
4380 5780
4419 5772
4427 5440
4536 5681
4562 5468
4577 5638
4646 4873
4786 4873
4786 5125
4873 5065
4873 5722
4949 5633
5065 5618
5229 5362
5230 5777
5493 5638
5493 5779
5652 5780
5682 5699
5692 5760
