2 19
2 94
2 97
2 835
3 134
7 43
13 97
13 280
14 19
14 28
14 42
14 43
14 129
14 201
14 729
14 761
14 813
19 37
19 42
19 43
19 68
19 94
19 97
19 108
19 123
19 129
19 134
19 153
19 186
19 201
19 226
19 280
19 286
19 289
19 307
19 330
19 334
19 336
19 412
19 453
19 621
19 678
19 803
19 831
19 832
25 621
26 42
26 283
28 43
28 129
28 226
28 678
28 729
28 826
29 43
29 74
29 80
29 307
30 76
30 109
30 158
33 729
41 80
41 146
41 819
42 121
42 190
42 283
42 802
42 821
42 835
43 80
43 121
43 258
43 307
43 678
43 828
43 833
56 307
60 501
60 814
73 121
73 201
73 434
73 556
73 691
76 280
76 307
76 490
76 728
76 828
80 97
80 121
80 506
93 810
97 121
97 153
97 307
97 354
97 459
97 678
97 810
97 823
97 836
108 201
108 226
108 390
109 201
109 349
109 434
109 539
121 240
129 539
129 729
129 748
132 134
134 514
134 563
135 432
141 280
146 833
153 280
153 731
158 307
158 729
184 349
186 199
186 698
190 431
199 570
199 621
201 258
201 539
201 565
201 588
201 678
201 832
202 354
258 307
258 729
270 434
280 374
280 659
280 691
283 821
289 307
307 410
334 835
354 678
354 810
374 602
417 833
431 656
431 729
431 824
432 604
434 810
475 833
490 678
493 829
502 834
507 729
507 825
510 546
514 659
514 810
519 602
526 602
526 819
528 726
539 685
570 678
579 698
620 788
621 760
621 829
659 662
670 837
729 731
729 820
729 822
789 826
797 827
826 830
