7 117
7 5009
14 76
14 117
14 659
14 1917
14 5009
28 1995
28 2727
28 4523
28 5852
29 729
29 1510
41 1418
41 2783
42 3378
42 5683
43 275
43 572
43 2783
43 5850
46 5053
60 4523
73 1177
73 1235
73 4935
74 2191
75 2739
76 852
76 1002
76 5683
83 117
83 712
83 1777
83 2840
83 4523
97 4523
101 275
115 2919
117 659
117 1268
117 1917
117 2081
117 2286
120 4786
140 2191
158 4786
158 5833
184 2589
190 570
190 729
275 2255
287 2389
332 5065
354 2191
374 3967
402 1709
424 4157
442 5854
458 2627
461 1177
461 2529
461 4280
570 1255
570 2783
570 3166
573 1709
577 963
577 5053
659 1106
659 1470
659 4523
682 2970
729 852
762 2783
852 1177
852 5261
891 5480
897 2727
904 1777
948 5772
963 1177
1002 2583
1002 5683
1005 5846
1048 2126
1051 1470
1106 2529
1177 1256
1177 2529
1177 3477
1177 4605
1177 5146
1235 4935
1242 3378
1255 3648
1255 4523
1256 2529
1256 2938
1268 4419
1268 5172
1268 5480
1268 5683
1395 2124
1413 3378
1418 1636
1418 2455
1418 5633
1470 1636
1470 4403
1470 5846
1527 4734
1543 5856
1612 2727
1612 4523
1636 4403
1636 5125
1691 1985
1691 3349
1709 1793
1709 1879
1774 2727
1777 5041
1877 5618
1877 5683
1917 1995
1917 2126
1917 5615
1917 5852
1971 4734
1995 4523
1995 5852
2019 3378
2191 5468
2286 2956
2369 3636
2455 3967
2472 4419
2472 4734
2472 5172
2472 5618
2488 2938
2488 5857
2534 2845
2534 5053
2674 4734
2694 4419
2694 5683
2727 4523
2767 4113
2783 3030
2783 5262
2818 5833
2840 3648
2840 4523
2888 3166
2919 5125
2938 4605
2938 5146
3030 4523
3377 4419
3377 5683
3405 5618
3636 5125
3648 4523
3967 3984
4117 5125
4117 5833
4403 5846
4419 4507
4419 5683
4523 5618
4605 5146
4605 5261
4734 5683
4839 5125
5053 5262
5053 5615
5125 5854
5262 5853
5270 5853
5615 5855
