0 96
0 610
0 810
3 760
7 26
7 42
7 43
7 134
7 563
14 96
14 109
14 374
14 577
19 25
19 30
19 37
19 56
19 201
19 225
19 280
19 286
19 289
19 442
19 507
19 539
19 577
19 621
19 823
25 42
25 43
25 47
25 109
25 287
25 403
25 490
25 546
25 577
25 588
25 824
25 840
25 844
26 43
26 403
26 431
26 760
29 74
30 153
30 235
30 823
39 461
42 46
42 64
42 96
42 134
42 146
42 431
42 507
42 539
42 820
42 838
42 839
43 64
43 96
43 403
43 406
43 577
43 849
46 140
46 167
46 280
46 490
46 820
46 831
56 80
56 289
56 307
61 820
68 307
76 270
76 831
79 838
79 848
80 374
80 526
80 588
94 215
94 610
97 135
97 354
97 836
108 390
109 157
109 577
123 167
123 848
129 490
129 539
133 610
133 727
135 226
140 167
146 838
151 839
153 455
153 615
158 280
158 286
158 289
158 406
158 820
159 810
167 539
184 289
184 446
184 786
184 838
184 841
188 767
199 844
206 820
226 408
226 823
235 613
238 610
242 307
242 731
258 286
258 374
270 691
280 507
286 374
289 588
289 841
297 844
307 506
335 844
336 729
348 507
354 789
374 831
403 546
406 539
408 727
408 760
431 451
437 685
442 786
442 844
458 615
475 833
490 539
490 570
502 786
506 838
526 845
563 610
563 621
588 613
588 803
610 618
610 729
610 822
616 844
618 712
618 724
618 849
621 840
691 750
724 849
731 750
760 843
789 820
809 842
846 847
