19 2957
25 90
26 570
43 442
43 3125
43 5618
43 5812
43 6044
46 6064
74 478
74 544
74 1737
74 4523
75 388
75 2956
75 6001
97 2158
97 4635
100 1527
100 2158
100 2472
100 4419
100 4771
138 153
138 286
156 1268
156 2437
156 5946
158 1356
158 4968
196 610
196 6062
204 5125
226 762
226 2158
240 4151
286 1255
286 1413
286 1742
286 5041
315 2107
315 3329
370 3125
370 3843
388 2956
390 762
410 6059
434 1365
442 1322
442 1636
442 4968
442 6049
455 3727
461 5720
461 6051
477 6053
478 2864
478 5173
531 6052
568 5946
570 659
573 2223
577 5618
577 6063
610 2158
610 4523
610 5946
610 6051
621 6051
634 1365
682 875
682 904
696 4523
762 4968
801 1563
852 2650
852 4968
852 5261
875 2158
875 5946
883 5305
891 1625
891 3823
904 6058
963 1413
1005 5331
1005 6061
1057 2024
1057 2583
1057 5679
1106 6051
1115 2957
1125 6057
1233 2024
1242 2199
1256 4968
1321 1787
1322 4419
1322 6053
1335 5008
1356 6056
1359 6049
1375 1625
1375 6001
1501 2583
1527 3951
1552 4727
1552 4872
1622 5618
1625 3823
1636 3617
1636 4727
1636 6053
1644 6041
1691 5173
1742 4523
1793 5305
1894 2158
1917 2583
1917 2943
1917 5615
1980 6063
1996 2943
2024 4332
2158 4419
2158 6061
2199 2286
2199 4384
2223 3745
2223 5946
2225 2767
2369 3636
2437 3951
2469 6050
2472 4419
2472 5995
2488 2529
2583 3727
2583 5519
2583 6061
2608 5305
2608 5415
2608 5550
2668 4783
2756 3368
2762 5331
2775 6054
2845 4935
2864 5465
2919 3727
2943 5618
2943 6060
3026 4727
3026 6052
3158 4727
3171 4968
3171 6006
3171 6052
3184 6055
3202 4390
3283 6049
3617 6053
3649 6044
3649 6052
3843 5682
3925 5614
4031 4390
4523 6051
4727 6055
4783 5992
4783 6052
4783 6063
4839 6054
4858 5720
4924 5465
4968 5946
4968 6060
5065 5465
5305 5550
5331 5722
5366 6049
5519 6061
5615 6061
5652 5946
5652 6051
5720 6049
5720 6053
6014 6052
