26 297
29 2860
30 4731
30 6108
37 60
41 1395
43 3543
43 5237
60 2592
60 3329
60 4396
60 4402
60 6102
73 89
73 1255
74 6113
76 89
77 5515
83 4317
89 138
89 240
89 573
89 729
89 1255
138 158
138 1206
138 1255
138 1561
138 2592
138 2674
138 4402
138 5305
158 1636
158 6112
196 610
196 5870
249 4419
258 852
258 1206
280 881
280 1369
348 1971
370 1824
370 2860
461 3041
563 1818
563 5305
592 6113
610 6062
618 2592
618 5912
621 4402
659 1115
659 2255
659 2522
659 3313
659 6108
729 4332
733 6113
823 6108
839 5828
852 1206
852 1552
852 1779
881 2756
883 6108
891 1375
891 2825
919 6108
921 1879
948 6108
968 1375
1036 3543
1106 3939
1115 1936
1115 4031
1177 3636
1197 5949
1242 1369
1255 6113
1256 2756
1322 1941
1375 3823
1393 1552
1395 6115
1413 4749
1527 3158
1527 6108
1552 3171
1552 6111
1563 6086
1612 4031
1625 2825
1636 4727
1732 4031
1824 3405
1824 5342
1877 2295
1877 3041
1877 6108
1936 2292
1936 4117
2122 3158
2179 5341
2389 6108
2460 4402
2472 6108
2592 4402
2650 4702
2692 6116
2694 6108
2756 5676
2868 3484
2868 5493
2919 6109
3030 3648
3030 6114
3158 6108
3166 4523
3405 5342
3543 6108
3636 5006
3648 4590
3648 4841
3823 4609
3823 4749
4031 4117
4117 6091
4187 6112
4283 6111
4332 6108
4333 6108
4340 4523
4340 6107
4402 4590
4402 5362
4419 6108
4523 6113
4749 5362
4749 5635
4783 5305
4798 5912
5097 6105
5146 5949
5501 6110
5515 6108
6029 6112
6086 6108
