25 5720
41 938
41 1395
41 6015
42 729
42 1824
42 2111
42 4226
42 4783
42 5642
42 6121
68 2668
73 138
74 1737
76 461
76 948
76 4117
76 6108
80 1636
80 6144
83 618
83 1365
83 3254
83 3381
83 6142
83 6147
94 4280
95 852
100 5797
110 6121
128 2149
128 3865
138 531
138 570
138 729
138 1012
138 1177
138 2529
138 5468
153 1251
162 3756
196 4159
267 1106
315 6142
370 820
370 6102
442 5375
461 531
461 1540
461 6108
556 6015
568 1106
570 762
570 1177
570 1256
570 2529
573 5053
577 1036
577 4532
592 3865
599 6148
618 6142
659 3745
659 5125
729 1106
736 3484
753 5053
762 4771
762 5848
810 1917
820 883
820 1724
820 2650
820 3107
821 2472
823 5551
839 3267
852 1206
852 1393
852 1602
852 2529
852 5125
904 4280
938 6139
948 3484
948 4763
948 6108
1002 5848
1012 1177
1012 2488
1012 5146
1012 6145
1036 4532
1070 5146
1106 1255
1106 4372
1106 6108
1177 1393
1255 5468
1268 4199
1365 3381
1395 2124
1413 3381
1413 5267
1527 2403
1563 6141
1602 1690
1602 2095
1602 2248
1602 5466
1602 5720
1636 3254
1636 6144
1640 6141
1691 5720
1691 5996
1717 4886
1724 6142
1744 3785
1763 2030
1763 6026
1825 4536
1879 3975
1896 3975
1917 4390
1917 4731
1980 2472
2011 2727
2011 5652
2107 4532
2124 2243
2124 4957
2124 6026
2124 6139
2149 4031
2149 4523
2149 4771
2158 4886
2237 5720
2243 4187
2243 5551
2286 5480
2366 4419
2406 4419
2472 3298
2472 5652
2488 6143
2529 5146
2598 6141
2599 4199
2663 2668
2674 6145
2691 6015
2762 5125
2919 3254
2954 3171
3030 3648
3030 5848
3111 6140
3122 6102
3158 3745
3171 3850
3171 4886
3254 3543
3254 3756
3322 6026
3381 6147
3501 5247
3501 6144
3543 4419
3648 3785
3745 3756
3745 3823
3745 4690
3745 5125
3785 4523
3874 4357
4110 6059
4117 6148
4136 6141
4333 4771
4390 4731
4562 4783
4690 6145
4949 5720
5088 5341
5125 6146
5563 6134
6015 6139
