0 29
0 46
0 100
0 508
0 1255
0 1917
0 4999
28 29
28 76
37 153
43 6017
46 3346
46 4419
60 1422
75 1413
76 1763
76 2583
76 4117
76 4280
80 2428
100 1824
117 1470
117 2739
138 1561
138 1994
138 5931
153 1825
153 5248
158 1763
158 6184
249 1917
370 1917
461 2243
519 620
570 1941
620 5230
621 4280
659 2522
729 1917
729 4280
729 4798
839 2292
875 1422
881 6108
883 2591
948 6108
948 6164
968 2583
1002 1413
1002 3346
1002 5341
1051 1602
1051 3111
1057 2589
1106 6108
1148 5463
1206 1941
1242 1540
1255 6171
1255 6187
1301 5949
1312 4320
1322 1941
1413 1422
1413 4957
1422 4117
1422 6124
1470 2591
1470 4886
1470 4957
1540 1763
1602 3745
1612 6010
1625 2825
1636 4957
1636 5341
1636 5362
1661 4031
1763 3026
1763 5270
1779 1917
1824 1877
1824 2158
1877 2158
1877 3346
1880 4309
1880 6188
1917 2820
1917 4031
1995 5468
2124 6180
2158 5278
2243 3579
2243 4320
2243 4419
2255 3579
2360 2591
2472 6108
2583 3636
2583 4507
2589 5362
2591 5560
2628 4309
2762 6179
2771 6181
2868 5548
2930 3168
2956 3984
2961 4798
3026 6026
3026 6098
3329 5949
3578 5949
3579 4419
3930 5797
3975 4199
4001 4798
4031 5682
4187 4419
4187 6184
4402 6188
4545 4886
4590 6185
4783 6010
4957 5933
5141 6010
5306 6186
5550 6182
6017 6187
6183 6184
