0 5876
14 119
14 2762
14 5615
29 5605
42 1894
46 1268
46 2423
46 5993
46 6225
76 1894
76 3158
111 6262
138 1977
138 5682
138 6266
153 2306
158 2306
158 6263
196 1359
196 1958
196 2423
196 2762
442 1051
477 3158
477 5605
519 762
528 2095
610 1057
618 2158
618 2628
618 5036
621 1600
621 5938
691 1200
810 3346
923 2762
968 2255
968 2389
1057 1977
1057 2428
1255 3346
1359 2762
1413 6268
1581 2619
1636 5065
1640 3865
1690 5065
2039 2389
2039 2403
2095 5605
2095 6203
2124 2306
2124 6265
2158 2650
2158 5605
2306 6264
2360 2820
2360 4839
2360 5065
2399 5362
2399 5681
2628 5036
2640 6267
2650 4734
2845 3346
3030 6258
3158 5605
3166 6162
3377 5876
3377 6258
3405 4390
3484 6256
3543 5876
4419 5876
4507 6263
5265 6263
5433 6265
5605 5699
6203 6265
6225 6259
6263 6264
