0 6292
14 6231
29 162
29 729
29 904
29 921
29 1255
30 2319
43 2950
43 5943
43 6293
46 2472
60 5305
75 2600
75 5699
76 4839
80 6280
97 904
120 461
134 2011
138 490
138 1106
148 1365
153 729
153 5305
153 5309
153 5615
158 5305
158 6002
158 6312
158 6314
162 2319
184 4740
195 3865
218 5194
280 2256
280 4190
286 4924
286 6312
348 1135
348 2319
370 708
370 5065
455 2950
455 6289
461 2319
461 3104
461 5366
490 729
490 3484
536 641
536 2132
536 3639
603 5309
613 6049
621 6166
621 6307
669 1413
669 3041
669 3975
708 1877
708 4546
729 917
729 5065
773 6307
803 1636
823 5615
904 1742
904 3030
904 4226
904 4632
904 5135
948 2714
948 5490
963 6292
1048 4731
1048 6306
1057 2319
1062 2319
1106 3484
1106 5615
1106 6313
1106 6315
1115 5652
1115 6314
1135 4546
1177 5720
1255 1298
1255 1732
1268 1527
1413 2868
1413 5065
1527 1971
1636 4740
1636 6294
1724 5016
1732 2463
1755 2111
1793 4177
1804 2284
1818 2529
1818 6307
1818 6311
1831 3313
1831 5949
1831 6289
1894 6307
1917 2319
1917 4731
1959 2950
2023 6281
2081 3799
2124 6289
2132 6289
2158 6289
2204 4731
2204 6014
2284 4226
2319 2472
2319 5366
2472 2682
2472 4546
2473 4177
2508 6158
2522 6289
2527 5615
2650 2919
2682 6316
2714 3484
2714 5490
2820 6312
2820 6317
2868 6308
2919 4232
2919 4427
2919 5615
2934 4798
2950 3158
2950 3745
2950 4031
2956 4427
3026 6049
3030 3648
3030 5305
3040 6292
3041 4783
3171 6319
3377 4546
3453 4691
3453 6002
3484 4177
3574 4740
3636 6280
3636 6317
4117 5007
4117 6289
4151 5309
4242 6308
4523 5016
4523 6307
4691 4968
4731 6242
4771 6315
4924 6203
5265 6263
5309 6014
5415 6309
5460 6225
5478 6299
5615 6320
5652 6312
5943 6310
5949 6304
6137 6203
6203 6314
6316 6317
6316 6318
