0 162
0 1917
0 2255
0 6161
13 1145
26 1177
29 904
42 1223
42 1600
42 4057
42 5362
42 6322
43 1145
43 6225
43 6324
46 6225
80 4106
97 1742
111 4057
134 2011
138 1145
153 280
153 370
153 4280
153 6333
158 736
158 1177
158 2628
158 4783
158 5305
158 6225
188 280
240 2888
280 4151
280 6289
283 4031
348 4546
370 823
374 6180
407 4057
407 5362
412 5615
431 1177
455 6289
455 6331
461 1177
461 4117
505 6324
506 5615
528 6321
539 685
570 904
582 1527
582 4419
659 1177
659 2248
669 2956
669 3030
669 3041
685 1636
685 4236
729 1177
729 6337
736 6225
736 6299
736 6328
762 1106
762 1365
762 3515
762 5699
823 1724
823 6320
897 6225
904 1742
917 4117
948 3041
963 2292
963 4632
963 6292
963 6337
1006 1268
1057 5065
1057 6175
1106 5615
1115 2256
1115 2499
1145 5100
1177 5652
1223 1600
1268 5480
1365 5615
1413 1636
1413 6298
1418 2934
1419 1724
1426 6289
1563 6322
1636 2762
1636 4117
1636 4236
1636 6326
1724 1818
1742 1894
1818 2111
1818 3030
1818 4523
1877 4216
1917 3325
1917 3935
1917 6328
1939 3930
1939 5560
2095 4833
2132 5458
2192 6314
2292 6328
2307 6328
2319 3030
2472 3930
2504 6328
2527 5615
2598 3935
2628 5305
2650 6334
2669 3484
2669 6291
2692 3984
2694 3930
2762 6326
2762 6329
2762 6330
2767 6333
2818 6325
2820 6329
2820 6337
2919 5698
2956 6332
3001 6336
3030 3041
3030 5816
3040 6292
3158 4949
3254 5699
3329 5173
3329 5504
3329 6329
3405 3648
3417 6280
3417 6333
3515 5720
3745 3930
3930 4117
3930 5560
3935 5615
3975 5480
4000 6305
4031 5065
4057 5125
4057 5362
4117 5362
4117 5652
4216 6327
4591 6310
4731 5633
4783 5305
4924 6333
4949 5362
5065 5458
5065 6180
5065 6326
5219 6289
5362 5489
5362 6333
5440 6324
5458 6175
5605 6335
5699 6316
5699 6332
5816 6328
6110 6321
6180 6326
6225 6299
6289 6321
6316 6332
6321 6323
