0 162
30 4771
70 1005
70 3648
75 2053
75 5362
76 4605
97 1742
115 685
138 5305
153 6340
158 736
162 1917
195 1793
196 3122
196 4159
196 5219
196 5458
206 4419
258 4663
283 2081
504 3930
539 1563
556 6289
621 6338
647 2333
647 4419
647 6340
659 2522
669 1413
682 6336
729 3405
736 4663
762 1365
762 3515
762 5699
852 6341
897 4366
963 6338
1002 2600
1005 6289
1041 6294
1177 6160
1413 1636
1418 2934
1563 1786
1622 2412
1636 2762
1636 4106
1636 5306
1636 6332
1793 3484
1807 6264
1887 6338
1977 6338
2053 5489
2081 4031
2124 6347
2286 2600
2403 2669
2472 6338
2522 6347
2756 6336
2762 5306
2820 6337
2820 6343
2821 6344
2868 4242
2919 5698
2956 6332
2956 6338
3001 5857
3023 6328
3062 5230
3158 4106
3254 5166
3377 6119
3405 3648
3405 6340
3417 6343
3515 6342
3636 6280
3636 6332
3828 6345
3930 4771
3930 5146
3950 4106
4031 4366
4031 6344
4090 6342
4090 6346
4117 5652
4117 6332
4216 6119
4663 6289
4949 6338
5305 5362
5433 6289
5652 6160
6049 6343
6137 6203
6338 6339
