19 6416
19 6420
26 100
29 5700
43 4731
46 447
46 1540
46 2795
46 3030
46 3405
46 4117
46 4187
46 4280
46 6419
75 2919
75 3984
75 5362
76 3980
76 5100
79 5292
138 218
138 5100
158 4653
158 6416
168 3984
190 5749
196 2602
196 6290
226 2284
253 1298
253 5652
258 442
258 2522
298 442
298 2437
304 1636
370 1818
374 5041
434 5100
455 6289
490 5560
510 5100
536 2156
554 1917
729 2292
729 3984
729 5041
729 5065
904 4280
1005 2825
1051 5362
1115 3984
1115 5737
1164 5100
1177 2529
1232 5100
1232 5935
1242 4885
1359 6419
1361 1470
1361 6418
1365 3515
1392 5100
1470 4924
1470 6319
1470 6417
1470 6418
1470 6419
1622 4031
1636 2156
1636 4170
1636 5125
1636 6417
1691 3917
1786 1917
1877 6409
2156 5041
2158 6386
2204 4731
2204 6420
2255 6419
2264 3636
2313 5493
2762 4170
2868 4547
2919 4031
2919 4731
2919 6363
2919 6420
2930 6344
3026 4653
3026 6419
3122 3762
3158 6362
3515 4886
3984 4187
3984 4653
4031 4536
4031 5362
4031 5468
4090 6421
4286 5041
4488 4547
4523 6375
4546 6404
4653 6264
4663 5909
4830 5720
4830 5816
4886 5949
4886 6319
4924 5940
4924 6386
4924 6422
5065 6414
5100 5468
5100 5935
5362 6413
5509 6411
5700 6403
5749 6171
5783 6393
5831 6386
6175 6418
6225 6378
6225 6386
6274 6353
