0 6424
8 97
8 4488
8 4858
14 1413
14 2156
42 3636
43 6419
43 6424
46 74
46 97
46 158
46 6373
46 6424
75 5362
76 3457
76 3980
83 6424
100 135
100 5783
109 6423
124 1818
138 1039
153 158
153 5100
154 5704
158 3980
158 4886
158 5041
158 5100
158 5698
158 6354
158 6386
158 6416
158 6420
175 4419
280 6189
315 6424
391 6425
442 1051
461 6424
536 1812
577 6424
610 6424
613 6426
621 6290
729 6424
762 5041
839 1917
891 1540
891 6419
1002 5065
1039 1941
1039 2845
1051 1470
1051 4117
1051 4507
1115 3984
1115 5065
1144 6422
1243 6426
1359 6424
1361 1470
1510 5783
1540 2324
1622 4031
1636 2053
1636 6428
1687 6425
2081 3945
2081 5075
2156 5065
2204 4731
2284 5215
2284 5938
2286 2396
2396 5362
2469 6426
2762 6290
2874 5720
2919 4731
2919 5698
3065 6425
3171 3254
3171 6427
3254 5615
3417 5487
3453 4731
3457 6421
3545 6424
3727 4886
3945 6289
3980 4187
4031 6424
4090 6421
4419 6400
4523 6375
4523 6424
4860 6422
4924 5940
5041 5487
5041 6426
5075 6289
5125 5529
5362 5463
5362 6189
5362 6425
5783 6358
5783 6393
