0 3484
8 218
8 907
14 281
29 4671
43 461
64 570
64 2845
64 3484
76 3107
76 3692
76 3856
84 570
84 3856
95 531
97 4855
115 156
115 565
135 4390
138 461
138 610
138 2223
138 2504
138 6431
153 3856
153 4832
156 3283
156 4546
156 6440
158 610
158 1763
196 3856
196 6317
218 907
238 1298
238 2762
238 4546
253 729
253 3856
258 3856
280 3856
286 4577
287 570
315 577
315 3856
348 839
370 6403
374 1115
374 3984
374 6317
391 539
391 1545
391 6430
433 4671
442 5441
455 610
461 531
461 539
461 610
461 1057
461 1763
461 2267
461 2455
461 3856
461 4171
461 4523
531 610
533 610
536 610
536 4577
539 1545
539 5967
570 948
573 3125
577 6445
577 6446
610 659
610 729
610 904
610 1144
610 1763
610 2267
610 2428
610 3076
610 3843
610 4374
610 4523
610 4908
610 5652
610 5994
610 6289
610 6419
621 2406
621 5478
647 1804
662 1877
662 4419
662 6419
682 4488
682 5994
729 839
729 1106
729 6006
821 2319
837 4577
839 1298
839 1917
886 5433
891 5681
904 1763
904 1958
904 6445
907 1255
963 3856
1007 3856
1015 3856
1015 4488
1057 1179
1057 3254
1057 3692
1057 6006
1057 6443
1115 2583
1115 2767
1198 1636
1198 3171
1198 3984
1198 5560
1198 6439
1255 5041
1268 5967
1272 6447
1321 2267
1322 2428
1365 3856
1392 5929
1392 6006
1476 3856
1483 5441
1539 5100
1540 5939
1561 1887
1561 2455
1561 3056
1583 4382
1636 4170
1636 6189
1636 6442
1661 2668
1661 3984
1661 5933
1661 6443
1747 4375
1763 3856
1774 2956
1786 6443
1812 2158
1877 2406
1877 4419
1894 5400
1972 3856
2027 2682
2027 5599
2062 6408
2124 6347
2132 6444
2158 3856
2158 5816
2199 3856
2223 6408
2389 6297
2396 4647
2396 6189
2437 3039
2635 3856
2658 3856
2668 5863
2682 4647
2739 6161
2741 3856
2762 6442
2767 3856
2820 3065
2820 4171
2820 5366
2820 5939
2821 6445
2961 3727
3007 3856
3030 4910
3030 6443
3076 4833
3171 5560
3239 6437
3283 6160
3329 3856
3329 5441
3484 6359
3501 6437
3505 4671
3505 5599
3545 6317
3617 6006
3727 5681
3856 4026
3856 4354
3856 5173
3856 5353
3856 5441
3856 6363
3945 4283
3984 4116
3984 4577
3984 6443
4116 5933
4171 5939
4283 5637
4523 4577
4577 4924
4798 4886
4910 6441
5236 6410
5400 6305
5455 5704
5933 6443
6294 6298
6385 6443
