0 42
0 907
26 775
26 1667
29 568
29 1106
29 6382
29 6457
42 158
42 729
42 5637
43 4731
46 775
46 1667
46 2389
46 2682
46 3405
46 4771
46 6453
76 3158
80 4057
83 6455
95 1602
97 2118
115 153
115 539
115 1636
115 5440
133 823
133 6455
138 374
138 3026
138 3076
138 3368
138 4374
156 1917
157 610
158 374
158 2919
158 5929
174 5441
196 6455
240 573
253 3856
289 2820
304 610
315 6455
335 6451
338 2118
348 577
348 1600
370 904
383 6442
391 1545
391 5367
391 6430
412 4374
442 5637
455 4507
461 539
461 610
461 1023
461 3368
461 5362
461 5929
461 6289
539 1667
539 6452
556 6449
568 1106
570 775
570 2255
573 775
573 2158
573 2255
573 4080
573 6457
589 610
592 904
592 2284
610 659
610 907
610 1972
610 3026
610 3368
610 3545
610 4525
610 6289
613 2541
659 1091
659 3745
682 846
682 4488
729 5929
729 6459
775 2255
775 2970
823 1144
905 999
907 6460
999 2919
999 2934
1002 1667
1002 6449
1013 1036
1036 2284
1091 1321
1091 1448
1091 4771
1091 6454
1106 1667
1106 5362
1106 5929
1106 6413
1106 6447
1115 4507
1115 5065
1247 6455
1268 1545
1268 1667
1366 2255
1393 6289
1413 2820
1413 5929
1470 1602
1470 5237
1470 5441
1470 6289
1602 1636
1602 2820
1602 2919
1602 5362
1617 3368
1636 3158
1636 4117
1636 4507
1636 5863
1636 6413
1636 6442
1636 6450
1644 1694
1667 2396
1667 2956
1667 3158
1667 3799
1667 5366
1667 6413
1724 6445
1774 2956
1780 6382
1915 2504
1922 3771
1972 5994
2019 4731
2019 6430
2118 5400
2132 6444
2132 6449
2146 2389
2223 6458
2255 6393
2284 3024
2284 6445
2286 5367
2319 2682
2389 6297
2541 2943
2541 3984
2541 5309
2682 6453
2771 3125
2874 5720
2956 6413
3030 4523
3041 5816
3076 4833
3107 6455
3125 4370
3158 3727
3158 4226
3158 6413
3171 5929
3636 4507
3636 5065
3636 6449
3727 5681
3980 6289
4065 6449
4080 6448
4317 6385
4382 6413
4419 6434
4507 5065
4507 5560
4523 6453
4677 6413
4798 4886
5362 5929
5362 6419
5362 6448
5367 6430
5589 5938
5929 6419
6218 6373
6218 6392
6385 6456
