14 2396
26 249
29 6527
42 249
43 134
43 4332
46 6108
46 6536
61 3975
66 3745
95 1469
123 249
134 138
134 613
134 1361
134 1742
134 2098
134 2504
134 2739
134 5857
134 6203
134 6414
134 6419
141 730
153 1321
153 6528
156 1751
158 249
158 442
158 4065
175 2472
175 6514
249 442
249 1106
249 1470
249 3745
258 5682
280 3484
280 4151
302 875
315 1751
348 5578
374 6530
391 2583
410 3745
423 2156
442 563
442 2156
442 5263
455 4802
475 6533
490 1571
546 1179
599 1470
610 2762
610 6529
610 6530
610 6531
613 6419
659 3745
659 6520
729 6108
801 4731
875 1419
881 1255
883 3453
883 4031
883 6469
1039 2868
1051 1393
1051 6503
1057 1179
1106 1255
1106 4634
1106 6523
1164 6534
1179 1636
1179 4117
1179 6527
1255 1369
1255 3484
1255 3984
1255 4771
1255 5652
1255 6028
1255 6419
1366 2255
1393 5833
1419 6537
1469 4117
1469 4839
1622 2825
1636 1831
1636 2956
1636 6503
1636 6530
1667 3368
1687 5362
1687 6029
1687 6528
1709 2324
1724 1751
1747 6535
1763 6511
1786 5215
1793 6534
1816 6497
1831 5560
1831 5704
1831 5720
1877 6536
1879 2126
1917 2324
1917 2825
1952 6527
1959 3156
1959 6532
1985 5458
1996 2214
1996 4731
2027 4332
2038 5560
2114 2284
2114 4783
2149 4477
2158 6108
2214 2598
2223 6203
2284 3648
2324 3900
2389 2472
2396 2825
2406 2472
2472 2694
2472 3368
2619 6522
2694 6108
2714 6253
2714 6371
2728 3453
2756 6419
2762 3657
2762 6280
2767 4117
2820 4731
2825 5009
2919 4798
2919 6289
2930 4731
2930 6533
2934 3171
2956 6500
2970 6108
3030 6469
3368 5135
3388 6203
3417 4839
3453 4783
3617 6527
3657 6513
3657 6533
3727 4731
3756 4634
3800 6225
3950 4647
3975 6534
3980 4507
3984 6500
4187 6419
4283 5722
4283 6535
4523 6225
4727 6498
4731 4798
4839 5720
4924 5833
4924 6414
5009 6498
5034 6515
5292 6511
5362 6528
5487 6526
5615 6486
6512 6513
