7 6574
26 42
42 556
42 6578
48 318
48 2107
70 621
73 138
73 2284
73 6467
75 1636
76 6572
80 6563
83 5943
93 5599
96 762
96 1539
96 5179
134 1636
134 5367
138 2107
138 6171
153 6578
156 1413
158 4670
158 6574
190 2650
253 5682
258 6373
370 2674
370 4332
370 4632
370 5943
370 6574
374 5518
442 852
444 6462
461 2694
461 5367
461 6161
502 4949
506 1256
510 1470
510 2529
510 6573
531 5127
563 6142
618 1622
621 904
682 6161
729 4314
730 6288
762 1539
762 4314
762 5041
762 5179
762 5943
762 6536
821 2306
837 1207
837 5065
852 3578
852 4545
852 5845
881 6572
904 4117
904 5440
1006 5599
1057 3578
1057 6572
1106 6572
1207 1470
1207 1636
1207 3636
1207 6203
1242 1268
1242 5599
1256 1413
1256 2428
1268 4117
1268 5599
1321 6567
1321 6580
1346 6574
1359 6574
1361 5292
1365 2306
1365 4949
1470 1636
1470 6573
1539 5179
1540 5362
1636 1747
1636 5367
1664 5487
1664 6581
1691 6574
1774 3171
1877 6536
2027 4177
2086 4332
2107 3417
2306 2670
2306 2845
2306 5936
2306 6574
2389 4080
2396 5362
2396 5367
2437 5599
2529 5801
2529 6574
2583 6563
2599 5599
2694 6569
2756 5801
2771 5065
2919 4670
2934 3171
2934 4670
3355 6583
3484 3984
3578 4605
3578 6562
3657 5292
3800 3850
3800 6575
4031 4632
4031 5943
4090 5292
4117 6574
4117 6578
4187 4924
4187 6578
4314 6498
4317 4507
4366 6580
4403 6572
4632 5943
4670 5698
4732 6568
4924 6578
5006 5476
5065 6283
5065 6578
5065 6579
5065 6580
5179 5599
5292 5720
5292 6494
5362 6354
5362 6528
5362 6563
5373 6495
5433 6580
5468 6577
5599 5890
5720 5845
5720 6574
5828 6568
6386 6494
6573 6576
6580 6582
