14 3727
14 6393
29 568
29 6663
42 839
42 2149
42 2406
42 4080
61 490
61 610
61 2437
61 5233
76 659
76 2809
77 1877
77 2437
77 4370
83 729
83 3030
83 4632
97 6666
138 5566
158 3727
158 4031
158 5487
158 6661
196 2360
196 2902
218 2970
238 4915
238 5966
247 1877
247 6653
258 3984
280 3984
287 3147
289 2809
391 3165
461 1390
461 1561
461 2902
490 3414
536 6660
539 1268
539 6661
563 4798
570 691
573 1255
613 4839
659 1206
659 2405
659 3001
659 3171
659 4117
680 4370
680 6656
682 1177
691 1365
699 6658
729 2902
729 6114
839 2668
852 5261
857 6656
948 1123
960 3453
1005 6546
1006 2019
1057 1177
1106 4798
1123 2389
1177 1831
1242 4226
1242 6607
1255 2868
1268 5744
1281 3405
1369 2019
1413 2809
1413 6566
1483 2902
1510 6663
1561 2902
1661 4141
1831 5621
1877 4915
1877 5065
1893 2756
1893 2809
1893 5036
1893 6203
1952 6623
2019 3165
2019 3975
2019 5440
2019 6393
2023 5744
2089 6546
2095 6663
2122 2902
2124 4471
2313 5006
2360 2902
2360 6498
2406 4370
2406 4546
2428 6663
2529 6622
2756 2809
2809 4187
2809 5036
2809 5594
2809 5857
2809 6393
2902 4280
3072 6659
3171 4798
3171 6516
3405 4546
3484 6661
3727 4798
3727 6596
3975 5744
4031 6665
4090 6657
4141 4536
4141 5009
4141 5566
4187 6662
4357 6648
4414 6657
4896 6373
4915 5966
5065 6059
5065 6664
5236 6661
5487 6062
5487 6667
5566 6470
6203 6664
