14 6301
28 5065
29 2650
29 2809
29 6460
42 46
42 461
42 4523
42 5599
46 2562
46 6587
48 6373
75 1893
75 3417
76 613
76 6117
88 2650
93 2956
151 196
151 3515
151 4117
151 5487
196 5065
204 1763
204 2756
204 6289
226 2650
236 4489
238 6668
297 5065
348 1824
374 6289
382 2809
391 1268
391 3165
407 2902
453 881
453 6400
461 659
461 1321
461 2902
461 5127
461 6117
461 6358
466 6289
504 659
518 1268
521 4226
536 6660
539 2019
539 2902
539 5236
613 2762
613 4839
647 6434
647 6672
659 3001
729 5036
729 5065
852 2756
852 3891
883 5943
948 6460
960 3453
960 4523
963 6460
993 6670
1005 1361
1006 2019
1006 6393
1106 4924
1255 4117
1255 4419
1255 6110
1268 3165
1268 6171
1268 6358
1281 3405
1281 6671
1300 2694
1321 2845
1361 6546
1413 6117
1470 2809
1505 1763
1505 5682
1717 1763
1818 6666
1877 5065
1893 3078
1917 3067
1917 5174
1917 6117
1972 5682
2006 2868
2019 6543
2122 4839
2156 4746
2156 5127
2179 6667
2248 3171
2333 5127
2389 6672
2405 4117
2488 6674
2529 6674
2627 3891
2649 6460
2650 4523
2691 6301
2691 6676
2694 2791
2694 2902
2756 2762
2756 6674
2762 2868
2762 3636
2809 3078
2809 3417
2809 3745
2809 4924
2809 5065
2809 6225
2868 6667
2902 3745
2902 6498
3030 3453
3067 3975
3171 6516
3171 6669
3405 6671
3417 6460
3636 4746
3745 4226
3745 6662
3891 5146
3891 5720
3984 6117
3984 6669
4022 6596
4031 5065
4117 5065
4117 5127
4117 6460
4187 4798
4338 6675
4731 6675
5065 6301
5065 6460
5065 6569
5236 6661
5267 6651
5487 6667
5720 6674
6203 6664
6301 6673
6453 6587
