2 6704
7 839
7 1786
7 3453
7 5615
8 1413
19 6704
29 6691
29 6694
29 6704
30 3195
42 839
42 2109
42 2649
42 3254
43 6499
68 90
76 6596
83 297
83 311
83 1818
83 6704
88 4297
89 2902
90 370
90 839
123 6494
134 6199
140 1732
140 5698
153 5292
153 5831
156 2583
158 6619
175 1824
195 2027
236 659
236 3816
280 1128
287 2650
315 6619
370 461
370 2583
370 3111
370 3453
370 5943
391 5551
396 1365
453 6400
461 2583
461 5615
461 6199
506 2306
506 3195
507 4384
507 5750
507 6462
521 4226
531 3882
531 4187
531 5698
539 2199
545 4589
563 5065
592 3631
656 839
659 1122
659 6704
714 6711
837 2620
837 3984
837 6710
839 1563
839 2650
839 3453
839 5615
883 2583
883 5943
928 6704
963 6709
1002 1057
1002 5006
1006 6702
1056 1877
1057 5006
1106 4171
1106 5292
1106 6713
1122 1365
1122 2739
1122 2970
1122 5615
1268 1571
1268 2023
1268 4419
1268 4731
1268 6702
1359 6709
1361 2762
1361 3636
1365 4910
1390 5615
1393 5263
1393 6704
1517 6702
1521 5943
1540 3254
1540 6706
1571 6708
1636 5750
1636 6707
1732 3195
1763 3195
1763 6704
1763 6709
1793 6666
1804 3195
1824 3030
1831 6704
1958 5943
1995 3195
2023 4731
2109 6596
2122 6199
2124 6704
2124 6712
2156 4382
2156 6704
2258 3195
2292 6117
2319 2503
2319 4419
2389 6708
2472 4419
2583 3453
2599 6704
2620 4187
2650 3453
2650 6704
2691 5292
2694 3041
2694 5176
2756 6419
2762 3636
2762 4544
2762 5292
2868 5292
2956 3473
2970 5615
3158 6666
3166 6666
3171 5292
3195 3984
3195 5468
3195 5652
3361 6292
3515 5720
3543 3745
3745 6704
3984 6618
3984 6698
4226 6669
4286 6498
4286 6693
4488 5615
4731 5551
5006 6707
5041 5943
5065 6619
5106 5615
5292 6713
5305 6619
5433 6712
5594 6704
5615 6576
5652 6705
5816 6306
