7 43
19 1894
26 42
26 1894
26 4419
41 434
41 2668
42 4187
42 6584
43 5440
63 6735
76 5440
80 1604
83 1818
83 1894
83 4297
95 6513
95 6683
100 159
100 5174
100 5468
108 1235
134 904
134 1894
134 2292
140 6741
153 1894
162 839
196 3160
196 6743
199 3744
218 621
218 659
218 1894
218 2292
218 6393
218 6470
253 6733
280 6738
286 4731
351 5943
370 5682
370 6741
374 3967
390 5468
407 1894
407 3745
414 839
434 2292
434 2668
434 5440
434 5652
453 2406
453 5065
461 2313
461 6738
536 5440
536 5560
539 1894
539 5065
577 6733
613 5440
613 6733
621 1393
621 1604
621 1894
659 1604
659 1894
682 5440
729 1393
729 1894
812 3283
812 3816
812 5720
836 1894
839 3453
839 5936
852 2756
852 3636
852 4553
852 6362
852 6729
852 6733
883 6732
963 6014
1035 3484
1036 6744
1041 5440
1106 1894
1122 2670
1140 5560
1206 2627
1206 6708
1244 1571
1244 6745
1255 6708
1255 6726
1268 5828
1365 1894
1393 1470
1393 1831
1393 1894
1393 4338
1539 1818
1539 2292
1539 6724
1571 6742
1622 6596
1636 4553
1636 5006
1636 5100
1636 6739
1687 4911
1742 4632
1763 1894
1793 6744
1818 1894
1818 3107
1824 1894
1877 5174
1877 6744
1894 2292
1894 2599
1894 2650
1894 2756
1894 3156
1894 5306
1894 5594
1894 6470
1894 6724
1894 6738
1917 4632
1917 5174
1917 5936
1960 3984
1995 3195
2124 6737
2191 4297
2292 3745
2319 5174
2319 5440
2389 2472
2472 2815
2472 6734
2472 6744
2522 6596
2619 5454
2627 6708
2739 5720
2756 6362
2756 6729
2762 3636
2805 3056
2815 5933
2885 2902
2888 5174
2902 4089
3160 5065
3239 6662
3377 6748
3417 4553
3417 4839
3515 4553
3515 6729
3636 5006
3639 6655
4090 6725
4097 6576
4110 4136
4136 6733
4141 4632
4171 4632
4171 6596
4190 5936
4366 5440
4523 6731
4523 6732
4523 6744
4553 5433
4731 6619
4798 6740
4839 5433
5009 5816
5065 5933
5100 5440
5362 6739
5682 6733
5720 6655
5720 6747
5722 6737
5857 6726
6362 6724
6723 6736
6742 6746
