2 1604
13 2464
14 563
19 1543
19 2455
19 2868
26 162
26 199
26 821
29 283
29 4234
29 5682
41 774
41 1563
41 4731
41 6754
42 1106
42 1836
42 2650
42 3453
42 6584
43 1894
43 2464
43 2527
43 2970
43 3405
43 3453
43 4382
74 1818
76 117
76 3453
80 774
83 904
83 1894
83 2292
83 2650
95 1604
95 2938
95 4382
95 5652
95 5943
95 6754
100 836
100 5065
117 2255
117 2319
138 141
138 852
138 1604
145 184
153 434
153 4702
153 5173
153 6712
167 6596
184 2650
190 4332
196 708
196 1763
196 2650
196 3054
196 4110
196 4360
218 6745
246 3171
253 2277
348 6753
367 1561
370 762
370 2650
370 3054
390 5468
407 3745
431 5652
431 6619
434 2970
434 3030
434 4382
434 5857
436 1742
436 1894
453 577
455 1258
461 836
461 6712
506 1604
531 3882
531 4663
539 1268
539 2396
539 5367
539 5933
563 904
563 2821
563 5943
570 1894
570 2292
573 836
610 3054
610 4360
621 5943
633 2455
659 1604
682 1604
708 5652
762 836
762 2455
762 2650
773 6732
774 4731
774 5362
826 6393
836 1894
836 2650
836 2694
836 3787
852 1604
852 2938
883 1563
904 1894
904 5943
1106 3453
1115 4798
1122 2670
1128 1763
1128 4360
1131 6743
1144 1563
1242 2650
1244 3811
1255 4935
1304 2650
1365 1894
1393 1470
1470 2650
1539 2292
1540 2527
1540 5006
1540 6627
1563 2756
1563 5440
1571 6742
1604 2868
1604 2970
1604 4374
1604 6470
1604 6708
1742 1894
1744 4171
1763 3054
1818 2464
1894 2223
1894 2650
1894 2694
1894 5560
1960 3171
2027 5174
2027 6748
2192 5825
2277 5652
2277 5935
2289 6596
2389 6744
2423 2464
2434 5006
2472 4663
2529 6576
2627 4663
2650 3171
2650 4924
2650 5594
2670 3515
2694 4419
2694 6744
2815 5065
2821 5065
2919 6363
2919 6619
3054 3743
3054 4456
3067 5825
3104 6596
3226 3239
3226 6662
3405 6627
3453 6576
3484 6744
3569 5816
3578 5146
3636 5006
3639 6655
3737 3986
3967 6749
4007 4731
4110 6421
4140 6576
4171 5681
4275 6750
4360 5682
4419 6744
4590 5065
4632 6295
4663 6203
5065 6627
5065 6713
5100 6752
5599 6751
5720 6655
6014 6203
6062 6751
6559 6619
6625 6738
6742 6746
