7 2650
14 2284
14 5929
30 3986
43 2284
43 2762
46 729
46 3068
46 6767
72 2503
76 881
76 6776
90 3392
95 6546
109 3381
115 5362
133 6570
138 141
138 2756
138 6773
153 886
153 6773
162 1917
196 315
196 1062
218 5272
249 2787
287 3147
307 6161
315 6225
370 5263
391 6771
412 3381
461 6752
490 539
507 6765
528 4507
539 1413
539 2396
539 6769
539 6771
556 6289
669 6619
726 5119
729 1606
729 1660
729 2787
729 6619
837 4090
839 6708
852 2938
852 3313
886 6014
968 2277
968 2472
968 2650
968 2674
1206 6773
1413 6596
1413 6771
1470 2762
1470 6562
1606 3439
1606 4419
1606 5173
1732 4390
1732 6763
1786 6770
1793 6770
1818 2627
1824 6587
1894 2223
1939 3171
1971 6768
1972 6619
2148 4157
2177 5089
2192 2650
2192 3453
2192 6570
2284 6773
2319 6708
2360 2504
2382 4798
2396 3453
2396 6576
2464 5468
2472 6767
2529 3639
2529 6773
2616 2650
2616 3453
2627 3727
2627 6225
2627 6619
2650 3453
2650 6640
2650 6773
2674 6771
2756 3313
2756 6772
2756 6773
2756 6775
2787 4771
2919 6619
3030 4798
3147 3484
3171 3893
3171 6562
3262 4157
3313 6775
3405 6708
3639 6762
3727 4798
3727 6619
3799 4507
3799 6289
4090 6766
4110 6290
4117 6771
4157 6223
4305 6619
4338 6752
4390 6765
4507 6289
4507 6470
4507 6738
4911 6752
5146 6772
5309 6773
5521 6640
5699 6712
5706 6762
5722 6289
5929 6596
6064 6514
6619 6661
6619 6774
6663 6686
6773 6775
