19 1863
29 532
29 1106
29 6623
30 151
41 4061
48 2650
65 5236
75 5236
76 2589
76 5041
76 6623
80 1458
109 3984
115 2522
115 4677
119 4924
119 6782
119 6837
134 6810
138 461
138 568
138 773
138 1636
138 2455
138 5006
138 5935
138 6203
138 6831
138 6842
140 5236
153 817
153 5215
153 6623
172 4419
175 2472
190 839
280 2937
280 6505
283 573
283 1106
302 1413
335 1915
436 4390
444 2694
461 3313
461 3484
461 4390
461 5857
461 6623
461 6831
532 1106
532 3107
539 2204
539 4080
539 5236
592 2284
618 6797
621 6838
636 2867
686 2455
686 6203
712 4783
729 1539
729 4390
729 6588
729 6623
729 6836
762 2062
762 2650
762 5857
837 6841
881 2465
892 6292
983 1612
1058 2128
1058 2729
1058 3676
1058 5100
1058 6002
1058 6623
1255 2389
1255 2919
1255 3484
1255 4390
1255 5599
1255 6810
1255 6842
1281 2472
1393 1636
1413 5692
1458 2124
1470 2762
1554 3313
1636 5006
1636 5634
1687 6002
1745 5857
1786 5215
1793 2019
1793 2562
1863 2868
1863 4064
1924 6836
1993 3613
2019 2694
2019 6246
2019 6843
2020 2428
2020 6505
2020 6804
2062 2255
2062 2650
2223 6831
2256 6363
2268 2694
2286 6843
2307 4390
2389 3484
2428 4924
2428 6505
2428 6569
2455 2930
2455 6587
2468 2489
2468 2619
2472 6686
2529 3337
2598 6306
2600 5366
2620 5173
2620 6847
2694 2868
2694 3745
2729 5599
2762 4236
2762 6225
2762 6844
2818 4507
2820 6362
2868 6189
2868 6588
2868 6831
2919 4390
3026 6002
3030 4187
3049 3283
3107 3329
3107 6838
3168 3381
3283 5720
3313 6816
3329 6838
3335 6075
3405 4419
3613 5119
3613 5724
3613 6841
3676 5415
3676 6306
3800 6832
3945 6789
4090 6839
4187 6505
4190 5415
4277 6789
4390 5009
4390 5816
4390 6619
4390 6810
4419 5596
4493 5698
4546 6373
4798 5100
5706 6789
5857 6726
5935 6246
5935 6831
5935 6842
6124 6842
6373 6624
6443 6596
6619 6623
6782 6840
6789 6816
6810 6836
6816 6831
6845 6846
