7 4090
14 5215
26 1793
26 1917
26 3254
26 4090
26 5493
26 6899
30 1877
42 117
43 1002
43 6900
76 1106
76 2529
79 1206
100 1879
111 162
111 2316
114 5141
117 539
117 1917
117 3171
117 5036
153 6903
158 455
158 2382
158 2728
174 963
174 5939
190 6899
196 6903
280 4018
286 1732
383 539
383 2428
383 2670
383 2762
412 6901
414 5119
455 2762
461 1002
461 1879
536 1470
539 2728
539 2762
556 4839
608 971
610 1863
610 6683
641 6898
682 2728
712 6683
729 2316
729 2728
729 6905
753 839
823 963
837 1256
837 2316
837 3171
837 4117
837 4187
881 5006
897 983
971 1106
971 2316
1002 1540
1002 1879
1002 2956
1002 5939
1011 3254
1051 5722
1051 6750
1106 2316
1106 4632
1106 5493
1106 5615
1106 6900
1115 2382
1255 1732
1255 6904
1413 3254
1413 4731
1470 2316
1470 6898
1658 1971
1658 6171
1732 6903
1793 4822
1824 2728
1831 6903
1863 1985
1917 2307
1917 2728
1917 6894
1917 6899
1917 6900
1959 2728
2124 6750
2284 6903
2307 6900
2316 6663
2382 2627
2437 3405
2529 5615
2728 2868
2728 4280
2728 5119
2756 4018
2762 6683
3171 4231
3171 4822
3171 6902
3181 3943
3181 4634
3239 6901
3254 3636
3254 5493
3329 6373
3453 6471
3515 5801
3613 4090
3613 6289
3745 6894
4090 5493
4275 6750
4632 6904
4749 5218
4783 6904
4822 5065
4822 6619
5722 6901
5933 6897
6373 6654
6596 6686
6619 6902
