29 1179
33 1732
42 54
42 3405
43 96
43 6810
43 6926
43 6930
70 6509
73 4297
75 6921
79 837
79 1005
79 2529
79 3613
79 6869
96 236
97 100
100 1658
100 2389
110 172
122 4471
153 846
153 6203
158 846
158 4519
158 4577
172 4419
175 4419
184 6926
226 3030
226 3166
271 6930
315 2223
349 1562
367 475
383 455
407 2956
407 5493
407 5933
407 6921
442 1002
442 6289
475 1002
475 1875
475 4519
475 5362
510 1002
536 2355
536 3254
536 3613
536 6926
536 6933
539 1390
539 1879
546 1057
546 6453
556 5125
562 4731
577 6923
621 1958
621 6928
647 6931
773 6202
813 6498
836 4949
837 3613
837 6869
846 3026
846 6203
852 1604
1058 4771
1106 2583
1106 5948
1115 6917
1255 1732
1255 4783
1255 4994
1361 6926
1390 2396
1390 5006
1422 5476
1426 3636
1426 6619
1426 6869
1470 1604
1470 4018
1540 6928
1581 2027
1604 2529
1604 5720
1604 6817
1812 2455
1812 5594
1917 2729
1917 5948
1985 2455
1985 3254
1996 2309
2081 3900
2081 4419
2315 4632
2333 4419
2355 2820
2455 3254
2529 6752
2620 6847
2687 6595
2787 6932
2818 6663
2820 6453
2868 5720
2868 6926
3030 3166
3030 4419
3030 4949
3166 5468
3254 5939
3322 6927
3346 6223
3405 6679
3405 6849
3541 5278
3613 6869
3613 6930
3656 6929
3900 4419
3900 4445
3984 6869
4061 5487
4117 4577
4117 6928
4419 5174
4471 5722
4577 5652
4577 6624
5041 6619
5263 5493
5309 5720
5681 6202
5706 6789
5831 6934
5933 6897
6576 6933
6619 6663
6679 6849
6789 6816
