7 568
19 4370
26 43
26 190
26 839
29 1179
29 2762
29 4994
30 3785
42 76
42 4577
43 370
43 839
43 2184
46 6938
73 3030
73 3166
83 568
96 6498
100 2030
110 172
110 1099
110 2255
110 5490
111 1622
153 3329
158 5009
158 5652
158 6588
226 2062
258 6289
280 2355
283 568
348 5340
370 6940
383 455
434 4577
455 4577
461 1413
461 3329
461 4949
475 5362
577 2821
613 5682
621 1958
647 6935
659 1091
682 2670
682 3453
762 6915
837 2004
837 5215
839 4080
839 6941
839 6944
846 6203
852 1177
852 2670
852 5089
852 6810
1091 1321
1091 6289
1091 6468
1106 5215
1106 6943
1164 1581
1177 3636
1177 6810
1206 5616
1359 2767
1390 2142
1390 2396
1470 5706
1543 4924
1563 1917
1563 2184
1581 2027
1636 2355
1732 2307
1732 6939
1804 5340
1831 6654
1917 6939
1996 6944
2027 4177
2030 2472
2062 6937
2158 5215
2184 2307
2184 5825
2184 6393
2256 3329
2307 4731
2307 6939
2307 6942
2319 5215
2355 2396
2389 6938
2472 3405
2472 6588
2527 3329
2529 6588
2619 6938
2650 3030
2650 6941
2660 4151
2762 6810
2795 4177
2820 6939
2840 3405
2868 4577
2956 5362
3026 6934
3030 3166
3030 5018
3169 4419
3195 6855
3232 6935
3329 4924
3329 6203
3405 6679
3416 5652
3417 5215
3636 6918
3975 6935
3984 4187
4297 6654
4370 5340
4419 5174
4471 5722
4924 6934
4994 6940
5009 6936
5130 5487
5215 6596
5706 6789
5706 6816
5935 6935
6280 6619
6588 6945
6808 6926
