1 1365
1 6885
42 568
42 1422
42 5519
43 6957
43 6958
46 6938
70 577
75 6189
76 6885
79 6950
83 577
83 904
95 2762
100 2030
117 5009
117 6596
133 852
133 1792
140 1268
140 3806
153 412
153 1636
153 5065
153 6189
158 1792
158 6189
158 6738
172 5174
172 6629
280 904
280 6498
315 6940
369 6738
382 682
407 1540
407 2956
434 4577
455 6301
461 1977
461 4949
461 6956
528 6885
532 2024
563 904
577 2821
610 2762
621 2729
682 6800
712 904
729 4822
729 6803
762 2062
839 6946
852 1177
852 2627
852 2670
852 2762
852 6952
904 1622
904 4911
1002 1422
1002 6955
1005 6952
1006 2019
1057 1333
1091 4771
1091 6454
1106 1206
1106 6863
1106 6885
1255 2472
1255 3041
1268 5174
1393 3313
1395 2124
1395 5722
1413 1636
1543 4924
1563 1917
1563 5825
1636 6948
1636 6952
1792 3026
1794 6958
1804 3785
1836 6951
1864 2019
1894 6949
1917 4949
1917 6939
1977 6956
2062 4862
2307 6885
2418 5992
2455 4187
2455 6953
2504 6952
2529 6800
2594 4802
2599 4802
2627 3313
2627 3745
2627 5146
2627 6952
2650 6949
2668 2767
2670 2756
2670 3158
2729 5615
2739 5065
2741 6947
2762 5615
2762 6952
2818 6955
3026 6738
3030 6943
3313 5146
3313 6800
3313 6816
3336 6885
3416 6619
3417 5215
3417 6952
3453 6800
3569 6951
3639 6885
3656 6929
3836 6625
3984 6738
3984 6952
4018 6954
4090 6738
4187 5065
4519 5933
4519 6955
4577 6498
4605 6223
4802 4987
4866 6952
4911 4924
4924 5692
4924 6953
5036 6957
5065 6738
5146 6800
5340 5797
5933 6948
5933 6955
6180 6934
6225 6940
6280 6736
6362 6498
6596 6953
6625 6738
