0 875
0 6358
0 6970
7 48
7 1786
7 3624
29 5615
42 1002
42 6974
42 6977
46 1255
75 6974
76 1002
76 1644
76 2114
76 4911
133 1899
138 3329
158 2650
158 6973
158 6975
167 3030
172 1099
172 3975
195 836
204 1002
253 1644
286 2650
335 4731
348 836
369 6738
370 1099
370 6977
407 613
412 5007
432 1058
455 6301
539 875
539 1002
539 2142
539 6543
556 1899
610 1361
613 1002
613 1365
613 3799
613 4117
613 4366
613 5125
621 2149
621 4911
621 6973
712 6826
760 5615
836 2149
836 2158
852 1177
852 2529
852 6972
875 1793
875 3975
875 6976
883 2149
1002 1361
1002 1687
1002 2142
1002 5783
1002 6543
1002 6977
1015 2114
1058 1106
1058 3329
1058 6957
1148 4519
1177 2627
1177 5935
1206 1644
1255 3030
1393 1470
1393 2762
1393 3636
1426 4366
1426 6662
1470 1644
1470 6789
1470 6971
1894 2114
1917 2943
2019 6977
2027 6064
2114 4783
2114 5935
2142 6543
2148 3727
2149 3030
2423 2464
2650 4731
2650 6619
2762 4283
2762 5615
2818 6619
2820 6974
2956 6974
2956 6977
3030 5494
3041 5783
3171 6817
3515 5706
3515 6145
3636 6971
3727 6280
3727 6619
3727 6902
3745 4488
3745 6936
3799 4731
3893 6185
4187 6289
4366 6975
4783 6978
4911 5615
4911 6498
5034 6973
5306 6280
5373 6976
5615 6619
5699 6973
5706 6145
5706 6959
6185 6562
6393 6976
6410 6894
6576 6623
6936 6973
