28 5494
76 6979
83 1258
95 2762
117 5272
133 1258
253 946
253 4232
348 1724
348 2762
348 4532
475 6548
475 6817
539 2324
539 5550
602 613
602 2124
621 1786
621 3024
621 4911
621 5173
659 2762
699 6362
762 2062
762 6982
836 2149
946 2472
946 3975
946 5682
1002 1687
1057 6647
1106 2583
1106 3030
1148 4519
1186 6978
1258 2062
1359 6790
1361 3587
1361 5125
1454 1658
1658 6979
1786 2822
1786 4489
1786 5065
1894 2114
1972 2107
2019 2324
2019 6981
2062 6498
2124 3587
2124 5125
2124 6750
2319 3030
2324 6619
2355 6800
2562 6980
2650 4731
2650 6619
2762 4236
2762 4283
2762 5065
2818 6619
2907 6984
3171 6817
3195 6945
3195 6982
3329 4924
3405 6979
3405 6981
3587 6203
3599 6624
3727 6280
4419 6981
4860 6619
4911 4924
4911 5065
4949 6983
5065 5706
5125 6203
5615 6373
6064 6979
6393 6979
6762 6983
