13 1255
14 2589
43 1745
46 2839
46 6945
75 2396
75 3799
75 4670
75 6280
75 7033
76 1255
76 6686
96 1255
100 1971
138 636
138 1636
138 2081
138 7025
153 286
153 1115
153 3322
157 1941
163 568
163 1917
163 3195
172 2027
253 3984
298 6747
348 5382
348 7035
370 7030
383 2762
391 3799
408 2956
412 5065
447 729
447 1812
447 4187
455 532
455 1115
455 1470
455 2818
455 6075
455 7003
455 7026
531 2589
532 2307
532 4297
539 1255
539 2762
539 4670
577 3171
696 836
836 2589
852 1745
873 1540
907 7037
910 1147
948 3980
1002 2739
1006 3799
1039 6800
1058 2682
1106 1206
1106 7044
1115 3322
1115 6280
1177 1470
1177 3152
1243 3984
1243 7026
1255 1745
1255 3030
1255 6187
1255 7042
1361 1470
1361 2762
1361 7003
1402 4187
1402 5065
1413 2839
1413 4670
1470 2762
1540 7042
1543 3907
1636 1745
1636 5551
1745 3501
1745 5935
1745 7043
1845 2529
1917 3125
1971 2027
1972 4493
2027 2750
2238 2617
2284 7013
2319 3377
2393 3346
2396 3799
2396 7041
2472 7035
2529 7043
2589 7031
2619 7000
2640 6800
2756 6800
2762 2775
2762 6686
2762 7034
2818 3727
2970 7038
3125 3453
3233 3515
3515 7037
3745 4117
3799 4297
3800 6280
3950 6686
3984 4924
3984 6075
3984 7041
4187 7032
4419 6187
4536 7045
4895 6712
4910 6280
4924 7041
5137 6779
6185 7039
6203 7037
6623 7040
6750 6998
7036 7037
