19 76
19 4949
43 4949
43 5366
43 7072
76 1255
76 2970
109 4297
109 4507
119 1911
134 4088
138 253
138 258
138 410
138 729
138 1745
138 1787
140 2750
153 3322
153 5692
153 6800
158 7069
172 2970
172 3405
175 1658
196 280
196 410
218 2718
249 2606
258 410
258 2970
280 410
311 7070
370 449
383 1361
410 1787
410 2606
410 2970
434 572
434 675
434 1028
442 460
449 836
449 1793
455 572
455 610
455 4414
477 6474
493 1539
536 2718
536 5030
539 572
546 7062
572 837
572 1242
572 3065
572 3799
572 3975
572 4117
572 4488
572 5065
572 5173
572 5722
573 7027
577 7069
621 7069
621 7074
656 946
671 5094
762 1804
762 4949
762 7075
823 2101
836 7027
836 7059
836 7072
846 1035
846 3049
904 5215
919 7072
946 1709
1006 2750
1058 1787
1106 5652
1106 7073
1115 7070
1233 4949
1255 3453
1255 5366
1255 6800
1255 7072
1275 1732
1321 6709
1359 2101
1361 7078
1365 6982
1369 4632
1369 7066
1470 2687
1540 5432
1658 1709
1745 1787
1747 5682
1747 5929
1787 2606
1787 3377
1787 5173
1793 7049
1845 2529
1977 7072
2101 2355
2101 4783
2272 4031
2297 3024
2355 2529
2355 5362
2437 5366
2437 7075
2529 4910
2529 6982
2606 3160
2606 3745
2692 7003
2718 3336
2718 3636
2767 3984
2767 4297
2767 5720
2767 6481
2767 7063
2767 7077
2821 7074
2956 5125
2956 5432
3026 7070
3041 3505
3122 6474
3171 3336
3171 5912
3405 7079
3505 7062
3520 5366
3745 7075
3799 7067
3943 5267
3984 4035
3984 4064
3984 7037
4031 5558
4088 5065
4110 5173
4249 6993
4297 6481
4419 7072
4860 7080
4910 6280
4924 7063
4924 7077
4999 7076
5065 6203
5065 6709
5065 7077
5065 7078
5652 6051
5652 7073
5720 6800
5720 7075
6596 7045
6623 7056
6800 6993
6800 7071
6862 7081
6917 7070
7003 7081
7063 7068
