2 138
2 7105
7 447
13 1255
14 432
26 239
26 6596
29 1281
29 2529
29 4488
29 5236
29 6982
46 1268
73 5141
75 636
76 447
76 729
76 1005
76 2019
80 1005
80 7100
135 1786
138 1255
138 1268
138 1365
138 1667
138 3415
138 6989
138 7102
153 447
158 5084
172 1147
195 1281
253 3415
311 5065
339 4799
348 4419
370 7103
447 563
447 4117
447 6619
455 556
455 2124
455 4414
455 5722
461 729
461 1268
461 2142
461 6189
539 2019
539 2199
539 2403
556 1051
556 7015
556 7101
577 7069
636 1636
636 2156
636 2455
636 2820
636 4187
712 7069
729 1002
729 3453
836 7102
837 6988
846 6869
875 2787
884 3401
884 6619
917 6448
948 6499
1002 2199
1051 2124
1051 7110
1106 1786
1106 7044
1147 3031
1206 6982
1253 7097
1255 3030
1255 3505
1256 1268
1256 3361
1256 6842
1268 2142
1268 6499
1268 6842
1281 2472
1281 3041
1312 2124
1312 7091
1333 2739
1365 2488
1365 3415
1365 4117
1365 4910
1365 6982
1561 3361
1561 6809
1636 6779
1636 7104
1687 3361
1687 6619
1818 7018
1959 3361
1985 7064
2019 2142
2057 2767
2124 2223
2124 7015
2156 3636
2297 4031
2319 3361
2396 6189
2529 4910
2529 6800
2529 6982
2529 7106
2818 3745
3031 4370
3031 4419
3361 6619
3415 3950
3415 6842
3608 7091
3657 7106
3984 6942
4085 7099
4090 5722
4090 6988
4117 4910
4538 4924
4538 6448
4589 7099
4895 6619
4924 7107
4924 7109
5041 5084
5065 5722
5263 7106
5296 7108
5682 7087
5720 7107
6171 7097
6319 7107
6800 6982
6862 7081
