7 5215
13 138
13 1255
29 3505
41 2223
41 2488
42 1361
42 4488
46 2820
70 6071
74 6498
76 423
76 3787
83 442
108 2650
108 5468
138 1369
138 1745
138 6842
153 7141
156 5125
190 3785
196 875
286 3026
315 4059
348 2406
348 4532
348 7137
356 1361
370 1917
370 3800
390 1369
391 4731
410 7146
412 1361
434 7122
442 546
442 3984
449 568
461 2645
475 1185
539 2645
539 3787
539 4171
539 5215
539 6203
539 7122
546 3984
610 4059
636 2645
686 1636
686 3636
691 5720
729 3800
836 7122
891 7128
891 7142
1002 3787
1002 5125
1177 6982
1268 4731
1351 5720
1359 1725
1361 3636
1361 6505
1361 7130
1393 7141
1470 3413
1470 7130
1521 3785
1543 4924
1543 7136
1625 1725
1636 5125
1636 5366
1636 7132
1725 5993
1774 4031
1941 5135
2019 7142
2081 4589
2142 2645
2158 3917
2158 6982
2255 2669
2396 7128
2455 2756
2529 6982
2529 7141
2627 6800
2645 6357
2692 7003
2741 3415
2756 3026
2756 6203
2756 6319
2762 4488
2762 7128
2762 7138
2767 3917
2767 4179
2885 3413
2956 5432
3026 6203
3026 7140
3336 3984
3405 4177
3413 4088
3636 4488
3636 7130
3764 7090
3785 5558
3917 4577
3917 5065
3945 4283
3984 4924
3984 7083
4239 7003
4317 7128
4589 5720
4731 6448
4731 7136
5366 7128
5468 6498
5468 7122
5720 6800
6049 7143
6203 7130
6203 7141
6416 6448
6448 7136
6596 7114
6780 7003
6800 6982
6869 7144
6889 7141
7123 7139
7123 7145
