26 163
29 2730
42 539
42 3975
43 1725
43 4080
46 4419
46 4632
72 4370
73 2062
79 3195
80 7155
90 433
138 258
138 4910
138 4924
138 7164
153 302
153 455
153 2805
153 6051
153 7165
156 904
156 1393
162 1786
162 1996
172 6996
196 4670
196 6942
287 4632
370 374
370 729
370 6982
374 6942
532 7103
539 2396
539 2645
539 2956
539 3787
539 3975
539 4544
539 6491
539 6779
556 3945
610 2957
610 6143
621 2840
621 5943
762 4910
837 7159
852 5720
852 6800
852 7153
881 5083
885 4910
1002 6779
1147 2389
1177 5720
1255 2062
1255 4544
1255 6996
1268 6491
1361 3636
1361 6638
1393 5929
1413 3322
1470 5929
1536 2019
1536 2396
1636 2645
1636 6779
1725 6268
1877 6996
2062 4935
2389 6996
2396 2455
2406 4882
2455 4924
2455 6779
2472 4632
2472 7162
2488 7165
2645 5009
2692 7003
2767 6463
2767 7165
2820 7164
2868 6623
3026 3636
3169 4419
3307 6800
3313 5308
3361 7165
3377 7162
3405 7162
3574 7159
3787 4031
3850 6982
3943 5778
3979 4031
4280 7163
4360 6942
4382 6463
4419 4632
4507 7166
4873 5943
4924 6474
4924 6779
5065 6623
5173 6623
5261 7153
6596 6779
6789 7166
7037 7165
7069 7158
7101 7161
