13 172
13 3405
13 5599
29 43
29 190
30 5938
36 7234
59 6203
74 3785
100 2645
153 4924
153 7132
153 7229
158 2934
158 4895
286 6109
286 7211
312 3578
339 656
348 1092
348 4332
377 3030
447 1785
528 3984
528 7226
539 5744
556 4507
610 671
610 2818
610 5362
621 4135
659 1745
696 3979
729 3030
762 3125
839 1745
852 4488
859 1745
886 4382
1039 6800
1041 1057
1041 1393
1057 1106
1057 2307
1057 2534
1058 3573
1177 3639
1256 7198
1365 1745
1369 1615
1393 3636
1393 7198
1420 7235
1470 2565
1470 3636
1470 7198
1745 2650
1745 3850
1763 4135
1763 4702
1836 7116
1985 2169
2057 2455
2057 2767
2111 3979
2158 3125
2158 3329
2158 5720
2158 6474
2307 3030
2307 3900
2307 4592
2324 2406
2339 7167
2406 3900
2455 4895
2460 6917
2460 7211
2488 2529
2488 4488
2488 7198
2504 4488
2504 4507
2504 5921
2529 2650
2529 7153
2529 7198
2562 7223
2645 3975
2645 7236
2650 5720
2650 7153
2692 7217
2762 7232
2775 7225
2888 5100
3030 3975
3125 5100
3160 7155
3307 6800
3636 7224
3639 7231
4031 4135
4187 6474
4488 7233
4507 5433
4924 7132
5563 7230
6109 6619
6199 7173
6319 7153
6319 7229
6319 7230
6474 7128
6619 7224
6800 7198
7081 7217
7090 7198
7227 7228
