4 7233
19 76
19 1793
29 43
29 76
29 190
29 1793
29 2158
41 7239
42 2149
43 76
43 1793
59 7090
59 7235
70 5135
76 1085
76 1413
76 1646
76 1793
76 7240
100 172
138 5563
153 7238
154 7245
172 5703
191 904
195 4419
216 7211
271 6474
280 6474
286 7211
311 7238
318 5135
348 4332
349 4090
349 4239
455 7247
536 6474
539 5744
577 904
577 4135
610 671
610 5362
613 7111
621 904
621 3030
621 4135
729 904
729 5563
729 6319
729 7230
762 1845
762 2158
762 7241
762 7242
823 7155
852 1256
852 1845
852 2529
852 2627
875 2149
886 6474
904 2158
904 3737
1005 6474
1041 1106
1057 1106
1057 2534
1057 5616
1106 2583
1172 6467
1359 7242
1540 7248
1636 5616
1636 6474
1636 7034
1745 3059
1745 6448
1763 7244
1824 4419
1831 4280
1831 7241
1845 2627
1845 6800
1845 6817
1893 2264
1893 5616
2158 6474
2389 7204
2455 2767
2460 7211
2472 5616
2472 7127
2472 7249
2488 7198
2529 7153
2606 4585
2627 6143
2627 7242
2640 6800
2640 7198
2762 7232
2868 7093
2970 6448
3322 7244
3405 7127
3764 7246
3950 7127
4031 4135
4031 5468
4031 7245
4187 6474
4280 7241
4507 5433
4702 7237
4924 6947
5342 5966
5362 7249
5469 6486
5682 7248
5703 6357
6064 7127
6203 7247
6319 6800
6319 7229
6319 7230
6779 7221
6800 6947
6942 7190
7034 7231
7090 7225
7242 7243
