4 2762
12 6942
26 1404
26 7249
42 1058
42 1135
43 805
43 1255
43 2762
43 7221
73 138
73 852
73 1845
73 6800
76 488
76 536
76 904
76 1470
76 3850
100 7221
100 7250
138 852
138 1845
153 4924
158 3850
158 6289
158 7249
195 1824
195 4419
196 7251
216 2460
315 7252
318 5135
391 2019
488 729
536 6474
610 7252
618 3171
618 6559
621 936
621 4135
621 7251
636 3166
656 1106
729 852
729 948
729 1106
729 6440
762 1845
837 6289
852 1593
852 1845
852 6800
852 6947
936 7249
948 6220
968 2645
970 6640
1135 4632
1135 4924
1135 6810
1255 1383
1255 2255
1255 2669
1255 3069
1255 5309
1268 2669
1359 2762
1393 2762
1404 1661
1404 2142
1470 7249
1593 1845
1785 7225
1831 7011
1995 2650
2019 5367
2027 7250
2255 2412
2255 3975
2389 6440
2412 3975
2488 7249
2650 6559
2756 5851
2762 7232
2868 7248
2902 6498
2930 3059
2943 4323
2943 5681
3069 6498
3171 6559
3248 5309
3325 4187
3950 7250
3992 5720
3992 7198
4031 5599
4117 5362
4187 7253
4419 6220
4924 7248
5362 6448
5681 7136
5949 6947
5966 7123
6448 7249
6738 7249
6800 6947
6942 7190
7253 7254
