7 76
7 138
7 1539
7 2650
7 6842
14 904
14 7263
26 5362
30 3528
43 73
43 140
43 729
43 1971
43 2762
43 7270
46 2529
56 729
69 1825
73 138
73 6800
73 6842
76 1058
76 5125
76 6301
83 5125
84 948
84 2389
134 729
134 1971
134 2396
134 3294
134 6220
134 6301
138 3294
138 3368
138 6842
138 7031
138 7250
140 5021
154 1058
158 1251
158 1636
158 2650
158 3294
158 3368
158 6301
190 680
190 3528
190 6945
258 442
280 7265
286 1135
348 2406
370 7274
407 5125
455 3294
455 6301
532 618
532 1393
532 3093
542 729
544 4358
577 618
621 2603
621 6301
680 6945
729 1135
729 5468
729 6220
729 7252
729 7266
729 7274
762 6301
762 6842
762 7267
762 7270
904 3294
1048 2045
1058 2045
1198 3026
1211 6770
1251 6301
1251 6738
1255 3368
1333 2254
1361 4839
1418 1915
1514 1726
1539 4358
1563 3368
1636 3368
1636 5857
1646 2603
1691 5125
1742 7252
1745 3368
1745 5857
1793 2650
1812 4323
1831 3294
1971 6779
2045 3417
2062 2158
2062 4358
2070 5065
2070 7267
2396 2825
2396 3368
2455 2767
2529 7153
2620 4187
2650 3785
2650 4670
2650 5125
2650 6842
2694 3745
2762 4236
2767 3545
2767 7268
2820 5125
2970 3166
2970 3248
2970 6465
3026 6301
3166 5157
3171 5125
3294 5065
3294 5560
3294 7031
3294 7272
3405 7261
3416 6448
3579 7269
3629 7275
3983 6839
4280 5065
4419 6708
4419 7271
4702 7237
4924 7132
5065 7132
5065 7263
5306 7273
5560 7031
5720 7132
5966 7123
6175 7270
6189 6448
6301 6738
6301 7250
6301 7252
6800 7270
6867 7252
7148 7252
7153 7270
7195 7269
7242 7243
