2 851
2 873
3 77
4 109
4 184
4 289
4 459
4 851
4 960
4 981
13 570
13 673
14 30
14 80
14 370
14 565
14 570
14 903
14 981
19 76
19 141
19 158
19 174
19 325
19 953
19 960
19 963
25 662
25 981
26 69
26 189
26 206
26 539
26 946
28 983
29 509
37 109
37 370
43 201
47 180
48 928
60 267
64 275
64 948
65 570
69 76
69 919
75 339
75 897
75 987
76 77
76 109
76 132
76 135
76 461
76 552
76 659
76 673
76 873
76 950
76 960
76 963
76 988
76 990
77 109
90 275
90 928
97 121
97 539
98 449
103 414
103 431
109 304
109 370
109 442
109 728
109 774
109 903
109 987
115 206
115 304
115 461
115 903
132 201
133 325
135 311
135 552
135 729
135 846
135 873
140 983
140 985
141 325
158 953
158 963
174 565
174 851
184 446
189 206
201 206
201 374
206 836
206 960
233 948
235 851
270 673
275 461
275 678
287 912
287 978
304 728
304 903
312 989
339 824
348 508
394 948
442 729
442 903
446 774
449 572
461 678
475 980
477 873
507 659
509 700
509 724
519 873
539 981
539 982
539 984
539 985
618 851
621 673
621 904
654 973
662 968
673 963
678 983
728 903
729 912
760 896
771 912
812 952
816 952
821 946
824 946
831 982
873 981
903 904
912 948
912 953
929 986
948 978
982 984
