14 1985
42 539
42 1517
42 3330
43 2650
76 762
76 2191
77 6498
138 436
138 762
138 7378
151 7375
158 1369
158 7377
190 1298
190 3785
259 2762
280 3281
280 4839
287 6498
407 6448
417 5706
509 839
539 1057
539 5362
691 762
729 2389
762 1206
762 3515
762 4117
762 4771
762 5440
836 6247
852 2024
859 2191
963 4419
1057 1992
1057 5362
1115 2529
1115 4909
1148 3330
1196 2529
1206 1745
1206 5720
1255 1732
1255 2191
1255 4763
1298 3528
1304 3281
1393 1505
1691 5720
1745 7376
1763 3416
1786 7379
1818 7370
1958 6945
1985 7326
1992 2583
1992 4507
1992 5362
2024 2529
2024 2756
2027 7127
2102 6283
2104 6498
2156 7376
2191 2389
2191 4419
2191 7096
2199 3330
2254 2396
2254 5125
2254 6375
2256 4116
2411 7378
2529 5720
2529 7127
2650 7379
2762 7326
2831 6498
2919 7335
3281 4839
3281 6596
3417 7379
3592 7337
3727 5265
3785 7379
3947 7376
4366 7110
4488 7376
4592 6619
4680 6817
4909 7156
5041 7377
5065 7378
5305 6596
5362 7373
5440 7372
5589 5682
5589 7379
5681 7368
5682 6373
6200 6619
6440 6498
6448 6894
6498 7378
7348 7372
