42 76
42 432
42 1002
42 1732
42 5215
43 2650
43 7381
46 4763
73 6842
103 6619
110 7123
119 2254
138 444
138 1097
153 1097
158 4909
196 7337
280 4839
311 1115
311 7156
348 7123
536 6779
539 1097
539 2254
577 2158
577 5065
602 6180
636 1732
762 3515
859 1097
886 2428
886 7380
948 4763
1002 1732
1002 5366
1058 4419
1058 5933
1058 7381
1097 1763
1097 1877
1097 2868
1097 3122
1097 3745
1097 6779
1115 7156
1177 1413
1177 2599
1199 1732
1278 5682
1359 5125
1359 6779
1413 1626
1600 1724
1626 2254
1687 7033
1732 5362
1763 5682
1877 2529
1958 6945
2158 5065
2233 4069
2254 2264
2254 2583
2254 5215
2254 5592
2254 5939
2254 6375
2292 3281
2408 6498
2762 2767
2762 5215
2762 6546
3377 7127
3417 3785
3453 6779
3636 5125
3727 7290
4419 4763
4909 7156
5125 5366
5125 6779
5125 7382
5440 7372
5589 7379
5682 7337
5682 7362
5938 7383
6596 6945
6619 7379
6779 7382
6867 7337
6917 7156
