25 5236
25 7407
30 318
30 3405
43 1893
43 3160
43 5384
75 4731
76 2762
76 6779
96 1255
138 2158
172 1058
249 3030
286 6319
286 7411
287 7416
297 3763
304 7405
311 7156
570 5699
577 7357
682 3515
729 1893
729 6142
729 6708
729 7415
762 6867
837 1177
837 1422
852 2529
881 3405
948 4419
1002 1056
1056 3405
1056 3573
1056 3950
1056 4419
1058 1836
1058 1893
1058 6779
1106 3195
1115 7156
1148 7414
1255 2027
1255 3458
1258 1383
1278 5682
1335 2956
1335 6596
1335 7382
1361 2762
1418 3171
1422 1636
1470 1505
1470 1636
1470 1899
1470 2422
1470 2762
1470 5362
1470 6779
1470 7402
1510 7399
1510 7413
1581 1793
1636 2254
1636 6779
1636 7402
1636 7405
1717 7405
1763 4653
1836 4802
1836 7116
1893 4670
2027 6708
2101 3458
2101 3799
2158 3745
2204 4466
2204 5236
2254 6779
2389 6708
2422 2529
2529 7417
2627 3458
2650 5215
2756 3515
2762 3943
2783 3417
2818 3076
3024 4783
3065 7414
3071 6498
3076 3168
3166 7410
3405 4860
3405 7409
3458 5720
3458 7043
3515 5217
3515 6800
3573 6779
3785 4523
3785 5468
4201 6844
4283 7365
4419 5596
4466 5236
4488 7090
4632 7401
4783 7401
5041 7307
5306 7404
5362 6779
5362 7402
5362 7415
5599 7399
5682 6373
5699 6474
6160 7399
6203 7413
6247 6382
6319 7411
6474 7406
6474 7408
6596 7116
6596 7413
6619 7403
6654 7412
6779 7402
6779 7412
6867 7018
7184 7398
7381 7402
