0 5065
1 7461
26 3578
42 172
42 1106
42 1255
42 2027
42 2158
42 4117
42 4187
42 4783
42 7236
42 7466
43 74
43 1255
43 2412
43 7451
46 172
46 1002
46 2820
46 7458
56 6738
61 2412
73 7290
75 2412
76 2868
76 4822
76 7466
76 7467
76 7469
80 1255
96 1658
110 1255
110 7451
157 7377
172 7453
172 7461
196 1940
236 2317
238 7446
280 2020
348 7453
370 6448
406 6448
407 7463
417 1106
539 6448
577 7433
577 7460
610 7460
613 4822
613 7226
618 7433
729 1255
729 2027
729 2158
729 3950
729 7447
752 2389
762 4822
762 7448
774 1359
774 5065
774 5362
852 2640
852 2762
852 4731
852 6319
852 6800
852 7198
852 7462
859 2489
881 7452
891 7463
904 2821
917 1877
936 3578
948 1365
948 1940
963 4731
1002 1908
1002 5305
1036 7442
1056 2317
1056 3405
1056 4882
1106 1359
1106 7466
1255 2158
1255 2954
1255 5993
1255 7236
1255 7433
1255 7451
1255 7461
1351 5065
1359 7454
1359 7466
1361 5065
1365 1940
1390 5305
1393 3171
1393 7440
1470 7346
1540 6448
1636 7454
1831 2583
1877 2317
1940 2868
1940 4981
1940 6738
1940 7456
1959 1972
2027 6945
2027 7450
2158 4117
2158 7236
2158 7447
2158 7466
2216 6817
2292 7433
2355 7454
2437 5596
2529 2650
2583 3171
2640 6817
2650 6883
3030 7450
3171 5305
3250 7428
3405 7458
3742 6373
3787 7433
3950 7250
4117 4981
4117 6448
4138 4839
4138 6448
4199 6448
4370 7466
4382 6448
4419 5596
4419 7449
4731 7462
4822 6448
4822 6945
4822 7382
4839 6280
5065 6883
5065 7326
5065 7382
5065 7452
5831 7452
6448 7463
6708 7236
6779 7463
6800 6917
6816 7462
6883 7468
7034 7452
7096 7457
7236 7447
7445 7459
7452 7455
7464 7465
