2 1893
29 3049
29 7486
29 7494
42 647
42 752
42 5929
42 7488
43 4138
43 4783
43 7477
43 7486
73 138
75 729
75 1268
75 2599
76 4117
76 7494
76 7495
84 6708
87 6448
87 7477
95 6713
96 1877
110 1581
110 5783
110 6708
133 7382
138 1941
138 3229
138 7486
153 490
153 4138
153 5931
184 7495
196 7252
196 7485
196 7490
258 5931
280 3171
539 2529
539 6782
546 610
568 7488
610 6463
621 904
647 752
659 2650
660 7483
669 1779
669 2158
669 4783
669 7382
729 4138
729 5929
729 7494
752 2027
836 6708
837 7488
881 7478
891 1540
904 1972
904 2767
904 3648
904 4523
904 5682
1002 1517
1002 2804
1002 6779
1057 4708
1057 5929
1058 5783
1062 2086
1097 5783
1099 3049
1200 2158
1256 6782
1268 2599
1268 4317
1359 5929
1359 7359
1361 5929
1361 7486
1365 1940
1393 6279
1393 6994
1393 7495
1422 1636
1422 6779
1422 7359
1470 2355
1470 6279
1470 7486
1517 5783
1561 5034
1563 2184
1625 7493
1636 2355
1636 7473
1636 7482
1636 7486
1825 7438
1831 6782
1831 7482
1877 6708
1941 3229
1972 5931
1972 7488
2023 6448
2149 6708
2204 4731
2255 2317
2317 3405
2317 6708
2324 6708
2389 7335
2504 7438
2529 7480
2529 7486
2650 4138
2775 7486
2804 6203
2868 7487
3030 5478
3030 6810
3049 3405
3065 4670
3122 7484
3125 7492
3171 4783
3329 4523
3405 4015
3405 6708
3639 6994
3639 7482
3649 7440
3893 5931
4057 7489
4138 6448
4190 4280
4280 5041
4280 6467
4377 7486
4390 4860
4419 7127
4488 7440
4577 6779
4577 7245
4731 6448
4731 7477
4783 7494
4985 5783
5041 5931
5065 7482
5065 7485
5362 7493
5682 6505
5929 7481
6203 7486
6203 7487
6319 6800
6494 6623
6494 7489
6498 7475
6576 7486
6623 7489
6654 7490
6708 7491
6713 6816
6842 7457
6994 7440
7245 7379
7326 7490
