76 2114
76 2605
76 4731
76 7290
87 6289
96 762
96 2158
96 2255
96 2603
134 7516
138 5494
153 3313
158 2114
158 6936
189 297
195 1242
298 6640
298 6779
348 7127
455 6640
455 7518
621 7519
636 5366
659 4526
682 1365
729 2114
821 1561
836 2114
836 7514
837 2605
859 2650
948 7335
1002 7359
1058 7116
1060 5616
1099 3049
1106 1636
1242 7517
1256 7258
1278 3125
1359 5065
1393 5065
1469 7471
1470 7517
1612 5141
1636 5366
1636 5616
1818 5141
2019 6430
2114 7290
2122 7116
2158 2603
2603 2650
2605 5065
3313 5041
3313 6319
3613 3990
3639 4074
3728 3947
3800 6498
5012 5494
5065 6640
5065 7513
5362 5649
5366 7516
6189 6357
6596 6936
6640 6779
6708 7517
