0 249
29 1255
29 2650
42 1359
42 1687
42 3984
42 5065
70 7523
74 3030
76 2650
76 3727
95 7511
96 2255
103 2650
130 1608
138 1243
138 2191
153 1256
153 7526
158 1243
158 7132
158 7526
196 5682
196 7252
196 7326
259 3984
280 3249
286 3727
348 4419
348 7127
390 1255
546 1608
570 3030
570 5658
621 3137
621 3171
647 1035
659 3636
820 7524
839 6373
881 3325
1002 1793
1002 2142
1054 3865
1060 5616
1243 7132
1243 7525
1255 1786
1255 2650
1255 4997
1255 7236
1335 7532
1359 2930
1359 5065
1395 6180
1545 7520
1687 1793
1687 2956
1763 3984
1763 7534
1793 2783
1793 2956
1793 6779
1804 7523
1836 7116
2057 4702
2191 3026
2191 3078
2191 3458
2255 2603
2255 2650
2255 3024
2255 4031
2255 7523
2313 7401
2317 6753
2319 2762
2529 7440
2583 3325
2650 2902
2650 4702
2650 4860
2650 5294
2650 7289
2762 7511
2767 7505
2888 7530
3122 6373
3137 3171
3158 7289
3239 7518
3313 6319
3313 6817
3325 4116
3325 4708
3325 6596
3325 7526
3405 7529
3703 7531
3843 6916
3984 7132
4090 7521
4187 7521
4190 4702
4419 7127
4456 7252
4702 6867
5041 7526
5065 7529
5366 7401
5487 7522
5682 6373
6245 7471
6421 7526
6596 7529
6867 7533
6994 7440
7236 7530
7527 7528
