26 7290
29 852
29 2650
36 7290
42 1687
42 7541
43 2412
43 7539
46 7551
70 4031
72 2468
72 3158
75 5362
75 6189
76 7541
83 318
83 4280
95 659
96 5373
128 6467
153 3417
153 7552
196 2541
204 5362
216 839
255 7457
348 6467
383 7430
431 7550
532 5560
565 3649
571 2504
621 904
621 4031
656 693
659 6916
752 839
752 2771
752 4419
839 3030
852 3313
904 4031
1002 3071
1002 5366
1035 1527
1057 7541
1060 5616
1106 3245
1255 4997
1255 7539
1256 3171
1256 5041
1256 5362
1390 1540
1422 1793
1422 2504
1422 5362
1469 6738
1470 3171
1527 7145
1625 5362
1687 2956
1704 7093
1763 7552
1793 4731
1793 5065
1793 7551
1818 5305
1825 2934
1877 7551
1973 2650
1973 4297
2158 2412
2412 3975
2562 7551
2598 4702
2650 3649
2650 4860
2650 5415
2650 7290
2650 7539
2650 7541
2762 7326
2762 7541
2767 7326
2818 5613
2821 6916
3030 4031
3065 7541
3160 7326
3171 5720
3171 6800
3283 6448
3458 5720
3745 7543
4031 7552
4117 7552
4280 5065
4731 6448
4924 7545
5009 7290
5362 5649
5362 6189
5362 7541
5493 7541
5560 6619
6010 6467
6448 7541
6596 6936
6625 6893
7119 7359
7290 7553
7326 7541
7457 7553
