7 94
43 4117
59 7033
75 1625
76 7334
94 621
138 2631
153 2534
157 570
158 7548
249 7589
258 3250
258 3417
258 4011
289 2631
304 613
304 7592
311 1115
311 6917
370 3177
434 1561
434 2488
461 1413
570 1793
613 2631
621 1198
659 1561
659 2631
659 7548
729 2650
729 3992
852 7585
960 7548
1002 1527
1115 6917
1255 1793
1255 6448
1256 2631
1361 2631
1365 1393
1365 7359
1392 7457
1393 1470
1470 2762
1470 3171
1470 3607
1470 5560
1470 5616
1525 7471
1527 7587
1793 3992
1793 4419
1824 7548
1877 7587
2027 7583
2465 5366
2529 7440
2534 2627
2534 2741
2534 6448
2583 2631
2627 7094
2631 2650
2631 3458
2631 4117
2631 5366
2631 5616
2631 7591
2674 7585
2692 6435
2753 7589
2762 7592
3067 7589
3137 5616
3265 3992
3649 4488
3649 7585
3891 6800
4492 7471
5065 7419
5342 7446
5347 7588
5366 7548
7057 7585
7290 7457
7584 7590
