7 1908
26 1540
41 1395
43 73
43 1971
43 5215
43 7419
43 7588
59 7033
72 76
72 1164
72 1793
73 859
73 1977
76 1540
90 729
97 4031
134 2412
134 6467
138 610
138 3800
138 7601
140 690
140 3065
140 3799
153 2534
258 3417
271 304
286 7572
304 7592
349 2868
349 4166
370 3177
403 1732
455 886
528 4507
528 5681
528 7513
568 7594
570 1582
610 2529
610 6732
621 1198
659 5616
682 1256
682 6800
729 839
762 1792
762 2412
801 6448
801 7604
820 1732
839 3030
852 4585
852 6800
852 7094
852 7599
960 1917
963 7513
1002 1971
1048 4731
1057 7588
1255 1582
1255 7601
1256 5429
1321 7599
1331 5215
1393 7598
1395 1525
1413 6448
1422 5329
1422 7531
1422 7589
1422 7600
1470 2762
1636 4585
1636 5065
1636 7595
1646 7589
1745 7598
1765 5966
1793 4419
1971 3093
1971 7601
1992 5265
2019 3165
2019 7584
2053 2534
2412 6467
2529 3891
2529 6800
2529 7598
2529 7601
2534 6448
2599 3165
2762 6885
3165 5440
3171 7597
3377 7320
3405 7320
3458 7595
3649 7585
3657 7525
3891 6800
4061 7596
4187 5265
4187 7334
4280 7603
4488 7094
4507 7513
4545 7599
4585 5487
4731 5487
4731 6448
4839 6820
4909 7606
5065 7419
5065 7582
5083 7516
5308 5487
5366 7603
5487 7602
5681 7513
6122 7595
6203 7593
6319 7599
6448 7604
6448 7605
6474 7574
6800 7585
6810 7588
