0 7363
7 5493
29 74
29 5215
29 7548
29 7618
37 7621
41 1395
42 2149
59 5493
72 928
72 7611
75 287
75 7236
76 3458
76 7617
76 7621
88 267
95 2762
95 4585
134 1242
134 2603
138 4760
138 7620
153 1321
153 1604
157 2603
157 6467
158 4760
258 3250
349 2868
383 2089
455 679
539 1527
563 5065
589 2954
592 7615
621 7621
659 3171
708 1359
708 4117
708 5041
708 5065
708 5158
729 6867
839 1002
852 7616
897 7621
928 5493
1057 2277
1057 7419
1122 2631
1232 3217
1242 7619
1256 1365
1256 1604
1256 2488
1256 2627
1256 3458
1256 7624
1268 2603
1321 4839
1359 4585
1359 7419
1365 1470
1365 2762
1390 7621
1393 3171
1470 5493
1474 7615
1527 1793
1527 3484
1527 7622
1527 7623
1581 2027
1600 7245
1604 2488
1604 2627
1604 3458
1604 4236
1625 3065
1636 7585
1644 6203
1644 7612
1819 2255
1908 2163
1908 7619
1992 6264
2135 4632
2192 2319
2396 5366
2488 3458
2603 6160
2756 5441
2756 7613
2767 7327
2868 5493
2934 4187
2934 7617
3158 4731
3171 5009
3262 5720
3262 7606
3417 4760
3546 6180
4117 5065
4117 5493
4138 4731
4187 7617
4317 7619
4366 5493
4536 5009
4760 6448
4783 5493
4949 7620
5065 7621
5265 7617
5652 7618
5720 7606
6779 7621
6867 7621
7093 7289
7236 7621
7290 7616
7608 7614
