7 157
7 7695
12 110
29 43
29 76
29 190
30 1877
30 7236
42 7701
76 2627
76 5652
76 6448
110 729
110 2389
110 3405
134 2111
138 7695
153 3707
196 1763
196 3241
196 7695
236 5783
259 7699
370 6625
383 5366
455 7695
556 920
556 1422
556 3158
556 4839
556 7574
556 7695
729 839
729 5652
729 6448
729 7701
762 1877
762 7525
762 7692
852 4187
895 7653
895 7699
904 4117
948 2319
1002 4497
1056 6629
1056 7695
1057 1470
1057 7034
1106 7676
1106 7693
1251 2529
1300 3241
1312 7670
1359 1470
1359 7695
1365 7688
1393 1470
1393 3707
1393 7695
1470 1636
1470 4497
1470 5616
1470 7034
1470 7693
1604 6800
1604 7698
1636 2762
1636 7693
1636 7694
1636 7696
1747 7702
1763 7692
1877 7564
1985 3843
1985 4050
1985 5306
1985 7690
2142 6596
2158 3405
2158 4059
2248 2499
2319 5012
2319 7335
2389 6629
2406 3950
2406 5366
2529 3313
2627 5560
2627 6800
2627 7695
2756 6800
2796 3707
2868 3707
2868 4187
2868 6779
2934 7617
3071 7697
3330 5440
3405 7611
3405 7699
3458 4497
3458 5366
3495 3707
3515 7657
3639 7701
3707 6782
3707 6800
3843 4050
4038 7653
4117 7695
4171 6596
4187 5265
4497 6810
4882 7699
4947 7676
5265 7617
6203 7329
6203 7702
6373 7337
6373 7692
6750 7691
6810 7695
7289 7695
7544 7700
