0 96
0 539
0 4038
0 6629
30 110
30 7236
42 6596
43 110
76 1057
80 7703
84 2823
96 110
96 1255
96 1732
96 6549
110 134
110 1877
110 5036
110 7711
134 1517
134 2111
370 7621
383 5720
528 7701
563 6945
573 7708
621 6945
621 7712
708 6867
762 1732
762 7525
762 7704
837 3613
837 5036
837 6203
895 1255
1056 3969
1057 1375
1057 1393
1057 1470
1057 2396
1057 2619
1057 2682
1057 2762
1057 6596
1106 1255
1106 1793
1106 7335
1140 1831
1140 3969
1140 7709
1255 2062
1255 2682
1255 7290
1255 7665
1255 7710
1268 2694
1359 7692
1361 7703
1375 5009
1375 6596
1391 7705
1393 1470
1393 1636
1393 5616
1393 7034
1393 7712
1470 3723
1470 4497
1470 5616
1604 7698
1636 7704
1831 7709
1877 6549
1972 7621
1985 7690
2158 3405
2158 7621
2248 2499
2389 5596
2529 6782
2529 6800
2583 5036
2583 5065
2583 7621
2627 6800
2682 7516
2739 6596
2818 3065
2820 7621
2868 7703
3001 3707
3001 5720
3405 6708
3405 7708
3613 3990
3613 4191
3613 7704
3613 7707
3707 5720
3707 6782
4171 5009
4280 6945
4536 7290
4577 7621
4882 7699
5009 5890
5009 6596
5065 7289
5330 5720
5441 6223
5682 7621
5720 7616
5720 7712
6203 7329
6203 7702
6203 7704
6203 7706
6223 7540
6618 7593
6867 7621
7443 7664
7600 7621
