4 6782
26 6448
29 7712
41 258
43 96
43 2255
43 7713
76 7665
88 7720
94 7716
108 7668
110 7711
134 1517
138 1732
138 3281
140 5948
153 1422
158 3856
158 7548
158 7716
172 7067
174 7708
184 7708
201 3856
201 5970
258 7714
280 2868
286 4909
287 948
397 7709
528 1413
528 1540
556 1422
573 1517
573 7716
621 7693
621 7716
659 7708
679 5065
729 1877
729 7717
762 7711
762 7714
837 7719
948 7715
948 7716
948 7717
1002 7713
1057 2396
1057 7714
1106 7676
1115 7718
1255 7717
1268 2694
1361 7703
1361 7714
1365 4467
1375 4171
1393 5616
1393 7716
1413 7067
1422 1470
1470 4957
1470 5616
1732 7716
1917 6692
1972 3122
1972 7714
2024 7716
2081 7708
2158 3329
2396 5009
2529 2868
2529 5951
2619 4171
2756 7722
2868 4187
2868 7703
2868 7716
3158 7716
3171 7716
3184 7067
3281 7714
3377 7711
3405 7716
3458 3707
3705 6223
3969 5305
4171 5009
4171 5367
4171 6596
4297 7716
4536 7290
4947 7676
4957 5065
4957 5366
5041 7665
5065 7289
5065 7721
5950 6448
5966 7711
6779 7712
