0 611
2 611
2 1027
4 610
13 14
13 64
13 539
13 875
14 29
14 610
14 621
14 703
14 729
25 153
25 912
25 914
25 948
26 121
26 206
26 611
26 875
26 946
26 1023
29 914
30 206
30 233
30 336
30 370
30 789
30 928
30 1013
42 109
42 121
42 184
42 461
42 588
42 647
42 728
42 912
42 914
56 1028
64 539
64 895
64 934
64 948
64 1025
73 746
75 1019
75 1029
76 280
76 461
76 565
76 659
76 694
76 1015
77 123
77 247
77 348
79 442
79 1021
80 789
80 838
84 946
96 970
96 1025
97 1031
109 151
109 611
109 1025
121 875
123 712
123 1031
128 442
128 1030
134 1031
140 221
140 507
140 1028
151 442
153 280
174 1013
201 519
201 1023
206 789
206 859
206 912
206 1016
206 1028
206 1031
221 370
221 1032
225 442
233 280
233 1018
280 673
307 970
315 1020
318 970
330 1001
339 946
370 451
370 570
370 611
370 914
374 570
389 519
389 948
408 1028
414 1021
442 934
442 948
451 621
451 1020
461 539
507 1028
519 948
519 1021
526 1027
539 934
539 948
539 1031
545 1016
565 673
570 914
570 1016
570 1027
588 659
610 993
613 934
618 970
621 892
621 1020
659 694
659 914
659 948
673 852
712 970
712 1031
729 914
729 934
773 970
789 953
789 1016
789 1028
821 946
852 993
875 1023
912 948
914 1022
914 1024
953 970
959 1015
970 1013
970 1028
991 1004
1013 1026
