26 1917
26 7290
70 190
70 2650
76 138
76 3346
76 5698
96 100
96 1268
100 172
110 2423
110 4532
138 3346
138 7722
153 1321
153 5720
153 7800
158 7797
158 7798
172 2423
172 3969
172 7799
258 1604
391 539
391 1908
391 2600
455 1361
455 7798
461 3313
539 2600
703 6498
729 7290
852 2529
852 3313
852 5757
852 7722
852 7801
891 2600
904 2816
938 4366
968 1877
996 1540
996 4822
1035 4882
1148 1908
1232 1917
1256 3515
1361 6782
1361 7798
1365 5757
1393 1531
1393 2762
1393 7779
1393 7798
1393 7801
1531 1604
1531 6189
1604 1636
1636 7798
1786 6782
1793 2423
1793 6128
1793 7665
1818 3346
1877 7796
1908 2600
1917 7290
2465 7786
2529 3023
2529 7801
2534 2627
2562 7796
2600 2603
2617 7798
2627 7801
2650 4895
2694 3329
2756 7722
2762 6779
2818 7797
3154 5065
3154 7782
3171 5065
3171 7208
3313 7722
3313 7800
3346 4632
3515 7788
3636 5065
3636 6945
3636 7167
4117 6189
4532 7383
4849 7722
5038 7799
5720 5757
5720 7784
6180 7747
7782 7796
