19 7337
46 96
46 7847
76 4117
96 7847
128 2822
134 1393
134 3171
153 7471
158 7337
158 7471
158 7839
158 7844
170 2962
170 7236
196 7252
196 7399
196 7841
315 7662
338 2111
348 2106
370 7841
455 3745
563 7662
568 1232
577 712
577 7662
621 7841
708 1877
708 3122
773 7181
852 2529
852 7839
1002 4882
1233 4117
1255 2529
1255 7471
1256 2529
1256 4117
1359 7843
1388 2529
1388 6800
1393 1517
1393 7843
1724 7845
1768 3171
2124 4144
2158 2437
2158 2529
2158 4117
2158 4783
2158 7841
2192 7847
2334 4783
2334 6916
2437 2820
2488 5845
2534 3075
2650 7848
2767 2822
2795 7847
2816 3265
2822 6810
2822 7471
2943 6975
3030 7841
3078 7839
3171 5845
3984 7846
4090 7846
4092 7844
4117 6017
5681 5849
6017 7844
6171 7665
6619 7090
6810 7471
6867 7841
6975 7236
7181 7845
7782 7841
