2 3624
7 5215
19 839
19 7289
19 7854
42 2396
42 7856
76 1243
76 5119
76 6975
95 134
95 1057
95 3171
96 839
97 7852
134 1057
134 3882
153 1198
153 7632
153 7850
158 1198
158 7281
158 7848
162 5215
170 2962
170 3673
172 1971
196 3984
196 7399
196 7853
201 1198
201 2650
201 4448
239 621
349 4065
349 4366
412 1198
455 1359
455 4839
528 904
618 712
618 7648
621 762
621 839
762 7525
837 6203
839 1788
904 1057
904 4866
1002 7855
1039 3856
1057 1393
1057 4448
1115 7534
1198 2627
1198 2650
1198 5007
1198 5263
1255 7665
1256 7547
1359 6975
1359 7281
1361 7850
1393 1531
1393 2739
1393 6779
1395 7857
1454 5267
1517 2846
1517 5616
1517 6779
1531 6779
1877 4448
1877 7853
2019 7291
2124 4092
2124 7850
2158 2562
2158 7665
2158 7846
2158 7853
2396 2739
2529 7632
2562 2581
2562 7853
2581 7853
2583 2739
2650 6619
2756 7281
2795 7851
2840 7665
2919 4187
2962 3673
3166 7852
3636 7632
4050 7399
4090 7846
4138 4187
4138 5265
4187 4924
4187 7824
4239 7846
4366 7857
4771 7856
5119 7281
5440 7584
6290 6373
6498 7335
6498 7852
6619 7848
7090 7849
7289 7337
7656 7665
7824 7854
