0 2389
0 2694
0 7869
7 7859
26 7186
42 1600
42 7822
43 2650
43 2962
43 7856
46 1255
59 682
76 7839
96 839
110 2406
153 1198
157 7859
158 249
158 6619
158 7186
158 7862
172 1035
172 2694
172 7862
172 7864
190 2962
196 7399
201 1198
211 7195
236 2962
247 1075
258 7359
297 736
297 1247
297 3152
407 613
407 1198
407 1256
407 2767
407 2868
407 3417
407 4280
407 4771
407 4783
407 5441
407 6203
461 729
461 1453
477 7839
539 1793
539 7822
552 1356
610 7801
618 7648
618 7838
621 839
621 6708
633 4366
682 1106
682 5699
837 6203
839 4495
839 4783
839 7186
839 7665
946 7865
1002 2406
1002 7855
1057 7801
1075 2123
1115 4187
1115 7868
1144 4138
1256 5720
1256 6947
1359 7801
1359 7858
1359 7861
1388 6800
1393 2739
1393 2762
1393 7186
1393 7861
1393 7870
1517 5616
1517 6779
1531 2762
1600 6373
1732 4187
1793 2962
1807 7662
1854 7856
2081 2534
2254 5938
2396 2739
2406 4031
2406 7855
2437 6619
2472 7856
2488 5720
2526 2919
2526 6779
2526 7525
2529 2762
2529 7863
2529 7869
2583 7863
2627 7801
2694 4368
2694 7862
2696 6708
2762 7861
2868 5720
3262 7866
3388 7801
3405 7856
3417 4924
3882 7860
3917 4366
3917 5065
4090 4239
4090 7846
4092 7865
4117 4187
4136 4187
4138 4187
4138 6619
4187 4924
4187 5682
4187 7090
4187 7871
4190 7801
4577 7867
4653 7860
5305 7539
5849 7591
6708 7855
7032 7818
7036 7865
7861 7870
