4 2694
30 7665
42 172
42 2821
42 4771
43 5599
43 7960
46 441
46 1527
46 2694
46 6708
73 762
75 134
75 5215
76 1365
95 1057
95 1393
114 892
114 4839
114 5007
134 1703
134 2280
134 5215
141 297
141 1763
141 4187
196 659
201 6842
201 7938
249 821
249 2472
249 6373
287 636
297 531
297 1763
297 2606
297 3322
297 3984
297 6448
297 6738
302 6292
318 4771
348 441
573 4771
613 2775
618 6945
636 1622
641 659
641 4771
680 6656
729 7948
762 1812
836 4771
836 7862
837 5215
837 7541
839 4080
839 4771
839 7541
852 1390
857 6656
1057 7933
1085 3125
1106 2295
1106 3381
1106 5215
1106 7933
1115 7930
1115 7952
1206 6947
1298 5215
1365 4632
1365 4771
1390 5720
1393 7933
1393 7958
1483 3578
1527 3484
1527 6708
1531 7933
1581 2027
1581 3377
1742 4632
1793 6162
1793 7611
1812 7938
2024 2767
2053 4771
2148 7662
2156 4632
2280 6498
2295 3381
2313 5366
2472 4771
2472 6171
2674 4771
2694 7823
2741 7959
2767 7933
2775 5018
2868 7938
3125 3381
3125 7960
3158 4771
3171 6945
3171 7954
3420 4390
3858 7953
3882 7938
3973 4632
3984 5215
4059 4771
4092 4632
4187 5215
4187 7956
4632 6779
4771 7957
4783 7665
4882 7611
4882 7955
5215 6625
5215 7961
5265 6263
5366 7956
5431 7938
6162 7611
6171 7261
6373 7948
6619 7926
6738 7945
6779 7330
6779 7956
6945 7290
7330 7956
7471 7935
7665 7862
7871 7945
7939 7940
