7 2192
14 1392
42 1751
42 3125
42 3381
42 7969
95 659
95 2762
95 7960
95 7962
97 433
97 4783
128 836
134 1703
158 3882
158 7752
172 7965
267 1106
297 3322
318 433
354 374
390 968
391 2674
455 7026
507 1422
507 4117
536 7961
573 4771
618 1751
659 2158
659 3882
659 7876
703 762
703 4771
706 7965
712 7962
762 7702
762 7962
801 2023
801 6619
836 7862
836 7969
839 7541
852 6165
904 2158
904 5215
1057 1106
1057 1361
1057 2223
1057 2762
1057 4187
1057 7933
1057 7970
1106 7972
1144 7541
1177 2158
1199 7708
1256 3313
1256 7752
1298 4187
1359 2158
1359 7962
1361 5065
1365 5729
1392 4357
1413 5816
1413 7957
1413 7960
1483 7973
1510 7763
1527 3484
1527 4882
1527 5305
1527 7665
1531 6885
1636 5215
1763 2158
1763 7968
1793 4131
1793 7398
1877 4164
1893 2741
1992 4187
1995 7398
2019 7967
2156 3347
2158 2756
2158 2868
2158 2947
2158 3745
2158 4187
2158 4771
2158 4882
2158 6738
2158 7964
2280 7658
2526 4050
2529 3313
2529 4164
2529 6885
2617 7970
2733 2767
2733 3984
2733 5065
2739 7973
2767 6203
2868 4771
3125 3381
3125 7960
3313 3578
3405 7969
3484 7665
3882 4117
3973 7101
3984 5215
4038 7966
4357 7971
4536 7662
4632 7972
4771 6467
4882 5305
5065 7962
5065 7969
5084 5682
5084 7201
5119 7670
5119 7960
5690 6917
6373 7948
6498 7752
6596 7972
7155 7862
7737 7963
7763 7828
7862 7969
7965 7966
