1 72
41 1359
41 1525
41 7982
46 893
72 2694
83 1813
96 510
123 893
138 3093
153 3093
158 7140
172 7665
195 7862
196 3160
216 839
226 3166
348 3405
391 2603
403 1392
403 6863
412 621
412 7843
455 7839
577 7140
577 7290
613 893
618 7140
621 3461
621 7140
729 6863
821 893
821 1002
836 7981
837 893
872 5440
872 7845
881 7975
893 1002
893 1763
893 2730
893 4092
893 4117
893 5352
893 6175
893 6619
893 6623
1036 3405
1057 2762
1057 4038
1057 7481
1057 7982
1106 1877
1106 4632
1106 6566
1197 6623
1256 6623
1268 2603
1268 5440
1268 7810
1268 7979
1359 3093
1393 6779
1517 7699
1527 4882
1763 5352
1793 6863
1877 7960
1911 7951
1917 7947
2297 6134
2313 5006
2319 3975
2437 7979
2472 7862
2472 7980
2674 5440
2694 7699
2762 3160
2767 3093
2767 3613
3093 5615
3093 6352
3093 6467
3166 3461
3171 6280
3171 6429
3578 4771
3613 4403
3745 7947
3882 3973
3882 5018
3975 7665
4038 7947
4092 6779
4117 7947
4493 6619
4632 6863
4691 4765
4866 6566
5265 6263
5352 6623
5440 7845
6122 6885
6134 7981
6373 7948
6463 6779
6467 7140
6779 7862
7140 7290
7266 7947
7845 7979
7862 7980
