7 190
41 1359
41 1395
41 1525
42 1413
42 7987
42 7990
43 762
72 2694
75 7979
76 6498
95 5352
108 436
133 5720
138 3816
140 659
140 4117
140 5065
140 5119
153 3816
190 3785
196 1763
196 3160
196 7983
201 762
226 7974
370 3160
403 2313
412 5007
436 5699
449 3405
449 3969
449 6171
531 5352
577 2954
577 7290
577 7662
577 7962
618 7290
618 7923
762 1268
762 2318
762 2739
762 2762
762 3975
762 7923
801 7862
881 2739
881 7990
893 4117
1036 3405
1057 2762
1057 7481
1057 7990
1177 1470
1232 5783
1256 2762
1312 5352
1413 2762
1413 7862
1527 4882
1539 3461
1636 2762
1636 5933
1749 2313
1749 2767
1793 3461
1793 6162
1807 7662
2318 7170
2389 7989
2412 6779
2437 3461
2650 3785
2739 5065
2739 5720
2767 3613
2767 7982
2767 7984
2825 5615
3026 7983
3125 3816
3171 6280
3381 5352
3405 5783
3405 6171
3720 7007
3745 7988
3816 4117
3816 5119
3882 4839
3975 5783
4092 7983
4092 7985
4117 5119
4536 7662
4632 7972
5119 5831
5263 5352
5720 7988
5933 7976
6203 7983
6290 6373
6373 7948
6498 7978
7533 7991
7923 7986
