7 1002
16 3458
42 5569
42 7714
43 839
43 1085
43 2406
43 3265
43 7923
43 7998
46 1793
46 6498
46 7874
108 157
134 138
134 577
134 682
134 729
134 839
134 1002
134 1268
134 1393
134 1413
134 1959
134 2603
134 2962
134 3515
134 6498
134 7924
157 5935
172 3049
196 762
222 3171
302 852
315 610
318 7903
370 2767
391 1268
449 1057
449 1369
449 1393
449 1531
449 3239
528 8006
539 2603
539 3975
539 5236
573 1369
577 2111
599 1002
621 1636
659 8008
682 729
682 837
682 891
729 1268
729 7662
760 3785
762 1268
762 7749
762 7923
839 7924
895 2295
895 4632
895 6171
904 5935
1002 3313
1002 3816
1007 2762
1007 5442
1057 8004
1058 6498
1106 1365
1106 1636
1115 1531
1115 3984
1232 7874
1232 7903
1256 5036
1256 7794
1268 1369
1268 1959
1268 2603
1268 4382
1268 7665
1321 3313
1321 4382
1321 6498
1359 5036
1359 7996
1361 5569
1365 2970
1365 7236
1369 2603
1369 2720
1369 5440
1369 7236
1392 7999
1393 6498
1395 1525
1413 5036
1531 1636
1531 6885
1636 2472
1636 2603
1636 3515
1636 4117
1636 7998
1636 8004
1793 7874
1877 7749
2024 8003
2324 8002
2355 5720
2389 3049
2389 3169
2412 4882
2472 3049
2472 8007
2488 5720
2603 2720
2650 7924
2756 3578
2762 5442
2868 7703
3012 5938
3093 4783
3233 7998
3265 7984
3307 8009
3313 3578
3313 5720
3313 5857
3377 8007
3405 7127
3458 5720
3458 8005
3515 3745
3573 7665
4031 4523
4092 5065
4092 5569
4092 8000
4092 8006
4117 8008
4382 6498
4421 7359
4523 7903
4632 7972
4783 8004
5006 8008
5036 5487
5065 7903
5119 7816
5236 7979
5305 6779
5305 7845
5427 7714
5720 6498
5720 7714
5720 8005
5720 8006
6045 6596
6280 6498
6498 7924
6498 7999
6498 8009
6576 8008
6619 7662
6779 7845
6867 7874
7396 8005
7533 7991
