41 1256
41 1525
42 7127
43 6162
80 1198
100 5596
110 7074
114 5468
134 407
140 307
156 2158
158 5006
158 7307
158 8027
158 8030
158 8031
206 1106
206 6498
206 7896
214 8034
240 5658
240 5935
247 2762
258 1268
258 8032
284 729
284 7290
370 2712
391 407
407 4001
460 5468
539 2674
570 6498
613 1198
618 5065
636 895
636 4632
636 6619
636 7290
659 4092
729 1057
762 2712
762 3856
895 7665
1002 7359
1002 7665
1051 1256
1057 1198
1057 2254
1106 6947
1106 8028
1115 4379
1198 2527
1256 2488
1256 2640
1256 7359
1300 4323
1359 2254
1359 5616
1361 6319
1361 8033
1527 7999
1600 4523
1636 2488
1763 6108
1793 3865
1793 7074
1818 6498
1877 5038
2156 5616
2156 7359
2158 6916
2254 3154
2297 2472
2313 5625
2472 2970
2472 6267
2488 3578
2488 5309
2529 7525
2620 8029
2650 8035
2712 6108
2712 6373
2712 7201
2762 3745
2868 3947
2868 8029
2943 3171
3125 7951
3195 6842
3281 3967
3405 7074
3950 6108
4090 8031
4092 5179
4171 7184
4379 6280
4632 7972
4684 8035
5065 7290
5065 8038
5215 6467
5366 8036
5616 7359
5935 8034
6498 7905
6498 8025
6596 7923
6779 7306
6779 8028
6867 7951
7306 8037
8027 8030
