4 721
7 5215
19 1255
19 3865
26 3745
26 4317
29 507
29 1135
29 2650
43 1255
83 8089
88 2650
90 1732
97 8068
108 8068
134 1971
138 8089
140 662
153 4731
157 370
157 8092
158 7307
158 8085
172 826
172 1527
172 1877
172 8026
172 8084
196 2233
196 8078
267 6522
283 3195
286 4317
315 7753
315 8076
348 1877
370 8091
370 8094
407 442
417 2762
417 8073
442 4888
449 461
449 1972
449 2694
449 4771
449 6498
461 507
461 1359
461 1540
461 1972
461 2472
528 8073
577 1115
610 1091
618 7532
621 3865
621 8076
659 3417
659 5949
659 8080
729 1972
729 4771
729 8076
762 4187
762 8083
836 1179
836 5215
836 6779
836 8076
839 895
839 1527
839 4783
883 4116
968 5828
1002 8090
1051 1256
1051 1531
1091 1115
1097 1268
1097 2053
1115 7534
1179 2472
1179 3158
1179 4419
1255 4783
1255 7997
1255 8054
1268 5267
1359 5362
1361 8075
1361 8087
1365 5362
1413 8089
1448 8089
1521 3865
1527 2324
1527 4419
1793 8068
1879 8090
1971 4370
1972 8089
2019 8090
2053 8093
2192 4116
2313 3065
2472 4419
2472 4783
2650 7924
2674 4981
2762 8073
2767 8075
2818 4783
2868 5637
3026 8085
3239 8075
3265 6375
3322 4783
3337 8069
3515 5720
3745 8089
3951 4080
3951 4419
4031 5550
4092 8071
4116 8068
4117 4317
4117 8089
4317 4783
4317 5065
4332 4370
4577 4671
4632 7073
4632 8068
4771 6498
4783 5699
4783 8068
4783 8088
4882 6162
4888 8073
5065 8068
5065 8089
5151 8082
5263 8089
5468 8076
5468 8092
5468 8094
5476 8081
5550 8068
5720 6539
5816 8081
6290 6373
6618 8089
6942 8091
7066 8068
7743 7838
7869 8067
7930 8093
8064 8067
8075 8079
8075 8086
8077 8078
