26 4080
26 8148
29 7083
41 1985
41 2627
41 8145
42 4771
88 5845
95 8146
117 134
153 8154
156 6460
158 5845
196 8137
196 8147
253 1787
287 6460
348 1779
442 4507
453 573
573 7335
592 2158
618 6429
656 2619
671 2762
671 3843
762 8143
801 4080
836 5215
837 7983
852 3891
968 5553
1002 8153
1057 3325
1106 3325
1144 2158
1256 2245
1256 4488
1256 4771
1256 5720
1258 7335
1361 8150
1365 3458
1365 4488
1657 6618
1745 7983
1779 5065
1793 5065
1793 5174
1844 8125
1917 4157
1972 2762
1972 7147
1985 2627
1985 5438
1985 7525
1996 7184
2027 8149
2053 7307
2070 8146
2126 7307
2156 7983
2158 4765
2245 5065
2245 8143
2406 2423
2488 2529
2488 4771
2627 4771
2627 7335
2650 8139
2669 5553
2669 8155
2762 4059
2762 4414
2762 7573
3171 5008
3171 8043
3195 8151
3405 6867
3405 7261
3405 7855
3458 4771
3484 3900
3484 7335
3707 4488
3947 6623
3947 7541
3951 8149
3969 7147
4080 8148
4117 5065
4117 7147
4117 8154
4187 7983
4216 5553
4507 7454
4771 5247
4771 5720
4882 6162
5008 6429
5065 6557
5065 7147
5065 7983
5065 8152
5065 8154
5174 7145
5468 6010
5553 8155
5644 7815
5720 8154
5966 7864
6010 6498
6224 6686
6373 7948
6460 8054
6498 7335
6945 7541
7749 8137
8131 8137
8144 8147
