19 108
19 2280
19 8041
29 8165
95 8169
95 8171
108 8041
158 4138
158 5065
172 968
172 6636
172 8164
239 6010
253 1787
286 4138
286 5065
297 5084
304 4507
318 8163
348 1779
348 6940
354 7781
370 6557
370 8137
434 8165
453 573
504 8166
531 8166
570 4615
573 8041
729 6498
729 6940
762 8160
762 8161
836 5215
836 6940
836 8143
836 8159
846 8161
886 5329
907 1057
968 1793
1041 7781
1056 2472
1057 3947
1057 8165
1170 2142
1359 7983
1426 8156
1527 7335
1658 7710
1667 8162
1742 6010
2023 2412
2027 3900
2027 8160
2158 8041
2237 6498
2237 8157
2245 8166
2280 7710
2313 5493
2405 8008
2674 6842
2868 3745
2956 5615
3405 8165
3528 8163
3579 3947
3579 7846
3649 4488
3745 8160
3843 5644
3947 7846
4117 5065
4138 5065
4187 7983
4226 8168
4448 4465
4544 5082
4544 6842
4632 8043
4924 8119
5065 6557
5065 7036
5065 8171
5476 8081
5493 8153
5514 8015
5518 8170
6010 6498
6160 8097
6224 8158
6280 8165
6557 8137
6618 8166
6940 8159
7335 8166
7757 8167
8131 8137
8160 8169
