0 8174
0 8181
7 7690
19 43
29 141
29 2158
29 4544
42 1002
42 8176
42 8178
43 846
43 8041
83 7036
95 774
95 2762
95 3624
95 8171
95 8176
95 8180
96 1441
96 3195
96 6498
97 8175
158 727
172 8164
196 7864
240 3505
240 6549
315 1543
532 8168
563 8181
568 727
570 4615
592 3624
610 2762
703 8175
727 7290
729 1684
729 7903
729 8174
729 8176
762 4544
762 6549
762 8174
762 8175
774 5065
774 5119
801 4080
836 8143
837 4187
837 5065
837 5487
837 7510
968 5553
1002 3402
1002 8151
1002 8176
1056 3951
1057 4187
1057 5720
1057 8171
1144 5652
1148 8176
1198 1359
1198 5720
1206 4544
1206 7690
1361 2762
1413 8176
1426 5065
1510 8176
1622 8181
1684 8174
1745 7983
2019 8176
2095 6623
2095 7147
2245 2302
2255 5305
2691 8171
2694 3405
2712 7201
2739 8179
2762 7326
2902 5215
3023 4747
3065 8179
3158 8175
3166 7036
3166 7903
3166 8175
3405 7261
3484 4157
3745 8171
4031 8175
4092 5879
4117 8179
4157 6619
4187 5468
4187 7690
4216 5720
4280 7903
4380 5065
4414 7510
4448 4465
4924 5831
5065 7036
5065 7903
5084 5831
5119 8177
5305 8121
5935 8173
6498 8166
6498 8173
6779 8178
8151 8173
8171 8172
8177 8180
