42 156
42 1365
42 2529
42 4216
42 6385
42 8200
42 8211
46 3484
75 2956
75 5065
75 6779
76 138
76 1298
76 3528
80 8207
83 3171
133 3330
138 1298
141 4605
153 3984
153 6280
156 1057
156 1115
158 6947
172 968
195 348
196 1985
253 6947
267 5065
338 821
339 3528
370 3865
370 6557
449 968
521 6010
568 1298
570 5179
577 5065
610 1985
618 3171
618 7838
659 8184
692 6947
729 1298
729 7398
729 8215
762 4605
846 6553
968 7855
993 2762
1002 3402
1057 8210
1243 3742
1256 2148
1256 3313
1256 3515
1298 3528
1298 7398
1359 6947
1361 8195
1361 8198
1365 2158
1365 4216
1510 3160
1787 4138
1812 5065
1831 8207
1831 8212
1985 8194
1996 4380
1996 8211
2024 4467
2070 8211
2124 8207
2272 3125
2280 8202
2286 6248
2313 8207
2418 7398
2522 8208
2529 6280
2692 5179
2762 7326
2888 3484
2934 6280
2947 5179
3171 3865
3171 4216
3171 4783
3171 5065
3171 6779
3171 7838
3346 5828
3515 6775
3515 8208
3515 8209
3727 6947
3745 4170
3745 8214
3984 4187
4170 8214
4216 5720
4226 5179
4226 5468
4280 8211
4403 8186
5065 6385
5065 8051
5065 8205
5065 8209
5065 8212
5065 8213
5065 8217
5065 8218
5366 6248
5720 8214
5845 5966
6280 8209
6738 7935
7290 8215
7335 8216
7471 7935
8067 8196
8205 8206
