0 3484
2 4216
29 8223
41 8221
42 8200
42 8226
46 2888
46 3484
75 6779
76 4488
88 1763
94 3158
94 8197
94 8204
95 556
95 2762
95 8015
138 510
138 762
138 4605
141 762
156 3160
158 568
158 5592
158 6010
158 8217
172 2645
172 4882
184 5747
196 1763
196 8159
196 8229
253 1763
311 5592
315 3160
338 821
339 1198
348 3984
370 6010
374 1115
417 8077
424 8227
510 5179
556 2762
568 5592
572 5592
572 6779
592 8061
621 8218
621 8223
621 8229
712 8219
712 8223
729 6010
762 1256
762 4605
762 5179
821 8231
823 2158
836 8197
837 6994
891 8195
893 3458
895 2472
895 8210
1002 7659
1006 1636
1057 2762
1144 1725
1144 1763
1144 3984
1198 3528
1206 4216
1232 3325
1242 8224
1256 5592
1268 5592
1268 7236
1268 8195
1361 5592
1361 8198
1361 8218
1365 2158
1365 4216
1365 4488
1365 5720
1365 6122
1395 7487
1510 8195
1510 8224
1527 3484
1543 5682
1664 7941
1717 8225
1755 3158
1788 2297
1788 7855
1812 5065
1825 5720
1877 2472
1877 2645
1972 8061
1972 8159
1996 8211
2019 7941
2070 8211
2095 3458
2158 4216
2158 8197
2199 8195
2256 6010
2256 8229
2280 2947
2280 8229
2406 2472
2406 2694
2472 2645
2472 8197
2472 8228
2529 4488
2645 3975
2645 4882
2645 8197
2741 4216
2756 3313
2756 8225
2762 3584
2762 7326
2762 8015
2762 8218
2762 8228
2767 3023
2775 7335
2888 4216
2934 6280
2947 8217
2956 8227
2970 8229
2974 5487
3076 7487
3158 3166
3158 3505
3158 4031
3171 3865
3322 6010
3322 8221
3325 5065
3458 4488
3458 8214
3574 8213
3745 5592
3745 8227
3893 8217
3984 8221
4059 6010
4092 5065
4117 7999
4138 8184
4187 4819
4187 6010
4216 5699
4216 7659
4280 8219
4488 7290
4819 5065
4832 8214
4839 5747
4839 7147
4839 7487
4924 5592
5065 5831
5065 6752
5065 7941
5065 7999
5065 8219
5065 8228
5119 8220
5174 6867
5487 8229
5505 7924
5592 6009
5592 6203
5592 6618
5720 8214
5831 8217
5966 6010
6171 8230
6203 6618
6203 8213
6498 7330
6528 8221
6700 8223
6738 7471
6947 8197
7186 8221
7213 8220
7290 8226
7330 8197
7487 7690
7855 8230
8077 8197
8077 8204
8159 8229
8189 8225
8197 8230
8222 8223
