26 5938
29 8265
83 8270
88 138
95 556
95 6010
110 4771
158 1278
158 5659
158 8264
184 3737
226 6010
239 4190
253 6947
286 2589
315 2762
447 7059
449 2435
449 4216
449 6779
455 7059
455 7505
524 1255
568 8268
577 724
577 3737
610 2233
610 2762
613 2762
647 2472
647 3835
647 8232
685 6779
685 8267
708 1877
724 865
724 2775
729 1255
1106 1255
1144 1763
1242 5616
1255 8120
1255 8250
1256 8265
1268 2694
1268 8263
1278 4882
1278 6779
1312 2970
1321 6280
1359 2762
1393 8159
1625 8265
1917 7221
1917 7531
2156 8265
2255 5384
2256 2762
2529 8265
2627 8266
2767 2970
2915 5007
2956 5616
3166 6010
3171 7976
3458 4488
3515 8197
3515 8266
3526 7593
3975 5384
4092 5747
4092 8258
4117 8265
4151 8266
4187 6280
4536 7976
4783 6010
4882 6779
5415 8268
5615 5659
5857 6947
6413 7893
7145 8232
7250 7855
7851 7944
8093 8255
8197 8265
8225 8265
8261 8269
