19 3281
29 138
29 729
42 5471
59 297
60 823
60 2130
60 5682
60 6108
60 6373
95 2762
110 1106
134 1106
138 2057
151 383
151 5471
158 6010
158 7250
196 2762
206 7855
315 2762
370 2762
383 1256
383 4092
442 8267
455 7059
568 7157
577 2762
577 8259
610 2762
636 5853
729 6984
809 1106
821 1106
823 1531
823 2562
823 2762
823 3377
823 6108
836 1106
837 8271
904 2130
1002 1106
1106 1268
1106 1413
1106 4317
1106 5065
1106 7290
1128 2762
1256 3313
1256 8265
1278 6779
1393 2762
1393 8218
1413 7289
1554 3313
1917 7221
2019 8272
2286 8272
2472 8275
2529 3313
2650 8273
2762 6779
2762 7326
2762 8218
3024 6108
3171 8270
3262 6517
3313 3515
4092 8075
4117 8265
4882 6779
5065 8259
5065 8274
5384 8182
6779 8178
6779 8218
7250 7855
8275 8276
