1 46
1 4771
29 5127
30 5127
42 2324
43 5065
43 5127
43 8259
43 8283
43 8285
46 948
46 8287
48 5127
133 836
153 8293
158 8289
172 8232
184 2762
253 2762
370 7972
370 8286
370 8288
391 2413
516 836
531 8277
545 6129
573 1793
573 8288
712 3171
712 5065
712 7972
729 4783
729 6129
729 8287
836 6498
836 7250
836 8286
836 8288
846 1281
846 3592
852 8225
895 1985
895 8283
1106 6685
1106 8285
1148 8221
1242 1268
1242 4170
1255 1825
1255 5891
1255 8238
1268 2413
1281 3592
1359 4783
1359 6685
1531 3171
1531 4170
1531 5065
1581 2027
1776 6203
1786 3325
1787 3613
1787 6129
1825 5891
1831 8290
1985 3984
1985 6658
1985 8105
1985 8239
2024 8225
2156 2767
2255 5127
2437 8280
2504 4170
2522 8289
2529 6685
2674 8287
2762 5215
2762 8105
2767 5725
2956 8283
3000 7145
3158 8285
3169 4882
3171 5672
3171 7972
3262 6517
3676 7736
3967 5613
3973 8277
3984 8284
4011 8277
4117 6685
4170 5065
4171 8288
4187 6129
4187 8105
4390 5891
4523 8061
4783 6129
4783 7250
4783 8294
5041 8277
5065 6685
5065 7851
5065 7972
5065 8221
5065 8289
5065 8292
5215 8291
5329 8292
5366 8280
5493 6129
5891 8285
5911 8290
6373 8286
6436 8239
6595 8289
6685 8151
7119 7732
7145 8232
7290 7292
7290 8226
7326 7851
8121 8285
