0 3203
14 2313
14 8146
42 6087
56 6018
76 4981
91 156
96 5468
97 4641
122 412
138 2326
154 6779
196 2326
239 682
248 8297
270 6569
312 2455
370 8297
412 8471
434 7760
501 2326
532 3265
532 5102
556 6018
621 4031
682 8119
729 5720
836 1966
837 4414
881 8327
883 3265
883 3865
963 8471
1057 3265
1057 5681
1242 5368
1255 4981
1256 4949
1268 2645
1311 2956
1359 2326
1361 6018
1413 4981
1470 7708
1527 6708
1540 4280
1787 4981
1794 3171
2019 4981
2057 4910
2079 8416
2122 2645
2199 4981
2286 2956
2326 4338
2326 5065
2326 5102
2326 5493
2326 5699
2762 3075
3171 5065
3592 8346
3800 4536
3865 4910
3865 5938
3907 4591
3984 4746
4092 6018
4117 8471
4216 4949
4414 8077
4488 4949
4536 5065
4591 8470
4641 8282
4908 6779
4908 8471
5065 7290
5119 8472
5215 8471
5415 7093
6064 8471
6582 8110
6779 8471
