2 8497
7 3122
7 3745
7 8497
26 76
26 8497
29 3107
42 968
42 6419
43 978
43 1198
43 8501
70 729
70 7926
75 539
75 2053
75 2603
97 140
100 2412
138 728
138 3313
138 8509
184 8330
184 8511
258 407
370 1198
403 1255
407 2762
407 3023
432 839
432 1365
432 1996
432 4236
539 891
539 2437
546 3107
610 1966
618 1198
618 7181
621 836
621 7926
659 4216
659 4839
682 1831
729 1057
729 3381
729 4216
729 7190
729 7926
786 8506
836 897
836 2650
836 4031
836 8297
837 839
837 1365
837 8483
852 8468
852 8510
953 8225
968 1793
978 6498
995 8499
1007 8497
1057 5247
1115 7952
1198 5550
1198 6779
1268 8497
1309 8505
1359 1831
1361 8506
1365 4216
1365 6885
1393 2762
1622 5681
1622 7181
1625 2762
1742 7926
1787 8504
1831 5720
1831 8508
2053 2412
2053 2603
2124 2868
2156 4187
2156 8497
2158 7181
2313 2767
2313 7976
2437 8505
2692 8477
2756 8225
2762 4117
2762 4216
2762 4839
2762 5615
2762 7816
2762 7927
2767 8433
3023 8468
3030 8440
3154 4187
3453 6779
4117 4216
4448 8494
4536 7181
4910 8440
5179 8497
5615 6686
5616 7194
5682 8508
5720 8508
5831 8507
6018 6576
6419 8510
6779 8344
6779 8504
6867 8512
