7 6160
19 762
19 7032
29 6569
30 436
41 8523
42 1470
46 895
46 3405
56 6842
76 6569
76 8525
83 6280
94 1365
96 97
96 4465
97 8518
109 8517
123 1418
123 4746
138 4328
138 6569
138 8509
153 1470
158 3727
184 8330
184 8511
196 7190
286 3727
370 2022
383 659
424 2696
488 8515
494 5560
531 3281
542 1106
542 2970
573 2669
618 7838
621 729
621 836
621 5550
647 1824
647 1877
647 2694
647 3405
659 4339
729 897
729 2943
729 6280
730 1365
762 7468
836 2650
836 5550
836 8516
837 4746
839 8197
852 4339
875 1365
895 2694
895 4771
895 8523
897 4632
968 7128
995 8499
1002 8522
1106 1470
1106 2696
1148 4746
1198 1672
1255 5720
1255 6569
1255 7856
1256 8510
1278 3488
1321 1470
1393 4746
1413 1470
1418 2902
1418 3405
1470 2156
1470 4117
1470 4746
1470 5415
1622 2902
1636 5362
1636 8509
1657 5174
1657 6618
1812 2046
1877 5550
1877 6615
1917 2962
1971 3283
1985 8520
2019 8519
2053 7128
2123 8494
2156 3745
2256 3984
2319 4419
2396 4216
2472 8513
2583 4507
2669 2795
2669 7856
2670 5720
2767 3988
2767 8344
2795 7856
2954 7838
2954 8524
3171 6280
3355 8524
3501 5362
3745 7468
3984 8080
4011 8519
4031 4632
4117 4339
4117 7032
4339 5362
4382 4746
4419 8513
4632 5550
4746 5065
4746 5720
4908 5215
5065 7032
5065 7838
5065 8520
5366 8514
5487 8522
5720 7468
5720 8510
6498 7856
6619 8524
6779 8344
6779 8516
6779 8520
6867 8512
7128 8182
7398 7838
7903 8512
8093 8367
8093 8453
8159 8525
8225 8367
8225 8453
8367 8453
8494 8521
