0 46
0 76
0 330
1 1041
2 433
2 621
2 1118
2 1120
3 891
4 729
4 950
14 19
14 29
14 76
14 100
14 134
14 235
14 238
14 433
14 477
14 610
14 621
14 673
14 729
26 43
26 100
26 109
26 142
26 162
26 410
26 1036
29 42
29 68
29 461
29 621
29 725
29 729
29 760
30 238
30 810
32 760
42 43
42 75
42 968
42 1035
46 570
64 1116
68 789
68 1051
73 226
75 1002
76 90
76 109
76 124
76 442
76 507
76 813
76 1051
76 1116
79 238
79 291
79 349
79 477
79 618
79 659
79 852
79 1051
80 947
90 96
96 789
97 433
109 177
109 370
109 506
109 519
109 728
109 729
109 813
109 1045
109 1051
109 1119
123 506
123 729
124 897
134 142
134 151
134 1034
135 1117
146 694
146 729
158 349
158 1115
177 613
177 712
177 729
184 519
226 433
226 789
238 577
238 1036
302 789
307 501
315 577
336 810
349 602
370 621
370 725
374 477
451 816
451 1114
456 760
459 1116
461 729
461 1112
477 729
477 938
508 1051
546 1060
577 618
602 938
610 1057
613 659
618 621
621 712
621 729
621 772
691 963
712 729
712 970
725 947
725 1057
729 947
729 1035
772 1036
789 946
789 1116
810 928
846 946
968 1035
1028 1113
1035 1116
1042 1118
