14 8197
26 190
26 729
26 1298
26 4746
30 124
42 8592
42 8594
43 424
43 6569
43 8085
43 8131
60 577
83 5801
95 8581
138 7867
153 5859
158 1115
158 8586
158 8587
184 6280
249 2645
286 8440
351 407
390 5828
407 1148
407 1636
407 1687
407 2313
407 5471
412 5720
424 8467
434 3745
440 3160
442 5616
455 4382
531 5616
536 5720
536 6779
556 1126
556 1939
563 3160
563 8591
568 3107
568 4358
613 4358
641 5616
641 8577
671 837
728 3313
729 1298
729 5041
762 2529
762 3078
762 8085
823 847
823 2255
823 6779
823 8593
836 6619
836 8429
836 8594
847 4419
895 6569
1002 4949
1057 8586
1070 3313
1115 2767
1115 3727
1115 5065
1115 5859
1115 8440
1140 5720
1177 5658
1177 8197
1268 6121
1298 1709
1298 4080
1312 5859
1365 2756
1365 8589
1393 2919
1393 3093
1393 5720
1393 6413
1393 7034
1393 8577
1600 2255
1636 8586
1763 8588
1787 4949
1787 6203
1793 7666
1793 8297
1825 8429
2027 8594
2053 5551
2124 5265
2158 5551
2177 8589
2223 5859
2472 6088
2529 2767
2529 4680
2529 4949
2598 6618
2645 8260
2762 4949
2762 7708
2767 2868
2821 8591
2845 8567
3030 8085
3093 5306
3093 8093
3107 4358
3107 6569
3204 8587
3313 5801
3313 8589
3636 8583
3646 6280
3745 7067
3967 8560
4216 5551
4523 8440
4545 8584
4656 8582
4680 5891
4680 7186
4771 4949
4882 6121
4904 5362
4904 6448
4904 8596
4949 6779
4949 7290
4949 8595
5362 6413
5427 8584
5498 8587
5616 5720
5616 8577
5652 6569
6203 8477
6280 8597
6498 7666
7238 8588
7760 8585
8481 8484
8589 8590
