14 134
14 8197
29 1255
29 3195
29 4746
29 6088
29 7634
41 286
41 2868
42 3900
43 1615
46 267
60 1745
60 6569
75 76
77 5127
77 5468
80 3745
83 1232
83 2694
95 8581
110 172
134 158
134 455
134 1393
134 8197
158 6448
158 7792
172 2840
172 4419
195 2840
196 6654
240 6467
249 267
249 1527
249 6171
267 1527
407 6448
518 5367
568 8606
621 6654
621 8599
621 8600
641 4092
641 5616
659 1365
671 837
712 3160
729 1135
729 1255
729 6448
762 6744
762 8602
836 6619
836 8429
837 7776
847 1527
847 2158
847 4882
883 8600
948 1232
948 4419
948 8601
1002 8509
1115 1792
1135 1786
1135 2650
1135 4000
1206 5041
1255 6498
1255 7665
1255 8592
1255 8601
1359 2313
1359 5616
1365 4140
1365 8589
1392 4949
1392 7290
1393 1470
1393 6088
1393 8577
1393 8604
1510 8509
1527 1615
1527 2645
1563 8606
1636 8586
1745 6569
1787 6088
1787 8595
1787 8604
1788 2650
1792 2767
1792 4382
1792 6619
1792 8197
1807 2650
1807 3204
1807 3745
1807 5263
1807 6498
1893 3357
2027 8594
2255 6744
2405 8429
2428 4507
2645 4419
2645 5468
2645 8197
2739 8586
2767 2868
2845 8567
3030 3951
3107 6654
3171 4382
3195 4746
3377 6708
3377 8551
3545 8119
3592 3865
3745 6498
3745 6618
3900 4038
3900 8594
3925 8183
4050 8603
4117 8587
4117 8595
4419 6744
4702 8603
4746 8151
4879 8600
4882 6708
4904 8596
4949 8595
4949 8598
5065 8602
5065 8604
5329 8602
5367 8605
5440 8509
5487 7792
5553 7947
5616 5720
5720 6413
5720 8607
5828 8535
6010 6654
6010 7190
6280 8597
6290 6373
6498 8606
6708 8413
7238 8588
8093 8559
8297 8599
8409 8589
