2 8586
14 1057
14 3676
14 8567
14 8615
19 641
19 1807
19 1822
19 2970
19 3745
19 4280
19 8054
28 3166
42 97
73 762
88 8567
90 7186
96 140
97 3166
97 4419
156 3676
156 4414
156 8601
158 4414
190 3676
258 2970
258 8567
302 3426
391 5367
442 677
442 8615
447 8567
528 8015
577 8119
641 1807
891 1917
1057 5592
1255 8592
1255 8613
1268 2319
1268 3405
1359 3676
1359 6467
1359 7531
1359 8614
1392 3872
1413 8615
1527 2319
1787 5592
1787 6280
1787 8567
1787 8618
1807 2970
1822 1971
1822 2619
1822 3171
1917 3676
2313 8614
2599 8613
2650 3545
2762 3238
2762 8015
2762 8616
2943 8615
2970 3745
3122 8617
3239 5592
3545 8061
3613 5592
3676 6619
3745 3984
3745 7334
3787 6280
3984 5681
3984 8567
4011 8616
4092 5592
4187 4414
4187 5265
4187 5592
4403 5592
4414 4746
4414 6203
4414 6738
4605 8613
4632 8615
4807 5367
5065 8609
5065 8612
5362 8614
5367 5699
6280 8597
6916 8617
7760 8566
7792 8567
7984 8567
8119 8297
8515 8615
8567 8611
