14 1359
14 5065
14 6613
14 8621
19 2970
19 3745
28 3166
28 8613
41 8603
43 1787
73 5828
75 8626
76 7186
76 8515
76 8620
88 1788
88 8567
90 2379
90 7186
96 370
97 3166
153 1255
153 4339
156 8601
253 258
259 8625
528 3636
531 1359
531 2627
573 1793
613 4656
613 6613
618 5065
621 904
633 5616
729 1255
729 2970
729 8558
729 8628
762 8558
821 8631
852 2148
852 2762
852 3088
852 6280
852 7869
891 8623
904 1958
904 3648
904 6945
907 2627
928 7186
1019 1206
1057 1198
1115 8603
1140 4656
1206 1787
1255 5012
1255 5065
1255 5679
1255 7236
1255 7290
1255 8632
1359 2313
1359 5362
1359 5616
1359 8621
1359 8622
1413 8349
1458 8624
1521 1788
1521 3545
1625 2762
1636 8015
1636 8625
1732 8631
1786 3107
1787 2888
1787 5441
1787 5592
1787 6280
1793 5012
1793 7855
1793 8260
1807 3856
1831 2081
2023 8515
2027 8594
2148 6280
2148 6619
2313 5362
2529 6280
2627 8624
2762 8621
2845 5679
2888 6570
2888 7186
2970 3745
2970 8630
3088 7869
3239 5592
3307 4656
3307 8620
3313 7709
3405 6570
3485 8630
3636 8583
3745 3856
3787 8608
3800 4536
3984 8284
3984 8624
4092 8558
4187 4656
4187 5592
4187 7869
4216 5367
4226 5065
4403 7801
4419 6570
4615 5468
4656 6613
4656 8620
5065 7869
5065 8015
5065 8612
5065 8621
5329 8619
5415 7186
5415 8624
5720 8607
6203 7869
6280 6619
6570 7855
6779 7468
6779 8197
6779 8622
7096 8615
7186 8515
8093 8559
8197 8622
8297 8622
8515 8608
8621 8622
8627 8628
8628 8629
