14 461
14 1268
25 4333
41 4632
42 3377
42 4949
42 8646
42 8650
43 3676
46 1258
46 8484
74 953
76 4171
96 5127
97 1788
133 3984
138 4131
138 6618
156 8659
158 8159
172 2123
226 4783
226 5127
240 762
240 5127
339 1298
339 3107
374 8654
383 8067
412 5065
442 5065
442 8652
455 8637
461 891
461 4600
461 6618
528 3636
556 2243
610 6108
613 4949
618 5065
729 3676
762 5127
803 2934
837 8637
839 1057
839 2389
839 3900
839 3984
852 3313
852 4641
852 8367
852 8468
904 5644
938 8647
1002 3377
1011 1807
1041 1426
1144 3784
1256 4641
1298 3528
1298 4456
1393 5616
1413 4171
1426 2756
1426 7924
1426 8484
1510 5237
1636 3636
1636 4746
1636 6779
1763 4746
1763 7148
1779 8652
1787 2820
1787 4600
1787 6360
1787 6618
1788 3648
1807 8503
1917 3756
1917 4131
1958 8635
1971 6570
2027 3107
2089 8645
2223 8484
2243 8658
2324 3169
2389 3169
2389 5553
2456 3759
2456 4419
2472 4092
2598 3843
2669 2888
2756 4641
2756 8416
2762 8221
2762 8653
2762 8656
2795 8260
2820 4600
2820 4910
2956 5616
3023 4641
3030 7926
3093 5306
3093 8093
3171 3649
3281 6289
3377 4688
3377 8197
3388 7083
3417 5034
3487 5065
3545 8499
3636 8583
3646 8503
3673 3843
3745 8503
3784 8159
3843 5065
3984 4949
4040 4600
4059 7148
4092 4746
4117 5237
4131 6160
4171 8644
4280 4600
4403 8649
4419 6570
4688 5616
4731 8644
4746 5065
4746 8651
4783 7926
4949 8159
4964 8643
5006 5616
5065 6360
5065 8221
5065 8648
5065 8652
5065 8653
5127 7658
5237 8093
5237 8197
5967 7658
6220 8646
6779 8639
6779 8652
7236 8657
8367 8453
8526 8655
