14 5471
29 781
41 46
42 2027
43 8615
46 138
46 153
46 3856
46 8686
61 2412
76 138
76 434
76 821
76 8686
96 3158
96 3676
96 5844
97 1788
101 1971
122 1207
249 1255
271 3713
370 8691
434 3030
434 8197
434 8630
610 8197
610 8686
656 2598
803 8686
1006 4656
1012 4765
1198 3166
1198 7236
1206 1255
1255 2027
1255 2158
1255 3030
1255 4117
1268 3787
1268 5849
1268 7982
1359 3713
1365 6779
1393 2044
1413 5844
1413 8681
1543 7201
1640 3865
1658 6708
1793 2412
1793 2482
1793 5844
1793 6708
1877 6708
1917 8541
1971 2389
1971 8197
2019 5844
2044 5237
2053 8433
2156 5550
2158 8686
2199 8676
2204 4761
2255 4157
2319 2845
2319 3856
2319 8688
2412 5844
2482 8689
2562 8681
2594 8681
2767 7538
3030 5844
3062 8684
3065 8433
3158 6220
3158 7236
3515 8686
3528 4199
3528 7236
3717 6448
3975 8685
3979 8576
4199 7236
4656 7034
4787 4882
5501 8630
5844 8541
6220 7007
6280 6385
6280 8686
6467 8688
6619 8691
6839 8687
7307 8691
8197 8684
8435 8688
8614 8692
8685 8690
