14 1002
14 6779
14 8630
28 762
28 1539
28 6280
29 1793
42 2027
43 6280
76 1198
76 2412
76 3281
90 431
96 3158
131 610
131 3030
138 434
258 8688
407 3281
419 1198
434 2156
434 3281
434 8197
434 8694
477 8688
610 8697
682 5233
801 2053
852 3751
852 8620
1106 2255
1198 1804
1223 6059
1255 3313
1255 7710
1255 8638
1321 3751
1364 2529
1364 3751
1539 6280
1636 4117
1793 8260
1971 2412
1971 6280
2156 2762
2156 5550
2223 6160
2256 6280
2324 7710
2412 2603
2412 5065
2412 6867
2594 8681
2603 4216
2762 4656
2845 8638
2956 3313
2956 5844
2956 7710
3171 4656
3171 7034
3313 6817
3528 4199
4038 8333
4117 4216
4187 4656
4187 8695
4280 6280
4632 7335
4641 6817
4647 8638
4656 7034
4765 8567
4910 6280
5362 8692
5501 8630
5551 6769
5682 8696
5844 7710
6280 6619
6280 8197
6619 7792
6619 8696
6916 8696
7034 7089
7266 8694
7792 8691
8077 8695
8197 8638
8259 8698
8433 8693
8567 8688
