14 1002
14 1393
14 1470
19 8696
29 1793
43 1255
43 3858
43 8707
59 6203
83 621
83 904
90 5036
90 8700
93 1255
93 4771
94 904
97 226
97 1788
97 4783
110 2645
121 6779
158 286
158 8699
190 2123
195 8701
370 3984
370 6779
407 1413
539 5382
621 904
621 3865
621 4280
656 2645
729 1256
729 8704
762 4267
891 2645
904 3030
904 5065
904 5550
1057 5036
1106 2583
1115 1256
1115 3313
1115 3745
1115 6816
1144 3784
1232 1917
1255 2313
1256 3313
1256 5560
1256 6548
1321 1880
1321 5100
1359 4822
1364 2529
1393 3171
1413 6448
1413 8197
1470 3636
1470 7034
1517 8705
1636 3984
1636 8699
1763 6373
1793 5844
1877 4267
1958 2822
1985 8702
2123 2645
2192 2645
2199 8676
2313 4822
2313 8416
2313 8700
2405 7186
2412 3158
2412 4419
2762 4092
2762 4656
2762 7034
2767 7201
2767 7538
2956 5382
3158 6448
3171 4656
3180 6498
3313 6817
3613 8708
3636 5237
3636 6779
3865 5938
3984 6867
3984 8695
3984 8699
4117 5382
4187 5100
4187 6448
4187 7093
4187 8703
4216 5367
4280 4910
4523 4841
4822 5844
5065 6448
5065 7093
5065 8709
5237 8197
5382 8655
5468 8706
5505 6987
5699 8700
5844 8701
6498 8018
7637 8655
7855 8705
8259 8704
8308 8707
