12 8712
76 8416
91 1550
94 8444
110 8260
153 8715
158 1636
158 8120
249 1255
407 4187
442 3501
442 8197
518 4216
530 1418
563 5065
610 8444
647 3405
656 2645
736 8090
803 8120
821 7726
852 907
852 4680
852 8367
895 4997
904 5065
1057 2192
1057 2825
1060 8713
1115 1256
1115 6816
1115 8120
1223 6059
1255 3727
1255 4997
1255 8260
1256 3313
1256 6816
1268 4216
1359 7516
1365 3110
1375 7434
1393 8713
1406 2767
1413 8197
1636 2598
1636 3110
1636 6618
1793 8260
1825 8714
1877 2562
1877 4267
1958 2822
2256 8717
2313 8713
2324 8716
2412 4419
2412 4964
2428 5237
2598 8712
2645 5373
2645 7855
2767 6203
2767 8444
2767 8543
2767 8706
2767 8715
2820 5720
3110 8052
3171 8714
3405 5125
3457 8713
3515 4680
3545 8543
3613 6779
3613 8197
3636 5237
3727 6385
3727 6939
3980 4656
3980 7034
3984 7434
4064 6939
4090 8711
4117 6990
4187 8713
4216 5367
4419 5100
4680 8225
4746 8416
4882 8716
4904 6990
4904 8717
4997 6619
5065 8706
5065 8715
5125 8197
5306 8715
5373 7855
5720 8710
5720 8717
6203 8543
6280 6385
6310 8643
6619 6939
7855 8260
7855 8716
8197 8710
8630 8713
