0 48
0 80
0 175
0 184
0 686
0 881
2 315
2 1137
13 48
14 19
14 42
14 76
14 109
14 174
14 184
14 315
14 431
14 433
14 678
14 963
14 1051
14 1134
14 1139
14 1141
25 442
25 618
25 686
25 904
25 1128
25 1136
25 1140
26 238
26 431
26 678
29 195
30 493
30 1106
42 97
42 121
42 175
42 431
42 1057
42 1106
46 1035
48 859
64 79
64 1137
73 852
76 772
76 1145
76 1149
79 659
79 1028
79 1138
97 121
108 789
109 189
109 1144
121 1149
134 1145
146 189
153 772
153 1136
158 195
158 686
158 729
184 1041
184 1139
189 370
189 570
189 691
189 852
189 1045
189 1143
190 946
190 1147
195 235
195 1002
195 1035
195 1135
196 451
206 1035
235 1135
238 247
238 1010
238 1018
240 659
240 729
247 287
247 394
247 729
287 882
287 948
315 618
336 431
339 821
348 1010
370 773
396 1141
404 1141
414 760
431 678
431 729
431 824
431 1106
455 652
461 772
477 506
477 1137
506 1045
519 1045
539 1031
565 922
565 1142
570 723
570 772
570 922
577 618
577 621
577 1036
618 621
621 904
621 1020
729 1136
729 1144
772 1134
789 912
803 1120
852 922
852 1133
912 948
922 1142
938 1057
1002 1035
1031 1148
1035 1146
1132 1134
