29 4615
42 1198
42 2943
42 4746
43 762
76 1255
80 184
80 1636
83 4187
88 1255
88 6549
90 1917
94 8131
100 2255
100 2437
100 4419
110 839
123 4419
128 8764
141 3195
153 2767
184 613
184 1483
184 2650
184 8750
196 8758
226 4523
258 1198
258 8740
286 6280
447 4839
455 7851
455 8515
455 8768
539 8766
587 8753
686 2762
762 6817
762 7290
817 921
839 2650
839 3405
839 5093
839 8712
892 8762
895 921
921 2845
921 8760
1002 4787
1057 2136
1144 8767
1198 4092
1198 6779
1242 2991
1255 4523
1255 8638
1312 8753
1361 2136
1393 8763
1483 2599
1483 2991
1483 5267
1554 4949
1636 3158
1636 7359
1972 6280
2053 6189
2136 4092
2136 5065
2286 2599
2437 7855
2529 6413
2599 2991
2600 8766
2650 8756
2739 6088
2767 4092
2767 8750
2767 8765
2991 3281
2991 5699
3059 4031
3122 4419
3171 4746
3171 6088
3313 4949
3313 8769
3405 6768
3745 4839
3865 6280
4092 8763
4092 8768
4267 8752
4787 4882
5041 8765
5065 8768
5093 6867
5093 8759
5272 7036
5362 8765
5427 8769
5566 8197
6015 8758
6189 6357
7036 7194
7637 8582
7775 8761
8515 8601
8651 8661
8712 8756
