14 1413
14 7290
26 3125
29 4746
29 8822
42 4746
48 1539
88 8837
96 3030
96 3166
96 4339
97 3030
100 2255
133 8630
138 1844
138 8175
158 5066
158 5237
158 8175
196 8837
258 1863
258 4746
259 8466
286 8839
374 8839
405 1527
407 1413
455 2775
455 6829
528 1255
528 3107
556 8821
621 1255
621 8836
621 8838
712 8379
712 8841
729 7290
881 1242
881 8840
921 3484
993 2762
1002 1242
1002 2825
1085 1242
1106 4199
1115 8839
1144 8837
1242 2199
1242 6779
1255 2255
1255 2437
1255 2599
1255 2762
1255 3122
1255 4117
1255 7290
1255 8175
1255 8613
1321 4634
1365 6779
1413 2762
1413 4746
1413 7290
1466 5066
1539 6467
1636 6829
1717 3023
1863 4746
2150 8832
2184 8012
2204 4731
2599 3165
2739 3110
3107 5066
3110 6203
3171 8833
3613 8835
4059 8297
4059 8838
4117 7290
4187 4746
4200 8811
4382 8835
4419 8472
4634 6618
4731 8630
4746 8837
4765 7290
5065 8841
5066 6779
5179 7290
6162 8472
6467 6779
7136 8839
7471 8835
7855 8260
7855 8472
7877 8630
8159 8410
8515 8840
8821 8824
