19 592
19 621
19 904
19 1115
19 5065
26 568
29 461
29 8297
30 2255
42 4325
43 8850
46 2319
46 8197
76 3195
76 5270
110 1971
110 5125
145 7236
158 286
158 528
196 8119
196 8859
258 4839
284 5681
419 5468
419 7236
419 8515
461 8867
536 8630
556 1115
556 8750
556 8821
568 1543
568 8859
618 8854
729 3195
736 8858
839 8472
852 4339
920 5816
920 8630
1002 5125
1002 5305
1005 8118
1035 3377
1041 8860
1057 1825
1057 4339
1057 8862
1106 8861
1115 1644
1115 7472
1198 5065
1198 8630
1251 8866
1255 6248
1298 7236
1359 3501
1393 4242
1393 6203
1393 8870
1636 5065
1636 6203
1636 8863
1763 8119
1787 5065
1915 3573
1915 6248
1941 5270
1971 8865
1977 8232
2122 6467
2122 7236
2148 7722
2204 4731
2324 5125
2413 2720
2413 4216
2529 7589
2650 3648
2674 4339
2762 3171
2762 6885
2767 8870
2816 4573
2845 8869
3030 8119
3088 4339
3171 3487
3195 8861
3275 6829
3381 5065
3484 8865
3490 8491
3573 7290
3574 8857
3636 8870
3707 8861
3745 8870
4057 8849
4090 8857
4092 5065
4171 4431
4199 4431
4632 5065
4839 8750
5065 5305
5065 6203
5065 7359
5065 8856
5065 8857
5065 8867
5065 8870
5141 8809
5362 8868
5467 7516
5816 8861
6203 7359
6290 6373
6373 8119
6373 8846
7290 8515
7516 8871
8119 8750
8119 8864
8750 8863
