26 6280
42 8824
43 582
43 5237
43 8861
76 3281
80 2762
138 3727
138 8121
140 4117
153 2762
158 8467
172 1369
196 5065
201 6280
297 3026
297 6386
297 8694
374 8812
383 8879
407 2762
407 6280
432 8824
444 8878
447 8750
546 5065
577 2724
577 8877
582 2845
582 7236
621 2762
621 8877
656 4080
659 2821
712 8515
729 2762
762 8467
762 8869
762 8878
823 2762
837 1365
837 3613
837 4242
837 6280
837 8872
852 2148
1011 6885
1057 8862
1106 3931
1198 6619
1198 8875
1242 3030
1255 1256
1255 8232
1298 5021
1359 4216
1359 8876
1365 2762
1365 3931
1365 6280
1393 2762
1393 4339
1393 6280
1527 1971
1636 8876
1763 5065
1812 2762
1836 2762
1917 2126
1917 5788
2156 8876
2204 4731
2243 4949
2245 2762
2297 4873
2316 6885
2389 3232
2455 4190
2529 6663
2692 4488
2724 2762
2762 3727
2762 3745
2762 4339
2762 5065
2762 6885
2762 8218
2762 8874
2762 8876
2767 8008
2775 8867
2795 2845
3088 4339
3171 3727
3676 8880
3707 8869
3745 5065
3931 5065
3931 6280
3951 8232
3975 7659
4031 6498
4057 8849
4092 8876
4117 6280
4176 4879
4216 6280
4242 8798
4339 5679
4873 5468
4908 8869
4949 8630
5065 5362
5065 6280
5065 6462
5065 8218
5065 8867
5065 8870
5065 8877
5720 6663
5720 8879
6280 8515
6280 8608
6290 6373
6462 8197
6462 8630
6498 8008
6619 8467
6978 8224
8121 8232
8297 8877
8735 8873
8750 8863
8763 8876
8798 8873
