19 1223
95 8008
97 8363
123 8901
140 5179
151 407
153 2534
153 5649
158 1126
172 2650
297 4862
297 7726
370 4280
455 7534
455 8907
577 699
610 1321
610 4727
610 8015
610 8500
610 8551
621 7851
621 8770
621 8901
679 8735
729 5471
729 8900
762 1369
773 1742
836 7481
836 8297
852 4339
904 8901
952 5272
952 7631
952 8500
1002 5065
1002 5471
1115 8401
1126 4187
1128 8902
1247 7851
1265 7481
1321 6289
1321 7534
1369 3158
1392 7513
1392 8401
1622 8130
1742 8363
1787 8907
2053 5471
2136 3973
2156 2762
2324 5471
2534 4339
2541 6373
2650 5065
2650 8906
2762 6638
2762 8015
2919 7631
3030 8297
3166 8297
3195 8908
3281 7631
3414 8735
3414 8904
3636 5237
3856 8904
3975 8903
4187 5065
4417 5362
4615 5468
4765 8885
4839 8900
4839 8905
5040 8221
5040 8900
5041 8904
5065 8877
5065 8907
5362 8904
6203 7481
6373 8846
6596 8795
6619 8297
6619 8401
6942 7631
7481 8909
8297 8895
8401 8567
8494 8851
8515 8795
8735 8907
