25 5550
42 8849
60 196
60 949
60 952
60 1167
73 226
73 4641
76 7199
97 8363
110 4419
113 1057
113 5272
138 1561
158 762
158 1126
158 6280
158 7359
158 8401
158 8918
196 4050
201 285
201 6280
286 8918
455 5493
461 2961
536 3636
568 1255
610 8015
613 2775
621 837
621 7292
621 7631
621 8912
682 5828
762 3166
762 4615
762 4641
762 6434
762 7359
789 897
836 8909
837 1365
852 2488
852 3313
852 8911
952 4600
1002 1636
1002 5493
1002 6779
1057 1242
1057 5272
1106 5828
1106 7631
1115 8918
1206 7199
1255 1787
1255 8918
1302 3166
1302 4641
1365 1561
1365 3453
1365 8900
1393 8500
1393 8910
1393 8914
1418 2136
1539 1787
1539 5272
1561 3281
1625 8910
1636 6638
1658 3329
1794 8795
2360 5493
2529 5261
2650 4997
2663 7631
2762 6638
2762 8015
2767 3636
2775 6434
2845 3727
2919 6434
2956 5616
3023 3313
3023 8911
3107 6434
3166 4641
3171 5272
3171 7359
3313 8911
3325 6916
3325 8897
3636 5237
3636 8914
3727 8918
4011 6434
4050 6373
4117 8910
4187 5065
4783 6175
5006 8913
5007 6280
5007 8197
5065 6638
5065 8849
5065 8899
5065 8910
5261 6917
5493 6779
5720 8917
6175 7631
6280 6816
6373 8919
6434 6618
6434 7090
6434 8905
6434 8915
6596 8795
6638 8197
7199 8916
7290 8912
7534 8917
8008 8887
8282 8918
8515 8914
8621 8862
8626 8878
