42 1413
73 226
76 7290
89 1539
97 8363
113 3265
113 8942
138 7290
158 286
158 1115
158 8014
158 8911
158 8931
158 8936
201 8931
226 8931
240 7903
286 3727
359 5065
359 6373
359 6619
374 602
446 3275
455 4275
455 8197
455 8878
536 1470
536 5362
546 4746
563 618
563 1774
610 6280
613 8014
618 4216
621 1539
621 3030
621 3540
621 8014
837 4187
837 5065
837 8789
837 8937
852 2868
891 2019
921 1836
921 6064
1035 2333
1036 8846
1057 3540
1057 7976
1115 6203
1115 8911
1198 8929
1256 8936
1369 1527
1392 6134
1393 1418
1418 5616
1418 5720
1510 4216
1521 8941
1539 4841
1636 8934
1742 7203
1774 3171
1774 5065
1787 8943
1877 8938
1917 2292
2019 3975
2019 5367
2112 3275
2255 7128
2255 8197
2650 4841
2762 5560
2956 8197
2989 3030
3122 4546
3122 6247
3122 8770
3122 8846
3171 3355
3171 3727
3171 4216
3171 6429
3171 7290
3313 4339
3377 5948
3636 4839
3636 8914
3967 5472
3975 7128
4011 8750
4090 8937
4171 4536
4171 8939
4187 8937
4339 5720
4419 8197
4523 4841
4546 8770
4546 8938
4632 8942
4641 8935
4731 6448
4771 7136
5023 8608
5065 8014
5065 8944
5272 8937
5362 8929
5468 8931
5720 8940
6134 8099
6203 6618
6248 8939
6373 8846
6498 8931
6613 8933
6618 8812
7128 8197
7136 8197
7903 8467
8093 8940
8197 8789
8205 8932
