1 68
1 1168
13 46
14 19
14 42
14 76
14 109
14 135
14 146
14 374
14 433
14 516
14 577
14 610
14 820
14 993
14 1179
14 1181
19 73
19 79
19 459
19 565
19 805
19 993
19 1115
19 1179
19 1181
26 554
26 824
26 1147
29 76
29 79
29 80
29 94
29 201
29 442
29 461
29 613
30 90
33 1002
42 490
42 694
42 729
42 991
42 1106
42 1170
42 1177
42 1179
46 201
48 789
64 79
66 741
73 295
76 109
76 184
76 201
76 298
76 404
76 490
76 644
76 1141
79 610
79 1137
80 109
80 644
80 993
95 225
97 433
97 836
109 146
109 899
109 993
109 1128
109 1141
115 1162
121 249
123 195
123 1128
124 488
141 201
158 644
184 1139
191 993
195 577
195 1128
201 1159
233 1106
233 1164
283 836
283 1169
287 1176
289 644
289 1179
370 436
370 991
404 1141
433 436
461 644
461 1179
477 1106
502 1177
506 1128
516 1179
554 824
565 1178
565 1179
577 1128
610 621
610 883
613 644
621 721
621 948
644 1172
644 1173
644 1174
659 1175
662 813
712 1128
712 1177
728 1179
729 919
729 1106
731 852
789 1158
789 1182
824 1180
830 1170
834 1054
836 1169
935 1166
948 1176
952 1167
968 1145
993 1128
998 1126
1028 1170
1054 1177
1106 1164
1170 1171
1179 1181
