19 48
19 592
19 904
26 810
42 4038
43 48
48 73
48 83
48 88
48 729
48 1521
48 1539
48 2650
48 2845
48 3166
48 4117
48 5179
65 5305
70 1255
97 3030
122 8478
134 3811
153 8462
153 8947
158 286
158 1539
158 2062
158 3636
158 8814
158 8956
226 1857
275 2869
286 8467
286 8950
359 6619
610 917
610 4339
621 917
621 1857
659 762
671 1664
671 5468
671 8955
762 1857
762 2053
762 2396
762 2650
762 2845
762 2954
762 3811
805 4711
852 8234
881 8478
895 5305
895 6817
1035 1664
1035 1780
1057 4339
1255 2650
1255 3075
1256 4339
1256 6817
1369 7335
1393 4339
1393 8952
1413 3811
1521 2650
1521 3195
1521 4216
1540 8961
1664 6779
1664 8961
1742 1857
1745 2664
1786 7184
1787 8462
1787 8943
1857 3030
1857 7371
1872 2488
1917 2126
1917 2292
1917 3975
1917 8099
2062 6203
2062 8197
2089 6683
2256 3442
2428 2664
2627 3613
2627 8197
2650 5065
2650 7290
2664 3171
2664 4117
2664 5065
2664 8416
2762 7034
2762 8959
2869 4419
2954 8956
3075 4419
3122 4546
3195 8908
3204 8900
3313 8234
3414 3613
3487 4379
3613 4275
3613 5065
3613 8462
3636 8814
3811 4216
3811 8847
3973 6203
3984 4187
3985 8953
4116 8900
4216 7290
4339 7236
4419 8954
5065 8960
5305 6817
5305 8197
5362 8816
5468 7371
5468 8931
5487 8958
6203 8197
6236 8957
6373 6619
6619 8467
7371 8931
7534 8917
8735 8958
