19 1788
43 1971
76 9008
83 1298
83 3171
88 1788
90 6945
95 2762
96 4226
122 4382
138 1941
140 2820
153 8715
158 240
158 286
158 1941
158 6220
158 6448
158 9002
172 9005
174 9010
184 8987
240 539
240 2396
240 9002
258 3841
286 2934
286 4731
390 2062
407 4822
455 4822
455 8768
461 2428
546 8386
556 6498
618 3171
621 7290
621 9004
762 1521
762 1788
762 4841
762 6220
762 9004
821 1824
821 3030
821 4771
837 3613
892 3865
897 1894
897 4632
948 3171
1002 1971
1002 9008
1106 4632
1115 6203
1115 9009
1144 3030
1255 1972
1255 2741
1255 4841
1255 6220
1255 9002
1298 5553
1298 6498
1321 9002
1364 5720
1365 3171
1365 4746
1413 2741
1413 9002
1418 2248
1418 3787
1470 7290
1521 3195
1521 3785
1539 3195
1622 6220
1732 8386
1788 4523
1788 5468
1788 7371
1788 9006
1822 7194
1877 8926
1917 8630
1917 8985
1941 2062
1941 9002
1971 3377
1972 9002
2057 2767
2158 4746
2248 3787
2255 4546
2428 5237
2437 6479
2762 5065
2762 5720
2816 9002
2919 5294
2989 3030
3030 8297
3166 4841
3171 4746
3405 8197
3787 4731
3787 8197
3969 4546
3984 4771
3984 9002
4117 4746
4419 8990
4546 8977
4731 6448
4746 7290
4746 8386
4822 6779
4841 5468
4971 6779
5065 9007
5348 8990
6007 8959
6203 8284
6203 9009
6373 8919
6448 9002
6498 9003
6619 8715
7371 9006
8297 8999
8346 9004
8735 9007
