41 563
41 4339
41 8658
42 2789
43 2453
43 2789
43 4997
46 2816
70 5141
73 2062
83 563
88 283
96 570
96 1972
96 4523
97 283
97 4841
97 5141
153 785
158 2789
158 9032
190 4949
218 3984
258 4473
285 6498
297 1850
318 4841
367 3984
442 2776
455 4501
455 8988
546 1106
546 5036
546 7290
563 5065
563 6619
641 5838
682 2816
785 3613
852 9034
891 1540
891 8826
1041 2789
1106 4746
1106 9010
1115 4339
1115 8401
1115 8956
1256 7329
1278 6373
1361 4501
1369 9005
1470 9035
1527 3975
1540 2964
1540 8195
1540 8826
1824 5093
1917 9014
1972 4523
2052 9010
2081 5844
2081 8874
2126 5036
2204 4731
2204 5362
2529 9034
2534 8981
2762 5065
2762 6373
2762 8887
2869 9031
2919 9027
2934 8093
2943 4323
2970 9005
3171 4501
3313 9034
3624 9010
3636 8981
4092 8981
4117 5828
4419 9005
4501 5065
4501 6619
4746 8969
4839 8750
5065 5157
5141 9029
5966 8144
6373 9033
6817 9034
7855 9028
8144 8311
8197 8887
8561 8759
8849 9032
8874 8997
8981 9001
