0 771
2 993
2 1182
2 1191
3 771
7 659
13 46
14 42
14 124
14 414
14 570
14 610
14 621
14 728
14 1177
19 73
19 459
19 805
26 570
26 946
26 1193
42 573
42 946
42 948
42 991
42 1106
43 729
48 403
48 788
51 69
51 852
69 201
73 810
76 109
76 184
76 213
76 993
76 1167
76 1185
79 189
79 307
79 459
80 613
80 621
84 946
94 788
97 121
97 1186
100 330
100 771
100 1164
109 486
109 519
109 618
109 659
109 993
121 570
121 993
121 1186
134 570
146 659
148 821
148 1179
153 174
153 189
158 565
174 189
184 712
185 952
189 938
190 946
201 788
213 613
216 887
235 1186
238 1035
247 771
249 948
249 991
287 771
287 948
402 788
404 1141
414 946
461 570
461 852
461 968
490 746
490 1190
509 824
516 760
565 1185
570 621
570 954
613 1183
613 1191
621 694
621 993
621 1128
659 729
659 1191
728 1177
746 1190
771 1002
789 1182
789 1191
836 1189
852 1185
948 1164
948 1176
948 1188
952 1141
952 1184
993 1128
993 1141
1002 1035
1002 1164
1002 1187
1058 1082
1058 1129
1191 1192
