26 42
41 8658
42 891
42 1540
42 8970
43 946
43 5471
43 7335
46 2611
46 6220
59 8874
75 948
76 708
76 7335
83 1255
96 570
97 283
140 158
158 2158
158 2816
239 755
354 1106
354 2158
354 2529
354 2767
354 4852
528 5065
528 8981
539 6220
546 2255
556 1057
556 2762
556 5065
556 6349
556 6683
618 1255
621 8330
641 4092
656 5806
708 2389
708 5720
729 6945
762 3313
823 4702
836 8297
837 2428
852 2428
852 3313
852 3636
852 5720
881 5471
895 921
938 8874
946 1917
1035 5938
1057 1917
1057 6289
1057 8099
1057 9035
1057 9045
1115 9045
1247 7903
1255 4632
1255 7290
1256 9035
1304 8947
1361 9035
1763 3122
1787 8515
1787 9041
1917 8099
1917 8948
1941 9043
2158 7096
2255 4546
2255 8515
2529 3313
2617 8874
2762 3088
2762 4702
2762 5367
2762 6683
2767 9036
2816 4702
2816 7199
2845 9047
3088 4702
3171 9044
3727 7839
3787 9046
4011 4702
4092 5065
4092 8981
4317 6596
4448 6945
4589 5065
4632 9044
5065 6349
5065 6596
5065 6683
5065 8981
5065 9044
5065 9045
5065 9046
5065 9048
5550 9044
5658 8931
5966 8977
6580 9049
6945 8931
8631 9050
8874 8997
9051 9052
