26 1147
41 9070
59 852
59 1256
59 2767
59 6319
59 6817
73 108
73 3166
96 570
97 921
153 2775
159 823
201 4702
201 7290
221 2472
221 2762
221 2845
221 3856
221 5065
221 6738
221 8598
238 4546
286 9066
287 8890
348 5386
524 1255
546 6842
573 2122
577 9071
613 9070
621 9067
636 7924
656 6945
659 852
821 6945
837 1977
837 4746
852 2762
852 6842
852 7329
892 2775
921 928
1035 5938
1057 2762
1057 9068
1097 6738
1106 3461
1106 6779
1115 9066
1247 4187
1255 7290
1268 2053
1359 3067
1359 4822
1392 8608
1395 1525
1604 5021
1737 1972
1763 8119
1824 4532
1908 5386
1908 7335
1972 4822
2297 4117
2396 5493
2472 4746
2529 5574
2627 9067
2692 4589
2762 3984
2762 6738
2767 9067
2775 3417
2816 6842
2956 9046
3030 9067
3110 7822
3125 4746
3377 9067
3377 9072
3461 6779
3515 4746
3975 9072
4589 5065
4866 5065
4866 7329
4882 9069
5021 6945
5065 5386
5065 7034
5065 7329
5308 8874
5468 6842
5493 6779
5720 9065
6373 8119
6618 8977
6779 7329
6917 8401
7034 7329
7034 9068
7156 8401
7924 9034
9034 9068
