29 1106
41 2617
88 968
101 2357
101 2970
138 5141
153 3420
196 2868
196 4746
196 6373
201 6842
271 1470
280 1576
280 3166
446 9106
447 2868
577 9018
610 3250
836 8297
852 9102
968 1413
968 1742
968 2204
968 5366
968 6619
1002 2318
1002 9101
1057 3171
1106 4485
1122 4589
1256 8674
1539 7290
1539 9109
1561 5141
1561 9108
1576 5065
1576 8608
1742 1779
2095 4746
2095 9102
2148 3171
2389 5596
2522 3171
2529 2845
2576 3171
2617 2974
2816 4841
2816 6842
2822 9071
2845 9109
2868 4746
2868 5065
2974 9077
3125 4746
3166 6842
3171 3854
3171 3984
3414 9101
3785 6373
3854 8416
4092 8981
4117 5141
4419 4589
4419 9107
4589 4746
4746 7998
4882 5596
5065 6619
5065 8330
5065 9071
5065 9107
5141 6842
5141 8931
5141 9103
5362 6385
5487 9101
6203 9105
6373 9114
6619 9071
6797 9112
6842 7371
7290 9109
7371 9081
8015 8297
8015 9111
8330 9106
8407 9110
8515 9113
9080 9113
