26 1996
73 5179
88 8367
88 9130
89 2919
96 5141
110 2297
110 8260
153 2627
153 5757
153 9147
158 5757
158 8467
258 5757
280 1365
287 2468
391 3224
407 5367
407 5933
455 5757
532 1106
532 5129
539 8260
621 9041
729 904
837 3984
885 4641
907 9147
1206 4641
1235 1359
1255 8260
1300 2845
1300 3646
1364 4088
1390 3854
1413 3799
1413 5367
1474 5018
1561 4236
1563 2297
1636 9150
2027 7335
2123 2297
2272 5141
2297 6467
2389 2468
2389 7335
2468 7335
2583 8981
2627 8367
3030 5468
3171 7290
3322 5692
3328 9152
3453 3646
3502 6619
3502 9150
3541 9152
3984 9149
4419 8260
4523 5141
4895 5692
5018 8277
5331 8925
5377 9151
5757 9147
6619 7208
9113 9148
