13 110
13 7855
29 151
43 2297
43 4179
73 2062
73 2845
73 5179
73 9109
88 3646
88 5757
110 2297
110 8260
110 9107
158 3854
158 4179
158 7290
158 8981
201 1787
201 2131
201 2957
201 8197
280 5430
302 9156
312 4236
407 1268
432 3856
528 641
536 641
546 9155
570 762
573 1563
573 2297
577 6373
602 679
641 1576
641 5621
682 9071
762 5658
810 8099
852 3313
852 7199
881 1831
881 5616
881 5720
881 6779
885 4641
907 9147
919 3029
1002 1369
1255 1576
1255 7290
1255 9013
1268 5933
1359 9071
1413 9154
1539 9154
1540 3044
1625 9071
1742 5550
1742 9154
1763 6782
1774 2650
1774 7290
1844 4641
2123 2297
2292 9154
2297 2534
2598 4456
2729 9144
3026 4179
3030 3984
3065 9071
3322 5692
3322 5757
3501 4179
3621 3856
3736 8297
3854 8981
3984 7335
4179 4839
4355 8750
4419 8197
4419 8260
5018 8277
5065 9152
5132 9153
5377 8981
5493 6869
5493 8862
5550 7371
5550 9154
5616 8197
5616 8484
5616 8750
5757 9147
5844 9071
5946 9152
6779 9100
7290 9154
8182 9154
8197 8981
9130 9152
