26 4746
59 9180
76 434
95 7311
96 1255
96 1742
108 2453
128 8764
134 8926
153 9186
158 455
158 9186
196 8711
201 9143
236 9147
249 1255
286 9191
312 3075
382 8197
432 1972
434 442
434 577
434 1365
434 9156
434 9188
442 3026
442 5267
442 9180
455 5065
455 5362
455 9171
455 9187
539 4187
539 9143
802 5065
852 3313
852 9186
895 3484
895 4157
895 8338
895 8347
1057 4187
1106 4187
1126 4187
1148 1625
1148 2739
1198 9190
1206 1436
1255 1298
1278 6250
1369 1658
1422 9185
1576 2081
1576 4187
1576 9178
1636 3313
1636 9187
1658 7855
1818 9152
1857 3030
1972 9004
2020 9182
2156 3075
2255 9189
2346 9180
2453 2762
2453 5373
2868 4187
2934 6125
3071 6448
3122 9147
3377 9189
3579 9136
3887 7290
3887 8917
3887 9193
4092 7311
4157 7855
4187 6201
4187 8750
4187 9184
4280 8981
4317 4536
4536 8939
4746 9180
4765 9192
4839 9178
5267 7371
5468 9152
5616 8484
6250 8197
6619 7927
6619 8981
6810 8981
7311 8956
7335 8347
8939 8981
8981 9152
8989 9152
9143 9163
9147 9186
9181 9182
