26 6596
26 9256
29 6779
46 1242
46 1824
48 7311
76 2412
76 7944
76 9254
97 696
109 9254
128 9124
134 2412
134 9244
190 9251
196 3122
196 5550
196 7190
196 8144
216 1106
394 2255
497 1717
556 9257
577 5272
577 8297
610 5331
610 5679
610 7190
696 1539
696 2816
696 3856
696 5141
729 1242
729 4749
801 6619
852 6917
897 1894
1106 9218
1242 1540
1255 2062
1255 2741
1255 3856
1256 6817
1256 6917
1361 8506
1539 3856
1543 1561
1604 9250
1636 6801
1704 9251
1787 6779
1787 7026
1787 9245
1917 2598
2319 4419
2319 6784
2319 7335
2529 2670
2529 2756
2529 6917
2583 6801
2598 3125
2598 4746
2605 6801
2756 6817
2767 6203
2816 5141
2816 8388
2970 5553
3030 7926
3125 4251
3125 4746
3501 9245
3984 8144
4092 9253
4248 6373
4251 4746
4653 8085
4749 6779
5362 6619
5468 7926
6203 9255
6596 6619
6596 9256
6779 9245
6801 8197
6817 6917
7290 9197
7311 9246
8197 9253
8260 9252
8472 9251
8783 9152
