42 1198
46 8131
70 1958
74 2256
74 7190
76 1255
76 2762
80 1664
88 158
88 1255
96 703
158 9327
315 1278
374 2762
641 9329
729 8634
881 2583
881 9317
1115 2762
1115 9330
1177 8688
1198 2762
1206 9324
1223 6702
1278 6373
1278 8634
1636 9312
1733 4731
1779 9331
1788 1958
1972 9322
2053 5174
2057 2660
2197 2256
2204 4731
2234 2324
2234 6779
2234 9312
2256 5550
2256 7190
2730 6945
2762 4011
2762 6280
2762 9152
2762 9332
2919 6280
2919 9330
3029 8608
3030 8634
3281 6779
3501 5487
3636 6018
3975 6708
4092 9325
4092 9329
4419 6708
4419 7855
4465 6467
4632 8260
4656 9326
4731 7290
4731 8917
4746 7190
5065 9331
5263 9327
5265 6263
6280 9330
6744 6779
6779 8269
6779 9327
6817 9326
8197 8338
8197 9326
8269 9312
8416 9307
8981 9329
9294 9328
