7 9334
19 762
29 88
29 138
42 922
42 1198
42 1515
42 2428
42 2762
73 852
74 2256
76 9245
88 158
88 9311
153 8917
158 1255
196 2970
196 9336
201 8363
434 852
444 455
539 9245
621 9024
729 5593
729 9335
762 2197
852 2529
852 6779
852 6947
852 9326
881 2956
921 968
921 6498
922 2254
1056 4419
1056 4570
1115 9330
1140 5065
1223 6702
1242 1244
1244 1510
1244 1540
1244 2019
1255 9339
1256 9337
1268 9338
1318 8131
1365 7034
1395 6015
1413 7982
1470 1576
1517 9338
1525 9283
1540 5724
1576 5724
1604 4839
1786 9144
1786 9334
1941 8024
1972 2762
1994 5593
2156 2868
2204 4731
2534 7982
2605 8197
2605 9245
2729 9144
2762 2868
2762 6619
2816 9316
2868 2957
2868 4489
2956 9245
2970 8197
3029 4536
3029 5816
3030 8634
3171 9248
3377 7957
3484 7982
4011 5812
4136 8131
4546 9336
4731 6619
4731 7290
4746 7190
4746 9144
4746 9321
4749 9312
4882 7957
5065 7290
5362 9071
5682 9335
5720 9309
5724 6779
6160 9334
6203 9024
6708 7855
6767 6867
6779 9071
7252 9322
7290 9245
7290 9340
7311 9341
8269 9312
8364 9333
9213 9283
