19 762
26 6945
42 922
42 1515
73 1255
73 1818
73 2816
73 3648
73 9348
76 3969
88 9350
89 2816
97 8197
108 2816
145 4465
145 8363
158 1255
158 9347
196 2970
196 9350
201 6280
258 536
302 2970
302 8197
339 729
339 7699
339 8630
383 9349
444 455
577 9336
602 4283
621 8363
641 8981
641 9343
671 1576
671 2762
729 8574
762 9346
821 1106
881 9353
921 3484
921 4419
1106 4746
1106 8574
1106 8981
1106 9079
1140 5065
1244 1540
1359 5724
1359 6779
1365 4092
1390 7034
1525 4242
1576 1824
1576 6576
1576 9347
1576 9353
1622 8197
1636 4746
1636 9345
1742 8197
1786 9144
1824 4419
2019 9195
2038 2254
2070 7699
2156 2868
2156 9152
2234 9312
2254 4949
2254 5125
2254 9345
2254 9346
2254 9347
2313 9071
2313 9345
2313 9347
2319 4038
2529 9195
2729 9144
2730 6945
2762 2868
2762 8831
2762 9349
2816 4841
2820 9346
2868 2957
2888 2970
2934 6280
2956 9195
2956 9245
2970 4546
3030 5141
3484 4419
3648 8363
3969 8197
3969 9342
4080 4746
4187 9352
4465 8363
4632 8574
4632 8642
4636 4839
4641 9348
4746 6945
4746 9144
4746 9321
4746 9354
5141 8197
5362 6619
5362 9071
5468 8197
5493 8862
5615 7699
5720 6576
6280 6619
6576 9347
6619 8642
6779 9071
7290 7751
7290 9340
7335 9344
7614 9113
7851 8131
8067 9344
8197 8297
8515 9113
8831 9349
8993 9168
9080 9113
9113 9148
9152 9352
9312 9355
9334 9351
9336 9342
