19 762
29 138
41 444
42 7658
42 9317
43 4746
43 9358
43 9361
48 70
48 9341
70 577
70 2970
70 9341
70 9364
75 287
84 2319
88 4523
94 621
95 3672
95 4188
287 4038
307 8099
442 2038
442 2254
568 6648
577 2762
577 3672
577 4188
610 9346
621 904
621 2762
641 4117
671 2762
686 1540
836 1917
836 5305
837 9362
839 2729
852 6280
904 3030
904 9152
1002 9354
1106 9363
1359 9360
1390 2762
1390 7034
1470 2762
1470 6576
1470 9353
1470 9356
1539 6280
1576 6576
1636 2038
1742 8363
1774 8093
1917 5305
1925 8786
2024 2762
2038 2254
2067 2816
2204 4731
2234 9312
2254 9355
2526 2529
2526 9356
2529 3313
2617 9360
2694 9354
2729 5305
2730 6648
2738 4188
2762 7034
2762 9062
2762 9359
2816 3474
2816 3850
2820 4746
2820 9245
2902 8099
3195 9361
3313 9356
3484 8197
3648 9152
3951 9354
4007 9317
4011 5812
4187 7751
4632 9356
4636 4839
4731 5174
5306 8773
5362 9071
5577 6280
5720 9309
5720 9362
6280 6817
6373 9285
6576 9347
6619 7751
6648 7490
6654 9299
6779 9071
6780 9062
8099 9363
9062 9168
9158 9358
9227 9357
9285 9354
9358 9359
