19 4641
29 88
41 2124
42 3636
42 8608
42 9375
42 9379
43 2158
43 2603
43 5948
60 76
60 729
60 3841
70 4746
70 6945
73 4641
76 1995
76 4556
153 1704
153 2767
153 4746
153 8197
153 9294
158 9388
196 6650
283 8608
302 2970
302 9156
461 9387
508 2389
556 4872
577 6945
610 2762
610 9168
686 7034
762 9382
781 9383
852 881
852 884
852 2529
852 2762
852 6576
852 9380
881 5247
895 8260
904 1265
904 9152
907 4556
1041 9391
1135 9322
1206 9380
1255 7371
1255 8260
1304 9367
1365 4556
1388 5441
1470 7290
1521 1704
1576 4556
1576 7290
1576 9136
1576 9312
1576 9375
1704 4117
1704 4746
1824 9322
1972 4523
1972 6619
2019 2956
2019 4731
2124 8824
2124 9294
2234 9312
2355 9391
2460 7751
2529 2767
2627 4641
2762 9384
2767 4556
2767 9294
2775 7153
2816 4641
3238 9257
3484 3969
3501 4880
3673 6650
4092 9386
4117 4746
4138 5265
4456 6650
4456 9352
4556 6498
4641 6842
4641 7311
4680 5441
4746 6945
4746 8061
4839 8110
4880 8197
4904 9389
5308 8824
5308 9385
5362 6619
5599 9308
5672 9001
6648 7490
6650 8061
6779 6817
6779 7153
6779 8423
6817 7153
7090 7764
7290 8608
7290 8912
7290 9368
8234 9380
8379 8751
8773 9330
9168 9257
9294 9381
9375 9384
9377 9378
9386 9390
