42 968
42 2428
76 3166
76 9397
84 881
88 5141
88 9401
128 304
133 2418
134 6160
286 2460
286 9402
315 8297
351 5065
390 1255
531 9398
563 6643
577 6643
602 7857
610 8297
613 2762
729 9393
736 2627
794 2428
852 9233
881 9386
895 3951
895 7127
904 9152
907 9294
928 1075
946 4746
968 3166
968 4632
1002 1242
1106 4403
1106 9401
1242 2603
1255 1413
1255 4419
1335 4397
1366 1369
1525 7033
1539 2816
1636 9398
1742 9322
1917 2435
1917 2729
1917 7127
1917 9401
1994 9393
2053 7033
2292 5267
2418 5065
2418 6945
2418 9393
2428 4059
2428 5065
2428 9399
2460 9311
2627 6290
2627 9294
2756 9294
2762 2868
2816 3850
2816 9397
3313 9233
3341 4059
4038 7127
4059 5065
4059 8297
4092 9386
4397 8168
4403 8630
4419 7035
4632 9397
4641 9396
4727 5065
4746 5966
4746 6242
4839 8110
5267 5366
5267 6429
5366 7335
6373 6650
6373 9400
6498 9369
7127 8197
7335 9299
