0 9369
42 729
43 2098
43 6467
74 1742
74 3166
74 5468
74 6498
74 7236
76 2098
76 8688
76 9397
83 2098
153 9337
196 4159
201 9408
286 1115
374 1198
374 5899
390 1255
391 4397
577 1242
577 8297
577 9406
613 8837
618 9406
712 9406
729 8837
729 9285
839 6945
852 2318
852 9294
881 6467
895 8260
904 2098
907 9337
922 3636
1002 1242
1006 6779
1036 5912
1115 9402
1128 9285
1179 1242
1179 2396
1179 4746
1198 5899
1242 1359
1242 4746
1366 5788
1395 7857
1470 2098
1470 9369
1571 8260
1622 5681
1755 5912
1877 2603
1929 6779
2057 9405
2098 2816
2098 6945
2098 8197
2098 9158
2124 9385
2149 2389
2149 2714
2158 5912
2389 8260
2428 5065
2453 4419
2460 7726
2460 9311
2762 3967
2762 9393
2816 4641
2820 5912
2995 5141
2995 9322
3023 9233
3030 8837
3171 9406
3283 3636
3313 5912
3636 6779
3687 4419
3687 8197
3727 9407
3967 7743
4038 7127
4117 9337
4187 9245
4280 9337
4397 4761
4419 7035
4419 7127
4419 8260
4632 9397
4632 9404
4641 7034
4746 8099
4866 9374
4866 9403
5362 6448
5493 5912
5720 9408
6373 9400
6916 8297
7857 9077
8197 9376
8837 9285
