2 677
14 9152
29 4116
29 9434
42 117
42 546
42 2767
43 1369
70 1972
73 762
73 1255
76 8197
83 9436
134 4116
134 9436
141 571
151 2418
153 9321
158 6416
158 9441
196 5644
201 5720
204 1057
226 8363
249 1106
249 7335
249 9437
258 9256
412 8197
432 1880
432 3417
536 5065
546 4116
546 9441
556 4488
563 9432
573 919
573 1048
573 1917
577 9436
610 9412
621 9432
621 9434
729 7961
836 6996
852 8234
881 1057
904 9152
928 7961
1036 9434
1057 2156
1057 6779
1057 8416
1106 3417
1242 1359
1255 8234
1278 6290
1365 9156
1413 8234
1470 4727
1636 9430
1650 4489
1675 1786
1675 2943
1675 4746
1675 8099
1742 7371
1742 7961
1751 8297
1768 9245
1917 2360
1922 2767
1922 9435
2053 2360
2204 9110
2255 6162
2319 8301
2360 7034
2389 5596
2472 7872
2529 2627
2529 7186
2541 2762
2541 5306
2541 9321
2627 9441
2691 9439
2739 9441
2767 4632
2767 4746
2767 9441
3030 6596
3030 8363
3113 5009
3166 7961
3171 9436
3171 9440
3381 6779
3727 9407
3844 5179
4056 4488
4080 4746
4080 7236
4116 6596
4116 8197
4187 6683
4419 8301
4488 6498
4632 9441
4746 4886
4746 5551
4746 7379
5041 6416
5720 7186
5915 9433
6203 9393
6203 9438
8119 9438
8363 9122
8849 9168
9080 9434
9407 9420
9436 9440
