29 2730
29 9458
46 9457
76 9457
108 351
108 883
110 8260
130 1198
153 5577
158 2382
158 6448
158 9454
167 7658
196 546
196 2158
196 2223
196 9459
204 258
297 686
297 1244
297 1413
412 8197
412 9458
433 5498
546 729
546 9459
577 8512
641 2762
691 9368
703 9368
736 1255
736 3969
837 2389
852 9368
852 9448
881 9408
891 9461
905 2934
905 4064
1044 2234
1044 9042
1044 9312
1048 2767
1048 5498
1051 8197
1057 1106
1106 4092
1126 3414
1244 1413
1255 5498
1359 9071
1390 4117
1390 5125
1392 9322
1576 2522
1606 9460
1622 2360
1636 9456
1675 8099
1717 3313
1751 9459
1788 4994
1917 6945
1917 9322
1971 2389
1972 2158
1972 9449
2148 3313
2158 2930
2158 5498
2158 6373
2223 9152
2319 7127
2319 9457
2389 8260
2389 8796
2412 2603
2489 7480
2691 9439
2762 9368
2767 9458
2902 3195
2930 9459
2956 5366
3171 4798
3414 6779
3484 9457
3855 5577
3975 5599
4092 8197
4092 9455
4216 7356
4419 7127
4727 9430
4923 7379
4987 5599
4994 9322
5065 6945
5366 6779
5366 9461
6124 9368
6810 9457
7335 8260
9408 9458
9414 9415
9441 9456
