2 9533
26 70
29 253
29 729
29 1972
29 5173
61 2158
70 729
70 1786
76 7463
83 9542
114 4280
114 9545
141 6619
158 1972
158 4117
158 6220
158 6619
158 9533
226 8363
286 6220
339 4997
370 4117
407 919
539 2598
556 5265
577 9158
577 9469
621 904
729 1106
837 3457
852 3681
852 6947
895 9189
904 2319
948 2319
1002 2583
1002 9533
1048 1563
1048 1917
1048 2126
1115 8947
1255 2158
1255 2255
1256 9544
1359 5933
1359 6779
1359 9469
1361 9526
1361 9533
1365 3681
1413 5125
1470 4488
1470 4727
1470 6769
1563 1917
1576 4488
1576 4727
1576 5173
1660 2767
1786 9536
1836 2453
1877 2319
1877 4997
1917 2126
1917 2943
1972 2730
1972 6220
1995 8363
2149 4080
2156 4727
2158 2319
2158 7290
2169 8363
2177 2529
2177 3681
2177 6817
2184 8600
2255 2319
2255 4589
2319 2619
2324 7335
2324 9189
2389 4997
2762 4488
2762 5173
2919 4589
2919 6498
2956 9195
3030 8363
3171 4771
3171 9533
3453 9542
3457 4187
3457 4746
3457 9548
3681 6817
3969 9539
4031 4783
4031 8886
4117 9533
4187 4488
4280 4746
4488 9547
4589 4731
4589 8970
4589 9466
4632 9543
4746 6220
4771 6619
4910 9444
4997 7335
4997 9189
5065 9469
5065 9541
5448 9546
5468 9543
5490 7127
5682 9469
5720 9531
5966 9492
6220 6619
6220 8382
6220 8467
6576 9521
6619 7463
6619 8467
6779 9549
7290 9542
8099 8382
8121 9503
8824 9540
9152 9352
9152 9541
9428 9507
9470 9544
