19 3107
37 1972
42 4157
42 8522
42 8969
43 508
70 9471
73 7371
73 9573
76 508
76 5173
90 508
133 8197
138 8197
153 2529
153 4031
158 9581
196 5550
253 1351
253 4523
253 9571
258 618
258 852
258 2131
258 5859
258 7290
286 9579
354 4523
374 8061
434 2124
508 836
508 1877
508 5468
508 7658
528 9580
539 1971
556 4325
577 905
618 852
659 5173
852 5859
852 7290
881 8969
881 9575
885 1844
895 8578
897 4523
904 1732
904 9161
928 1075
983 7961
1007 9550
1057 1106
1057 2762
1057 8969
1106 2741
1106 8969
1106 8970
1115 9156
1198 2762
1206 1844
1255 2319
1255 3484
1255 8796
1255 9572
1268 2956
1470 9580
1576 2762
1636 2131
1636 9563
1732 4523
1844 2545
1917 3107
1972 5550
2027 9161
2062 4523
2124 4092
2124 9576
2131 2156
2223 8061
2256 4280
2313 8522
2350 9580
2389 9161
2583 2956
2619 8578
2762 6349
2767 9156
2943 8939
2956 5345
3030 4523
3405 4546
3457 4187
3602 9578
3784 6576
3784 6779
4031 6467
4031 9574
4092 9576
4589 4632
4798 9581
5006 8979
5362 8522
5550 9152
5563 9579
5652 9535
6220 6619
6373 9492
6498 9572
6663 9409
6663 9577
7371 9573
8061 9439
8093 9580
8364 9576
8578 9189
9156 9425
9283 9556
9409 9425
