0 96
0 2389
26 6118
29 5173
42 2053
42 2472
42 4585
42 6779
76 432
76 4746
96 1338
96 4523
138 1322
138 2062
138 9662
138 9665
172 9676
196 8508
201 5352
255 729
286 9675
318 1788
359 5574
407 1255
407 2738
519 9662
519 9663
536 1576
546 9679
568 9620
577 9667
610 2256
610 5386
659 9664
729 9421
839 9666
852 6817
852 8093
895 1581
1002 9677
1144 5652
1242 1563
1255 4746
1255 5658
1283 1636
1283 8234
1283 9668
1359 8508
1361 9584
1413 3158
1470 4092
1539 2816
1576 9663
1636 6889
1788 4783
1836 4949
2053 2729
2089 4092
2204 9633
2243 2360
2256 5018
2256 9615
2292 9667
2529 6817
2529 9660
2529 9662
2617 9670
2627 9584
2738 2956
2756 8093
2762 4136
2762 5386
2762 9664
2762 9674
2767 6463
2816 6498
2820 6118
2930 9669
2956 9161
3030 4031
3405 6064
3458 5782
3458 9665
3636 8750
3745 9673
3843 9677
3984 7816
4022 8477
4031 4117
4031 9615
4031 9669
4109 4138
4117 9673
4187 8768
4280 9673
4419 6064
4546 9228
4605 9409
4731 5662
5007 9584
5173 6618
5362 9633
5468 9620
5720 9678
5782 7290
5782 9678
6109 9644
6203 9659
6264 9294
6463 8600
6705 8408
7036 9671
7857 9584
8077 9615
8703 9439
8725 9680
9168 9663
9562 9661
9596 9641
9672 9673
