29 9594
29 9693
43 508
43 7658
76 568
76 2822
76 8600
76 8688
117 1148
117 1636
117 2956
117 5362
128 6358
134 312
134 8600
158 1115
158 8119
158 9675
158 9693
196 8131
240 6842
240 7620
286 1106
286 1115
286 9656
315 568
508 7658
546 2350
546 3636
546 5179
546 6842
568 621
568 1365
568 1831
568 1972
568 2822
568 3030
568 3166
568 3636
568 4731
568 6817
568 8297
610 3636
613 3580
613 4839
618 9601
618 9697
736 1255
839 1255
846 9628
881 9701
883 2046
895 1255
895 9628
1106 2350
1106 3107
1106 4731
1115 2627
1115 8682
1144 1763
1244 9698
1255 5658
1321 2739
1321 5463
1321 9656
1359 9686
1359 9693
1365 9594
1470 5720
1540 4057
1540 9559
1563 5649
1604 3608
1664 9698
1704 9152
1742 2727
1763 8600
1831 8225
1854 1877
1877 9628
1972 2930
1972 8297
1985 4839
1985 9692
1995 8363
2019 6543
2053 9689
2350 3381
2428 6419
2562 7261
2627 8119
2691 7857
2727 3123
2727 4783
2762 4839
2762 9696
2771 9696
2816 8600
2820 6118
2956 9195
2989 3171
3029 9697
3030 8297
3166 4523
3171 9054
3381 8119
3515 9656
3580 5065
3687 9615
4031 4632
4057 8416
4092 5720
4092 7034
4092 8682
4187 8768
4507 4746
4536 6596
4536 9697
4577 9693
4632 8121
4731 5463
4783 8363
4839 9152
5065 9690
5362 5649
5362 9689
5415 7218
5415 8099
5649 6779
6203 9692
6280 9699
6414 8600
6619 8524
6842 8333
6867 8131
6867 9698
7190 9322
7335 9687
7391 9647
7620 8688
7658 8688
8099 9700
8119 9698
8121 9687
8197 9628
8197 9694
9152 9628
9245 9686
9565 9594
9654 9699
9667 9695
