0 9860
46 8043
73 713
94 610
94 4031
94 5065
97 9449
153 4187
158 434
158 4731
158 6373
158 9247
158 9596
158 9856
201 258
201 1242
201 1255
201 9858
201 9859
258 686
258 1413
258 5362
258 8671
442 4488
442 6413
442 9247
455 5929
536 4589
546 9655
570 1787
577 9695
618 5065
618 9695
682 2156
712 9861
839 9152
904 5844
968 4226
1057 8466
1070 8208
1115 4448
1198 4680
1198 9446
1206 1787
1206 4605
1206 5935
1255 4187
1255 9596
1256 4187
1256 9854
1369 5844
1413 3030
1470 5844
1576 9247
1636 9427
1709 5828
1787 2529
1787 2741
1787 3856
1787 4605
1787 5935
1787 9292
1804 9655
1985 9832
2156 4187
2156 4605
2199 9446
2199 9554
2297 4523
2319 9698
2418 6916
2529 8208
2529 9257
2529 9854
2589 2728
2756 6779
2756 7034
2762 8993
2820 9596
2974 5362
3030 9655
3154 4839
3154 9257
3171 4187
3541 9789
3574 8993
3636 9257
3843 5844
3856 5935
3856 9292
3984 9856
4011 5362
4090 4187
4090 8993
4092 4488
4092 9247
4092 9257
4187 8993
4187 9158
4187 9178
4187 9856
4488 5935
4488 9247
4589 5065
4605 5844
4632 7062
4641 9292
4731 6448
5018 9299
5065 7391
5065 8182
5065 8466
5065 9178
5362 9845
5844 6280
5844 6413
5844 7290
5844 7391
5844 9152
5844 9853
5844 9857
5938 6945
6373 7109
6413 9245
6413 9247
6413 9257
6445 9855
6596 9257
6779 9845
6800 9158
6842 9854
7336 8151
7391 9853
7391 9856
7391 9861
8208 9158
9596 9829
