7 3785
43 1335
43 9957
46 1035
46 9628
73 1561
76 1413
122 728
134 5272
140 2845
140 4226
153 5616
158 8881
158 10019
158 10020
162 10011
280 2762
312 1831
455 4488
455 7256
461 7867
509 1298
519 5616
528 7256
610 2541
621 1804
728 1470
729 1298
729 2243
736 4031
839 1335
839 2243
839 10019
852 2529
852 6319
852 9158
852 9901
1106 10023
1140 1831
1140 2428
1140 6779
1198 9299
1247 4746
1255 9985
1255 10017
1255 10020
1359 10013
1413 9628
1565 4949
1877 2694
1917 2243
1917 4031
1917 10019
1917 10024
2019 9523
2243 2762
2455 5616
2488 9628
2529 9158
2534 10018
2541 7647
2687 5018
2756 9158
2762 10016
2762 10023
2816 4997
2930 5065
3023 5616
3072 5471
3171 3487
3171 10020
3322 5616
3380 5616
3405 10023
3487 4309
3636 4957
3636 6413
3636 9951
3811 5649
3947 9615
3954 5616
3984 5616
4011 4746
4031 6942
4032 8881
4032 9722
4092 10018
4577 5616
4589 4746
4680 9309
4680 9992
4702 7391
4731 10022
4746 5672
4746 9627
4839 8512
5065 7391
5272 5616
5305 7391
5373 9939
5616 9469
5672 8433
5859 9158
5912 10018
6416 9627
7256 9798
7290 10020
7391 10001
9245 10021
9755 9851
9956 10006
