19 4031
19 6942
42 3865
42 4839
42 8512
43 198
43 2488
43 4031
43 9920
73 201
73 762
73 1255
73 3368
76 3368
110 1281
110 3592
110 10027
131 904
138 762
162 10011
172 573
172 2019
172 6570
196 3515
196 10017
196 10031
198 762
201 1255
201 3368
201 4641
226 3368
280 1470
280 9629
348 10001
388 4546
388 9152
461 775
510 9158
519 5616
528 5157
539 4216
573 6570
610 3368
618 7290
641 5157
671 3784
762 3368
762 5141
771 2562
846 6108
852 1206
852 4680
852 6817
852 8225
881 10025
1035 4419
1035 4771
1128 10033
1170 9920
1206 9309
1232 4546
1247 4746
1255 9985
1413 2223
1517 8272
1576 5616
1636 9629
1763 10032
1786 6570
1808 3072
1831 2369
1917 2243
1917 2284
2204 9848
2214 4419
2214 10027
2243 6942
2284 10028
2313 3636
2369 2428
2437 9939
2488 5966
2602 3947
2682 4632
2741 10031
2756 3023
2995 4031
3023 6801
3030 3368
3158 3368
3171 5065
3171 7290
3322 10032
3368 5658
3368 6280
3368 7290
3368 8363
3380 5649
3515 6801
3852 5616
3865 4771
4159 10017
4159 10031
4242 7329
4419 4632
4419 10026
4546 8272
4546 9152
4632 10026
4680 9309
4731 9848
4746 7119
4965 9880
5065 6801
5065 7290
5065 10001
5141 5193
5141 9158
5373 9939
5616 6885
5672 8433
5912 10018
5966 9628
6109 7751
6109 9962
6160 10011
6373 10031
7027 9848
8182 10024
8272 9939
9245 10021
9848 10030
10016 10029
