2 2785
26 3325
26 5093
29 10036
42 8961
43 6413
43 8961
46 2423
46 6429
73 9521
83 5065
83 9323
90 2785
110 1255
117 8433
153 8947
196 7391
201 10093
204 1002
204 5065
204 6413
258 6413
280 5747
315 686
383 4507
391 8961
621 10089
682 729
682 9596
686 1255
734 8433
852 1002
852 2529
852 10092
881 10025
1002 9801
1106 2423
1106 2669
1115 10050
1255 9168
1256 5857
1413 6685
1612 3648
1636 10083
1818 10087
1824 10080
1931 3417
2027 10091
2111 2469
2156 10083
2156 10085
2389 5596
2423 2956
2423 4216
2423 8272
2437 2716
2522 9591
2529 10092
2583 6203
2583 9152
2762 3341
2762 9124
2767 7690
2816 9885
2823 10040
2919 3417
2919 9871
2919 9962
3072 5471
3417 7391
3457 7985
3648 10087
3784 10094
3951 10088
3984 10040
4488 5621
4507 9801
4507 10090
4523 10087
4589 7213
4632 9885
4746 10040
5007 8197
5065 7391
6203 10083
6576 9871
6619 9610
6779 9168
6779 10090
6910 10090
7155 7391
7156 9871
7290 10068
7391 9246
7391 9285
8234 9871
8433 8947
8484 9801
9446 9801
9929 10062
10040 10085
