19 3107
41 7033
43 1917
46 2694
88 8567
133 5065
240 1255
258 10129
286 8567
315 10131
536 1057
536 1365
536 1608
536 4536
577 7391
729 3132
729 10149
762 10086
762 10144
774 4092
774 10153
837 1365
904 3177
1041 3368
1057 1604
1057 10040
1255 2027
1255 2319
1255 2888
1255 3107
1255 5012
1268 2820
1268 3330
1268 4216
1298 10151
1321 6100
1321 6917
1361 6018
1470 1786
1554 5949
1600 2567
1600 5966
1636 8433
1636 10147
1763 7325
1879 9712
1917 4731
1917 10155
2027 3865
2046 10148
2062 10086
2243 4746
2255 4997
2255 10155
2389 4997
2423 4997
2529 9368
2534 9446
2583 2767
2619 3132
2660 9962
2694 9993
2756 6548
2756 10146
2762 5956
2762 10112
2767 10146
2767 10150
2845 3107
2845 10150
2943 3132
2956 10013
3158 4117
3171 5427
3195 4746
3195 10141
3313 3578
3313 10146
3330 3368
3368 5720
3515 5041
3515 6917
3787 10152
3943 6505
3947 4242
3984 9446
4011 10150
4090 10112
4140 10146
4216 4632
4216 9446
4242 10126
4242 10137
4419 9924
4632 9446
4731 5065
4771 9924
4839 4924
4839 8197
4839 10144
4909 6917
4949 10146
5065 10112
5672 8148
5720 6917
5816 10154
5864 10139
5956 10145
6203 8197
6203 10090
6354 7987
6373 7325
6779 9458
7290 10149
7391 10131
7654 10112
8067 10147
8071 9916
8184 8351
8901 9781
9152 10144
9888 10086
10040 10147
