0 7336
46 133
46 156
46 196
46 258
46 712
46 1268
46 1818
46 1877
46 3171
46 4116
46 7391
46 9323
76 3158
83 133
83 3030
83 7290
83 8190
133 618
133 4116
133 5065
140 7336
153 7290
156 3030
196 1115
196 2156
196 2323
196 2762
196 4171
196 4831
196 6232
196 8190
196 9152
196 9469
286 3456
304 10171
383 1057
383 1390
528 8008
528 10170
539 8197
556 938
556 10167
618 3171
618 9695
621 6888
621 10036
712 2100
712 6888
712 8190
712 9323
729 5065
729 9323
820 10164
920 10126
1002 5065
1057 1576
1057 2762
1057 10163
1106 8190
1115 8190
1144 2919
1144 10090
1170 4731
1255 2529
1255 3856
1359 8190
1361 5616
1361 7034
1369 8272
1469 10175
1470 7290
1786 5215
1818 7391
1831 8008
1904 2529
1917 10154
1977 10176
2156 4585
2529 3856
2529 7290
2762 4831
2762 6203
2762 9469
2816 3313
2816 5550
2816 5669
2888 9744
3171 7290
3171 9695
3313 5441
3322 10173
3330 5720
3648 5550
3648 5828
3780 7336
3843 3967
3856 5065
4092 9045
4116 5065
4187 10040
4358 4994
4746 8472
4831 9469
4839 4924
4924 5682
4949 8566
5041 10174
5065 7034
5065 10164
5366 7290
5560 8190
5616 5649
5720 10158
5931 10166
6203 10164
6403 10170
6448 9920
6498 7336
7290 7391
7290 8190
7290 9695
7335 8190
7335 10176
8190 9152
8484 10157
8935 10165
9422 10090
9591 10172
9596 10173
9744 10169
10058 10168
10157 10158
