42 10186
43 158
43 10192
46 1223
46 5065
59 6867
76 917
76 5550
76 7391
76 10164
83 5065
88 8567
97 1255
103 3171
153 9776
258 304
276 3171
276 9776
304 8466
348 10189
374 9851
383 10188
539 1365
539 8272
577 3171
621 729
621 897
621 5550
621 10181
712 5065
729 8297
729 9776
771 6203
774 10188
883 10184
917 10164
1242 3171
1242 9776
1255 5468
1359 10075
1359 10187
1413 10186
1422 9776
1436 2529
1436 2670
1436 4641
1540 9776
1824 10184
1831 10178
2027 5596
2043 4489
2089 3088
2089 3636
2124 9368
2156 7034
2199 8272
2309 6619
2309 6942
2389 5596
2670 4140
2670 4783
2762 10181
3088 5065
3166 9781
3171 5065
3171 9776
3313 5441
3380 5616
3417 7463
3764 8373
4092 10188
4216 8272
4216 9781
4507 5125
4507 6779
4507 8466
4746 9863
4910 10174
5065 7391
5065 10184
5065 10190
5125 5935
5616 5649
5929 6319
5966 10184
6203 10090
6230 6505
6319 6817
6373 10185
6413 10013
6413 10177
6619 7290
7156 9871
7290 10149
7391 9502
7463 9483
7743 10164
8119 10187
8197 10163
8225 10135
8234 9871
8272 10186
8373 9152
8373 9851
9011 10191
9152 9851
9152 10144
9152 10189
9330 10183
9591 10172
9939 10189
10013 10177
10075 10193
10185 10187
