26 10204
42 519
42 1002
42 1057
42 2424
42 4377
42 6373
42 6779
42 10186
42 10194
43 158
83 5065
88 8567
96 5553
103 577
153 8974
196 1144
196 10203
258 6203
258 6576
276 1255
304 8466
412 8119
484 7208
556 4488
577 3171
618 1255
621 3648
621 5550
621 6117
712 5065
729 3648
729 5236
729 7208
762 2529
762 5720
762 8282
771 1057
774 1470
852 1206
852 2762
852 3313
852 4680
897 8282
905 3171
1048 1917
1057 5065
1057 10158
1144 3322
1198 10200
1255 2529
1255 3648
1255 4216
1255 5468
1255 7208
1255 8282
1255 9776
1255 10201
1255 10202
1392 10202
1521 9787
1543 4591
1604 5859
1622 3727
1636 10195
1745 7208
1763 8974
1824 10184
1917 3756
1917 5236
2264 2762
2389 8796
2424 7743
2424 8093
2424 10040
2488 5720
2529 3377
2529 10196
2762 10195
2762 10199
2767 8974
2816 9708
2845 7208
2845 9787
3088 10199
3171 5065
3313 9330
3322 8974
3377 5720
3377 7208
3673 9787
3727 10201
3727 10202
3735 9152
3756 5501
3764 8373
3856 5720
4031 10196
4117 6117
4382 5065
4472 4731
4680 6319
4783 7208
4783 9787
4783 10201
4924 10193
5065 7208
5065 8466
5065 8796
5065 10184
5141 7208
5236 7743
5236 10164
5468 7208
5720 9204
5929 7213
5929 10195
6117 6942
6373 10185
6373 10204
6471 7208
7034 10166
7208 10196
7208 10198
7290 10197
8093 9708
8119 10187
8796 9939
8950 10202
9122 9708
9152 9787
9204 10158
9269 10040
9352 9979
9469 10203
10157 10193
10158 10195
10164 10197
