14 1115
14 2256
14 5065
14 9451
26 43
26 4746
30 10315
43 449
46 3405
46 9379
69 904
70 762
76 904
94 2650
97 570
97 8363
136 2107
158 4731
158 8390
162 449
204 10312
258 10090
280 3632
280 6576
410 2919
449 703
455 2583
455 2762
455 3636
455 4507
455 5720
511 4092
539 1255
556 8887
570 762
570 1057
570 3166
571 852
587 10320
610 10314
686 5065
703 10206
762 4358
852 2522
852 2762
857 1622
857 7391
857 10313
883 5550
904 7382
968 1255
968 4031
968 4632
1002 10319
1017 6373
1036 5550
1057 2762
1057 3171
1057 10308
1115 5065
1115 10050
1255 3030
1264 10243
1268 6358
1470 3171
1540 7987
1636 3636
1636 4507
1636 9553
1742 2522
1824 3405
1994 7397
2063 2607
2107 6448
2192 10206
2255 10243
2256 9469
2529 3648
2529 4305
2529 6319
2529 7290
2529 10279
2529 10316
2582 2583
2583 3171
2583 5065
2583 5362
2583 7034
2583 10312
2627 10265
2627 10314
2762 4059
2762 7391
2762 9323
3030 8282
3041 8796
3072 4187
3072 4746
3122 10218
3171 6203
3171 7987
3313 7290
3458 9975
3484 9379
3636 4507
3636 7034
3673 8131
3727 10320
3953 10040
3984 10321
4031 10313
4090 10298
4138 10321
4187 7133
4216 9620
4488 9292
4632 10311
4731 8061
4731 8282
4783 10323
4924 8816
5065 8816
5065 10314
5487 10321
5681 8519
5720 10279
5720 10316
5917 8121
5941 9789
6064 9786
6203 9522
6373 10218
6373 10318
6413 10312
6498 8364
6498 8887
6576 10265
6604 10126
6779 10303
7034 9553
7074 8816
7096 9620
7194 10164
7391 10314
7987 8446
8061 10090
8197 10314
8390 9841
9001 10317
9152 9522
9451 10040
9929 10312
10018 10164
10040 10164
10178 10188
10218 10318
10316 10322
