41 386
42 4746
42 4924
42 9781
43 65
43 9781
43 10346
43 10369
46 434
46 2562
65 891
65 8197
73 3505
76 5065
133 10206
138 9620
190 4783
240 3067
286 10347
297 9963
298 386
318 1057
412 2529
412 3627
432 572
432 852
432 1007
432 2223
432 10068
455 10370
461 10368
528 1057
528 4589
539 1786
539 9629
608 1612
610 10353
634 4924
659 10359
671 9152
673 10068
712 5065
712 10363
729 4746
729 5093
729 7335
762 7199
762 10359
852 2148
852 2529
852 3381
852 5065
852 5440
852 7199
852 9330
852 9408
895 7208
921 1742
921 1755
921 3030
921 8796
1015 2223
1057 4589
1057 9152
1057 10366
1060 4822
1255 1917
1255 10336
1255 10365
1365 7801
1392 9781
1470 4949
1514 10366
1576 10181
1612 1742
1612 4771
1612 4783
1625 10332
1786 9781
1917 2956
1917 5065
1917 10071
1972 4523
2062 2650
2148 3171
2148 5065
2223 4116
2389 10358
2762 10363
2767 3627
2816 4746
2816 10359
2943 4632
3030 8725
3030 10342
3041 8796
3107 10372
3313 5065
3417 4116
3636 9168
3745 10362
3951 10358
3975 10371
4038 10358
4090 10040
4092 8807
4141 8043
4187 10370
4271 5065
4280 4746
4280 10368
4419 4997
4523 10373
4589 6301
4589 10040
4632 7961
4632 9169
4746 4931
4746 7093
4746 8131
4746 8926
4746 10360
4771 9874
4783 10323
4822 10181
4822 10361
4931 5065
4931 10040
4949 5065
5009 6178
5065 10362
5065 10363
5265 9425
5366 9874
5442 10364
5493 10040
5831 9963
5938 10368
6108 8099
6160 9169
6178 9781
6816 9915
7290 9781
8184 9757
8197 9781
8272 10371
8807 10181
9152 9425
9164 9874
9168 10040
9799 10347
10040 10370
10365 10367
