30 6498
43 9939
73 2062
73 3505
76 1198
76 1925
76 10378
153 8093
190 8969
204 1636
215 10372
226 5141
226 6498
286 1115
286 10202
286 10374
348 4746
368 2762
368 10040
455 7391
455 10382
545 10126
556 8935
568 10372
577 5065
577 10383
610 8298
613 10126
621 6654
621 10339
671 10372
712 5065
712 10363
837 10126
905 7093
905 10202
905 10383
919 5065
1198 8837
1206 9888
1255 8613
1256 6548
1256 9888
1375 5822
1413 4752
1540 10304
1540 10380
1576 1627
1612 4771
1687 4752
1724 5305
1755 10379
1763 9789
1763 9963
1917 5065
1925 2053
1925 5599
2027 2111
2027 9786
2128 8816
2223 8093
2472 9786
2529 9344
2529 9888
2762 7034
2767 6203
2767 6654
2767 10126
2767 10386
2816 10342
2912 10243
3030 3359
3030 5141
3030 8282
3030 10342
3030 10376
3158 9786
3171 5106
3171 5822
3171 9323
3171 10375
3171 10376
3171 10377
3313 6548
3417 10347
3487 10383
3636 9629
3865 10366
3984 10382
4031 10379
4092 10303
4424 6498
4731 10384
4746 8969
4746 9352
4752 5065
4752 8272
4752 9929
4771 5822
4924 8093
4949 5065
5041 10304
5065 5106
5065 5720
5065 5822
5065 10374
5065 10375
5065 10377
5065 10383
5065 10384
5065 10385
5106 5822
5106 6779
5141 10379
5265 9152
5720 9888
5859 6548
5933 10384
7156 10386
7290 10376
7382 9352
8093 9962
8096 10166
8298 9168
8816 9789
8912 10363
9152 9352
9323 10375
9323 10384
9344 10215
9789 10321
9789 10381
9939 10387
10040 10349
10304 10380
10379 10388
