36 8124
41 1122
42 280
42 1636
42 8824
73 108
73 713
73 2650
73 2845
73 10429
110 2319
110 2453
110 7097
156 9625
158 7846
158 9644
280 1057
280 1636
280 4117
280 6203
280 8197
297 7487
433 4671
451 4546
451 7391
539 9776
556 6789
587 7839
610 10399
621 4956
729 1925
729 2284
729 9826
762 5141
762 10429
823 5966
928 10426
963 9776
1002 7097
1057 10061
1106 8969
1255 6943
1413 6943
1413 7067
1413 9776
1540 10380
1622 5616
1628 7846
1636 9900
1636 10430
1724 9836
1755 7067
1787 4783
1824 10321
1824 10431
1917 4536
1917 8642
1917 9625
1917 10154
1925 4731
1925 9826
1959 10038
1972 9625
2053 10304
2255 9116
2284 5615
2303 8197
2428 2762
2428 4783
2453 9826
2472 4997
2529 10427
2762 4117
2762 4783
2762 10430
2816 4652
2845 3461
2845 10427
3030 6943
3041 6943
3183 4117
3183 4783
3183 10432
3569 7892
3975 7097
4031 4910
4080 8472
4171 9308
4171 9776
4187 7846
4523 9625
4546 10431
4589 10434
4731 5616
4731 9625
4731 9826
4771 9924
4924 7487
4956 9323
5065 10433
5141 10379
5233 10427
5616 7801
5966 8634
6203 7487
6779 10415
6799 10428
6943 7855
7190 9625
7290 10061
7658 10202
7846 9483
7984 9958
8549 10061
8887 10329
9116 9323
9116 9787
9152 10431
9789 10321
