14 9789
26 3177
30 573
41 1122
41 5308
42 72
42 8824
42 10440
43 8901
43 10416
43 10438
70 1483
73 762
76 1745
76 7290
76 9010
76 10416
96 7290
122 9483
153 4924
153 10094
156 5065
158 852
172 8901
201 883
201 3461
201 4949
201 5270
201 9483
240 2845
286 10416
374 9469
374 10040
451 4031
451 4546
451 7391
459 10220
459 10441
528 4589
528 10040
570 4390
577 1768
577 7290
621 4956
621 9809
712 1483
712 10438
762 10437
852 3289
852 3515
852 3707
852 8093
852 9962
852 10347
1002 3330
1048 4390
1057 10416
1057 10436
1070 3515
1070 5949
1122 1636
1148 7463
1255 10416
1470 2762
1470 7034
1483 7391
1543 10407
1576 7034
1604 4908
1622 4632
1628 6120
1628 8179
1745 3158
1745 10416
1763 5487
1763 6051
1768 2822
1768 7290
1877 3330
1925 4731
1971 8901
2158 5831
2158 10094
2255 10094
2284 5615
2313 4949
2313 10440
2529 4783
2583 8179
2640 3289
2660 4605
2660 5949
2674 3330
2694 3330
2739 4839
2739 4904
2762 3341
2762 7034
2845 10416
2868 8197
2888 7353
2919 9330
3065 8179
3158 10416
3171 7290
3171 10061
3289 8093
3377 5788
3515 10416
3636 4949
3798 7391
3938 4904
3951 8164
3984 10321
4031 4632
4031 4910
4187 8179
4366 8887
4366 10185
4472 9633
4507 10292
4605 6319
4632 10416
4632 10435
4783 10094
4783 10416
4783 10439
4839 10437
4910 4956
4924 10094
4949 9929
4956 7391
4956 10366
5308 8184
5362 10415
5487 6051
5487 9330
5487 10321
5629 10416
5720 8093
5966 8634
6161 9962
6319 9962
6373 9152
6943 7855
7034 10430
7290 8549
7290 9323
7846 9483
7972 9789
8093 10416
9116 9323
9962 10347
10442 10443
