7 2284
7 5243
48 9444
140 7525
158 2583
196 6624
201 2767
204 10456
354 1413
354 4731
370 10235
456 10198
546 5215
546 8197
729 1177
852 1470
852 1576
852 10467
898 2412
898 6945
1106 2243
1177 3636
1177 4187
1177 8197
1255 2845
1576 2762
1824 8634
1877 10450
1917 4001
1917 4466
1917 5065
1917 9285
2062 2845
2062 10469
2412 3171
2412 5577
2412 7290
2756 10467
2762 9168
2816 5658
2907 4924
2934 9562
2970 4731
3075 6470
3171 5065
3313 10467
3648 4481
4116 6945
4456 6175
4466 4731
4466 7743
4632 10416
4731 10206
4908 10466
4910 5243
4924 10347
4924 10468
5065 9411
5065 10471
5215 10402
5243 6916
5606 7391
5606 9323
5606 10366
5649 9321
5658 10342
6203 7816
6817 10466
7190 10399
7391 10399
8297 10471
9342 10399
9444 10342
9801 10465
9841 10399
10071 10304
10347 10468
10456 10470
