73 10469
75 4731
96 5468
122 7816
141 10475
153 4949
153 10265
156 3093
158 10470
158 10473
158 10481
196 2583
196 6373
196 6624
196 10040
204 10456
258 10040
354 1255
354 6448
370 1179
370 1786
370 1917
546 8197
563 9323
577 10471
610 7190
610 10399
618 10476
729 9971
762 1179
762 2816
762 10206
762 10473
779 4997
781 1012
781 2169
837 10040
837 10478
898 6429
898 6945
904 5243
1002 1242
1002 9900
1002 10472
1036 1298
1144 10473
1242 3093
1242 4731
1242 4746
1298 5468
1361 10440
1413 3093
1540 10071
1576 10477
1576 10480
1724 3648
1724 4910
1724 5243
1724 10399
1724 10471
1751 8634
1824 3093
1824 5966
1824 8634
1831 7816
2156 2319
2286 9714
2319 9483
2319 10476
2389 2956
2389 8124
2389 10472
2412 3727
2472 5596
2529 10477
2545 5649
2574 4731
2574 7391
2583 5265
2583 9469
2589 3984
2756 10477
2762 9168
2868 10402
3171 3487
3171 3727
3171 5065
3239 10440
3322 10456
3322 10477
3377 10472
3405 10472
3727 9407
4092 4924
4092 10440
4216 4746
4283 10474
4523 10471
4783 10475
4820 5577
4924 4949
4924 8824
4924 10374
5029 6708
5065 6624
5065 9158
5362 10479
5366 10479
5493 9971
5493 10440
6203 7816
6203 9629
6264 7391
6576 10480
6593 10374
6624 9469
6779 9629
7391 10471
7984 9958
8173 8197
8297 10476
8298 9323
9158 9323
9789 10321
9841 10399
10040 10402
10071 10304
10332 10473
10347 10477
10402 10477
