0 1300
2 1179
3 43
3 1268
3 1300
14 461
25 41
25 76
25 303
25 461
25 903
25 1300
26 80
26 121
26 206
26 370
26 810
26 946
26 1164
26 1242
26 1298
26 1300
29 1268
41 1300
42 43
42 461
42 1164
42 1255
43 76
43 1179
48 1308
63 1179
63 1308
70 76
70 348
76 96
76 109
76 123
76 136
76 142
76 154
76 196
76 370
76 461
76 570
76 613
76 1128
76 1140
76 1271
89 621
97 836
109 258
109 1140
115 258
121 1039
121 1233
121 1300
124 1300
138 1255
146 1140
153 289
153 1300
174 1300
196 610
196 1179
198 712
198 1292
206 1268
206 1300
236 1242
249 1128
303 1300
348 659
348 694
348 1300
370 431
397 1140
431 729
461 1002
461 1031
461 1290
539 1233
539 1300
563 1300
565 809
565 1300
565 1307
570 824
570 946
570 1255
613 1300
621 712
621 948
621 1128
662 1300
675 1300
694 851
712 1277
712 1300
729 1234
809 1057
809 1296
809 1300
836 1300
852 1039
852 1070
852 1185
852 1256
852 1300
882 1231
903 1233
946 1268
946 1300
948 1268
1002 1300
1039 1300
1057 1233
1128 1300
1164 1268
1164 1292
1242 1300
1268 1300
1271 1292
1300 1307
