14 3171
14 4910
25 2111
29 96
42 2669
42 2762
42 4026
42 10557
43 2603
76 2592
93 2762
93 8015
93 10299
96 97
96 2943
189 5471
190 4746
196 9152
201 10557
315 2393
315 3648
315 4879
315 8197
442 10457
444 5065
461 2816
467 5672
467 9848
467 10548
478 610
539 2111
539 2413
568 4523
573 2111
573 3951
573 5812
577 2156
577 3171
577 4798
577 9323
599 990
599 10553
610 9152
613 2156
621 2762
708 2422
726 8901
729 10549
762 1517
762 2488
762 6800
771 10369
837 5224
837 10040
852 3313
852 6223
852 10547
852 10552
904 2534
904 10536
1002 4746
1002 5812
1057 2592
1057 3984
1057 6779
1206 1636
1255 2027
1255 2669
1268 3330
1298 9984
1321 10040
1359 9158
1392 8133
1395 1525
1554 10552
1576 4092
1576 10556
1576 10558
1625 2592
1636 2592
1636 9158
1675 1824
1675 2086
1737 2156
1788 10236
1788 10407
1824 2086
1877 3330
1917 4783
1917 8519
1917 10549
2111 7611
2111 8197
2111 8901
2118 3648
2156 4216
2156 10551
2324 8519
2357 10550
2393 3648
2492 9431
2504 4783
2592 5065
2592 6779
2592 9168
2592 9446
2600 10548
2603 4746
2617 10550
2762 9158
2762 10299
2762 10556
2816 2902
2816 3930
2845 5135
2902 5613
2989 4280
3072 3930
3099 5065
3099 10550
3107 3183
3107 4746
3107 10218
3171 4746
3171 10546
3183 10487
3313 10552
3484 5577
3636 4092
3648 5468
4092 10374
4171 4783
4243 8519
4731 5812
4731 10555
4746 5816
4746 7391
4771 8133
4783 5812
4783 10558
4798 4839
4798 5065
4798 5615
4910 10465
5065 9998
5065 10550
5065 10556
5272 10548
5682 6373
5682 9130
5682 9708
5812 8467
5816 10218
6203 9998
6203 10541
6373 9130
8015 10299
8197 9848
9168 10556
9323 9998
9446 9848
9848 10293
9962 10547
10220 10558
10387 10549
10550 10554
