14 4135
83 315
96 5141
97 390
97 5468
156 7714
158 9644
258 9409
315 3648
315 5065
461 9409
577 1484
610 6373
610 10585
621 5550
659 1115
659 9929
839 10591
1017 1453
1115 10565
1148 4957
1255 4771
1255 6779
1268 10584
1268 10591
1359 5065
1359 8068
1402 4116
1402 8197
1426 4187
1470 5065
1483 10265
1484 5065
1484 9323
1576 10569
1724 7391
1972 3984
1972 5857
1972 7350
2156 8824
2223 5448
2319 5935
2453 8197
2650 10593
2756 6548
2970 6810
3030 4465
3122 10594
3148 10592
3171 3950
3171 9911
3171 10590
3648 4465
3648 6400
3984 5065
3984 8119
4090 10581
4546 9649
4749 6779
4771 8197
4771 9687
4771 10590
4904 5305
4910 10465
4957 5362
5065 5857
5065 7350
5065 8068
5065 10591
5362 6779
5362 9466
5550 5966
5550 9841
5857 10569
6280 7350
6331 9789
6400 7350
6400 8068
6400 9323
6548 7153
7391 10576
7487 9455
8119 8824
8197 10589
8824 9483
8824 10166
9323 9911
9323 10465
9472 10588
10568 10569
