0 100
2 1177
3 77
3 100
3 946
3 1268
3 1300
7 43
19 460
19 621
23 1317
25 30
25 42
25 206
25 247
25 461
25 613
25 621
25 771
25 1171
25 1300
26 190
26 206
26 1300
29 30
29 80
29 96
29 656
29 729
29 881
29 1177
29 1285
30 153
30 460
30 608
30 621
30 729
30 1300
30 1310
42 43
42 195
42 461
42 570
42 801
42 1177
42 1255
42 1313
43 121
43 157
43 206
43 613
43 1177
43 1206
43 1255
48 140
63 565
68 1298
73 76
73 1164
73 1177
74 1278
76 124
76 136
76 505
76 1177
76 1298
76 1313
77 461
80 1198
84 1041
84 1300
96 1041
97 1171
109 184
109 304
109 417
109 1057
109 1140
109 1314
120 370
121 461
121 621
121 1039
121 1177
121 1255
121 1298
122 442
122 1312
124 289
124 621
134 461
134 1268
134 1309
137 1290
142 621
153 881
170 621
174 505
174 824
184 417
184 1317
190 370
190 1268
195 505
195 729
195 878
196 1179
203 1315
206 461
206 1041
226 505
226 1041
266 1312
302 1300
348 771
349 1316
370 414
370 1177
370 1298
370 1318
374 621
391 801
397 1140
403 1300
408 621
408 824
408 1300
414 1179
417 1057
456 572
461 801
461 1041
461 1242
461 1290
461 1313
505 1300
506 1198
539 801
539 1268
570 810
610 1179
613 771
621 692
675 1300
692 729
692 1300
712 1277
729 852
729 1036
729 1041
729 1255
729 1298
771 1198
817 1255
824 1300
852 1177
852 1242
881 903
881 1234
1002 1300
1031 1268
1041 1242
1177 1278
1179 1318
1198 1308
1200 1275
1242 1298
1268 1290
1268 1300
1268 1309
1268 1311
1278 1304
1300 1309
1309 1313
