13 8901
42 10649
73 2845
76 10649
97 8363
153 10647
158 7534
276 1242
546 8901
546 10085
546 10654
568 10646
577 3160
618 7534
618 9911
762 2255
773 3030
852 10647
963 10600
1057 10600
1206 10649
1242 1255
1242 5065
1242 9776
1242 10166
1242 10387
1255 1576
1255 2845
1255 3969
1255 3984
1255 10650
1255 10653
1333 10649
1335 4536
1359 2762
1361 2762
1413 5305
1576 2762
1576 3636
1818 10634
1836 10166
1917 6596
1917 8043
2324 8519
2541 3030
2541 8297
2541 9323
2619 5350
2650 4765
2762 5065
2762 10624
2767 7534
2767 9522
2820 10655
2845 10650
2919 3107
2919 4187
2919 6203
2943 10645
2956 8197
2956 10645
2956 10653
3336 10649
3636 5065
3636 10231
3648 5468
3811 7391
3887 10651
3975 5305
3984 8197
3984 10653
4064 9120
4117 7534
4187 7534
4309 10649
4413 7119
4472 9120
4670 6220
5065 5215
5065 5305
5065 6203
5065 7290
5065 8197
5065 9120
5065 10465
5065 10624
5065 10643
5065 10645
5065 10648
5065 10652
5065 10653
5065 10654
5468 8363
5616 10649
6373 8014
6429 9120
6817 10649
7119 10655
8197 10574
8197 10653
8297 10407
8824 10187
9323 10655
9469 10645
9848 10642
10040 10600
10166 10648
10304 10387
10465 10653
10600 10654
