7 2048
7 4585
7 10682
26 573
29 2875
41 10678
42 9140
42 10684
76 10676
76 10682
83 9783
97 1818
97 10682
117 1763
117 10661
153 2048
153 2504
158 3160
158 10681
286 10681
434 3160
436 2117
442 794
442 10675
546 10682
568 10682
577 9323
577 10664
577 10670
610 10662
613 10680
659 7531
837 2767
852 1351
852 5809
884 10677
891 1242
1002 10631
1002 10677
1035 7335
1057 3639
1057 10600
1140 4092
1140 4187
1140 5065
1140 5616
1147 3250
1198 3967
1198 10674
1207 3727
1242 1563
1242 4731
1255 7899
1255 9871
1255 10684
1361 10678
1392 3250
1413 5471
1453 4924
1453 10685
1576 2762
1576 5065
1576 9332
1576 9722
1612 10686
1625 10661
1636 10677
1658 10682
1724 9783
1737 5065
1877 5305
1959 10682
1985 3579
1985 4585
2048 4585
2089 4092
2255 9825
2256 4366
2389 4997
2489 2775
2504 9722
2504 10569
2527 8197
2529 10676
2589 2840
2619 3250
2692 10676
2762 9332
2775 10680
2989 5938
2989 9323
3195 3785
3579 6761
3639 10600
3639 10654
3705 9285
3984 8085
4366 4909
4366 8197
4397 4548
4839 10680
4839 10683
5065 6817
5065 9323
5065 9722
5065 10684
5102 10027
5173 10629
5305 7391
5468 7208
5931 8096
6373 8061
6817 10676
6817 10686
7534 10676
7960 8068
8197 10675
8197 10677
8484 10677
8596 9332
8712 10678
9323 9783
9628 10687
9825 10683
9874 10682
10139 10678
10677 10679
