26 6498
41 10621
46 1255
46 3405
46 6373
73 97
117 9789
196 8096
201 10697
298 455
348 386
434 7097
528 641
528 3984
528 4382
528 5065
539 1877
546 10040
546 10692
572 2956
573 4949
573 10694
577 9323
662 8901
729 3415
846 10674
852 3313
852 8824
893 8901
904 9766
1035 2389
1057 1608
1057 10040
1057 10654
1092 9766
1140 4092
1147 3250
1242 1563
1242 10505
1242 10691
1255 5270
1255 8197
1256 3313
1268 2489
1268 8272
1359 4382
1359 6779
1361 10139
1365 5065
1390 2816
1413 5471
1470 9332
1576 9332
1608 10040
1658 3009
1755 1877
1763 10692
1763 10696
1786 4382
1794 9911
1818 4031
1818 10040
1845 10693
1854 3405
1877 3975
1877 5305
1877 6938
1877 8197
1877 8272
1971 3381
2019 2600
2048 4585
2489 8272
2504 9722
2529 9911
2583 4507
2692 10688
2694 5931
2728 3009
2756 3313
2756 4382
2756 5065
2762 4382
2762 10686
2762 10694
2767 9722
2767 10688
2821 9323
2934 10681
3009 3673
3009 4771
3009 6498
3009 8096
3405 8197
3545 10696
3975 5305
3975 8272
3984 5347
3984 10040
3984 10684
3984 10696
4031 8297
4090 10699
4092 5655
4092 10625
4366 10541
4382 5065
4382 5263
4382 5560
4382 7218
4507 10661
4536 10698
4783 10695
4924 8603
4924 10684
5305 7391
5347 10040
5816 7027
6203 10699
6264 8197
6280 10691
6373 10670
6498 9785
6625 8197
7119 9285
7325 10692
7391 10670
8466 10690
8596 9332
8824 10688
9037 10697
9722 10661
9825 10683
10040 10692
10139 10689
10357 10688
10541 10592
