0 455
0 1057
14 10791
29 9809
41 10791
41 10801
43 6108
43 9469
76 9124
96 3030
96 5141
153 4585
247 3950
247 10797
258 2567
281 5698
374 10040
456 2360
456 9809
461 4201
528 8298
528 10600
563 2821
613 10798
659 7391
659 10550
1198 3580
1359 2762
1359 5084
1359 7391
1359 10040
1359 10791
1361 3573
1422 2019
1576 10798
1576 10799
1593 5935
1622 10791
1636 5362
1636 10798
1742 3030
1742 6498
2428 6124
2465 8298
2465 10690
2529 5935
2650 5065
2739 10799
2745 7034
2816 3171
3023 3573
3030 4783
3030 5141
3030 10798
3171 7534
3313 10794
3727 5265
3727 10040
3727 10347
3727 10802
3950 10797
4026 9809
4092 6124
4117 10799
4140 10794
4397 8386
4727 9809
4746 6400
4798 10795
4798 10800
4924 10802
4949 5441
5065 9809
5065 10791
5704 7534
5935 6124
6124 10550
6280 10684
6400 10465
6429 10795
6779 10796
6784 10797
7391 9963
9246 10802
9469 9809
9809 10803
9929 10799
10347 10800
10465 10791
