7 2650
14 7696
43 1379
70 8224
83 5065
110 7944
133 577
153 286
153 2650
153 8298
153 10347
153 10570
153 10829
158 9846
158 10787
158 10829
196 1824
204 7331
204 10347
286 10829
374 4746
434 1824
434 7443
434 10836
467 9502
506 10832
546 4116
573 577
573 2650
573 9911
577 2111
577 5065
577 5550
618 10831
636 10570
669 1774
762 1255
762 2660
762 7290
762 10817
898 1242
898 8272
921 1917
921 2389
963 10570
1017 8382
1255 4523
1255 7290
1336 10837
1361 10819
1370 3171
1395 8824
1395 10826
1540 10166
1576 5065
1576 9846
1576 9950
1606 6373
1606 9502
1636 4727
1751 9323
1763 10828
1774 3030
1786 2650
1787 10823
1824 5966
1824 9911
1877 9911
1877 10830
1917 10816
1972 10832
2019 2738
2019 9323
2086 2256
2086 5220
2111 10465
2255 10834
2313 5065
2389 10830
2437 2947
2465 5065
2529 9846
2650 2845
2650 8224
2650 10802
2961 10558
3322 10822
3580 7871
3580 8298
3950 7127
4092 6124
4092 10550
4117 4746
4171 6189
4187 5065
4523 9911
4546 10789
4646 10826
4727 10835
4746 7213
4746 9529
4746 10832
4771 7710
4771 10817
4771 10832
4910 10465
5065 6618
5065 9323
5065 10035
5065 10558
5065 10831
5065 10832
5065 10834
5272 10620
5471 9536
5550 5938
5720 10620
5857 8166
6009 10832
6203 10357
6746 10831
6817 8166
6942 10570
7801 10620
8197 9140
8197 10826
8272 10832
8364 10819
8472 10833
9323 10831
9615 10826
10347 10829
10550 10620
10570 10832
10722 10816
10787 10826
10813 10827
10824 10825
