8 5272
26 4746
29 4771
29 8197
29 9809
36 4157
41 2512
43 3676
70 3030
73 9888
76 3676
76 8291
76 10843
96 110
96 172
110 10864
120 4746
153 158
153 4746
157 1244
158 1244
158 1972
158 3984
158 7290
158 7443
158 10416
196 7290
236 4746
258 447
261 8291
407 3072
451 6618
451 9285
461 8601
546 573
546 659
546 5704
546 7290
546 7534
546 10861
563 7708
573 4783
577 5550
577 9323
610 7708
610 10465
659 5550
659 7290
762 3882
762 5550
837 4746
904 1773
904 1972
921 1917
1002 7290
1002 9285
1106 10040
1209 8197
1244 10040
1255 1792
1255 7947
1255 10416
1256 5065
1281 8197
1298 1818
1359 9900
1359 10847
1361 10850
1365 7290
1365 8298
1521 8914
1576 4092
1576 4589
1576 6189
1612 7290
1636 3313
1636 5065
1636 7290
1786 10865
1812 8939
1818 3984
1824 4746
1917 3166
1972 2428
1972 7290
2111 8197
2118 10856
2122 10416
2192 10855
2360 8467
2389 5305
2428 2512
2428 6916
2428 7290
2529 10859
2619 10860
2650 4746
2650 5036
2650 7397
2650 7708
2650 9323
2650 10858
2694 4419
2694 5596
2934 10854
3023 10813
3030 7708
3030 8282
3030 8626
3313 4746
3676 3975
3676 8197
3707 9431
3707 10859
4026 9809
4057 4746
4092 10862
4187 10857
4216 4382
4488 7290
4589 5065
4746 5550
4746 6517
4746 6779
4746 8472
4746 8824
4771 8197
4771 10817
4798 10800
4862 7290
5012 8197
5065 7034
5065 9605
5487 10416
5539 8197
6161 9437
6319 8475
7290 7397
7290 7534
7290 7947
7708 8197
7924 10866
8197 8626
8197 10861
8197 10864
8824 10863
8939 10465
9323 10206
9323 10861
10347 10854
10808 10813
