0 2292
14 10878
43 577
43 10879
76 8386
153 10416
158 2223
158 7156
158 7952
158 10236
158 10879
158 10880
195 4230
311 7156
311 7952
434 10880
455 10236
528 8006
577 2650
577 3107
613 8724
659 10858
762 5857
826 1242
839 10878
852 2845
895 10860
1209 5065
1255 6982
1255 8197
1256 10877
1361 7952
1361 10878
1459 1787
1459 2156
1459 9158
1742 2297
1917 7027
1940 9158
2192 10855
2223 2512
2223 7290
2512 10592
2650 4949
2650 10858
2674 9942
2956 3975
2956 4727
2956 5305
3107 6373
3158 10858
3171 10879
3676 9285
3975 5305
4092 8724
4116 7290
4116 8724
4116 10878
4117 9942
4117 10880
4746 7290
4839 8006
4839 10878
4949 10416
5036 5272
5036 6373
5325 10847
5398 9649
6280 7156
6692 7290
6978 8626
7156 7952
7656 10880
8768 10868
10138 10879
10166 10870
10293 10881
10465 10880
10578 10875
10748 10876
