14 904
14 10878
41 444
41 10905
42 636
42 1255
42 2821
73 9449
153 2821
153 5363
153 10416
158 8298
158 10890
158 10893
195 4230
297 6640
297 10886
374 10755
383 4140
528 4949
528 10894
539 4632
545 5363
556 8738
556 10892
572 891
572 1268
572 7236
577 904
577 1122
577 6189
577 10905
610 4839
610 10905
618 904
618 1773
618 5363
636 729
636 852
636 3171
636 3984
636 4632
656 10865
659 1144
659 4092
659 8257
729 4585
762 1256
762 2756
762 3313
852 2756
852 8298
852 10871
859 2019
859 6490
904 1773
904 8565
1106 1704
1122 7119
1255 2062
1255 8197
1255 10883
1255 10896
1256 2529
1256 3693
1359 4839
1361 1576
1361 1636
1361 8738
1361 10885
1361 10893
1361 10901
1365 4949
1369 3330
1459 6203
1576 2919
1576 3171
1576 10440
1576 10897
1636 4924
1636 5065
1636 6619
1636 7396
1636 8119
1636 10893
1755 2019
1763 10846
1812 3984
1812 10889
1917 3265
1917 10865
2019 6490
2089 8257
2529 4949
2529 10894
2562 10830
2650 2739
2650 5363
2650 10884
2650 10893
2650 10904
2762 5363
2816 2821
2821 5415
2821 6160
2821 7944
2919 4949
2930 10759
2956 4632
3116 6779
3171 10893
3171 10897
3265 7119
3330 3405
3405 10830
3501 4585
3693 10891
3984 4924
3984 5065
3984 10846
4577 6400
4746 5550
4746 8298
4839 10440
4839 10895
4949 8197
4949 10347
5065 10440
5065 10895
5065 10896
5272 5706
5272 10898
5363 6625
5363 6965
5363 9472
5363 10166
5560 10889
5694 10760
5810 10891
6490 9816
6779 10896
7218 10906
7290 10902
8197 8257
8197 10883
8197 10892
8197 10894
8257 8981
8298 9882
8467 8917
8738 10895
8912 10891
9789 10525
10347 10890
10461 10889
10465 10891
10550 10887
10717 10900
10895 10899
10895 10903
